/*--------------------------------*- C++ -*----------------------------------*\
  =========                 |
  \\      /  F ield         | OpenFOAM: The Open Source CFD Toolbox
   \\    /   O peration     | Website:  https://openfoam.org
    \\  /    A nd           | Version:  8
     \\/     M anipulation  |
\*---------------------------------------------------------------------------*/
FoamFile
{
    version     2.0;
    format      ascii;
    class       volScalarField;
    location    "600";
    object      alphat;
}
// * * * * * * * * * * * * * * * * * * * * * * * * * * * * * * * * * * * * * //

dimensions      [1 -1 -1 0 0 0 0];

internalField   nonuniform List<scalar> 
4000
(
0.000382866
0.000370896
0.000351553
0.000321014
0.000250547
0.000226776
0.000224346
0.000227164
0.000229668
0.000232936
0.000238068
0.000245354
0.000255109
0.000267732
0.00028273
0.000298438
0.000313652
0.000327217
0.000340623
0.000360004
0.00039906
0.000385569
0.000352657
0.00032348
0.000262786
0.000223717
0.000223165
0.000232449
0.000239807
0.000247152
0.00025318
0.000258644
0.000264774
0.000272522
0.000281391
0.000290272
0.000301198
0.000317324
0.000343554
0.000381461
0.000409112
0.000401
0.000367324
0.000326576
0.00028312
0.00024269
0.000221091
0.000232627
0.000240935
0.000248638
0.000256391
0.000264103
0.000269634
0.000273848
0.000276903
0.000278713
0.000283457
0.000297541
0.000351481
0.000393266
0.000415234
0.000413084
0.000389972
0.00033445
0.000299661
0.00027232
0.000256615
0.000247566
0.000245834
0.000249312
0.000255614
0.000262224
0.000267506
0.000271122
0.000273199
0.000274599
0.000283214
0.000327634
0.000371824
0.000401562
0.000419943
0.000423797
0.000414119
0.000386401
0.000345552
0.000339602
0.00033855
0.000326904
0.000309886
0.000294619
0.000284154
0.000279532
0.000279714
0.00028301
0.000292074
0.000312571
0.000346054
0.00037551
0.000399392
0.000410721
0.000424361
0.000434492
0.00043613
0.000431392
0.000423618
0.000421738
0.000418357
0.00040858
0.000398896
0.000393721
0.000391601
0.000391028
0.000391776
0.000394538
0.00039968
0.000406127
0.000412943
0.000419285
0.000422854
0.000417784
0.000429093
0.000445626
0.000456989
0.000465027
0.000471042
0.000475975
0.000476868
0.000470148
0.000462226
0.000458579
0.000457447
0.000456965
0.000456364
0.000455506
0.000454327
0.000452687
0.000450143
0.000446019
0.000437871
0.000421989
0.000434645
0.000457885
0.000477242
0.000494062
0.000508656
0.000520009
0.000525484
0.000522394
0.000514014
0.000508831
0.0005059
0.000503024
0.000499386
0.000495154
0.000489978
0.000483508
0.000475212
0.000464269
0.000448243
0.000424669
0.000441912
0.000472993
0.000500025
0.000523009
0.000542338
0.000557132
0.000565858
0.00056698
0.000559326
0.000552329
0.00054725
0.000541662
0.000534966
0.000527119
0.000518072
0.00050755
0.000494927
0.000479138
0.00045733
0.000427433
0.000451478
0.000486851
0.000516071
0.000538381
0.000556231
0.000570231
0.000580636
0.000587036
0.000586202
0.000579862
0.000573575
0.000565756
0.000556653
0.000546577
0.0005356
0.000523466
0.000509439
0.000492029
0.000467602
0.000432494
0.000370896
0.000371013
0.000351446
0.000322206
0.000260627
0.000244731
0.000252334
0.000257861
0.00025651
0.000255002
0.000256663
0.000261489
0.000270475
0.000284703
0.000302325
0.00031942
0.000333973
0.000346381
0.00035926
0.000370648
0.000385569
0.000563854
0.000544779
0.000467893
0.000378077
0.000408674
0.000535653
0.000633871
0.000672861
0.000672327
0.000641548
0.000588056
0.000531776
0.000493241
0.000480103
0.00048389
0.000487792
0.000490202
0.000492745
0.000394134
0.000401
0.000687352
0.000736201
0.000609403
0.000474356
0.000446577
0.000564259
0.000728515
0.00081683
0.000853098
0.00085872
0.00082405
0.000763331
0.000695772
0.000639694
0.000597424
0.000562274
0.000535862
0.000569915
0.000409309
0.000413084
0.000730963
0.000817006
0.000699075
0.000560086
0.000498036
0.000519376
0.000637639
0.000776036
0.000853064
0.000877187
0.000871524
0.0008439
0.000796328
0.000733053
0.000658931
0.00058433
0.000549164
0.000609623
0.000420332
0.000423797
0.000745785
0.000848169
0.000763159
0.000626327
0.000544449
0.000505801
0.000515598
0.000582987
0.000670666
0.000728181
0.000749257
0.000745552
0.000722291
0.00067832
0.0006165
0.000563338
0.000587423
0.000662543
0.000430127
0.000434492
0.000754767
0.000878433
0.000857641
0.000733276
0.000651694
0.000596497
0.000562285
0.000556657
0.000574416
0.000597786
0.000613865
0.000619435
0.000614416
0.000600324
0.000585981
0.000605428
0.00067447
0.000725449
0.000436861
0.000445626
0.000760029
0.000910528
0.000983438
0.000971452
0.000931318
0.000884993
0.00082114
0.000764944
0.000733876
0.000719411
0.000711894
0.000706418
0.000701803
0.000704476
0.000729784
0.000769604
0.000805917
0.000772678
0.000439876
0.000457885
0.000758265
0.000927133
0.00108109
0.0011933
0.00125282
0.00127166
0.00125894
0.00122764
0.00119409
0.00116735
0.00114765
0.00112883
0.00110331
0.00107411
0.00103398
0.000978339
0.000898986
0.000771143
0.000441359
0.000472993
0.000707972
0.000865185
0.00101669
0.00114188
0.00122392
0.00126615
0.00127976
0.00126299
0.00120943
0.00115723
0.00111446
0.00107645
0.00103904
0.000998559
0.000949358
0.000883213
0.000794962
0.000685851
0.000443777
0.000486851
0.000527275
0.000561477
0.000589107
0.000612255
0.000631045
0.000645161
0.00065384
0.000653914
0.000643778
0.000632553
0.000619287
0.000604709
0.000589449
0.000573741
0.000557367
0.000539475
0.000518303
0.000489586
0.00044845
0.000351553
0.000351446
0.000338482
0.000307714
0.000259227
0.000254114
0.000269923
0.00027847
0.000276035
0.000271338
0.000267975
0.000268968
0.000276122
0.000290292
0.000310506
0.000330942
0.000347215
0.00035983
0.000372314
0.000379167
0.000352657
0.000544779
0.000536545
0.000460688
0.000389534
0.000488741
0.000688333
0.000845874
0.000911804
0.000907191
0.000849342
0.000748102
0.000642446
0.000570634
0.000545641
0.000554026
0.000571599
0.000583616
0.00056836
0.000404505
0.000367324
0.000736201
0.000760879
0.00063435
0.00051266
0.000532504
0.000735766
0.00099762
0.00115658
0.00121614
0.00119566
0.00111523
0.000998301
0.000878719
0.000788977
0.000737085
0.000707877
0.000690849
0.000697721
0.000421426
0.000389972
0.000817006
0.000910302
0.000794399
0.000652023
0.000616196
0.000709981
0.000935008
0.00116419
0.0012924
0.0013207
0.00128781
0.00121508
0.00111317
0.000999144
0.000888467
0.000787903
0.000733321
0.000793199
0.000433765
0.000414119
0.000848169
0.000987818
0.000904679
0.000764605
0.000690806
0.000695012
0.000797029
0.000985992
0.00115456
0.00123387
0.00123896
0.00119944
0.00112728
0.00102609
0.000902963
0.000785813
0.000775309
0.000860098
0.000444415
0.00043613
0.000878433
0.00104227
0.000998989
0.000872056
0.000787374
0.000755247
0.000781694
0.000867496
0.00097108
0.0010383
0.00105588
0.00103584
0.000987206
0.000914762
0.000833456
0.000791579
0.000863315
0.000939091
0.000452326
0.000456989
0.000910528
0.00111052
0.00113482
0.00107719
0.00103644
0.00102441
0.0010318
0.00105167
0.00107021
0.00107473
0.00106334
0.00103898
0.00100455
0.000966583
0.000944354
0.000964455
0.00103548
0.00100493
0.000457767
0.000477242
0.000927133
0.00119845
0.00139643
0.00147156
0.00152278
0.0015479
0.00155169
0.00153468
0.0015027
0.00147121
0.00144091
0.00140797
0.00137194
0.00133671
0.00130753
0.00128393
0.00121394
0.00101169
0.000463023
0.000500025
0.000865185
0.00118867
0.00149108
0.00170575
0.00180079
0.00182774
0.00180011
0.00174467
0.00169831
0.00166656
0.00163341
0.00159506
0.00155195
0.00150549
0.00145409
0.00135688
0.00117127
0.000898807
0.000469213
0.000516071
0.000561477
0.000599805
0.000631925
0.000659325
0.000682015
0.000699348
0.000710619
0.000712473
0.000699447
0.00068344
0.000665185
0.000645919
0.000626498
0.000607275
0.000588032
0.00056777
0.000544386
0.000513416
0.000469787
0.000321014
0.000322206
0.000307714
0.000273758
0.000246089
0.000252576
0.000277145
0.000290938
0.000288895
0.000282071
0.000275869
0.000273713
0.000278644
0.000290202
0.000310254
0.000333976
0.000353812
0.000367909
0.00038089
0.000385259
0.00032348
0.000467893
0.000460688
0.000402525
0.000365458
0.000511049
0.000763535
0.00096807
0.00104132
0.00101084
0.000915888
0.000794983
0.000676176
0.000599947
0.000575324
0.000590558
0.000620444
0.000640769
0.000613905
0.000412715
0.000326576
0.000609403
0.00063435
0.000550155
0.000488558
0.000580464
0.000858023
0.00119488
0.00139185
0.00144597
0.00138684
0.00125491
0.00109624
0.000954009
0.000859721
0.000816528
0.000802943
0.000797992
0.000775782
0.000431252
0.00033445
0.000699075
0.000794399
0.000724063
0.000646469
0.000687273
0.000882686
0.0012074
0.00150419
0.00165118
0.00165305
0.001572
0.00144732
0.00130042
0.00115538
0.00103323
0.000937501
0.000890539
0.000920851
0.000444785
0.000386401
0.000763159
0.000904679
0.000869705
0.000793804
0.000792165
0.000900957
0.00114576
0.00144456
0.00164448
0.00170058
0.00166021
0.00157037
0.00144765
0.0012985
0.00113618
0.00098957
0.000957591
0.00102437
0.000457086
0.000431392
0.000857641
0.000998989
0.000994706
0.000935974
0.000923127
0.000989598
0.00115507
0.00137984
0.00155357
0.00161476
0.00158968
0.00151748
0.00141334
0.00128032
0.00113303
0.00102529
0.00105962
0.00111192
0.000468087
0.000465027
0.000983438
0.00113482
0.00117871
0.00118566
0.00122565
0.00130948
0.00142667
0.00154982
0.00163063
0.00163908
0.00159873
0.00153252
0.00144883
0.00135261
0.00126277
0.00122105
0.00125588
0.00118497
0.000477838
0.000494062
0.00108109
0.00139643
0.00154747
0.00165916
0.00176395
0.00184549
0.00189175
0.00191175
0.00191584
0.0018793
0.00183241
0.00177979
0.00172101
0.00165838
0.00160001
0.00155284
0.00146578
0.00119436
0.000487764
0.000523009
0.00101669
0.00149108
0.00178841
0.00196317
0.00207022
0.0020984
0.00206852
0.00202083
0.00198292
0.00194893
0.00191129
0.00186923
0.00182136
0.00176905
0.00171731
0.00164512
0.00143965
0.00106406
0.000496694
0.000538381
0.000589107
0.000631925
0.00066941
0.000701825
0.000727813
0.000748093
0.000762309
0.00076723
0.000752333
0.000730806
0.000707227
0.000683405
0.000660225
0.000638062
0.000616689
0.000594259
0.000568055
0.000534868
0.000489212
0.000250547
0.000260627
0.000259227
0.000246089
0.000228863
0.000236299
0.000272363
0.0002952
0.000293084
0.000284939
0.000279853
0.000281235
0.00028347
0.000289115
0.000303367
0.000326581
0.000350987
0.000369436
0.000384355
0.000388048
0.000262786
0.000378077
0.000389534
0.000365458
0.000356143
0.000512577
0.000804676
0.00103839
0.00109879
0.00102606
0.000893263
0.000761216
0.000658508
0.000595216
0.000577969
0.000600261
0.000641462
0.00067109
0.00063931
0.000418307
0.00028312
0.000474356
0.00051266
0.000488558
0.000494369
0.000663129
0.000986628
0.00135743
0.00155423
0.00156611
0.00144141
0.00126135
0.0010816
0.000944337
0.000870646
0.00085128
0.000859752
0.000866932
0.000818049
0.000438867
0.000299661
0.000560086
0.000652023
0.000646469
0.000658306
0.000803924
0.00110153
0.00149548
0.00181027
0.00191847
0.00185447
0.00170334
0.00152336
0.00134966
0.00120671
0.00110529
0.00103906
0.00100731
0.000991126
0.000454039
0.000345552
0.000626327
0.000764605
0.000793804
0.000813743
0.000930471
0.00119284
0.00156769
0.00191221
0.00208268
0.00207236
0.00195918
0.00180627
0.00164021
0.00146687
0.00129618
0.00115524
0.0011205
0.00114836
0.000467755
0.000423618
0.000733276
0.000872056
0.000935974
0.000983923
0.00110483
0.00134408
0.00166766
0.00196797
0.00213521
0.00213148
0.00203771
0.00190769
0.00175702
0.00158459
0.00140047
0.00125376
0.00124488
0.00124115
0.000482079
0.000471042
0.000971452
0.00107719
0.00118566
0.00130793
0.00147838
0.0016972
0.00192408
0.00211518
0.00221432
0.0021795
0.00208782
0.00197704
0.00185309
0.00171522
0.00157615
0.00147664
0.00144807
0.00130929
0.000495411
0.000508656
0.0011933
0.00147156
0.00165916
0.00184164
0.00201418
0.00215452
0.00223424
0.00229359
0.00232289
0.00227712
0.00218539
0.00209854
0.00201423
0.0019282
0.00184347
0.00176533
0.00164052
0.00131077
0.000508198
0.000542338
0.00114188
0.00170575
0.00196317
0.00215239
0.00225493
0.0022771
0.00226398
0.00225623
0.00223582
0.002176
0.00211218
0.00205921
0.00200782
0.00195328
0.00188986
0.00180218
0.00158607
0.00116176
0.000517896
0.000556231
0.000612255
0.000659325
0.000701825
0.000737373
0.000766734
0.000791359
0.000810958
0.00082108
0.000805381
0.000776113
0.000745594
0.000716426
0.000689166
0.000663947
0.00064023
0.000615855
0.000587481
0.000552572
0.000505188
0.000226776
0.000244731
0.000254114
0.000252576
0.000236299
0.000224916
0.00026418
0.000294232
0.000290892
0.000290275
0.000292052
0.000295694
0.000294101
0.000292411
0.000295943
0.000309763
0.000333737
0.000359374
0.000378713
0.000384915
0.000223717
0.000408674
0.000488741
0.000511049
0.000512577
0.000639423
0.000859908
0.00105448
0.00108439
0.00097591
0.000843282
0.000743688
0.000656895
0.000589081
0.000561259
0.000577754
0.000623734
0.000664791
0.000645389
0.000419637
0.00024269
0.000446577
0.000532504
0.000580464
0.000663129
0.000860468
0.00115152
0.00146299
0.00161397
0.00155864
0.00139303
0.00120738
0.00102824
0.000897566
0.000838541
0.000840285
0.000871805
0.000895216
0.000832612
0.000443077
0.00027232
0.000498036
0.000616196
0.000687273
0.000803924
0.00103769
0.00137348
0.00175428
0.00201812
0.00201706
0.00187853
0.00168617
0.001472
0.00129165
0.00117456
0.00111542
0.00109075
0.00107671
0.00101737
0.000460368
0.000339602
0.000544449
0.000690806
0.000792165
0.000930471
0.00119822
0.00157055
0.00199775
0.00232203
0.00235804
0.00224609
0.0020767
0.00187873
0.00168887
0.00152198
0.0013827
0.00127674
0.00123801
0.00120155
0.000475847
0.000421738
0.000651694
0.000787374
0.000923127
0.00110483
0.00140862
0.0017986
0.00221071
0.00252396
0.00257699
0.00246319
0.00230863
0.0021357
0.00195761
0.00177524
0.00159216
0.00144144
0.00139639
0.00132521
0.000491793
0.000475975
0.000931318
0.00103644
0.00122565
0.00147838
0.00179537
0.00212888
0.00242828
0.00265901
0.00269678
0.00256512
0.00241413
0.00227488
0.00212991
0.00197526
0.0018163
0.00168283
0.00159324
0.00138388
0.000507243
0.000520009
0.00125282
0.00152278
0.00176395
0.00201418
0.00225122
0.00243974
0.00256985
0.00268797
0.00271956
0.00260817
0.00245477
0.00233086
0.00222445
0.00212194
0.00201872
0.00191437
0.00175019
0.00137461
0.000521276
0.000557132
0.00122392
0.00180079
0.00207022
0.00225493
0.00235074
0.00240181
0.00246228
0.00252797
0.00253439
0.00240202
0.00226819
0.00218528
0.00212497
0.00206626
0.00199395
0.00189339
0.00166645
0.00121215
0.000531237
0.000570231
0.000631045
0.000682015
0.000727813
0.000766734
0.000800993
0.000832798
0.000861517
0.000878885
0.00086371
0.000822685
0.000782001
0.000745798
0.000713668
0.000684933
0.000658593
0.000632222
0.000602022
0.000565755
0.000517145
0.000224346
0.000252334
0.000269923
0.000277145
0.000272363
0.00026418
0.000276597
0.000293979
0.000300488
0.000311086
0.000314057
0.000314828
0.000309031
0.000302036
0.000296888
0.000296291
0.00030529
0.000326543
0.000354037
0.000370113
0.000223165
0.000535653
0.000688333
0.000763535
0.000804676
0.000859908
0.000947674
0.00103828
0.0010495
0.000988025
0.000924034
0.000861332
0.000754142
0.000644387
0.000570212
0.00054391
0.000564146
0.000609232
0.000623279
0.000413768
0.000221091
0.000564259
0.000735766
0.000858023
0.000986628
0.00115152
0.00132472
0.00154044
0.00161563
0.0015334
0.0014138
0.00126568
0.0010636
0.000896072
0.000805742
0.000793107
0.000829322
0.000866476
0.000818516
0.000441855
0.000256615
0.000519376
0.000709981
0.000882686
0.00110153
0.00137348
0.00165908
0.0019908
0.00210151
0.00200916
0.00185471
0.0016687
0.00142668
0.00122286
0.00110908
0.00107475
0.00108405
0.00109217
0.00100894
0.000461871
0.00033855
0.000505801
0.000695012
0.000900957
0.00119284
0.00157055
0.0019945
0.00240564
0.00251704
0.00243018
0.00225769
0.00206903
0.00184989
0.00164255
0.00148973
0.00139162
0.00133194
0.00129808
0.00121057
0.00047906
0.000418357
0.000596497
0.000755247
0.000989598
0.00134408
0.0017986
0.00228935
0.00272294
0.00282059
0.00276141
0.0025883
0.00239253
0.00221112
0.00202477
0.00185386
0.00169891
0.00157072
0.00149982
0.00136887
0.000495792
0.000476868
0.000884993
0.00102441
0.00130948
0.0016972
0.00212888
0.00256299
0.00289733
0.00297386
0.00296465
0.00281239
0.00259686
0.00243796
0.00228023
0.00212605
0.00197035
0.00182561
0.00168918
0.00142016
0.000512442
0.000525484
0.00127166
0.0015479
0.00184549
0.00215452
0.00243974
0.00269287
0.00290926
0.00299262
0.0030428
0.00289753
0.00264102
0.00247838
0.00235724
0.00224638
0.00213244
0.0020087
0.00181453
0.0014022
0.000527014
0.000565858
0.00126615
0.00182774
0.0020984
0.0022771
0.00240181
0.0025458
0.00271746
0.00282414
0.00287381
0.00265556
0.00240287
0.00226754
0.0021919
0.00212717
0.00204774
0.00193581
0.00171129
0.00123191
0.000537522
0.000580636
0.000645161
0.000699348
0.000748093
0.000791359
0.000832798
0.000875396
0.000915632
0.000938007
0.000926621
0.000871523
0.000817092
0.000771818
0.000733949
0.000701376
0.000672326
0.000643978
0.000611933
0.000574578
0.000525609
0.000227164
0.000257861
0.00027847
0.000290938
0.0002952
0.000294232
0.000293979
0.000294696
0.000316852
0.000338192
0.000339372
0.000335472
0.000325762
0.000315722
0.000307782
0.000300014
0.000293078
0.000291641
0.000303306
0.00033147
0.000232449
0.000633871
0.000845874
0.00096807
0.00103839
0.00105448
0.00103828
0.00106456
0.00101682
0.00102673
0.00109087
0.00110112
0.000950678
0.000789996
0.000662346
0.000574951
0.000531481
0.000533708
0.000541148
0.000397393
0.000232627
0.000728515
0.00099762
0.00119488
0.00135743
0.00146299
0.00154044
0.00161899
0.00153768
0.00155855
0.00163304
0.00152372
0.00124769
0.00100677
0.000843445
0.000764527
0.000760917
0.000787347
0.000768343
0.000433693
0.000247566
0.000637639
0.000935008
0.0012074
0.00149548
0.00175428
0.0019908
0.00210053
0.0019652
0.00202074
0.00209045
0.00186292
0.00153458
0.00125741
0.00108574
0.00102074
0.00102552
0.00104114
0.000965157
0.000457602
0.000326904
0.000515598
0.000797029
0.00114576
0.00156769
0.00199775
0.00240564
0.00251004
0.00232999
0.00243354
0.0024949
0.00218965
0.00188211
0.00161861
0.00144077
0.0013494
0.0013164
0.001295
0.00118188
0.000476754
0.00040858
0.000562285
0.000781694
0.00115507
0.00166766
0.00221071
0.00272294
0.00281451
0.00262734
0.00278226
0.00283466
0.00249079
0.00224423
0.00203137
0.00185542
0.00172118
0.00162064
0.00153903
0.00137651
0.000493925
0.000470148
0.00082114
0.0010318
0.00142667
0.00192408
0.00242828
0.00289733
0.0029869
0.00284111
0.00304079
0.0030759
0.00271789
0.00251606
0.00235083
0.00219656
0.00204991
0.0019052
0.00174149
0.00142847
0.000511461
0.000522394
0.00125894
0.00155169
0.00189175
0.00223424
0.00256985
0.00290926
0.0030512
0.00300402
0.00322289
0.00319299
0.00279312
0.0025758
0.00243721
0.00231878
0.00219772
0.00206052
0.00185069
0.00140767
0.000526217
0.00056698
0.00127976
0.00180011
0.00206852
0.00226398
0.00246228
0.00271746
0.00293224
0.00300955
0.00316708
0.00292786
0.0025336
0.00232789
0.00223059
0.00215537
0.00206674
0.00194392
0.00174159
0.00123453
0.000537084
0.000587036
0.00065384
0.000710619
0.000762309
0.000810958
0.000861517
0.000915632
0.000963184
0.00098245
0.000983046
0.000918616
0.000849014
0.000793325
0.000749161
0.000712636
0.000680948
0.000650786
0.000617072
0.000578388
0.000528541
0.000229668
0.00025651
0.000276035
0.000288895
0.000293084
0.000290892
0.000300488
0.000316852
0.000336987
0.000364645
0.000363797
0.000355896
0.000343166
0.000330321
0.000323237
0.000316204
0.000306544
0.000293761
0.000279581
0.0002673
0.000239807
0.000672861
0.000911804
0.00104132
0.00109879
0.00108439
0.0010495
0.00101682
0.000870979
0.00101842
0.00124522
0.00129917
0.00111376
0.000954171
0.000807367
0.000688445
0.000589139
0.000516084
0.000477568
0.000369352
0.000240935
0.00081683
0.00115658
0.00139185
0.00155423
0.00161397
0.00161563
0.00153768
0.00126479
0.00150576
0.00194404
0.0018336
0.00147205
0.00118522
0.000966892
0.000814131
0.000732588
0.000709085
0.000685136
0.000419599
0.000245834
0.000776036
0.00116419
0.00150419
0.00181027
0.00201812
0.00210151
0.0019652
0.00162441
0.00196373
0.00249297
0.00217476
0.0017487
0.00140313
0.00115003
0.00100404
0.000953469
0.000947755
0.0008916
0.000448498
0.000309886
0.000582987
0.000985992
0.00144456
0.00191221
0.00232203
0.00251704
0.00232999
0.00196788
0.0023989
0.00291836
0.0024584
0.0020423
0.00169942
0.00144807
0.00130472
0.00125064
0.00122724
0.00111941
0.000470284
0.000398896
0.000556657
0.000867496
0.00137984
0.00196797
0.00252396
0.00282059
0.00262734
0.0022879
0.00278843
0.00323013
0.00270627
0.00235253
0.00207911
0.00185519
0.00169795
0.00159864
0.00151567
0.00133417
0.000488515
0.000462226
0.000764944
0.00105167
0.00154982
0.00211518
0.00265901
0.00297386
0.00284111
0.00257616
0.00310188
0.00341857
0.00289427
0.00261317
0.00241411
0.00223309
0.00207571
0.00193331
0.00175857
0.00141657
0.000505939
0.000514014
0.00122764
0.00153468
0.00191175
0.00229359
0.00268797
0.00299262
0.00300402
0.00287688
0.00335199
0.00348291
0.00295892
0.00268302
0.00251111
0.00237119
0.00223533
0.00208457
0.00186341
0.00139576
0.000520701
0.000559326
0.00126299
0.00174467
0.00202083
0.00225623
0.00252797
0.00282414
0.00300955
0.00304619
0.00335913
0.00315622
0.00265115
0.00238599
0.00226221
0.00217155
0.00206808
0.00193071
0.0017259
0.001215
0.000531505
0.000586202
0.000653914
0.000712473
0.00076723
0.00082108
0.000878885
0.000938007
0.00098245
0.000987912
0.00101409
0.000953367
0.00087199
0.000807104
0.000757215
0.000716952
0.000682442
0.000649999
0.0006151
0.00057548
0.000526258
0.000232936
0.000255002
0.000271338
0.000282071
0.000284939
0.000290275
0.000311086
0.000338192
0.000364645
0.0012829
0.00124205
0.000367328
0.000354573
0.000344036
0.000338532
0.000334435
0.00032772
0.000316526
0.000300241
0.000280092
0.000247152
0.000672327
0.000907191
0.00101084
0.00102606
0.00097591
0.000988025
0.00102673
0.00101842
0.00152135
0.00154958
0.0013435
0.00118136
0.00104261
0.000922388
0.000814122
0.000710902
0.000599306
0.0004833
0.000345011
0.000248638
0.000853098
0.00121614
0.00144597
0.00156611
0.00155864
0.0015334
0.00155855
0.00150576
0.00189219
0.00217273
0.00195443
0.00158703
0.00132147
0.00109835
0.000914364
0.000768982
0.000676003
0.000606921
0.000403047
0.000249312
0.000853064
0.0012924
0.00165118
0.00191847
0.00201706
0.00200916
0.00202074
0.00196373
0.00234506
0.00271133
0.00232508
0.00191985
0.00157053
0.00127561
0.0010502
0.000919453
0.000862455
0.000808591
0.000436888
0.000294619
0.000670666
0.00115456
0.00164448
0.00208268
0.00235804
0.00243018
0.00243354
0.0023989
0.0028247
0.00311532
0.00262592
0.00223577
0.00186376
0.00153729
0.00130686
0.00118445
0.00113241
0.00104229
0.000461695
0.000393721
0.000574416
0.00097108
0.00155357
0.00213521
0.00257699
0.00276141
0.00278226
0.00278843
0.00324736
0.0033971
0.00287625
0.00254166
0.00221364
0.00191742
0.00168967
0.00154424
0.00144611
0.0012747
0.000481393
0.000458579
0.000733876
0.00107021
0.00163063
0.00221432
0.00269678
0.00296465
0.00304079
0.00310188
0.00354915
0.00355234
0.00305004
0.00278015
0.00253314
0.00230034
0.00209551
0.0019235
0.00174497
0.0013959
0.000498997
0.000508831
0.00119409
0.0015027
0.00191584
0.00232289
0.00271956
0.0030428
0.00322289
0.00335199
0.00372532
0.00357379
0.0030747
0.00281192
0.00261751
0.0024474
0.00227629
0.00209983
0.00186234
0.00137399
0.000514361
0.000552329
0.00120943
0.00169831
0.00198292
0.00223582
0.00253439
0.00287381
0.00316708
0.00335913
0.00356855
0.00318644
0.00269024
0.00244993
0.00232442
0.00221779
0.002092
0.00193229
0.00171086
0.00118799
0.000525949
0.000579862
0.000643778
0.000699447
0.000752333
0.000805381
0.00086371
0.000926621
0.000983046
0.00101409
0.00102658
0.000945564
0.00086217
0.000799175
0.000751025
0.000711875
0.00067789
0.000645557
0.000610966
0.000572096
0.000524163
0.000238068
0.000256663
0.000267975
0.000275869
0.000279853
0.000292052
0.000314057
0.000339372
0.000363797
0.00124205
0.0012111
0.000367463
0.000359456
0.00035462
0.000352639
0.000350767
0.000346766
0.000338247
0.000323252
0.000300255
0.00025318
0.000641548
0.000849342
0.000915888
0.000893263
0.000843282
0.000924034
0.00109087
0.00124522
0.00154958
0.00141571
0.00128761
0.00118439
0.00106797
0.000972362
0.000888595
0.000802691
0.000697629
0.000546458
0.000324773
0.000256391
0.00085872
0.00119566
0.00138684
0.00144141
0.00139303
0.0014138
0.00163304
0.00194404
0.00217273
0.00201576
0.00180438
0.00157758
0.00136682
0.00117019
0.000991006
0.000829973
0.000685293
0.000565047
0.000386757
0.000255614
0.000877187
0.0013207
0.00165305
0.00185447
0.00187853
0.00185471
0.00209045
0.00249297
0.00271133
0.00249817
0.00226206
0.00197768
0.0016797
0.00138894
0.00112989
0.00093121
0.000811399
0.000735469
0.000425247
0.000284154
0.000728181
0.00123387
0.00170058
0.00207236
0.00224609
0.00225769
0.0024949
0.00291836
0.00311532
0.00287501
0.00265357
0.002369
0.00202872
0.00167886
0.00136916
0.00116024
0.00105373
0.000969688
0.000453198
0.000391601
0.000597786
0.0010383
0.00161476
0.00213148
0.00246319
0.0025883
0.00283466
0.00323013
0.0033971
0.00315925
0.00296335
0.00271617
0.00239888
0.00205287
0.00174089
0.00151307
0.00137256
0.001219
0.000474706
0.000457447
0.000719411
0.00107473
0.00163908
0.0021795
0.00256512
0.00281239
0.0030759
0.00341857
0.00355234
0.00332843
0.00314831
0.00294632
0.0026936
0.00242065
0.00215392
0.00192122
0.00171287
0.00137978
0.000493074
0.0005059
0.00116735
0.00147121
0.0018793
0.00227712
0.00260817
0.00289753
0.00319299
0.00348291
0.00357379
0.00333081
0.00310797
0.00292007
0.00273781
0.0025477
0.00234086
0.00212523
0.00186331
0.00135535
0.000509597
0.00054725
0.00115723
0.00166656
0.00194893
0.002176
0.00240202
0.00265556
0.00292786
0.00315622
0.00318644
0.00287233
0.00262694
0.00249919
0.00240109
0.0022876
0.00214124
0.00195594
0.00171228
0.0011711
0.000522519
0.000573575
0.000632553
0.00068344
0.000730806
0.000776113
0.000822685
0.000871523
0.000918616
0.000953367
0.000945564
0.000881658
0.000823447
0.000776708
0.000738036
0.000704446
0.000673518
0.000642423
0.000608226
0.000570006
0.000523075
0.000245354
0.000261489
0.000268968
0.000273713
0.000281235
0.000295694
0.000314828
0.000335472
0.000355896
0.000367328
0.000367463
0.000364781
0.000362881
0.00036367
0.000365164
0.000365436
0.000363016
0.000356248
0.00034258
0.000317279
0.000258644
0.000588056
0.000748102
0.000794983
0.000761216
0.000743688
0.000861332
0.00110112
0.00129917
0.0013435
0.00128761
0.00123715
0.00114947
0.001061
0.000981311
0.000907837
0.000834773
0.000741712
0.000590019
0.000308683
0.000264103
0.00082405
0.00111523
0.00125491
0.00126135
0.00120738
0.00126568
0.00152372
0.0018336
0.00195443
0.00180438
0.00167425
0.00152819
0.00135906
0.00118456
0.0010192
0.000858561
0.000701814
0.000551304
0.000373557
0.000262224
0.000871524
0.00128781
0.001572
0.00170334
0.00168617
0.0016687
0.00186292
0.00217476
0.00232508
0.00226206
0.0021263
0.00193329
0.00170063
0.0014453
0.00118566
0.000956253
0.000790561
0.000684922
0.000415747
0.000279532
0.000749257
0.00123896
0.00166021
0.00195918
0.0020767
0.00206903
0.00218965
0.0024584
0.00262592
0.00265357
0.00258689
0.00240162
0.00212857
0.00180005
0.00145797
0.00117906
0.00101217
0.000913952
0.00044634
0.000391028
0.000613865
0.00105588
0.00158968
0.00203771
0.00230863
0.00239253
0.00249079
0.00270627
0.00287625
0.00296335
0.00294561
0.00279584
0.00254395
0.00221151
0.0018474
0.00153548
0.00133123
0.00117626
0.000469612
0.000456965
0.000711894
0.00106334
0.00159873
0.00208782
0.00241413
0.00259686
0.00271789
0.00289427
0.00305004
0.00314831
0.0031427
0.00302638
0.00282749
0.00255913
0.00225488
0.00195903
0.00169862
0.00136936
0.000489021
0.000503024
0.00114765
0.00144091
0.00183241
0.00218539
0.00245477
0.00264102
0.00279312
0.00295892
0.0030747
0.00310797
0.0030635
0.00296902
0.0028299
0.00264514
0.00241898
0.00216934
0.00187657
0.00134611
0.000506812
0.000541662
0.00111446
0.00163341
0.00191129
0.00211218
0.00226819
0.00240287
0.0025336
0.00265115
0.00269024
0.00262694
0.00257166
0.00252319
0.00245139
0.00234247
0.00218925
0.00198831
0.00172586
0.00116683
0.000520886
0.000565756
0.000619287
0.000665185
0.000707227
0.000745594
0.000782001
0.000817092
0.000849014
0.00087199
0.00086217
0.000823447
0.000785836
0.000752544
0.000722739
0.000695164
0.000668124
0.000639054
0.000605592
0.000568085
0.00052208
0.000255109
0.000270475
0.000276122
0.000278644
0.00028347
0.000294101
0.000309031
0.000325762
0.000343166
0.000354573
0.000359456
0.000362881
0.000367178
0.000371801
0.000375451
0.000377109
0.000375838
0.000370255
0.000357593
0.000331488
0.000264774
0.000531776
0.000642446
0.000676176
0.000658508
0.000656895
0.000754142
0.000950678
0.00111376
0.00118136
0.00118439
0.00114947
0.00109728
0.00104052
0.000978579
0.000908867
0.000829465
0.000732895
0.000588767
0.000314358
0.000269634
0.000763331
0.000998301
0.00109624
0.0010816
0.00102824
0.0010636
0.00124769
0.00147205
0.00158703
0.00157758
0.00152819
0.00144219
0.00132571
0.00118585
0.00103178
0.000873154
0.000715171
0.000556068
0.000366002
0.000267506
0.0008439
0.00121508
0.00144732
0.00152336
0.001472
0.00142668
0.00153458
0.0017487
0.00191985
0.00197768
0.00193329
0.00182476
0.00166016
0.00144978
0.00121542
0.000985863
0.000792153
0.000663056
0.000409826
0.000279714
0.000745552
0.00119944
0.00157037
0.00180627
0.00187873
0.00184989
0.00188211
0.0020423
0.00223577
0.002369
0.00240162
0.0023101
0.00212093
0.0018604
0.00154552
0.00122921
0.00100962
0.000882048
0.000441834
0.000391776
0.000619435
0.00103584
0.00151748
0.00190769
0.0021357
0.00221112
0.00224423
0.00235253
0.00254166
0.00271617
0.00279584
0.00275484
0.00259496
0.00232844
0.00197521
0.00160986
0.00133658
0.00114875
0.000466254
0.000456364
0.000706418
0.00103898
0.00153252
0.00197704
0.00227488
0.00243796
0.00251606
0.00261317
0.00278015
0.00294632
0.00302638
0.00300481
0.00288284
0.0026642
0.00236792
0.00203664
0.00171949
0.00136105
0.000486502
0.000499386
0.00112883
0.00140797
0.00177979
0.00209854
0.00233086
0.00247838
0.0025758
0.00268302
0.00281192
0.00292007
0.00296902
0.00295282
0.00286639
0.00271087
0.0024923
0.00222504
0.00189886
0.00134207
0.000505286
0.000534966
0.00107645
0.00159506
0.00186923
0.00205921
0.00218528
0.00226754
0.00232789
0.00238599
0.00244993
0.00249919
0.00252319
0.00251275
0.00246147
0.00236599
0.00222007
0.00201624
0.00173539
0.00116726
0.000519995
0.000556653
0.000604709
0.000645919
0.000683405
0.000716426
0.000745798
0.000771818
0.000793325
0.000807104
0.000799175
0.000776708
0.000752544
0.000729056
0.000706517
0.000684392
0.000661256
0.000634555
0.000602099
0.000565507
0.000520462
0.000267732
0.000284703
0.000290292
0.000290202
0.000289115
0.000292411
0.000302036
0.000315722
0.000330321
0.000344036
0.00035462
0.00036367
0.000371801
0.000378683
0.000383759
0.000386432
0.000385935
0.000381048
0.00036938
0.000345169
0.000272522
0.000493241
0.000570634
0.000599947
0.000595216
0.000589081
0.000644387
0.000789996
0.000954171
0.00104261
0.00106797
0.001061
0.00104052
0.00101148
0.000970441
0.000912378
0.000833623
0.000730255
0.000586018
0.000332269
0.000273848
0.000695772
0.000878719
0.000954009
0.000944337
0.000897566
0.000896072
0.00100677
0.00118522
0.00132147
0.00136682
0.00135906
0.00132571
0.00126756
0.0011796
0.00105987
0.000913333
0.000750895
0.000579648
0.000365742
0.000271122
0.000796328
0.00111317
0.00130042
0.00134966
0.00129165
0.00122286
0.00125741
0.00140313
0.00157053
0.0016797
0.00170063
0.00166016
0.001579
0.00144744
0.00126403
0.00104687
0.000833975
0.000672804
0.000408049
0.00028301
0.000722291
0.00112728
0.00144765
0.00164021
0.00168887
0.00164255
0.00161861
0.00169942
0.00186376
0.00202872
0.00212857
0.00212093
0.00201864
0.00184567
0.00159741
0.00130392
0.00105255
0.000877879
0.000439755
0.000394538
0.000614416
0.000987206
0.00141334
0.00175702
0.00195761
0.00202477
0.00203137
0.00207911
0.00221364
0.00239888
0.00254395
0.00259496
0.00252666
0.00234516
0.00206941
0.00171457
0.00138415
0.00113565
0.00046425
0.000455506
0.000701803
0.00100455
0.00144883
0.00185309
0.00212991
0.00228023
0.00235083
0.00241411
0.00253314
0.0026936
0.00282749
0.00288284
0.00284064
0.00269641
0.00244888
0.0021212
0.00175387
0.00134835
0.000484708
0.000495154
0.00110331
0.00137194
0.00172101
0.00201423
0.00222445
0.00235724
0.00243721
0.00251111
0.00261751
0.00273781
0.0028299
0.00286639
0.00283365
0.00272495
0.00253627
0.00227074
0.00190541
0.00133314
0.000503945
0.000527119
0.00103904
0.00155195
0.00182136
0.00200782
0.00212497
0.0021919
0.00223059
0.00226221
0.00232442
0.00240109
0.00245139
0.00246147
0.0024297
0.00235379
0.00222472
0.00202791
0.001717
0.00116154
0.000518671
0.000546577
0.000589449
0.000626498
0.000660225
0.000689166
0.000713668
0.000733949
0.000749161
0.000757215
0.000751025
0.000738036
0.000722739
0.000706517
0.000689817
0.000672328
0.000652711
0.000628361
0.000597441
0.000561781
0.000517733
0.00028273
0.000302325
0.000310506
0.000310254
0.000303367
0.000295943
0.000296888
0.000307782
0.000323237
0.000338532
0.000352639
0.000365164
0.000375451
0.000383759
0.000390069
0.000393949
0.000394561
0.000390616
0.000379973
0.000357856
0.000281391
0.000480103
0.000545641
0.000575324
0.000577969
0.000561259
0.000570212
0.000662346
0.000807367
0.000922388
0.000972362
0.000981311
0.000978579
0.000970441
0.000951952
0.000914053
0.000847356
0.000744834
0.000596161
0.00035158
0.000276903
0.000639694
0.000788977
0.000859721
0.000870646
0.000838541
0.000805742
0.000843445
0.000966892
0.00109835
0.00117019
0.00118456
0.00118585
0.0011796
0.0011506
0.00108366
0.000970097
0.000812791
0.000622997
0.000373607
0.000273199
0.000733053
0.000999144
0.00115538
0.00120671
0.00117456
0.00110908
0.00108574
0.00115003
0.00127561
0.00138894
0.0014453
0.00144978
0.00144744
0.00141006
0.00131176
0.00114743
0.000935104
0.000714285
0.000410405
0.000292074
0.00067832
0.00102609
0.0012985
0.00146687
0.00152198
0.00148973
0.00144077
0.00144807
0.00153729
0.00167886
0.00180005
0.0018604
0.00184567
0.00178221
0.00164014
0.00141744
0.00114614
0.000900645
0.000439806
0.00039968
0.000600324
0.000914762
0.00128032
0.00158459
0.00177524
0.00185386
0.00185542
0.00185519
0.00191742
0.00205287
0.00221151
0.00232844
0.00234516
0.00224548
0.00205972
0.00178035
0.00144971
0.00113275
0.000463049
0.000454327
0.000704476
0.000966583
0.00135261
0.00171522
0.00197526
0.00212605
0.00219656
0.00223309
0.00230034
0.00242065
0.00255913
0.0026642
0.00269641
0.0026287
0.00244803
0.00215037
0.00176163
0.00132428
0.000482786
0.000489978
0.00107411
0.00133671
0.00165838
0.0019282
0.00212194
0.00224638
0.00231878
0.00237119
0.0024474
0.0025477
0.00264514
0.00271087
0.00272495
0.00266811
0.00252378
0.00227714
0.00187786
0.00130989
0.000501744
0.000518072
0.000998559
0.00150549
0.00176905
0.00195328
0.00206626
0.00212717
0.00215537
0.00217155
0.00221779
0.0022876
0.00234247
0.00236599
0.00235379
0.00230064
0.00219406
0.00201163
0.00167443
0.00114267
0.000515867
0.0005356
0.000573741
0.000607275
0.000638062
0.000663947
0.000684933
0.000701376
0.000712636
0.000716952
0.000711875
0.000704446
0.000695164
0.000684392
0.000672328
0.000658638
0.000641988
0.000619738
0.000590795
0.000556333
0.000513438
0.000298438
0.00031942
0.000330942
0.000333976
0.000326581
0.000309763
0.000296291
0.000300014
0.000316204
0.000334435
0.000350767
0.000365436
0.000377109
0.000386432
0.000393949
0.000399337
0.000401586
0.000399121
0.000389714
0.00036943
0.000290272
0.00048389
0.000554026
0.000590558
0.000600261
0.000577754
0.00054391
0.000574951
0.000688445
0.000814122
0.000888595
0.000907837
0.000908867
0.000912378
0.000914053
0.000901525
0.000858052
0.000768094
0.000617345
0.000371081
0.000278713
0.000597424
0.000737085
0.000816528
0.00085128
0.000840285
0.000793107
0.000764527
0.000814131
0.000914364
0.000991006
0.0010192
0.00103178
0.00105987
0.00108366
0.00107627
0.00101353
0.000881201
0.00067681
0.000388164
0.000274599
0.000658931
0.000888467
0.00103323
0.00110529
0.00111542
0.00107475
0.00102074
0.00100404
0.0010502
0.00112989
0.00118566
0.00121542
0.00126403
0.00131176
0.00130458
0.00121619
0.00103794
0.000777597
0.000416282
0.000312571
0.0006165
0.000902963
0.00113618
0.00129618
0.0013827
0.00139162
0.0013494
0.00130472
0.00130686
0.00136916
0.00145797
0.00154552
0.00159741
0.00164014
0.00160756
0.00147863
0.00124896
0.000939344
0.000441426
0.000406127
0.000585981
0.000833456
0.00113303
0.00140047
0.00159216
0.00169891
0.00172118
0.00169795
0.00168967
0.00174089
0.0018474
0.00197521
0.00206941
0.00205972
0.00197172
0.00178514
0.00149659
0.00112945
0.000461986
0.000452687
0.000729784
0.000944354
0.00126277
0.00157615
0.0018163
0.00197035
0.00204991
0.00207571
0.00209551
0.00215392
0.00225488
0.00236792
0.00244888
0.00244803
0.00233135
0.00208544
0.00172441
0.00128087
0.000479821
0.000483508
0.00103398
0.00130753
0.00160001
0.00184347
0.00201872
0.00213244
0.00219772
0.00223533
0.00227629
0.00234086
0.00241898
0.0024923
0.00253627
0.00252378
0.00242635
0.00220212
0.0017999
0.0012628
0.000497566
0.00050755
0.000949358
0.00145409
0.00171731
0.00188986
0.00199395
0.00204774
0.00206674
0.00206808
0.002092
0.00214124
0.00218925
0.00222007
0.00222472
0.00219406
0.00211152
0.00194795
0.00159304
0.00110141
0.000510407
0.000523466
0.000557367
0.000588032
0.000616689
0.00064023
0.000658593
0.000672326
0.000680948
0.000682442
0.00067789
0.000673518
0.000668124
0.000661256
0.000652711
0.000641988
0.000627675
0.000607217
0.000581046
0.000548314
0.000506919
0.000313652
0.000333973
0.000347215
0.000353812
0.000350987
0.000333737
0.00030529
0.000293078
0.000306544
0.00032772
0.000346766
0.000363016
0.000375838
0.000385935
0.000394561
0.000401586
0.000405933
0.000405699
0.000398157
0.000379468
0.000301198
0.000487792
0.000571599
0.000620444
0.000641462
0.000623734
0.000564146
0.000531481
0.000589139
0.000710902
0.000802691
0.000834773
0.000829465
0.000833623
0.000847356
0.000858052
0.000844052
0.000780408
0.000640226
0.000388891
0.000283457
0.000562274
0.000707877
0.000802943
0.000859752
0.000871805
0.000829322
0.000760917
0.000732588
0.000768982
0.000829973
0.000858561
0.000873154
0.000913333
0.000970097
0.00101353
0.00100774
0.000921707
0.000727335
0.000404912
0.000283214
0.00058433
0.000787903
0.000937501
0.00103906
0.00109075
0.00108405
0.00102552
0.000953469
0.000919453
0.00093121
0.000956253
0.000985863
0.00104687
0.00114743
0.00121619
0.00120607
0.00108962
0.000836398
0.000424255
0.000346054
0.000563338
0.000785813
0.00098957
0.00115524
0.00127674
0.00133194
0.0013164
0.00125064
0.00118445
0.00116024
0.00117906
0.00122921
0.00130392
0.00141744
0.00147863
0.0014401
0.00128191
0.000968308
0.000443683
0.000412943
0.000605428
0.000791579
0.00102529
0.00125376
0.00144144
0.00157072
0.00162064
0.00159864
0.00154424
0.00151307
0.00153548
0.00160986
0.00171457
0.00178035
0.00178514
0.00168917
0.00147352
0.00110596
0.000460206
0.000450143
0.000769604
0.000964455
0.00122105
0.00147664
0.00168283
0.00182561
0.0019052
0.00193331
0.0019235
0.00192122
0.00195903
0.00203664
0.0021212
0.00215037
0.00208544
0.00192362
0.00162246
0.00120564
0.000474897
0.000475212
0.000978339
0.00128393
0.00155284
0.00176533
0.00191437
0.0020087
0.00206052
0.00208457
0.00209983
0.00212523
0.00216934
0.00222504
0.00227074
0.00227714
0.00220212
0.00199467
0.0016479
0.00118127
0.000490117
0.000494927
0.000883213
0.00135688
0.00164512
0.00180218
0.00189339
0.00193581
0.00194392
0.00193071
0.00193229
0.00195594
0.00198831
0.00201624
0.00202791
0.00201163
0.00194795
0.00176821
0.00144205
0.00102697
0.000500905
0.000509439
0.000539475
0.00056777
0.000594259
0.000615855
0.000632222
0.000643978
0.000650786
0.000649999
0.000645557
0.000642423
0.000639054
0.000634555
0.000628361
0.000619738
0.000607217
0.000589738
0.000566974
0.000536589
0.000497176
0.000327217
0.000346381
0.00035983
0.000367909
0.000369436
0.000359374
0.000326543
0.000291641
0.000293761
0.000316526
0.000338247
0.000356248
0.000370255
0.000381048
0.000390616
0.000399121
0.000405699
0.000408396
0.000403883
0.000387446
0.000317324
0.000490202
0.000583616
0.000640769
0.00067109
0.000664791
0.000609232
0.000533708
0.000516084
0.000599306
0.000697629
0.000741712
0.000732895
0.000730255
0.000744834
0.000768094
0.000780408
0.000753122
0.000645487
0.000402966
0.000297541
0.000535862
0.000690849
0.000797992
0.000866932
0.000895216
0.000866476
0.000787347
0.000709085
0.000676003
0.000685293
0.000701814
0.000715171
0.000750895
0.000812791
0.000881201
0.000921707
0.000894224
0.000745683
0.000418291
0.000327634
0.000549164
0.000733321
0.000890539
0.00100731
0.00107671
0.00109217
0.00104114
0.000947755
0.000862455
0.000811399
0.000790561
0.000792153
0.000833975
0.000935104
0.00103794
0.00108962
0.00104709
0.000851076
0.000432054
0.00037551
0.000587423
0.000775309
0.000957591
0.0011205
0.00123801
0.00129808
0.001295
0.00122724
0.00113241
0.00105373
0.00101217
0.00100962
0.00105255
0.00114614
0.00124896
0.00128191
0.00120608
0.000959427
0.000445174
0.000419285
0.00067447
0.000863315
0.00105962
0.00124488
0.00139639
0.00149982
0.00153903
0.00151567
0.00144611
0.00137256
0.00133123
0.00133658
0.00138415
0.00144971
0.00149659
0.00147352
0.00134582
0.00104982
0.000456609
0.000446019
0.000805917
0.00103548
0.00125588
0.00144807
0.00159324
0.00168918
0.00174149
0.00175857
0.00174497
0.00171287
0.00169862
0.00171949
0.00175387
0.00176163
0.00172441
0.00162246
0.00143839
0.00109843
0.000467076
0.000464269
0.000898986
0.00121394
0.00146578
0.00164052
0.00175019
0.00181453
0.00185069
0.00186341
0.00186234
0.00186331
0.00187657
0.00189886
0.00190541
0.00187786
0.0017999
0.0016479
0.00140696
0.00106025
0.000478407
0.000479138
0.000794962
0.00117127
0.00143965
0.00158607
0.00166645
0.00171129
0.00174159
0.0017259
0.00171086
0.00171228
0.00172586
0.00173539
0.001717
0.00167443
0.00159304
0.00144205
0.0012112
0.000916834
0.000486192
0.000492029
0.000518303
0.000544386
0.000568055
0.000587481
0.000602022
0.000611933
0.000617072
0.0006151
0.000610966
0.000608226
0.000605592
0.000602099
0.000597441
0.000590795
0.000581046
0.000566974
0.000547433
0.000519798
0.000482827
0.000340623
0.00035926
0.000372314
0.00038089
0.000384355
0.000378713
0.000354037
0.000303306
0.000279581
0.000300241
0.000323252
0.00034258
0.000357593
0.00036938
0.000379973
0.000389714
0.000398157
0.000403883
0.000403828
0.000392859
0.000343554
0.000492745
0.00056836
0.000613905
0.00063931
0.000645389
0.000623279
0.000541148
0.000477568
0.0004833
0.000546458
0.000590019
0.000588767
0.000586018
0.000596161
0.000617345
0.000640226
0.000645487
0.000593741
0.000411463
0.000351481
0.000569915
0.000697721
0.000775782
0.000818049
0.000832612
0.000818516
0.000768343
0.000685136
0.000606921
0.000565047
0.000551304
0.000556068
0.000579648
0.000622997
0.00067681
0.000727335
0.000745683
0.000676442
0.000424978
0.000371824
0.000609623
0.000793199
0.000920851
0.000991126
0.00101737
0.00100894
0.000965157
0.0008916
0.000808591
0.000735469
0.000684922
0.000663056
0.000672804
0.000714285
0.000777597
0.000836398
0.000851076
0.000756206
0.000434153
0.000399392
0.000662543
0.000860098
0.00102437
0.00114836
0.00120155
0.00121057
0.00118188
0.00111941
0.00104229
0.000969688
0.000913952
0.000882048
0.000877879
0.000900645
0.000939344
0.000968308
0.000959427
0.000832592
0.000441403
0.000422854
0.000725449
0.000939091
0.00111192
0.00124115
0.00132521
0.00136887
0.00137651
0.00133417
0.0012747
0.001219
0.00117626
0.00114875
0.00113565
0.00113275
0.00112945
0.00110596
0.00104982
0.000890893
0.000447602
0.000437871
0.000772678
0.00100493
0.00118497
0.00130929
0.00138388
0.00142016
0.00142847
0.00141657
0.0013959
0.00137978
0.00136936
0.00136105
0.00134835
0.00132428
0.00128087
0.00120564
0.00109843
0.00091411
0.000453566
0.000448243
0.000771143
0.00101169
0.00119436
0.00131077
0.00137461
0.0014022
0.00140767
0.00139576
0.00137399
0.00135535
0.00134611
0.00134207
0.00133314
0.00130989
0.0012628
0.00118127
0.00106025
0.000870621
0.000459618
0.00045733
0.000685851
0.000898807
0.00106406
0.00116176
0.00121215
0.00123191
0.00123453
0.001215
0.00118799
0.0011711
0.00116683
0.00116726
0.00116154
0.00114267
0.00110141
0.00102697
0.000916834
0.000762429
0.0004635
0.000467602
0.000489586
0.000513416
0.000534868
0.000552572
0.000565755
0.000574578
0.000578388
0.00057548
0.000572096
0.000570006
0.000568085
0.000565507
0.000561781
0.000556333
0.000548314
0.000536589
0.000519798
0.000494955
0.00046096
0.000360004
0.000370648
0.000379167
0.000385259
0.000388048
0.000384915
0.000370113
0.00033147
0.0002673
0.000280092
0.000300255
0.000317279
0.000331488
0.000345169
0.000357856
0.00036943
0.000379468
0.000387446
0.000392859
0.00039462
0.000381461
0.000394134
0.000404505
0.000412715
0.000418307
0.000419637
0.000413768
0.000397393
0.000369352
0.000345011
0.000324773
0.000308683
0.000314358
0.000332269
0.00035158
0.000371081
0.000388891
0.000402966
0.000411463
0.000410263
0.000393266
0.000409309
0.000421426
0.000431252
0.000438867
0.000443077
0.000441855
0.000433693
0.000419599
0.000403047
0.000386757
0.000373557
0.000366002
0.000365742
0.000373607
0.000388164
0.000404912
0.000418291
0.000424978
0.00041853
0.000401562
0.000420332
0.000433765
0.000444785
0.000454039
0.000460368
0.000461871
0.000457602
0.000448498
0.000436888
0.000425247
0.000415747
0.000409826
0.000408049
0.000410405
0.000416282
0.000424255
0.000432054
0.000434153
0.000422308
0.000410721
0.000430127
0.000444415
0.000457086
0.000467755
0.000475847
0.00047906
0.000476754
0.000470284
0.000461695
0.000453198
0.00044634
0.000441834
0.000439755
0.000439806
0.000441426
0.000443683
0.000445174
0.000441403
0.000424535
0.000417784
0.000436861
0.000452326
0.000468087
0.000482079
0.000491793
0.000495792
0.000493925
0.000488515
0.000481393
0.000474706
0.000469612
0.000466254
0.00046425
0.000463049
0.000461986
0.000460206
0.000456609
0.000447602
0.000426042
0.000421989
0.000439876
0.000457767
0.000477838
0.000495411
0.000507243
0.000512442
0.000511461
0.000505939
0.000498997
0.000493074
0.000489021
0.000486502
0.000484708
0.000482786
0.000479821
0.000474897
0.000467076
0.000453566
0.000427124
0.000424669
0.000441359
0.000463023
0.000487764
0.000508198
0.000521276
0.000527014
0.000526217
0.000520701
0.000514361
0.000509597
0.000506812
0.000505286
0.000503945
0.000501744
0.000497566
0.000490117
0.000478407
0.000459618
0.000428157
0.000427433
0.000443777
0.000469213
0.000496694
0.000517896
0.000531237
0.000537522
0.000537084
0.000531505
0.000525949
0.000522519
0.000520886
0.000519995
0.000518671
0.000515867
0.000510407
0.000500905
0.000486192
0.0004635
0.000429424
0.000432494
0.00044845
0.000469787
0.000489212
0.000505188
0.000517145
0.000525609
0.000528541
0.000526258
0.000524163
0.000523075
0.00052208
0.000520462
0.000517733
0.000513438
0.000506919
0.000497176
0.000482827
0.00046096
0.000430865
)
;

boundaryField
{
    floor
    {
        type            compressible::alphatWallFunction;
        Prt             0.85;
        value           nonuniform List<scalar> 
400
(
5.4961e-05
5.3205e-05
5.03798e-05
4.62275e-05
3.55067e-05
3.10685e-05
3.06033e-05
3.11029e-05
3.15663e-05
3.21509e-05
3.29948e-05
3.41594e-05
3.57355e-05
3.77514e-05
4.00573e-05
4.24166e-05
4.46485e-05
4.66279e-05
4.86009e-05
5.14827e-05
5.3205e-05
5.32815e-05
5.04315e-05
4.64112e-05
3.69488e-05
3.37283e-05
3.48092e-05
3.57324e-05
3.56046e-05
3.55075e-05
3.58737e-05
3.66785e-05
3.81306e-05
4.03586e-05
4.30414e-05
4.55942e-05
4.77393e-05
4.95584e-05
5.14647e-05
5.31015e-05
5.03798e-05
5.04315e-05
4.85596e-05
4.42914e-05
3.64831e-05
3.5073e-05
3.74778e-05
3.88619e-05
3.85463e-05
3.79172e-05
3.75079e-05
3.77697e-05
3.89245e-05
4.11397e-05
4.42158e-05
4.7284e-05
4.97174e-05
5.15929e-05
5.3442e-05
5.43827e-05
4.62275e-05
4.64112e-05
4.42914e-05
3.93105e-05
3.42655e-05
3.47864e-05
3.85805e-05
4.07559e-05
4.05158e-05
3.95711e-05
3.87031e-05
3.84363e-05
3.92125e-05
4.10092e-05
4.40704e-05
4.76544e-05
5.0657e-05
5.27981e-05
5.4717e-05
5.52802e-05
3.55067e-05
3.69488e-05
3.64831e-05
3.42655e-05
3.13245e-05
3.22338e-05
3.77787e-05
4.13102e-05
4.11144e-05
4.00277e-05
3.93476e-05
3.95708e-05
3.98748e-05
4.07194e-05
4.28898e-05
4.64185e-05
5.01312e-05
5.29437e-05
5.51917e-05
5.56592e-05
3.10685e-05
3.37283e-05
3.5073e-05
3.47864e-05
3.22338e-05
3.03634e-05
3.63869e-05
4.10315e-05
4.08871e-05
4.10277e-05
4.13139e-05
4.18032e-05
4.14944e-05
4.11696e-05
4.16492e-05
4.37224e-05
4.73646e-05
5.12732e-05
5.42548e-05
5.51163e-05
3.06033e-05
3.48092e-05
3.74778e-05
3.85805e-05
3.77787e-05
3.63869e-05
3.82128e-05
4.09036e-05
4.24667e-05
4.42055e-05
4.46303e-05
4.46895e-05
4.37467e-05
4.2616e-05
4.17582e-05
4.16038e-05
4.29497e-05
4.62087e-05
5.0411e-05
5.27795e-05
3.11029e-05
3.57324e-05
3.88619e-05
4.07559e-05
4.13102e-05
4.10315e-05
4.09036e-05
4.12379e-05
4.49673e-05
4.82485e-05
4.83798e-05
4.76982e-05
4.61682e-05
4.45797e-05
4.33087e-05
4.20815e-05
4.10083e-05
4.08121e-05
4.26867e-05
4.68695e-05
3.15663e-05
3.56046e-05
3.85463e-05
4.05158e-05
4.11144e-05
4.08871e-05
4.24667e-05
4.49673e-05
4.80754e-05
5.20792e-05
5.18461e-05
5.06161e-05
4.86251e-05
4.66005e-05
4.5448e-05
4.43326e-05
4.28569e-05
4.0952e-05
3.88901e-05
3.72367e-05
3.21509e-05
3.55075e-05
3.79172e-05
3.95711e-05
4.00277e-05
4.10277e-05
4.42055e-05
4.82485e-05
5.20792e-05
0
0
5.2179e-05
5.01825e-05
4.84924e-05
4.75709e-05
4.68977e-05
4.58599e-05
4.41802e-05
4.17681e-05
3.88087e-05
3.29948e-05
3.58737e-05
3.75079e-05
3.87031e-05
3.93476e-05
4.13139e-05
4.46303e-05
4.83798e-05
5.18461e-05
0
0
5.2071e-05
5.07738e-05
4.99555e-05
4.95853e-05
4.92696e-05
4.86491e-05
4.73741e-05
4.5161e-05
4.17776e-05
3.41594e-05
3.66785e-05
3.77697e-05
3.84363e-05
3.95708e-05
4.18032e-05
4.46895e-05
4.76982e-05
5.06161e-05
5.2179e-05
5.2071e-05
5.15583e-05
5.11868e-05
5.12472e-05
5.14409e-05
5.14675e-05
5.11002e-05
5.00944e-05
4.80871e-05
4.43905e-05
3.57355e-05
3.81306e-05
3.89245e-05
3.92125e-05
3.98748e-05
4.14944e-05
4.37467e-05
4.61682e-05
4.86251e-05
5.01825e-05
5.07738e-05
5.11868e-05
5.17791e-05
5.24594e-05
5.30139e-05
5.3275e-05
5.3097e-05
5.22774e-05
5.04174e-05
4.65857e-05
3.77514e-05
4.03586e-05
4.11397e-05
4.10092e-05
4.07194e-05
4.11696e-05
4.2616e-05
4.45797e-05
4.66005e-05
4.84924e-05
4.99555e-05
5.12472e-05
5.24594e-05
5.35119e-05
5.42983e-05
5.4721e-05
5.46668e-05
5.39577e-05
5.22439e-05
4.86713e-05
4.00573e-05
4.30414e-05
4.42158e-05
4.40704e-05
4.28898e-05
4.16492e-05
4.17582e-05
4.33087e-05
4.5448e-05
4.75709e-05
4.95853e-05
5.14409e-05
5.30139e-05
5.42983e-05
5.52728e-05
5.58749e-05
5.59876e-05
5.54235e-05
5.38649e-05
5.05987e-05
4.24166e-05
4.55942e-05
4.7284e-05
4.76544e-05
4.64185e-05
4.37224e-05
4.16038e-05
4.20815e-05
4.43326e-05
4.68977e-05
4.92696e-05
5.14675e-05
5.3275e-05
5.4721e-05
5.58749e-05
5.66989e-05
5.70547e-05
5.67135e-05
5.53425e-05
5.23513e-05
4.46485e-05
4.77393e-05
4.97174e-05
5.0657e-05
5.01312e-05
4.73646e-05
4.29497e-05
4.10083e-05
4.28569e-05
4.58599e-05
4.86491e-05
5.11002e-05
5.3097e-05
5.46668e-05
5.59876e-05
5.70547e-05
5.77214e-05
5.77112e-05
5.66177e-05
5.38671e-05
4.66279e-05
4.95584e-05
5.15929e-05
5.27981e-05
5.29437e-05
5.12732e-05
4.62087e-05
4.08121e-05
4.0952e-05
4.41802e-05
4.73741e-05
5.00944e-05
5.22774e-05
5.39577e-05
5.54235e-05
5.67135e-05
5.77112e-05
5.81334e-05
5.74873e-05
5.50738e-05
4.86009e-05
5.14647e-05
5.3442e-05
5.4717e-05
5.51917e-05
5.42548e-05
5.0411e-05
4.26867e-05
3.88901e-05
4.17681e-05
4.5161e-05
4.80871e-05
5.04174e-05
5.22439e-05
5.38649e-05
5.53425e-05
5.66177e-05
5.74873e-05
5.74981e-05
5.58942e-05
5.14827e-05
5.31015e-05
5.43827e-05
5.52802e-05
5.56592e-05
5.51163e-05
5.27795e-05
4.68695e-05
3.72367e-05
3.88087e-05
4.17776e-05
4.43905e-05
4.65857e-05
4.86713e-05
5.05987e-05
5.23513e-05
5.38671e-05
5.50738e-05
5.58942e-05
5.61669e-05
)
;
    }
    ceiling
    {
        type            compressible::alphatWallFunction;
        Prt             0.85;
        value           nonuniform List<scalar> 
400
(
6.48211e-05
6.98808e-05
7.40206e-05
7.71515e-05
7.96385e-05
8.15806e-05
8.30256e-05
8.39289e-05
8.38685e-05
8.30792e-05
8.22721e-05
8.12443e-05
8.00281e-05
7.86626e-05
7.71525e-05
7.54572e-05
7.34676e-05
7.09661e-05
6.74205e-05
6.22752e-05
6.98808e-05
7.56157e-05
8.04136e-05
8.42465e-05
8.74294e-05
8.99984e-05
9.19279e-05
9.31296e-05
9.31854e-05
9.19063e-05
9.04474e-05
8.86994e-05
8.67593e-05
8.47065e-05
8.2566e-05
8.02996e-05
7.77809e-05
7.47557e-05
7.06015e-05
6.45735e-05
7.40206e-05
8.04136e-05
8.57451e-05
9.016e-05
9.38888e-05
9.69613e-05
9.93059e-05
0.000100848
0.000101145
9.95e-05
9.74176e-05
9.50202e-05
9.2473e-05
8.98837e-05
8.72901e-05
8.46505e-05
8.18201e-05
7.85003e-05
7.4042e-05
6.76739e-05
7.71515e-05
8.42465e-05
9.016e-05
9.52741e-05
9.96492e-05
0.000103139
0.000105868
0.000107807
0.000108527
0.000106657
0.000103854
0.000100762
9.76257e-05
9.4557e-05
9.15932e-05
8.86881e-05
8.55698e-05
8.18796e-05
7.71314e-05
7.05066e-05
7.96385e-05
8.74294e-05
9.38888e-05
9.96492e-05
0.000104421
0.000108351
0.000111661
0.000114324
0.000115753
0.000113795
0.000109973
0.000105964
0.000102125
9.85268e-05
9.51749e-05
9.19751e-05
8.86119e-05
8.46399e-05
7.96722e-05
7.28333e-05
8.15806e-05
8.99984e-05
9.69613e-05
0.000103139
0.000108351
0.000112936
0.000117208
0.000121085
0.00012349
0.000121613
0.000116238
0.00011088
0.000106105
0.000101863
9.80529e-05
9.45168e-05
9.09016e-05
8.66941e-05
8.15558e-05
7.45702e-05
8.30256e-05
9.19279e-05
9.93059e-05
0.000105868
0.000111661
0.000117208
0.000122911
0.000128317
0.000131404
0.000130021
0.000122787
0.00011561
0.000109625
0.000104618
0.000100298
9.64069e-05
9.25366e-05
8.80856e-05
8.28097e-05
7.57896e-05
8.39289e-05
9.31296e-05
0.000100848
0.000107807
0.000114324
0.000121085
0.000128317
0.000134703
0.000137369
0.000137517
0.00012907
0.000119904
0.000112537
0.000106688
0.00010184
9.75954e-05
9.34838e-05
8.87947e-05
8.33464e-05
7.62095e-05
8.38685e-05
9.31854e-05
0.000101145
0.000108527
0.000115753
0.00012349
0.000131404
0.000137369
0.000138099
0.000141551
0.000133657
0.000122983
0.000114409
0.000107797
0.000102446
9.78156e-05
9.33878e-05
8.85336e-05
8.29452e-05
7.58905e-05
8.30792e-05
9.19063e-05
9.95e-05
0.000106657
0.000113795
0.000121613
0.000130021
0.000137517
0.000141551
0.000143134
0.00013264
0.000121713
0.000113394
0.000107015
0.000101805
9.72313e-05
9.28026e-05
8.79808e-05
8.24847e-05
7.56028e-05
8.22721e-05
9.04474e-05
9.74176e-05
0.000103854
0.000109973
0.000116238
0.000122787
0.00012907
0.000133657
0.00013264
0.000124296
0.000116628
0.000110449
0.000105325
0.000100848
9.66713e-05
9.23956e-05
8.76161e-05
8.22004e-05
7.5453e-05
8.12443e-05
8.86994e-05
9.50202e-05
0.000100762
0.000105964
0.00011088
0.00011561
0.000119904
0.000122983
0.000121713
0.000116628
0.000111667
0.00010727
0.000103321
9.96344e-05
9.59639e-05
9.19469e-05
8.72548e-05
8.1929e-05
7.53067e-05
8.00281e-05
8.67593e-05
9.2473e-05
9.76257e-05
0.000102125
0.000106105
0.000109625
0.000112537
0.000114409
0.000113394
0.000110449
0.00010727
0.000104171
0.000101177
9.82018e-05
9.50375e-05
9.13247e-05
8.67622e-05
8.1553e-05
7.50608e-05
7.86626e-05
8.47065e-05
8.98837e-05
9.4557e-05
9.85268e-05
0.000101863
0.000104618
0.000106688
0.000107797
0.000107015
0.000105325
0.000103321
0.000101177
9.89443e-05
9.65686e-05
9.3858e-05
9.04476e-05
8.60883e-05
8.1002e-05
7.46469e-05
7.71525e-05
8.2566e-05
8.72901e-05
9.15932e-05
9.51749e-05
9.80529e-05
0.000100298
0.00010184
0.000102446
0.000101805
0.000100848
9.96344e-05
9.82018e-05
9.65686e-05
9.46819e-05
9.23522e-05
8.9211e-05
8.51203e-05
8.01961e-05
7.40008e-05
7.54572e-05
8.02996e-05
8.46505e-05
8.86881e-05
9.19751e-05
9.45168e-05
9.64069e-05
9.75954e-05
9.78156e-05
9.72313e-05
9.66713e-05
9.59639e-05
9.50375e-05
9.3858e-05
9.23522e-05
9.03207e-05
8.74085e-05
8.37009e-05
7.90148e-05
7.30278e-05
7.34676e-05
7.77809e-05
8.18201e-05
8.55698e-05
8.86119e-05
9.09016e-05
9.25366e-05
9.34838e-05
9.33878e-05
9.28026e-05
9.23956e-05
9.19469e-05
9.13247e-05
9.04476e-05
8.9211e-05
8.74085e-05
8.49212e-05
8.16681e-05
7.72988e-05
7.1584e-05
7.09661e-05
7.47557e-05
7.85003e-05
8.18796e-05
8.46399e-05
8.66941e-05
8.80856e-05
8.87947e-05
8.85336e-05
8.79808e-05
8.76161e-05
8.72548e-05
8.67622e-05
8.60883e-05
8.51203e-05
8.37009e-05
8.16681e-05
7.88475e-05
7.48491e-05
6.94667e-05
6.74205e-05
7.06015e-05
7.4042e-05
7.71314e-05
7.96722e-05
8.15558e-05
8.28097e-05
8.33464e-05
8.29452e-05
8.24847e-05
8.22004e-05
8.1929e-05
8.1553e-05
8.1002e-05
8.01961e-05
7.90148e-05
7.72988e-05
7.48491e-05
7.1226e-05
6.62461e-05
6.22752e-05
6.45735e-05
6.76739e-05
7.05066e-05
7.28333e-05
7.45702e-05
7.57896e-05
7.62095e-05
7.58905e-05
7.56028e-05
7.5453e-05
7.53067e-05
7.50608e-05
7.46469e-05
7.40008e-05
7.30278e-05
7.1584e-05
6.94667e-05
6.62461e-05
6.1796e-05
)
;
    }
    fixedWalls
    {
        type            compressible::alphatWallFunction;
        Prt             0.85;
        value           nonuniform List<scalar> 
800
(
5.48933e-05
5.72419e-05
5.87034e-05
5.95852e-05
6.02596e-05
6.08904e-05
6.15638e-05
6.23528e-05
6.33862e-05
6.47455e-05
5.31389e-05
5.52934e-05
5.75299e-05
5.9281e-05
6.08299e-05
6.23707e-05
6.39636e-05
6.57112e-05
6.78566e-05
6.97998e-05
5.0317e-05
5.05021e-05
5.26602e-05
5.59428e-05
5.94264e-05
6.26079e-05
6.55911e-05
6.84743e-05
7.17006e-05
7.3935e-05
4.61698e-05
4.60512e-05
4.63139e-05
4.76417e-05
5.55553e-05
6.19169e-05
6.672e-05
7.08433e-05
7.49304e-05
7.70623e-05
3.54632e-05
3.72087e-05
3.98908e-05
4.2239e-05
4.92372e-05
6.07369e-05
6.75399e-05
7.28773e-05
7.76197e-05
7.95464e-05
3.10309e-05
3.05708e-05
3.33967e-05
3.78637e-05
4.80818e-05
6.03307e-05
6.81798e-05
7.44424e-05
7.96587e-05
8.14862e-05
3.05663e-05
3.03279e-05
2.99414e-05
3.53104e-05
4.77347e-05
5.97333e-05
6.82504e-05
7.51926e-05
8.08616e-05
8.29295e-05
3.10654e-05
3.18507e-05
3.17603e-05
3.38796e-05
4.57995e-05
5.82438e-05
6.72553e-05
7.47461e-05
8.10337e-05
8.38316e-05
3.15284e-05
3.30865e-05
3.31919e-05
3.37463e-05
4.30815e-05
5.68318e-05
6.61599e-05
7.36139e-05
8.00323e-05
8.37711e-05
3.21122e-05
3.42749e-05
3.44845e-05
3.45043e-05
4.07122e-05
5.60872e-05
6.5699e-05
7.29559e-05
7.9142e-05
8.29827e-05
3.29549e-05
3.52579e-05
3.57307e-05
3.55994e-05
3.92635e-05
5.57784e-05
6.55957e-05
7.26041e-05
7.84983e-05
8.21764e-05
3.41179e-05
3.61463e-05
3.69489e-05
3.66532e-05
3.88404e-05
5.57061e-05
6.55861e-05
7.22523e-05
7.77723e-05
8.11498e-05
3.56918e-05
3.71326e-05
3.78326e-05
3.74857e-05
3.91299e-05
5.58741e-05
6.55649e-05
7.1796e-05
7.68819e-05
7.99351e-05
3.7705e-05
3.83506e-05
3.84915e-05
3.80479e-05
3.97865e-05
5.64235e-05
6.55074e-05
7.12447e-05
7.5819e-05
7.85711e-05
4.00078e-05
3.97134e-05
3.89422e-05
3.83573e-05
4.12663e-05
5.73715e-05
6.53977e-05
7.05489e-05
7.45725e-05
7.70628e-05
4.23639e-05
4.10639e-05
3.91573e-05
3.85679e-05
4.45835e-05
5.84323e-05
6.52073e-05
6.9653e-05
7.30992e-05
7.53695e-05
4.45927e-05
4.26875e-05
3.98459e-05
4.01249e-05
4.96993e-05
5.94765e-05
6.48632e-05
6.84752e-05
7.13046e-05
7.33823e-05
4.65694e-05
4.51192e-05
4.2268e-05
4.69235e-05
5.40203e-05
6.03952e-05
6.42616e-05
6.68935e-05
6.90312e-05
7.08837e-05
4.85396e-05
4.91056e-05
5.03812e-05
5.34015e-05
5.74456e-05
6.0865e-05
6.30445e-05
6.45469e-05
6.58564e-05
6.73421e-05
5.14178e-05
5.46651e-05
5.64445e-05
5.76749e-05
5.90229e-05
6.00602e-05
6.06762e-05
6.10683e-05
6.14708e-05
6.22024e-05
5.14178e-05
5.46651e-05
5.64445e-05
5.76749e-05
5.90229e-05
6.00602e-05
6.06762e-05
6.10683e-05
6.14708e-05
6.22024e-05
5.3035e-05
5.65511e-05
5.8808e-05
6.04393e-05
6.18871e-05
6.28827e-05
6.33276e-05
6.35386e-05
6.38697e-05
6.44984e-05
5.4315e-05
5.80883e-05
6.05876e-05
6.24022e-05
6.39702e-05
6.51335e-05
6.59252e-05
6.66749e-05
6.75463e-05
6.75954e-05
5.52116e-05
5.92904e-05
6.20153e-05
6.39936e-05
6.57846e-05
6.73869e-05
6.87969e-05
7.02186e-05
7.1491e-05
7.0425e-05
5.55905e-05
6.00869e-05
6.31018e-05
6.5311e-05
6.7296e-05
6.93663e-05
7.12958e-05
7.31393e-05
7.4538e-05
7.27491e-05
5.50484e-05
6.02256e-05
6.36671e-05
6.61849e-05
6.84261e-05
7.07228e-05
7.29656e-05
7.50018e-05
7.64542e-05
7.4484e-05
5.27147e-05
5.92588e-05
6.3406e-05
6.63345e-05
6.88318e-05
7.12492e-05
7.36751e-05
7.58028e-05
7.7349e-05
7.5702e-05
4.68122e-05
5.67088e-05
6.21005e-05
6.5628e-05
6.84347e-05
7.09395e-05
7.34921e-05
7.5662e-05
7.72775e-05
7.61214e-05
3.7191e-05
5.24729e-05
5.9918e-05
6.42141e-05
6.74333e-05
7.01143e-05
7.26638e-05
7.48519e-05
7.64771e-05
7.58028e-05
3.87613e-05
4.87177e-05
5.73941e-05
6.24536e-05
6.61427e-05
6.9058e-05
7.16513e-05
7.39407e-05
7.56932e-05
7.55153e-05
4.17266e-05
4.5663e-05
5.49531e-05
6.07202e-05
6.48902e-05
6.80857e-05
7.08033e-05
7.32673e-05
7.52154e-05
7.53658e-05
4.43363e-05
4.32719e-05
5.30035e-05
5.93276e-05
6.3894e-05
6.73541e-05
7.02284e-05
7.28755e-05
7.49857e-05
7.52198e-05
4.65289e-05
4.41173e-05
5.18909e-05
5.84706e-05
6.32459e-05
6.68723e-05
6.98663e-05
7.2652e-05
7.48466e-05
7.49742e-05
4.86121e-05
4.67917e-05
5.18644e-05
5.82235e-05
6.29495e-05
6.65798e-05
6.95981e-05
7.24417e-05
7.46329e-05
7.45609e-05
5.05374e-05
4.97035e-05
5.30588e-05
5.85806e-05
6.29576e-05
6.63965e-05
6.93027e-05
7.20995e-05
7.41993e-05
7.39157e-05
5.22882e-05
5.2632e-05
5.5253e-05
5.94488e-05
6.31885e-05
6.62293e-05
6.88531e-05
7.14683e-05
7.33794e-05
7.29441e-05
5.38025e-05
5.52794e-05
5.77124e-05
6.06142e-05
6.35058e-05
6.59556e-05
6.8127e-05
7.03652e-05
7.19765e-05
7.1502e-05
5.50081e-05
5.73727e-05
5.96816e-05
6.17472e-05
6.37063e-05
6.54118e-05
6.69698e-05
6.86458e-05
6.98202e-05
6.93872e-05
5.58279e-05
5.86343e-05
6.06625e-05
6.20441e-05
6.3139e-05
6.40772e-05
6.49776e-05
6.58938e-05
6.64983e-05
6.61703e-05
5.61006e-05
5.84621e-05
5.97146e-05
6.03015e-05
6.06578e-05
6.09066e-05
6.10925e-05
6.12714e-05
6.14857e-05
6.17252e-05
5.48933e-05
5.72419e-05
5.87034e-05
5.95852e-05
6.02596e-05
6.08904e-05
6.15638e-05
6.23528e-05
6.33862e-05
6.47455e-05
5.31389e-05
5.52934e-05
5.75299e-05
5.9281e-05
6.08299e-05
6.23707e-05
6.39636e-05
6.57112e-05
6.78566e-05
6.97998e-05
5.0317e-05
5.05021e-05
5.26602e-05
5.59428e-05
5.94264e-05
6.26079e-05
6.55911e-05
6.84743e-05
7.17006e-05
7.3935e-05
4.61698e-05
4.60512e-05
4.63139e-05
4.76417e-05
5.55553e-05
6.19169e-05
6.672e-05
7.08433e-05
7.49304e-05
7.70623e-05
3.54632e-05
3.72087e-05
3.98908e-05
4.2239e-05
4.92372e-05
6.07369e-05
6.75399e-05
7.28773e-05
7.76197e-05
7.95464e-05
3.10309e-05
3.05708e-05
3.33967e-05
3.78637e-05
4.80818e-05
6.03307e-05
6.81798e-05
7.44424e-05
7.96587e-05
8.14862e-05
3.05663e-05
3.03279e-05
2.99414e-05
3.53104e-05
4.77347e-05
5.97333e-05
6.82504e-05
7.51926e-05
8.08616e-05
8.29295e-05
3.10654e-05
3.18507e-05
3.17603e-05
3.38796e-05
4.57995e-05
5.82438e-05
6.72553e-05
7.47461e-05
8.10337e-05
8.38316e-05
3.15284e-05
3.30865e-05
3.31919e-05
3.37463e-05
4.30815e-05
5.68318e-05
6.61599e-05
7.36139e-05
8.00323e-05
8.37711e-05
3.21122e-05
3.42749e-05
3.44845e-05
3.45043e-05
4.07122e-05
5.60872e-05
6.5699e-05
7.29559e-05
7.9142e-05
8.29827e-05
3.29549e-05
3.52579e-05
3.57307e-05
3.55994e-05
3.92635e-05
5.57784e-05
6.55957e-05
7.26041e-05
7.84983e-05
8.21764e-05
3.41179e-05
3.61463e-05
3.69489e-05
3.66532e-05
3.88404e-05
5.57061e-05
6.55861e-05
7.22523e-05
7.77723e-05
8.11498e-05
3.56918e-05
3.71326e-05
3.78326e-05
3.74857e-05
3.91299e-05
5.58741e-05
6.55649e-05
7.1796e-05
7.68819e-05
7.99351e-05
3.7705e-05
3.83506e-05
3.84915e-05
3.80479e-05
3.97865e-05
5.64235e-05
6.55074e-05
7.12447e-05
7.5819e-05
7.85711e-05
4.00078e-05
3.97134e-05
3.89422e-05
3.83573e-05
4.12663e-05
5.73715e-05
6.53977e-05
7.05489e-05
7.45725e-05
7.70628e-05
4.23639e-05
4.10639e-05
3.91573e-05
3.85679e-05
4.45835e-05
5.84323e-05
6.52073e-05
6.9653e-05
7.30992e-05
7.53695e-05
4.45927e-05
4.26875e-05
3.98459e-05
4.01249e-05
4.96993e-05
5.94765e-05
6.48632e-05
6.84752e-05
7.13046e-05
7.33823e-05
4.65694e-05
4.51192e-05
4.2268e-05
4.69235e-05
5.40203e-05
6.03952e-05
6.42616e-05
6.68935e-05
6.90312e-05
7.08837e-05
4.85396e-05
4.91056e-05
5.03812e-05
5.34015e-05
5.74456e-05
6.0865e-05
6.30445e-05
6.45469e-05
6.58564e-05
6.73421e-05
5.14178e-05
5.46651e-05
5.64445e-05
5.76749e-05
5.90229e-05
6.00602e-05
6.06762e-05
6.10683e-05
6.14708e-05
6.22024e-05
5.14178e-05
5.46651e-05
5.64445e-05
5.76749e-05
5.90229e-05
6.00602e-05
6.06762e-05
6.10683e-05
6.14708e-05
6.22024e-05
5.3035e-05
5.65511e-05
5.8808e-05
6.04393e-05
6.18871e-05
6.28827e-05
6.33276e-05
6.35386e-05
6.38697e-05
6.44984e-05
5.4315e-05
5.80883e-05
6.05876e-05
6.24022e-05
6.39702e-05
6.51335e-05
6.59252e-05
6.66749e-05
6.75463e-05
6.75954e-05
5.52116e-05
5.92904e-05
6.20153e-05
6.39936e-05
6.57846e-05
6.73869e-05
6.87969e-05
7.02186e-05
7.1491e-05
7.0425e-05
5.55905e-05
6.00869e-05
6.31018e-05
6.5311e-05
6.7296e-05
6.93663e-05
7.12958e-05
7.31393e-05
7.4538e-05
7.27491e-05
5.50484e-05
6.02256e-05
6.36671e-05
6.61849e-05
6.84261e-05
7.07228e-05
7.29656e-05
7.50018e-05
7.64542e-05
7.4484e-05
5.27147e-05
5.92588e-05
6.3406e-05
6.63345e-05
6.88318e-05
7.12492e-05
7.36751e-05
7.58028e-05
7.7349e-05
7.5702e-05
4.68122e-05
5.67088e-05
6.21005e-05
6.5628e-05
6.84347e-05
7.09395e-05
7.34921e-05
7.5662e-05
7.72775e-05
7.61214e-05
3.7191e-05
5.24729e-05
5.9918e-05
6.42141e-05
6.74333e-05
7.01143e-05
7.26638e-05
7.48519e-05
7.64771e-05
7.58028e-05
3.87613e-05
4.87177e-05
5.73941e-05
6.24536e-05
6.61427e-05
6.9058e-05
7.16513e-05
7.39407e-05
7.56932e-05
7.55153e-05
4.17266e-05
4.5663e-05
5.49531e-05
6.07202e-05
6.48902e-05
6.80857e-05
7.08033e-05
7.32673e-05
7.52154e-05
7.53658e-05
4.43363e-05
4.32719e-05
5.30035e-05
5.93276e-05
6.3894e-05
6.73541e-05
7.02284e-05
7.28755e-05
7.49857e-05
7.52198e-05
4.65289e-05
4.41173e-05
5.18909e-05
5.84706e-05
6.32459e-05
6.68723e-05
6.98663e-05
7.2652e-05
7.48466e-05
7.49742e-05
4.86121e-05
4.67917e-05
5.18644e-05
5.82235e-05
6.29495e-05
6.65798e-05
6.95981e-05
7.24417e-05
7.46329e-05
7.45609e-05
5.05374e-05
4.97035e-05
5.30588e-05
5.85806e-05
6.29576e-05
6.63965e-05
6.93027e-05
7.20995e-05
7.41993e-05
7.39157e-05
5.22882e-05
5.2632e-05
5.5253e-05
5.94488e-05
6.31885e-05
6.62293e-05
6.88531e-05
7.14683e-05
7.33794e-05
7.29441e-05
5.38025e-05
5.52794e-05
5.77124e-05
6.06142e-05
6.35058e-05
6.59556e-05
6.8127e-05
7.03652e-05
7.19765e-05
7.1502e-05
5.50081e-05
5.73727e-05
5.96816e-05
6.17472e-05
6.37063e-05
6.54118e-05
6.69698e-05
6.86458e-05
6.98202e-05
6.93872e-05
5.58279e-05
5.86343e-05
6.06625e-05
6.20441e-05
6.3139e-05
6.40772e-05
6.49776e-05
6.58938e-05
6.64983e-05
6.61703e-05
5.61006e-05
5.84621e-05
5.97146e-05
6.03015e-05
6.06578e-05
6.09066e-05
6.10925e-05
6.12714e-05
6.14857e-05
6.17252e-05
)
;
    }
}


// ************************************************************************* //
