/*--------------------------------*- C++ -*----------------------------------*\
  =========                 |
  \\      /  F ield         | OpenFOAM: The Open Source CFD Toolbox
   \\    /   O peration     | Website:  https://openfoam.org
    \\  /    A nd           | Version:  8
     \\/     M anipulation  |
\*---------------------------------------------------------------------------*/
FoamFile
{
    version     2.0;
    format      ascii;
    class       volScalarField;
    location    "600";
    object      nut;
}
// * * * * * * * * * * * * * * * * * * * * * * * * * * * * * * * * * * * * * //

dimensions      [0 2 -1 0 0 0 0];

internalField   nonuniform List<scalar> 
4000
(
0.000383506
0.000371338
0.000351971
0.00032139
0.00025082
0.000227012
0.000224579
0.000227399
0.000229907
0.00023318
0.00023832
0.000245617
0.000255387
0.000268029
0.000283049
0.000298781
0.000314018
0.000327603
0.00034103
0.000360438
0.000399537
0.000386034
0.000353084
0.000323866
0.000263085
0.000223964
0.000223412
0.000232706
0.000240072
0.000247425
0.000253461
0.000258933
0.000265072
0.000272832
0.000281715
0.000290611
0.000301556
0.000317707
0.000343973
0.000381925
0.000409601
0.000401484
0.000367772
0.000326971
0.000283451
0.000242967
0.000221342
0.000232891
0.000241208
0.00024892
0.000256683
0.000264405
0.000269943
0.000274164
0.000277226
0.000279042
0.000283795
0.000297904
0.000351912
0.000393744
0.000415728
0.000413581
0.000390448
0.000334857
0.000300018
0.00027264
0.000256915
0.000247853
0.000246118
0.0002496
0.000255909
0.000262528
0.000267817
0.000271439
0.00027352
0.000274925
0.000283554
0.000328034
0.000372279
0.000402048
0.000420441
0.000424306
0.000414622
0.000386874
0.000345972
0.000340015
0.000338962
0.0003273
0.000310257
0.000294969
0.000284488
0.000279861
0.000280043
0.000283344
0.000292421
0.000312947
0.000346476
0.00037597
0.00039988
0.000411216
0.000424863
0.000435011
0.000436657
0.000431918
0.000424137
0.000422255
0.000418871
0.000409082
0.000399387
0.000394206
0.000392082
0.000391508
0.000392257
0.000395022
0.000400171
0.000406627
0.000413451
0.000419799
0.000423368
0.000418284
0.000429598
0.000446157
0.000457538
0.000465589
0.000471614
0.000476554
0.000477449
0.000470723
0.000462792
0.000459141
0.000458008
0.000457525
0.000456923
0.000456064
0.000454883
0.00045324
0.000450692
0.000446561
0.000438399
0.00042249
0.000435154
0.000458427
0.000477811
0.000494655
0.000509269
0.000520637
0.00052612
0.000523028
0.000514639
0.000509449
0.000506515
0.000503635
0.000499993
0.000495755
0.000490572
0.000484094
0.000475785
0.000464827
0.000448778
0.000425169
0.000442427
0.000473548
0.000500616
0.000523631
0.000542985
0.000557799
0.000566537
0.000567662
0.00056
0.000552994
0.00054791
0.000542314
0.000535609
0.000527751
0.000518693
0.000508157
0.000495517
0.000479707
0.000457869
0.000427931
0.000451999
0.000487415
0.000516672
0.00053901
0.000556883
0.000570901
0.00058132
0.000587729
0.000586895
0.000580547
0.000574253
0.000566424
0.000557309
0.00054722
0.000536229
0.000524079
0.000510033
0.000492601
0.000468143
0.000432991
0.000371338
0.000371456
0.000351861
0.000322582
0.00026091
0.000244986
0.000252596
0.000258129
0.000256777
0.000255268
0.000256933
0.000261768
0.000270767
0.000285017
0.000302666
0.000319788
0.000334363
0.000346791
0.00035969
0.000371095
0.000386034
0.000564537
0.000545437
0.00046845
0.000378507
0.000409125
0.000536246
0.000634574
0.000673609
0.000673076
0.000642265
0.000588716
0.000532377
0.000493804
0.000480659
0.000484459
0.000488375
0.000490796
0.000493346
0.000394613
0.000401484
0.000688187
0.000737098
0.000610137
0.000474911
0.000447088
0.0005649
0.000729342
0.000817759
0.00085407
0.000859702
0.000824996
0.000764211
0.00069658
0.000640444
0.000598133
0.000562951
0.000536517
0.000570614
0.000409806
0.000413581
0.00073185
0.000818003
0.000699925
0.000560754
0.000498621
0.000519982
0.000638379
0.000776933
0.00085405
0.000878203
0.000872537
0.000844885
0.000797262
0.00073392
0.000659717
0.000585035
0.000549835
0.000610371
0.00042084
0.000424306
0.000746687
0.000849204
0.000764093
0.000627086
0.000545104
0.000506407
0.000516212
0.000583677
0.000671455
0.000729036
0.000750138
0.000746431
0.000723146
0.000679128
0.000617241
0.000564023
0.000588143
0.000663355
0.000430646
0.000435011
0.000755678
0.000879503
0.000858692
0.000734174
0.00065249
0.000597224
0.000562969
0.000557332
0.000575111
0.000598507
0.000614605
0.000620183
0.00061516
0.000601054
0.000586698
0.000606173
0.0006753
0.000726336
0.000437384
0.000446157
0.000760944
0.000911635
0.000984642
0.000972644
0.000932461
0.000886078
0.000822146
0.00076588
0.000734774
0.00072029
0.000712764
0.000707282
0.000702662
0.000705341
0.000730681
0.00077055
0.000806906
0.000773616
0.000440399
0.000458427
0.000759173
0.000928255
0.00108241
0.00119476
0.00125435
0.00127322
0.00126048
0.00122914
0.00119556
0.00116878
0.00114906
0.00113022
0.00110466
0.00107543
0.00103525
0.000979538
0.000900082
0.000772072
0.00044188
0.000473548
0.000708814
0.000866224
0.00101792
0.00114327
0.00122541
0.00126769
0.00128133
0.00126454
0.00121091
0.00115865
0.00111583
0.00107777
0.00104031
0.000999777
0.000950514
0.000884284
0.00079592
0.000686668
0.000444296
0.000487415
0.000527888
0.000562134
0.000589799
0.000612978
0.000631793
0.000645928
0.00065462
0.000654695
0.000644548
0.000633308
0.000620024
0.000605427
0.000590147
0.000574419
0.000558023
0.000540107
0.000518908
0.000490153
0.000448966
0.000351971
0.000351861
0.00033888
0.000308067
0.000259506
0.000254378
0.000270204
0.00027876
0.000276322
0.000271621
0.000268255
0.000269252
0.000276418
0.000290609
0.000310855
0.000331322
0.00034762
0.000360256
0.000372759
0.000379623
0.000353084
0.000545437
0.000537187
0.000461229
0.000389973
0.000489281
0.000689096
0.000846816
0.000912822
0.000908207
0.000850296
0.000748945
0.000643174
0.000571286
0.000546273
0.000554679
0.000572284
0.000584323
0.000569052
0.000404996
0.000367772
0.000737098
0.000761801
0.000635107
0.000513256
0.000533112
0.000736602
0.000998755
0.0011579
0.00121754
0.00119703
0.00111651
0.000999456
0.000879742
0.000789905
0.000737963
0.000708732
0.000691694
0.000698576
0.000421936
0.000390448
0.000818003
0.000911412
0.000795359
0.000652797
0.000616918
0.000710808
0.000936091
0.00116553
0.0012939
0.00132223
0.00128931
0.0012165
0.00111448
0.00100033
0.000889531
0.000788857
0.000734219
0.000794172
0.00043429
0.000414622
0.000849204
0.000989027
0.000905782
0.000765528
0.000691632
0.000695839
0.000797972
0.000987154
0.00115592
0.00123532
0.00124042
0.00120086
0.00112862
0.00102732
0.000904051
0.000786769
0.000776261
0.000861153
0.00044495
0.000436657
0.000879503
0.00104354
0.00100021
0.00087312
0.000788329
0.00075616
0.000782635
0.000868537
0.000972242
0.00103954
0.00105714
0.00103708
0.000988393
0.000915868
0.00083447
0.00079255
0.000864377
0.000940241
0.000452869
0.000457538
0.000911635
0.00111188
0.00113622
0.00107851
0.00103771
0.00102566
0.00103306
0.00105295
0.00107151
0.00107603
0.00106463
0.00104024
0.00100577
0.000967764
0.000945512
0.000965642
0.00103675
0.00100615
0.000458313
0.000477811
0.000928255
0.00119992
0.00139814
0.00147336
0.00152465
0.0015498
0.00155358
0.00153655
0.00150453
0.00147301
0.00144267
0.00140969
0.00137362
0.00133835
0.00130914
0.00128551
0.00121543
0.00101292
0.000463571
0.000500616
0.000866224
0.00119012
0.0014929
0.00170784
0.00180299
0.00182998
0.00180231
0.00174681
0.00170039
0.00166861
0.00163542
0.00159702
0.00155385
0.00150734
0.00145588
0.00135854
0.00117269
0.000899887
0.000469764
0.000516672
0.000562134
0.000600511
0.000632673
0.000660108
0.00068283
0.000700186
0.000711475
0.000713333
0.000700292
0.000684263
0.000665983
0.000646691
0.000627244
0.000607997
0.000588728
0.000568439
0.000545024
0.000514014
0.000470329
0.00032139
0.000322582
0.000308067
0.000274062
0.000246351
0.000252839
0.000277434
0.000291241
0.000289196
0.000282365
0.000276158
0.000274001
0.000278941
0.000290516
0.000310599
0.000334356
0.000354223
0.000368343
0.000381343
0.000385721
0.000323866
0.00046845
0.000461229
0.000402989
0.000365865
0.000511614
0.000764383
0.000969149
0.00104249
0.00101197
0.000916918
0.000795879
0.000676941
0.000600631
0.000575989
0.000591253
0.000621186
0.000641545
0.000614651
0.000413215
0.000326971
0.000610137
0.000635107
0.000550801
0.000489119
0.000581125
0.000858999
0.00119624
0.00139344
0.00144763
0.00138843
0.00125636
0.00109751
0.000955122
0.000860734
0.000817503
0.000803914
0.000798967
0.00077673
0.000431774
0.000334857
0.000699925
0.000795359
0.000724928
0.000647229
0.000688074
0.000883711
0.0012088
0.00150593
0.0016531
0.00165498
0.00157383
0.00144902
0.00130196
0.00115676
0.00103447
0.000938639
0.00089163
0.00092198
0.000445322
0.000386874
0.000764093
0.000905782
0.000870758
0.000794755
0.000793107
0.000902023
0.00114711
0.00144626
0.00164641
0.00170258
0.00166217
0.00157223
0.00144938
0.00130005
0.00113755
0.000990776
0.000958766
0.00102563
0.000457637
0.000431918
0.000858692
0.00100021
0.000995922
0.00093711
0.000924242
0.000990787
0.00115645
0.00138149
0.00155541
0.00161668
0.00159158
0.00151929
0.00141503
0.00128187
0.00113441
0.00102655
0.00106092
0.00111328
0.000468649
0.000465589
0.000984642
0.00113622
0.00118016
0.00118711
0.00122714
0.00131107
0.0014284
0.00155169
0.0016326
0.00164105
0.00160066
0.00153437
0.00145058
0.00135425
0.00126432
0.00122255
0.00125742
0.00118642
0.00047841
0.000494655
0.00108241
0.00139814
0.00154937
0.00166119
0.00176611
0.00184774
0.00189405
0.00191407
0.00191817
0.00188158
0.00183464
0.00178196
0.00172311
0.00166041
0.00160198
0.00155475
0.00146758
0.00119582
0.000488343
0.000523631
0.00101792
0.0014929
0.0017906
0.00196558
0.00207276
0.00210098
0.00207106
0.00202331
0.00198536
0.00195132
0.00191364
0.00187152
0.0018236
0.00177122
0.00171942
0.00164714
0.00144141
0.00106534
0.000497279
0.00053901
0.000589799
0.000632673
0.000670207
0.000702665
0.000728689
0.000748998
0.000763236
0.000768166
0.00075325
0.000731694
0.000708083
0.000684228
0.000661017
0.000638824
0.000617423
0.000594963
0.000568723
0.000535493
0.000489778
0.00025082
0.00026091
0.000259506
0.000246351
0.000229103
0.000236544
0.000272647
0.000295507
0.000293389
0.000285236
0.000280145
0.000281531
0.000283771
0.000289426
0.0003037
0.000326948
0.000351391
0.000369869
0.000384811
0.000388512
0.000263085
0.000378507
0.000389973
0.000365865
0.000356535
0.000513144
0.000805571
0.00103955
0.00110001
0.00102721
0.000894264
0.000762071
0.00065925
0.000595892
0.000578634
0.000600964
0.000642226
0.0006719
0.000640086
0.000418813
0.000283451
0.000474911
0.000513256
0.000489119
0.000494931
0.000663883
0.000987751
0.00135898
0.001556
0.0015679
0.00144307
0.0012628
0.00108286
0.000945438
0.000871671
0.000852296
0.000860791
0.000867989
0.000819047
0.000439398
0.000300018
0.000560754
0.000652797
0.000647229
0.000659074
0.000804858
0.0011028
0.00149721
0.00181236
0.0019207
0.00185663
0.00170533
0.00152515
0.00135126
0.00120815
0.00110662
0.00104032
0.00100855
0.000992339
0.000454587
0.000345972
0.000627086
0.000765528
0.000794755
0.000814711
0.000931572
0.00119424
0.00156953
0.00191445
0.00208512
0.00207479
0.00196149
0.0018084
0.00164216
0.00146862
0.00129775
0.00115665
0.00112187
0.00114977
0.000468318
0.000424137
0.000734174
0.00087312
0.00093711
0.00098511
0.00110616
0.00134569
0.00166964
0.0019703
0.00213774
0.00213401
0.00204013
0.00190997
0.00175913
0.0015865
0.00140218
0.00125529
0.00124641
0.00124267
0.000482659
0.000471614
0.000972644
0.00107851
0.00118711
0.00130952
0.00148017
0.00169925
0.0019264
0.00211772
0.00221698
0.00218211
0.00209033
0.00197942
0.00185533
0.0017173
0.00157808
0.00147845
0.00144985
0.00131089
0.000496005
0.000509269
0.00119476
0.00147336
0.00166119
0.00184389
0.00201663
0.00215713
0.00223695
0.00229638
0.00232571
0.00227988
0.00218804
0.00210109
0.00201669
0.00193056
0.00184573
0.0017675
0.00164254
0.00131236
0.000508804
0.000542985
0.00114327
0.00170784
0.00196558
0.00215503
0.0022577
0.0022799
0.00226677
0.00225901
0.00223857
0.00217868
0.00211478
0.00206174
0.00201028
0.00195567
0.00189218
0.0018044
0.00158801
0.00116317
0.000518508
0.000556883
0.000612978
0.000660108
0.000702665
0.000738261
0.000767664
0.000792325
0.000811954
0.000822095
0.000806374
0.000777065
0.000746503
0.000717294
0.000689997
0.000664744
0.000640994
0.000616586
0.000588174
0.000553219
0.000505774
0.000227012
0.000244986
0.000254378
0.000252839
0.000236544
0.00022515
0.000264455
0.000294537
0.000291194
0.000290578
0.000292359
0.000296007
0.000294414
0.000292724
0.000296264
0.000310105
0.000334114
0.00035979
0.000379159
0.000385373
0.000223964
0.000409125
0.000489281
0.000511614
0.000513144
0.000640133
0.000860864
0.00105565
0.0010856
0.000976997
0.000844224
0.000744521
0.000657633
0.000589747
0.0005619
0.000578423
0.000624471
0.000665589
0.000646169
0.000420144
0.000242967
0.000447088
0.000533112
0.000581125
0.000663883
0.000861447
0.00115283
0.00146465
0.00161582
0.00156043
0.00139463
0.00120877
0.00102943
0.000898609
0.000839525
0.000841284
0.000872855
0.000896304
0.000833625
0.000443612
0.00027264
0.000498621
0.000616918
0.000688074
0.000804858
0.0010389
0.00137507
0.00175632
0.00202046
0.00201941
0.00188072
0.00168814
0.00147373
0.00129317
0.00117596
0.00111676
0.00109208
0.00107803
0.00101861
0.000460924
0.000340015
0.000545104
0.000691632
0.000793107
0.000931572
0.00119963
0.0015724
0.00200009
0.00232476
0.00236082
0.00224874
0.00207915
0.00188096
0.00169088
0.00152381
0.00138437
0.0012783
0.00123952
0.00120302
0.00047642
0.000422255
0.00065249
0.000788329
0.000924242
0.00110616
0.00141031
0.00180075
0.00221334
0.00252696
0.00258006
0.00246612
0.00231138
0.00213825
0.00195996
0.00177738
0.0015941
0.0014432
0.0013981
0.00132683
0.000492384
0.000476554
0.000932461
0.00103771
0.00122714
0.00148017
0.00179754
0.00213144
0.0024312
0.00266221
0.00270003
0.0025682
0.00241702
0.00227762
0.00213248
0.00197765
0.00181852
0.0016849
0.0015952
0.00138558
0.000507852
0.000520637
0.00125435
0.00152465
0.00176611
0.00201663
0.00225396
0.0024427
0.00257298
0.00269126
0.00272289
0.00261134
0.00245774
0.00233369
0.00222716
0.00212453
0.00202119
0.00191672
0.00175234
0.00137629
0.000521899
0.000557799
0.00122541
0.00180299
0.00207276
0.0022577
0.00235362
0.00240478
0.00246533
0.00253113
0.00253755
0.002405
0.00227098
0.00218796
0.00212758
0.00206879
0.0019964
0.00189571
0.00166848
0.00121361
0.000531866
0.000570901
0.000631793
0.00068283
0.000728689
0.000767664
0.000801972
0.000833825
0.000862589
0.000879986
0.00086479
0.000823705
0.000782964
0.000746708
0.000714533
0.000685758
0.000659381
0.000632975
0.000602734
0.000566419
0.000517746
0.000224579
0.000252596
0.000270204
0.000277434
0.000272647
0.000264455
0.000276886
0.000294284
0.0003008
0.000311414
0.000314391
0.000315164
0.000309361
0.000302359
0.000297208
0.000296614
0.000305628
0.000326912
0.000354447
0.000370549
0.000223412
0.000536246
0.000689096
0.000764383
0.000805571
0.000860864
0.000948728
0.00103943
0.00105067
0.000989132
0.000925076
0.000862304
0.000754993
0.000645115
0.000570859
0.000544534
0.000564803
0.000609955
0.000624029
0.000414267
0.000221342
0.0005649
0.000736602
0.000858999
0.000987751
0.00115283
0.00132623
0.00154219
0.00161749
0.00153518
0.00141544
0.00126715
0.00106483
0.000897113
0.000806684
0.000794044
0.000830314
0.000867524
0.00081951
0.000442389
0.000256915
0.000519982
0.000710808
0.000883711
0.0011028
0.00137507
0.001661
0.00199312
0.00210398
0.00201155
0.0018569
0.00167065
0.00142836
0.0012243
0.00111039
0.00107603
0.00108536
0.0010935
0.00101017
0.000462428
0.000338962
0.000506407
0.000695839
0.000902023
0.00119424
0.0015724
0.00199684
0.00240848
0.00252007
0.00243312
0.00226038
0.00207148
0.00185208
0.00164451
0.00149152
0.0013933
0.00133356
0.00129967
0.00121205
0.000479637
0.000418871
0.000597224
0.00075616
0.000990787
0.00134569
0.00180075
0.00229208
0.0027262
0.00282403
0.00276479
0.00259142
0.00239539
0.00221376
0.00202719
0.00185609
0.00170098
0.00157264
0.00150166
0.00137054
0.000496389
0.000477449
0.000886078
0.00102566
0.00131107
0.00169925
0.00213144
0.00256607
0.00290086
0.00297754
0.00296832
0.0028158
0.00259998
0.0024409
0.00228298
0.00212863
0.00197275
0.00182785
0.00169126
0.00142189
0.000513058
0.00052612
0.00127322
0.0015498
0.00184774
0.00215713
0.0024427
0.00269615
0.00291285
0.00299638
0.00304662
0.00290109
0.00264424
0.00248139
0.0023601
0.00224912
0.00213504
0.00201116
0.00181675
0.00140391
0.000527644
0.000566537
0.00126769
0.00182998
0.00210098
0.0022799
0.00240478
0.00254897
0.00272088
0.00282774
0.00287746
0.00265888
0.00240585
0.00227033
0.0021946
0.00212978
0.00205025
0.00193819
0.00171338
0.0012334
0.000538159
0.00058132
0.000645928
0.000700186
0.000748998
0.000792325
0.000833825
0.000876487
0.000916787
0.000939206
0.000927802
0.000872618
0.000818107
0.000772767
0.000734844
0.000702225
0.000673134
0.000644747
0.000612658
0.000575254
0.000526222
0.000227399
0.000258129
0.00027876
0.000291241
0.000295507
0.000294537
0.000294284
0.000295001
0.000317185
0.000338561
0.000339744
0.000335833
0.000326112
0.000316061
0.000308114
0.000300339
0.000293398
0.000291963
0.000303646
0.000331852
0.000232706
0.000634574
0.000846816
0.000969149
0.00103955
0.00105565
0.00103943
0.00106574
0.00101797
0.00102795
0.00109216
0.00110238
0.000951761
0.000790894
0.000663099
0.000575607
0.000532092
0.000534331
0.000541791
0.000397871
0.000232891
0.000729342
0.000998755
0.00119624
0.00135898
0.00146465
0.00154219
0.00162085
0.00153953
0.00156051
0.00163502
0.0015255
0.00124914
0.00100794
0.000844429
0.000765425
0.00076182
0.000788293
0.000769274
0.000434217
0.000247853
0.000638379
0.000936091
0.0012088
0.00149721
0.00175632
0.00199312
0.00210302
0.00196765
0.00202334
0.002093
0.00186512
0.00153639
0.0012589
0.00108703
0.00102196
0.00102676
0.00104241
0.00096633
0.000458155
0.0003273
0.000516212
0.000797972
0.00114711
0.00156953
0.00200009
0.00240848
0.00251309
0.00233297
0.0024367
0.00249796
0.00219227
0.00188435
0.00162053
0.00144249
0.00135103
0.001318
0.00129658
0.00118332
0.000477329
0.000409082
0.000562969
0.000782635
0.00115645
0.00166964
0.00221334
0.0027262
0.00281799
0.00263074
0.00278588
0.00283816
0.00249379
0.00224692
0.0020338
0.00185766
0.00172327
0.00162262
0.00154092
0.00137819
0.000494519
0.000470723
0.000822146
0.00103306
0.0014284
0.0019264
0.0024312
0.00290086
0.00299064
0.00284481
0.00304476
0.00307972
0.00272118
0.00251909
0.00235367
0.00219922
0.00205241
0.00190753
0.00174363
0.00143022
0.000512075
0.000523028
0.00126048
0.00155358
0.00189405
0.00223695
0.00257298
0.00291285
0.00305507
0.00300796
0.00322712
0.00319698
0.00279654
0.00257894
0.00244018
0.00232161
0.0022004
0.00206304
0.00185296
0.00140938
0.000526847
0.000567662
0.00128133
0.00180231
0.00207106
0.00226677
0.00246533
0.00272088
0.00293601
0.00301351
0.00317125
0.00293158
0.00253676
0.00233077
0.00223333
0.00215802
0.00206927
0.0019463
0.00174372
0.00123602
0.000537722
0.000587729
0.00065462
0.000711475
0.000763236
0.000811954
0.000862589
0.000916787
0.000964421
0.000983736
0.000984329
0.000919788
0.00085008
0.000794308
0.000750079
0.000713501
0.000681768
0.000651565
0.000617805
0.000579069
0.000529157
0.000229907
0.000256777
0.000276322
0.000289196
0.000293389
0.000291194
0.0003008
0.000317185
0.000337377
0.000365173
0.000364284
0.000356287
0.000343537
0.000330678
0.000323588
0.000316548
0.000306879
0.000294083
0.000279889
0.000267595
0.000240072
0.000673609
0.000912822
0.00104249
0.00110001
0.0010856
0.00105067
0.00101797
0.000872119
0.00101999
0.00124688
0.00130068
0.00111504
0.000955264
0.000808291
0.000689232
0.000589815
0.00051668
0.000478127
0.000369793
0.000241208
0.000817759
0.0011579
0.00139344
0.001556
0.00161582
0.00161749
0.00153953
0.00126653
0.00150808
0.00194657
0.00183578
0.00147377
0.0011866
0.000968023
0.000815086
0.000733454
0.000709931
0.000685962
0.000420106
0.000246118
0.000776933
0.00116553
0.00150593
0.00181236
0.00202046
0.00210398
0.00196765
0.00162669
0.00196668
0.00249617
0.00217737
0.00175077
0.00140479
0.00115139
0.00100523
0.000954614
0.000948901
0.000892682
0.000449039
0.000310257
0.000583677
0.000987154
0.00144626
0.00191445
0.00232476
0.00252007
0.00233297
0.00197066
0.0024024
0.00292207
0.00246136
0.00204474
0.00170144
0.0014498
0.00130629
0.00125215
0.00122874
0.00112077
0.000470851
0.000399387
0.000557332
0.000868537
0.00138149
0.0019703
0.00252696
0.00282403
0.00263074
0.00229112
0.0027924
0.00323422
0.00270954
0.00235535
0.00208161
0.00185743
0.0017
0.00160058
0.00151752
0.00133579
0.000489103
0.000462792
0.00076588
0.00105295
0.00155169
0.00211772
0.00266221
0.00297754
0.00284481
0.00257975
0.00310621
0.0034229
0.0028978
0.00261632
0.00241702
0.00223579
0.00207823
0.00193567
0.00176072
0.0014183
0.000506547
0.000514639
0.00122914
0.00153655
0.00191407
0.00229638
0.00269126
0.00299638
0.00300796
0.00288086
0.00335661
0.00348735
0.00296256
0.00268629
0.00251417
0.00237407
0.00223806
0.00208712
0.00186569
0.00139746
0.000521324
0.00056
0.00126454
0.00174681
0.00202331
0.00225901
0.00253113
0.00282774
0.00301351
0.00305037
0.00336371
0.0031603
0.00265448
0.00238895
0.002265
0.00217421
0.00207062
0.00193307
0.00172802
0.00121647
0.000532136
0.000586895
0.000654695
0.000713333
0.000768166
0.000822095
0.000879986
0.000939206
0.000983736
0.000989242
0.00101545
0.000954604
0.000873095
0.000808109
0.000758146
0.000717825
0.000683266
0.000650778
0.000615831
0.000576158
0.000526871
0.00023318
0.000255268
0.000271621
0.000282365
0.000285236
0.000290578
0.000311414
0.000338561
0.000365173
0.00128627
0.00124459
0.000367742
0.000354961
0.000344412
0.000338902
0.000334802
0.000328081
0.000316876
0.000300573
0.000280402
0.000247425
0.000673076
0.000908207
0.00101197
0.00102721
0.000976997
0.000989132
0.00102795
0.00101999
0.00152458
0.00155197
0.00134508
0.00118272
0.00104381
0.000923449
0.000815059
0.000711721
0.000599999
0.000483863
0.00034542
0.00024892
0.00085407
0.00121754
0.00144763
0.0015679
0.00156043
0.00153518
0.00156051
0.00150808
0.00189566
0.00217572
0.00195676
0.00158889
0.00132302
0.00109964
0.000915439
0.000769889
0.000676807
0.00060765
0.000403533
0.0002496
0.00085405
0.0012939
0.0016531
0.0019207
0.00201941
0.00201155
0.00202334
0.00196668
0.00234892
0.00271487
0.00232787
0.00192212
0.00157239
0.00127712
0.00105145
0.000920554
0.000863494
0.00080957
0.000437416
0.000294969
0.000671455
0.00115592
0.00164641
0.00208512
0.00236082
0.00243312
0.0024367
0.0024024
0.00282901
0.0031193
0.00262908
0.00223844
0.00186598
0.00153913
0.00130843
0.00118588
0.00113378
0.00104356
0.000462252
0.000394206
0.000575111
0.000972242
0.00155541
0.00213774
0.00258006
0.00276479
0.00278588
0.0027924
0.00325206
0.0034014
0.00287973
0.00254471
0.0022163
0.00191973
0.00169171
0.00154612
0.00144787
0.00127625
0.000481972
0.000459141
0.000734774
0.00107151
0.0016326
0.00221698
0.00270003
0.00296832
0.00304476
0.00310621
0.0035541
0.00355682
0.00305375
0.0027835
0.0025362
0.00230312
0.00209806
0.00192585
0.0017471
0.0013976
0.000499596
0.000509449
0.00119556
0.00150453
0.00191817
0.00232571
0.00272289
0.00304662
0.00322712
0.00335661
0.00373042
0.00357832
0.00307848
0.00281534
0.00262069
0.00245038
0.00227907
0.00210239
0.00186462
0.00137566
0.000514976
0.000552994
0.00121091
0.00170039
0.00198536
0.00223857
0.00253755
0.00287746
0.00317125
0.00336371
0.00357338
0.00319054
0.00269361
0.00245296
0.00232728
0.00222051
0.00209456
0.00193465
0.00171295
0.00118943
0.000526573
0.000580547
0.000644548
0.000700292
0.00075325
0.000806374
0.00086479
0.000927802
0.000984329
0.00101545
0.00102794
0.000946784
0.000863259
0.000800168
0.000751947
0.00071274
0.000678707
0.00064633
0.000611691
0.000572769
0.000524774
0.00023832
0.000256933
0.000268255
0.000276158
0.000280145
0.000292359
0.000314391
0.000339744
0.000364284
0.00124459
0.00121326
0.000367874
0.000359851
0.000355011
0.000353029
0.000351157
0.000347152
0.000338625
0.000323614
0.000300592
0.000253461
0.000642265
0.000850296
0.000916918
0.000894264
0.000844224
0.000925076
0.00109216
0.00124688
0.00155197
0.00141757
0.0012891
0.00118576
0.00106921
0.000973486
0.000889623
0.000803622
0.000698441
0.000547096
0.000325157
0.000256683
0.000859702
0.00119703
0.00138843
0.00144307
0.00139463
0.00141544
0.00163502
0.00194657
0.00217572
0.00201824
0.0018065
0.00157943
0.00136842
0.00117156
0.000992174
0.000830953
0.000686107
0.000565724
0.000387223
0.000255909
0.000878203
0.00132223
0.00165498
0.00185663
0.00188072
0.0018569
0.002093
0.00249617
0.00271487
0.00250121
0.00226475
0.00198002
0.00168169
0.00139058
0.00113124
0.000932323
0.000812374
0.000736358
0.000425761
0.000284488
0.000729036
0.00123532
0.00170258
0.00207479
0.00224874
0.00226038
0.00249796
0.00292207
0.0031193
0.00287851
0.00265674
0.00237183
0.00203114
0.00168086
0.0013708
0.00116164
0.001055
0.000970864
0.000453744
0.000392082
0.000598507
0.00103954
0.00161668
0.00213401
0.00246612
0.00259142
0.00283816
0.00323422
0.0034014
0.0031631
0.00296691
0.00271943
0.00240176
0.00205533
0.00174299
0.0015149
0.00137423
0.00122048
0.000475277
0.000458008
0.00072029
0.00107603
0.00164105
0.00218211
0.0025682
0.0028158
0.00307972
0.0034229
0.00355682
0.00333251
0.00315212
0.00294987
0.00269684
0.00242358
0.00215653
0.00192355
0.00171496
0.00138145
0.000493665
0.000506515
0.00116878
0.00147301
0.00188158
0.00227988
0.00261134
0.00290109
0.00319698
0.00348735
0.00357832
0.00333493
0.00311177
0.00292362
0.00274113
0.00255079
0.00234371
0.00212782
0.00186558
0.001357
0.000510206
0.00054791
0.00115865
0.00166861
0.00195132
0.00217868
0.002405
0.00265888
0.00293158
0.0031603
0.00319054
0.00287594
0.00263021
0.00250227
0.00240404
0.0022904
0.00214386
0.00195833
0.00171437
0.00117252
0.000523139
0.000574253
0.000633308
0.000684263
0.000731694
0.000777065
0.000823705
0.000872618
0.000919788
0.000954604
0.000946784
0.000882776
0.000824476
0.000777667
0.000738938
0.0007053
0.000674328
0.000643191
0.000608947
0.000570676
0.000523684
0.000245617
0.000261768
0.000269252
0.000274001
0.000281531
0.000296007
0.000315164
0.000335833
0.000356287
0.000367742
0.000367874
0.000365184
0.000363283
0.000364074
0.000365572
0.000365846
0.000363425
0.00035665
0.000342968
0.00031764
0.000258933
0.000588716
0.000748945
0.000795879
0.000762071
0.000744521
0.000862304
0.00110238
0.00130068
0.00134508
0.0012891
0.00123858
0.00115079
0.00106223
0.00098245
0.000908892
0.000835745
0.000742578
0.00059071
0.000309047
0.000264405
0.000824996
0.00111651
0.00125636
0.0012628
0.00120877
0.00126715
0.0015255
0.00183578
0.00195676
0.0018065
0.00167621
0.00152999
0.00136065
0.00118595
0.0010204
0.000859577
0.000702648
0.000551964
0.000374007
0.000262528
0.000872537
0.00128931
0.00157383
0.00170533
0.00168814
0.00167065
0.00186512
0.00217737
0.00232787
0.00226475
0.00212882
0.00193558
0.00170265
0.00144702
0.00118707
0.000957395
0.00079151
0.000685748
0.000416248
0.000279861
0.000750138
0.00124042
0.00166217
0.00196149
0.00207915
0.00207148
0.00219227
0.00246136
0.00262908
0.00265674
0.00258997
0.00240448
0.00213111
0.0018022
0.00145972
0.00118048
0.00101339
0.000915058
0.000446877
0.000391508
0.000614605
0.00105714
0.00159158
0.00204013
0.00231138
0.00239539
0.00249379
0.00270954
0.00287973
0.00296691
0.00294914
0.00279919
0.00254699
0.00221417
0.00184962
0.00153733
0.00133284
0.00117769
0.000470177
0.000457525
0.000712764
0.00106463
0.00160066
0.00209033
0.00241702
0.00259998
0.00272118
0.0028978
0.00305375
0.00315212
0.00314649
0.00303003
0.0028309
0.00256222
0.00225761
0.0019614
0.00170069
0.00137103
0.000489607
0.000503635
0.00114906
0.00144267
0.00183464
0.00218804
0.00245774
0.00264424
0.00279654
0.00296256
0.00307848
0.00311177
0.00306723
0.00297262
0.00283333
0.00264835
0.00242191
0.00217198
0.00187886
0.00134774
0.000507416
0.000542314
0.00111583
0.00163542
0.00191364
0.00211478
0.00227098
0.00240585
0.00253676
0.00265448
0.00269361
0.00263021
0.00257483
0.00252629
0.00245439
0.00234533
0.00219193
0.00199073
0.00172796
0.00116823
0.000521503
0.000566424
0.000620024
0.000665983
0.000708083
0.000746503
0.000782964
0.000818107
0.00085008
0.000873095
0.000863259
0.000824476
0.000786809
0.000753467
0.000723618
0.000696003
0.000668925
0.000639816
0.000606309
0.000568752
0.000522687
0.000255387
0.000270767
0.000276418
0.000278941
0.000283771
0.000294414
0.000309361
0.000326112
0.000343537
0.000354961
0.000359851
0.000363283
0.000367587
0.000372218
0.000375874
0.000377535
0.000376264
0.000370676
0.000358001
0.000331868
0.000265072
0.000532377
0.000643174
0.000676941
0.00065925
0.000657633
0.000754993
0.000951761
0.00111504
0.00118272
0.00118576
0.00115079
0.00109855
0.00104173
0.000979719
0.000909927
0.000830435
0.000733754
0.000589459
0.000314729
0.000269943
0.000764211
0.000999456
0.00109751
0.00108286
0.00102943
0.00106483
0.00124914
0.00147377
0.00158889
0.00157943
0.00152999
0.00144389
0.00132727
0.00118725
0.001033
0.000874189
0.000716021
0.000556733
0.000366442
0.000267817
0.000844885
0.0012165
0.00144902
0.00152515
0.00147373
0.00142836
0.00153639
0.00175077
0.00192212
0.00198002
0.00193558
0.00182692
0.00166213
0.0014515
0.00121687
0.00098704
0.000793103
0.000663854
0.00041032
0.000280043
0.000746431
0.00120086
0.00157223
0.0018084
0.00188096
0.00185208
0.00188435
0.00204474
0.00223844
0.00237183
0.00240448
0.00231285
0.00212346
0.00186262
0.00154737
0.00123068
0.00101083
0.000883114
0.000442366
0.000392257
0.000620183
0.00103708
0.00151929
0.00190997
0.00213825
0.00221376
0.00224692
0.00235535
0.00254471
0.00271943
0.00279919
0.00275814
0.00259807
0.00233124
0.00197758
0.0016118
0.0013382
0.00115015
0.000466814
0.000456923
0.000707282
0.00104024
0.00153437
0.00197942
0.00227762
0.0024409
0.00251909
0.00261632
0.0027835
0.00294987
0.00303003
0.00300844
0.00288631
0.00266741
0.00237078
0.00203911
0.00172158
0.0013627
0.000487084
0.000499993
0.00113022
0.00140969
0.00178196
0.00210109
0.00233369
0.00248139
0.00257894
0.00268629
0.00281534
0.00292362
0.00297262
0.0029564
0.00286987
0.00271415
0.00249532
0.00222774
0.00190117
0.0013437
0.000505888
0.000535609
0.00107777
0.00159702
0.00187152
0.00206174
0.00218796
0.00227033
0.00233077
0.00238895
0.00245296
0.00250227
0.00252629
0.00251583
0.00246448
0.00236888
0.00222278
0.0020187
0.0017375
0.00116866
0.00052061
0.000557309
0.000605427
0.000646691
0.000684228
0.000717294
0.000746708
0.000772767
0.000794308
0.000808109
0.000800168
0.000777667
0.000753467
0.000729944
0.000707371
0.000685214
0.000662046
0.000635309
0.00060281
0.000566169
0.000521066
0.000268029
0.000285017
0.000290609
0.000290516
0.000289426
0.000292724
0.000302359
0.000316061
0.000330678
0.000344412
0.000355011
0.000364074
0.000372218
0.00037911
0.000384194
0.000386871
0.000386376
0.000381484
0.000369803
0.000345566
0.000272832
0.000493804
0.000571286
0.000600631
0.000595892
0.000589747
0.000645115
0.000790894
0.000955264
0.00104381
0.00106921
0.00106223
0.00104173
0.00101266
0.000971575
0.000913447
0.000834601
0.000731114
0.000586709
0.000332663
0.000274164
0.00069658
0.000879742
0.000955122
0.000945438
0.000898609
0.000897113
0.00100794
0.0011866
0.00132302
0.00136842
0.00136065
0.00132727
0.00126905
0.00118099
0.00106113
0.000914417
0.000751788
0.000580341
0.000366181
0.000271439
0.000797262
0.00111448
0.00130196
0.00135126
0.00129317
0.0012243
0.0012589
0.00140479
0.00157239
0.00168169
0.00170265
0.00166213
0.00158088
0.00144916
0.00126553
0.00104811
0.000834974
0.000673613
0.00040854
0.000283344
0.000723146
0.00112862
0.00144938
0.00164216
0.00169088
0.00164451
0.00162053
0.00170144
0.00186598
0.00203114
0.00213111
0.00212346
0.00202105
0.00184787
0.00159933
0.00130548
0.00105381
0.000878938
0.000440284
0.000395022
0.00061516
0.000988393
0.00141503
0.00175913
0.00195996
0.00202719
0.0020338
0.00208161
0.0022163
0.00240176
0.00254699
0.00259807
0.00252969
0.00234797
0.0020719
0.00171664
0.00138582
0.00113702
0.000464806
0.000456064
0.000702662
0.00100577
0.00145058
0.00185533
0.00213248
0.00228298
0.00235367
0.00241702
0.0025362
0.00269684
0.0028309
0.00288631
0.00284407
0.00269966
0.00245184
0.00212377
0.00175599
0.00134998
0.000485287
0.000495755
0.00110466
0.00137362
0.00172311
0.00201669
0.00222716
0.0023601
0.00244018
0.00251417
0.00262069
0.00274113
0.00283333
0.00286987
0.00283709
0.00272825
0.00253934
0.00227349
0.00190773
0.00133475
0.000504544
0.000527751
0.00104031
0.00155385
0.0018236
0.00201028
0.00212758
0.0021946
0.00223333
0.002265
0.00232728
0.00240404
0.00245439
0.00246448
0.00243267
0.00235666
0.00222743
0.00203038
0.00171908
0.00116294
0.000519283
0.00054722
0.000590147
0.000627244
0.000661017
0.000689997
0.000714533
0.000734844
0.000750079
0.000758146
0.000751947
0.000738938
0.000723618
0.000707371
0.000690647
0.000673133
0.000653489
0.000629106
0.000598144
0.000562437
0.000518333
0.000283049
0.000302666
0.000310855
0.000310599
0.0003037
0.000296264
0.000297208
0.000308114
0.000323588
0.000338902
0.000353029
0.000365572
0.000375874
0.000384194
0.000390513
0.000394399
0.000395013
0.000391065
0.00038041
0.000358269
0.000281715
0.000480659
0.000546273
0.000575989
0.000578634
0.0005619
0.000570859
0.000663099
0.000808291
0.000923449
0.000973486
0.00098245
0.000979719
0.000971575
0.000953067
0.000915126
0.000848352
0.000745712
0.000596865
0.000351997
0.000277226
0.000640444
0.000789905
0.000860734
0.000871671
0.000839525
0.000806684
0.000844429
0.000968023
0.00109964
0.00117156
0.00118595
0.00118725
0.00118099
0.00115196
0.00108494
0.000971249
0.000813759
0.00062374
0.000374054
0.00027352
0.00073392
0.00100033
0.00115676
0.00120815
0.00117596
0.00111039
0.00108703
0.00115139
0.00127712
0.00139058
0.00144702
0.0014515
0.00144916
0.00141174
0.00131332
0.0011488
0.000936223
0.000715142
0.000410897
0.000292421
0.000679128
0.00102732
0.00130005
0.00146862
0.00152381
0.00149152
0.00144249
0.0014498
0.00153913
0.00168086
0.0018022
0.00186262
0.00184787
0.00178434
0.0016421
0.00141914
0.00114752
0.000901729
0.000440333
0.000400171
0.000601054
0.000915868
0.00128187
0.0015865
0.00177738
0.00185609
0.00185766
0.00185743
0.00191973
0.00205533
0.00221417
0.00233124
0.00234797
0.00224818
0.0020622
0.00178249
0.00145146
0.00113412
0.000463603
0.000454883
0.000705341
0.000967764
0.00135425
0.0017173
0.00197765
0.00212863
0.00219922
0.00223579
0.00230312
0.00242358
0.00256222
0.00266741
0.00269966
0.00263188
0.00245099
0.00215297
0.00176377
0.00132588
0.000483362
0.000490572
0.00107543
0.00133835
0.00166041
0.00193056
0.00212453
0.00224912
0.00232161
0.00237407
0.00245038
0.00255079
0.00264835
0.00271415
0.00272825
0.00267135
0.00252684
0.0022799
0.00188014
0.00131147
0.00050234
0.000518693
0.000999777
0.00150734
0.00177122
0.00195567
0.00206879
0.00212978
0.00215802
0.00217421
0.00222051
0.0022904
0.00234533
0.00236888
0.00235666
0.00230344
0.00219673
0.00201407
0.00167646
0.00114404
0.000516474
0.000536229
0.000574419
0.000607997
0.000638824
0.000664744
0.000685758
0.000702225
0.000713501
0.000717825
0.00071274
0.0007053
0.000696003
0.000685214
0.000673133
0.000659423
0.000642749
0.000620469
0.000591488
0.000556981
0.000514031
0.000298781
0.000319788
0.000331322
0.000334356
0.000326948
0.000310105
0.000296614
0.000300339
0.000316548
0.000334802
0.000351157
0.000365846
0.000377535
0.000386871
0.000394399
0.000399795
0.000402047
0.00039958
0.000390164
0.000369857
0.000290611
0.000484459
0.000554679
0.000591253
0.000600964
0.000578423
0.000544534
0.000575607
0.000689232
0.000815059
0.000889623
0.000908892
0.000909927
0.000913447
0.000915126
0.000902585
0.000859061
0.000768998
0.000618073
0.000371519
0.000279042
0.000598133
0.000737963
0.000817503
0.000852296
0.000841284
0.000794044
0.000765425
0.000815086
0.000915439
0.000992174
0.0010204
0.001033
0.00106113
0.00108494
0.00107754
0.00101473
0.000882249
0.000677616
0.000388627
0.000274925
0.000659717
0.000889531
0.00103447
0.00110662
0.00111676
0.00107603
0.00102196
0.00100523
0.00105145
0.00113124
0.00118707
0.00121687
0.00126553
0.00131332
0.00130614
0.00121764
0.00103918
0.000778527
0.00041678
0.000312947
0.000617241
0.000904051
0.00113755
0.00129775
0.00138437
0.0013933
0.00135103
0.00130629
0.00130843
0.0013708
0.00145972
0.00154737
0.00159933
0.0016421
0.00160948
0.0014804
0.00125046
0.000940471
0.000441953
0.000406627
0.000586698
0.00083447
0.00113441
0.00140218
0.0015941
0.00170098
0.00172327
0.0017
0.00169171
0.00174299
0.00184962
0.00197758
0.0020719
0.0020622
0.00197409
0.00178729
0.00149839
0.0011308
0.000462536
0.00045324
0.000730681
0.000945512
0.00126432
0.00157808
0.00181852
0.00197275
0.00205241
0.00207823
0.00209806
0.00215653
0.00225761
0.00237078
0.00245184
0.00245099
0.00233417
0.00208796
0.00172649
0.00128241
0.00048039
0.000484094
0.00103525
0.00130914
0.00160198
0.00184573
0.00202119
0.00213504
0.0022004
0.00223806
0.00227907
0.00234371
0.00242191
0.00249532
0.00253934
0.00252684
0.00242929
0.00220479
0.00180208
0.00126432
0.000498154
0.000508157
0.000950514
0.00145588
0.00171942
0.00189218
0.0019964
0.00205025
0.00206927
0.00207062
0.00209456
0.00214386
0.00219193
0.00222278
0.00222743
0.00219673
0.00211409
0.00195032
0.00159497
0.00110272
0.000511005
0.000524079
0.000558023
0.000588728
0.000617423
0.000640994
0.000659381
0.000673134
0.000681768
0.000683266
0.000678707
0.000674328
0.000668925
0.000662046
0.000653489
0.000642749
0.000628416
0.000607931
0.000581725
0.00054895
0.000507502
0.000314018
0.000334363
0.00034762
0.000354223
0.000351391
0.000334114
0.000305628
0.000293398
0.000306879
0.000328081
0.000347152
0.000363425
0.000376264
0.000386376
0.000395013
0.000402047
0.0004064
0.000406166
0.000398616
0.000379906
0.000301556
0.000488375
0.000572284
0.000621186
0.000642226
0.000624471
0.000564803
0.000532092
0.000589815
0.000711721
0.000803622
0.000835745
0.000830435
0.000834601
0.000848352
0.000859061
0.000845045
0.000781326
0.000640979
0.000389349
0.000283795
0.000562951
0.000708732
0.000803914
0.000860791
0.000872855
0.000830314
0.00076182
0.000733454
0.000769889
0.000830953
0.000859577
0.000874189
0.000914417
0.000971249
0.00101473
0.00100894
0.0009228
0.000728197
0.000405392
0.000283554
0.000585035
0.000788857
0.000938639
0.00104032
0.00109208
0.00108536
0.00102676
0.000954614
0.000920554
0.000932323
0.000957395
0.00098704
0.00104811
0.0011488
0.00121764
0.0012075
0.00109091
0.000837394
0.000424759
0.000346476
0.000564023
0.000786769
0.000990776
0.00115665
0.0012783
0.00133356
0.001318
0.00125215
0.00118588
0.00116164
0.00118048
0.00123068
0.00130548
0.00141914
0.0014804
0.00144182
0.00128344
0.000969465
0.00044421
0.000413451
0.000606173
0.00079255
0.00102655
0.00125529
0.0014432
0.00157264
0.00162262
0.00160058
0.00154612
0.0015149
0.00153733
0.0016118
0.00171664
0.00178249
0.00178729
0.0016912
0.00147529
0.00110729
0.000460751
0.000450692
0.00077055
0.000965642
0.00122255
0.00147845
0.0016849
0.00182785
0.00190753
0.00193567
0.00192585
0.00192355
0.0019614
0.00203911
0.00212377
0.00215297
0.00208796
0.00192594
0.00162441
0.00120708
0.000475458
0.000475785
0.000979538
0.00128551
0.00155475
0.0017675
0.00191672
0.00201116
0.00206304
0.00208712
0.00210239
0.00212782
0.00217198
0.00222774
0.00227349
0.0022799
0.00220479
0.00199708
0.00164988
0.00118268
0.000490694
0.000495517
0.000884284
0.00135854
0.00164714
0.0018044
0.00189571
0.00193819
0.0019463
0.00193307
0.00193465
0.00195833
0.00199073
0.0020187
0.00203038
0.00201407
0.00195032
0.00177035
0.00144378
0.00102819
0.000501489
0.000510033
0.000540107
0.000568439
0.000594963
0.000616586
0.000632975
0.000644747
0.000651565
0.000650778
0.00064633
0.000643191
0.000639816
0.000635309
0.000629106
0.000620469
0.000607931
0.000590428
0.000567634
0.000537209
0.000497746
0.000327603
0.000346791
0.000360256
0.000368343
0.000369869
0.00035979
0.000326912
0.000291963
0.000294083
0.000316876
0.000338625
0.00035665
0.000370676
0.000381484
0.000391065
0.00039958
0.000406166
0.000408866
0.000404348
0.000387893
0.000317707
0.000490796
0.000584323
0.000641545
0.0006719
0.000665589
0.000609955
0.000534331
0.00051668
0.000599999
0.000698441
0.000742578
0.000733754
0.000731114
0.000745712
0.000768998
0.000781326
0.000754006
0.000646243
0.000403437
0.000297904
0.000536517
0.000691694
0.000798967
0.000867989
0.000896304
0.000867524
0.000788293
0.000709931
0.000676807
0.000686107
0.000702648
0.000716021
0.000751788
0.000813759
0.000882249
0.0009228
0.000895281
0.000746562
0.000418782
0.000328034
0.000549835
0.000734219
0.00089163
0.00100855
0.00107803
0.0010935
0.00104241
0.000948901
0.000863494
0.000812374
0.00079151
0.000793103
0.000834974
0.000936223
0.00103918
0.00109091
0.00104833
0.000852082
0.000432564
0.00037597
0.000588143
0.000776261
0.000958766
0.00112187
0.00123952
0.00129967
0.00129658
0.00122874
0.00113378
0.001055
0.00101339
0.00101083
0.00105381
0.00114752
0.00125046
0.00128344
0.00120752
0.000960564
0.000445698
0.000419799
0.0006753
0.000864377
0.00106092
0.00124641
0.0013981
0.00150166
0.00154092
0.00151752
0.00144787
0.00137423
0.00133284
0.0013382
0.00138582
0.00145146
0.00149839
0.00147529
0.00134743
0.00105106
0.000457145
0.000446561
0.000806906
0.00103675
0.00125742
0.00144985
0.0015952
0.00169126
0.00174363
0.00176072
0.0017471
0.00171496
0.00170069
0.00172158
0.00175599
0.00176377
0.00172649
0.00162441
0.00144011
0.00109973
0.000467623
0.000464827
0.000900082
0.00121543
0.00146758
0.00164254
0.00175234
0.00181675
0.00185296
0.00186569
0.00186462
0.00186558
0.00187886
0.00190117
0.00190773
0.00188014
0.00180208
0.00164988
0.00140865
0.00106151
0.000478966
0.000479707
0.00079592
0.00117269
0.00144141
0.00158801
0.00166848
0.00171338
0.00174372
0.00172802
0.00171295
0.00171437
0.00172796
0.0017375
0.00171908
0.00167646
0.00159497
0.00144378
0.00121264
0.000917914
0.000486755
0.000492601
0.000518908
0.000545024
0.000568723
0.000588174
0.000602734
0.000612658
0.000617805
0.000615831
0.000611691
0.000608947
0.000606309
0.00060281
0.000598144
0.000591488
0.000581725
0.000567634
0.000548066
0.000520395
0.000483377
0.00034103
0.00035969
0.000372759
0.000381343
0.000384811
0.000379159
0.000354447
0.000303646
0.000279889
0.000300573
0.000323614
0.000342968
0.000358001
0.000369803
0.00038041
0.000390164
0.000398616
0.000404348
0.000404292
0.00039331
0.000343973
0.000493346
0.000569052
0.000614651
0.000640086
0.000646169
0.000624029
0.000541791
0.000478127
0.000483863
0.000547096
0.00059071
0.000589459
0.000586709
0.000596865
0.000618073
0.000640979
0.000646243
0.000594432
0.000411939
0.000351912
0.000570614
0.000698576
0.00077673
0.000819047
0.000833625
0.00081951
0.000769274
0.000685962
0.00060765
0.000565724
0.000551964
0.000556733
0.000580341
0.00062374
0.000677616
0.000728197
0.000746562
0.000677233
0.000425472
0.000372279
0.000610371
0.000794172
0.00092198
0.000992339
0.00101861
0.00101017
0.00096633
0.000892682
0.00080957
0.000736358
0.000685748
0.000663854
0.000673613
0.000715142
0.000778527
0.000837394
0.000852082
0.000757092
0.000434658
0.00039988
0.000663355
0.000861153
0.00102563
0.00114977
0.00120302
0.00121205
0.00118332
0.00112077
0.00104356
0.000970864
0.000915058
0.000883114
0.000878938
0.000901729
0.000940471
0.000969465
0.000960564
0.000833569
0.000441916
0.000423368
0.000726336
0.000940241
0.00111328
0.00124267
0.00132683
0.00137054
0.00137819
0.00133579
0.00127625
0.00122048
0.00117769
0.00115015
0.00113702
0.00113412
0.0011308
0.00110729
0.00105106
0.00089194
0.000448122
0.000438399
0.000773616
0.00100615
0.00118642
0.00131089
0.00138558
0.00142189
0.00143022
0.0014183
0.0013976
0.00138145
0.00137103
0.0013627
0.00134998
0.00132588
0.00128241
0.00120708
0.00109973
0.000915185
0.000454092
0.000448778
0.000772072
0.00101292
0.00119582
0.00131236
0.00137629
0.00140391
0.00140938
0.00139746
0.00137566
0.001357
0.00134774
0.0013437
0.00133475
0.00131147
0.00126432
0.00118268
0.00106151
0.000871642
0.000460149
0.000457869
0.000686668
0.000899887
0.00106534
0.00116317
0.00121361
0.0012334
0.00123602
0.00121647
0.00118943
0.00117252
0.00116823
0.00116866
0.00116294
0.00114404
0.00110272
0.00102819
0.000917914
0.000763317
0.000464033
0.000468143
0.000490153
0.000514014
0.000535493
0.000553219
0.000566419
0.000575254
0.000579069
0.000576158
0.000572769
0.000570676
0.000568752
0.000566169
0.000562437
0.000556981
0.00054895
0.000537209
0.000520395
0.00049552
0.000461482
0.000360438
0.000371095
0.000379623
0.000385721
0.000388512
0.000385373
0.000370549
0.000331852
0.000267595
0.000280402
0.000300592
0.00031764
0.000331868
0.000345566
0.000358269
0.000369857
0.000379906
0.000387893
0.00039331
0.000395071
0.000381925
0.000394613
0.000404996
0.000413215
0.000418813
0.000420144
0.000414267
0.000397871
0.000369793
0.00034542
0.000325157
0.000309047
0.000314729
0.000332663
0.000351997
0.000371519
0.000389349
0.000403437
0.000411939
0.000410733
0.000393744
0.000409806
0.000421936
0.000431774
0.000439398
0.000443612
0.000442389
0.000434217
0.000420106
0.000403533
0.000387223
0.000374007
0.000366442
0.000366181
0.000374054
0.000388627
0.000405392
0.000418782
0.000425472
0.00041901
0.000402048
0.00042084
0.00043429
0.000445322
0.000454587
0.000460924
0.000462428
0.000458155
0.000449039
0.000437416
0.000425761
0.000416248
0.00041032
0.00040854
0.000410897
0.00041678
0.000424759
0.000432564
0.000434658
0.000422792
0.000411216
0.000430646
0.00044495
0.000457637
0.000468318
0.00047642
0.000479637
0.000477329
0.000470851
0.000462252
0.000453744
0.000446877
0.000442366
0.000440284
0.000440333
0.000441953
0.00044421
0.000445698
0.000441916
0.000425022
0.000418284
0.000437384
0.000452869
0.000468649
0.000482659
0.000492384
0.000496389
0.000494519
0.000489103
0.000481972
0.000475277
0.000470177
0.000466814
0.000464806
0.000463603
0.000462536
0.000460751
0.000457145
0.000448122
0.00042653
0.00042249
0.000440399
0.000458313
0.00047841
0.000496005
0.000507852
0.000513058
0.000512075
0.000506547
0.000499596
0.000493665
0.000489607
0.000487084
0.000485287
0.000483362
0.00048039
0.000475458
0.000467623
0.000454092
0.000427613
0.000425169
0.00044188
0.000463571
0.000488343
0.000508804
0.000521899
0.000527644
0.000526847
0.000521324
0.000514976
0.000510206
0.000507416
0.000505888
0.000504544
0.00050234
0.000498154
0.000490694
0.000478966
0.000460149
0.000428645
0.000427931
0.000444296
0.000469764
0.000497279
0.000518508
0.000531866
0.000538159
0.000537722
0.000532136
0.000526573
0.000523139
0.000521503
0.00052061
0.000519283
0.000516474
0.000511005
0.000501489
0.000486755
0.000464033
0.000429912
0.000432991
0.000448966
0.000470329
0.000489778
0.000505774
0.000517746
0.000526222
0.000529157
0.000526871
0.000524774
0.000523684
0.000522687
0.000521066
0.000518333
0.000514031
0.000507502
0.000497746
0.000483377
0.000461482
0.000431351
)
;

boundaryField
{
    floor
    {
        type            nutkWallFunction;
        Cmu             0.09;
        kappa           0.41;
        E               9.8;
        value           nonuniform List<scalar> 
400
(
4.67168e-05
4.52243e-05
4.28229e-05
3.92934e-05
3.01807e-05
2.64082e-05
2.60128e-05
2.64374e-05
2.68314e-05
2.73283e-05
2.80456e-05
2.90355e-05
3.03751e-05
3.20887e-05
3.40487e-05
3.60541e-05
3.79512e-05
3.96338e-05
4.13108e-05
4.37603e-05
4.52243e-05
4.52893e-05
4.28668e-05
3.94495e-05
3.14065e-05
2.8669e-05
2.95878e-05
3.03725e-05
3.02639e-05
3.01814e-05
3.04926e-05
3.11767e-05
3.2411e-05
3.43048e-05
3.65852e-05
3.87551e-05
4.05784e-05
4.21246e-05
4.3745e-05
4.51363e-05
4.28229e-05
4.28668e-05
4.12756e-05
3.76477e-05
3.10106e-05
2.98121e-05
3.18561e-05
3.30326e-05
3.27644e-05
3.22296e-05
3.18817e-05
3.21042e-05
3.30858e-05
3.49687e-05
3.75834e-05
4.01914e-05
4.22598e-05
4.3854e-05
4.54257e-05
4.62253e-05
3.92934e-05
3.94495e-05
3.76477e-05
3.34139e-05
2.91256e-05
2.95685e-05
3.27935e-05
3.46426e-05
3.44385e-05
3.36354e-05
3.28976e-05
3.26709e-05
3.33307e-05
3.48578e-05
3.74598e-05
4.05062e-05
4.30585e-05
4.48784e-05
4.65094e-05
4.69881e-05
3.01807e-05
3.14065e-05
3.10106e-05
2.91256e-05
2.66259e-05
2.73988e-05
3.21119e-05
3.51137e-05
3.49472e-05
3.40235e-05
3.34455e-05
3.36352e-05
3.38936e-05
3.46115e-05
3.64563e-05
3.94557e-05
4.26116e-05
4.50022e-05
4.6913e-05
4.73104e-05
2.64082e-05
2.8669e-05
2.98121e-05
2.95685e-05
2.73988e-05
2.58089e-05
3.09288e-05
3.48768e-05
3.47541e-05
3.48735e-05
3.51168e-05
3.55327e-05
3.52702e-05
3.49941e-05
3.54018e-05
3.7164e-05
4.02599e-05
4.35822e-05
4.61165e-05
4.68488e-05
2.60128e-05
2.95878e-05
3.18561e-05
3.27935e-05
3.21119e-05
3.09288e-05
3.24809e-05
3.47681e-05
3.60967e-05
3.75747e-05
3.79358e-05
3.79861e-05
3.71847e-05
3.62236e-05
3.54945e-05
3.53632e-05
3.65073e-05
3.92774e-05
4.28494e-05
4.48626e-05
2.64374e-05
3.03725e-05
3.30326e-05
3.46426e-05
3.51137e-05
3.48768e-05
3.47681e-05
3.50522e-05
3.82222e-05
4.10112e-05
4.11228e-05
4.05435e-05
3.9243e-05
3.78928e-05
3.68124e-05
3.57693e-05
3.48571e-05
3.46903e-05
3.62837e-05
3.98391e-05
2.68314e-05
3.02639e-05
3.27644e-05
3.44385e-05
3.49472e-05
3.47541e-05
3.60967e-05
3.82222e-05
4.08641e-05
4.42673e-05
4.40692e-05
4.30237e-05
4.13313e-05
3.96104e-05
3.86308e-05
3.76827e-05
3.64284e-05
3.48092e-05
3.30565e-05
3.16512e-05
2.73283e-05
3.01814e-05
3.22296e-05
3.36354e-05
3.40235e-05
3.48735e-05
3.75747e-05
4.10112e-05
4.42673e-05
0
0
4.43522e-05
4.26552e-05
4.12185e-05
4.04353e-05
3.9863e-05
3.89809e-05
3.75532e-05
3.55029e-05
3.29874e-05
2.80456e-05
3.04926e-05
3.18817e-05
3.28976e-05
3.34455e-05
3.51168e-05
3.79358e-05
4.11228e-05
4.40692e-05
0
0
4.42603e-05
4.31577e-05
4.24622e-05
4.21475e-05
4.18792e-05
4.13518e-05
4.0268e-05
3.83868e-05
3.5511e-05
2.90355e-05
3.11767e-05
3.21042e-05
3.26709e-05
3.36352e-05
3.55327e-05
3.79861e-05
4.05435e-05
4.30237e-05
4.43522e-05
4.42603e-05
4.38245e-05
4.35088e-05
4.35602e-05
4.37248e-05
4.37474e-05
4.34351e-05
4.25803e-05
4.0874e-05
3.7732e-05
3.03751e-05
3.2411e-05
3.30858e-05
3.33307e-05
3.38936e-05
3.52702e-05
3.71847e-05
3.9243e-05
4.13313e-05
4.26552e-05
4.31577e-05
4.35088e-05
4.40123e-05
4.45905e-05
4.50618e-05
4.52837e-05
4.51325e-05
4.44358e-05
4.28548e-05
3.95978e-05
3.20887e-05
3.43048e-05
3.49687e-05
3.48578e-05
3.46115e-05
3.49941e-05
3.62236e-05
3.78928e-05
3.96104e-05
4.12185e-05
4.24622e-05
4.35602e-05
4.45905e-05
4.54851e-05
4.61536e-05
4.65128e-05
4.64668e-05
4.5864e-05
4.44073e-05
4.13706e-05
3.40487e-05
3.65852e-05
3.75834e-05
3.74598e-05
3.64563e-05
3.54018e-05
3.54945e-05
3.68124e-05
3.86308e-05
4.04353e-05
4.21475e-05
4.37248e-05
4.50618e-05
4.61536e-05
4.69819e-05
4.74937e-05
4.75894e-05
4.71099e-05
4.57852e-05
4.30089e-05
3.60541e-05
3.87551e-05
4.01914e-05
4.05062e-05
3.94557e-05
3.7164e-05
3.53632e-05
3.57693e-05
3.76827e-05
3.9863e-05
4.18792e-05
4.37474e-05
4.52837e-05
4.65128e-05
4.74937e-05
4.81941e-05
4.84965e-05
4.82065e-05
4.70411e-05
4.44986e-05
3.79512e-05
4.05784e-05
4.22598e-05
4.30585e-05
4.26116e-05
4.02599e-05
3.65073e-05
3.48571e-05
3.64284e-05
3.89809e-05
4.13518e-05
4.34351e-05
4.51325e-05
4.64668e-05
4.75894e-05
4.84965e-05
4.90632e-05
4.90545e-05
4.8125e-05
4.5787e-05
3.96338e-05
4.21246e-05
4.3854e-05
4.48784e-05
4.50022e-05
4.35822e-05
3.92774e-05
3.46903e-05
3.48092e-05
3.75532e-05
4.0268e-05
4.25803e-05
4.44358e-05
4.5864e-05
4.71099e-05
4.82065e-05
4.90545e-05
4.94134e-05
4.88642e-05
4.68127e-05
4.13108e-05
4.3745e-05
4.54257e-05
4.65094e-05
4.6913e-05
4.61165e-05
4.28494e-05
3.62837e-05
3.30565e-05
3.55029e-05
3.83868e-05
4.0874e-05
4.28548e-05
4.44073e-05
4.57852e-05
4.70411e-05
4.8125e-05
4.88642e-05
4.88734e-05
4.751e-05
4.37603e-05
4.51363e-05
4.62253e-05
4.69881e-05
4.73104e-05
4.68488e-05
4.48626e-05
3.98391e-05
3.16512e-05
3.29874e-05
3.5511e-05
3.7732e-05
3.95978e-05
4.13706e-05
4.30089e-05
4.44986e-05
4.5787e-05
4.68127e-05
4.751e-05
4.77418e-05
)
;
    }
    ceiling
    {
        type            nutkWallFunction;
        Cmu             0.09;
        kappa           0.41;
        E               9.8;
        value           nonuniform List<scalar> 
400
(
5.5098e-05
5.93987e-05
6.29175e-05
6.55788e-05
6.76928e-05
6.93435e-05
7.05718e-05
7.13396e-05
7.12882e-05
7.06173e-05
6.99313e-05
6.90577e-05
6.80239e-05
6.68632e-05
6.55796e-05
6.41386e-05
6.24475e-05
6.03212e-05
5.73074e-05
5.29339e-05
5.93987e-05
6.42733e-05
6.83516e-05
7.16095e-05
7.4315e-05
7.64986e-05
7.81387e-05
7.91602e-05
7.92076e-05
7.81203e-05
7.68803e-05
7.53945e-05
7.37454e-05
7.20005e-05
7.01811e-05
6.82546e-05
6.61138e-05
6.35423e-05
6.00112e-05
5.48875e-05
6.29175e-05
6.83516e-05
7.28833e-05
7.6636e-05
7.98055e-05
8.24171e-05
8.441e-05
8.57208e-05
8.59731e-05
8.4575e-05
8.28049e-05
8.07672e-05
7.8602e-05
7.64012e-05
7.41966e-05
7.19529e-05
6.95471e-05
6.67252e-05
6.29357e-05
5.75228e-05
6.55788e-05
7.16095e-05
7.6636e-05
8.0983e-05
8.47019e-05
8.76683e-05
8.99881e-05
9.16359e-05
9.22482e-05
9.0658e-05
8.82756e-05
8.56475e-05
8.29819e-05
8.03735e-05
7.78542e-05
7.53849e-05
7.27343e-05
6.95977e-05
6.55617e-05
5.99306e-05
6.76928e-05
7.4315e-05
7.98055e-05
8.47019e-05
8.87574e-05
9.2098e-05
9.49121e-05
9.71753e-05
9.83897e-05
9.67257e-05
9.34769e-05
9.00693e-05
8.68058e-05
8.37478e-05
8.08987e-05
7.81789e-05
7.53201e-05
7.19439e-05
6.77214e-05
6.19083e-05
6.93435e-05
7.64986e-05
8.24171e-05
8.76683e-05
9.2098e-05
9.59958e-05
9.96268e-05
0.000102922
0.000104967
0.000103371
9.8802e-05
9.42482e-05
9.01892e-05
8.65838e-05
8.3345e-05
8.03393e-05
7.72664e-05
7.369e-05
6.93224e-05
6.33847e-05
7.05718e-05
7.81387e-05
8.441e-05
8.99881e-05
9.49121e-05
9.96268e-05
0.000104475
0.000109069
0.000111693
0.000110517
0.000104369
9.82681e-05
9.31814e-05
8.89249e-05
8.52536e-05
8.19459e-05
7.86561e-05
7.48728e-05
7.03883e-05
6.44212e-05
7.13396e-05
7.91602e-05
8.57208e-05
9.16359e-05
9.71753e-05
0.000102922
0.000109069
0.000114498
0.000116763
0.000116889
0.00010971
0.000101918
9.56566e-05
9.06848e-05
8.65638e-05
8.29561e-05
7.94612e-05
7.54755e-05
7.08444e-05
6.47781e-05
7.12882e-05
7.92076e-05
8.59731e-05
9.22482e-05
9.83897e-05
0.000104967
0.000111693
0.000116763
0.000117385
0.000120318
0.000113608
0.000104535
9.72473e-05
9.16278e-05
8.7079e-05
8.31433e-05
7.93797e-05
7.52535e-05
7.05035e-05
6.4507e-05
7.06173e-05
7.81203e-05
8.4575e-05
9.0658e-05
9.67257e-05
0.000103371
0.000110517
0.000116889
0.000120318
0.000121664
0.000112744
0.000103456
9.63851e-05
9.0963e-05
8.65341e-05
8.26466e-05
7.88822e-05
7.47837e-05
7.0112e-05
6.42623e-05
6.99313e-05
7.68803e-05
8.28049e-05
8.82756e-05
9.34769e-05
9.8802e-05
0.000104369
0.00010971
0.000113608
0.000112744
0.000105651
9.91338e-05
9.38813e-05
8.95264e-05
8.57209e-05
8.21706e-05
7.85362e-05
7.44737e-05
6.98703e-05
6.4135e-05
6.90577e-05
7.53945e-05
8.07672e-05
8.56475e-05
9.00693e-05
9.42482e-05
9.82681e-05
0.000101918
0.000104535
0.000103456
9.91338e-05
9.49171e-05
9.11792e-05
8.78225e-05
8.46892e-05
8.15693e-05
7.81548e-05
7.41666e-05
6.96397e-05
6.40107e-05
6.80239e-05
7.37454e-05
7.8602e-05
8.29819e-05
8.68058e-05
9.01892e-05
9.31814e-05
9.56566e-05
9.72473e-05
9.63851e-05
9.38813e-05
9.11792e-05
8.85452e-05
8.60006e-05
8.34716e-05
8.07819e-05
7.7626e-05
7.37478e-05
6.93201e-05
6.38016e-05
6.68632e-05
7.20005e-05
7.64012e-05
8.03735e-05
8.37478e-05
8.65838e-05
8.89249e-05
9.06848e-05
9.16278e-05
9.0963e-05
8.95264e-05
8.78225e-05
8.60006e-05
8.41027e-05
8.20834e-05
7.97793e-05
7.68804e-05
7.3175e-05
6.88517e-05
6.34498e-05
6.55796e-05
7.01811e-05
7.41966e-05
7.78542e-05
8.08987e-05
8.3345e-05
8.52536e-05
8.65638e-05
8.7079e-05
8.65341e-05
8.57209e-05
8.46892e-05
8.34716e-05
8.20834e-05
8.04796e-05
7.84993e-05
7.58293e-05
7.23522e-05
6.81667e-05
6.29007e-05
6.41386e-05
6.82546e-05
7.19529e-05
7.53849e-05
7.81789e-05
8.03393e-05
8.19459e-05
8.29561e-05
8.31433e-05
8.26466e-05
8.21706e-05
8.15693e-05
8.07819e-05
7.97793e-05
7.84993e-05
7.67726e-05
7.42972e-05
7.11458e-05
6.71626e-05
6.20737e-05
6.24475e-05
6.61138e-05
6.95471e-05
7.27343e-05
7.53201e-05
7.72664e-05
7.86561e-05
7.94612e-05
7.93797e-05
7.88822e-05
7.85362e-05
7.81548e-05
7.7626e-05
7.68804e-05
7.58293e-05
7.42972e-05
7.2183e-05
6.94179e-05
6.5704e-05
6.08464e-05
6.03212e-05
6.35423e-05
6.67252e-05
6.95977e-05
7.19439e-05
7.369e-05
7.48728e-05
7.54755e-05
7.52535e-05
7.47837e-05
7.44737e-05
7.41666e-05
7.37478e-05
7.3175e-05
7.23522e-05
7.11458e-05
6.94179e-05
6.70204e-05
6.36218e-05
5.90467e-05
5.73074e-05
6.00112e-05
6.29357e-05
6.55617e-05
6.77214e-05
6.93224e-05
7.03883e-05
7.08444e-05
7.05035e-05
7.0112e-05
6.98703e-05
6.96397e-05
6.93201e-05
6.88517e-05
6.81667e-05
6.71626e-05
6.5704e-05
6.36218e-05
6.05421e-05
5.63092e-05
5.29339e-05
5.48875e-05
5.75228e-05
5.99306e-05
6.19083e-05
6.33847e-05
6.44212e-05
6.47781e-05
6.4507e-05
6.42623e-05
6.4135e-05
6.40107e-05
6.38016e-05
6.34498e-05
6.29007e-05
6.20737e-05
6.08464e-05
5.90467e-05
5.63092e-05
5.25266e-05
)
;
    }
    fixedWalls
    {
        type            nutkWallFunction;
        Cmu             0.09;
        kappa           0.41;
        E               9.8;
        value           nonuniform List<scalar> 
800
(
4.67148e-05
4.87138e-05
4.99575e-05
5.07077e-05
5.12814e-05
5.18181e-05
5.23909e-05
5.3062e-05
5.3941e-05
5.50972e-05
4.5222e-05
4.70561e-05
4.89595e-05
5.04496e-05
5.17675e-05
5.30785e-05
5.44338e-05
5.59206e-05
5.77458e-05
5.93985e-05
4.28203e-05
4.29788e-05
4.48158e-05
4.76094e-05
5.05738e-05
5.3281e-05
5.58194e-05
5.82725e-05
6.10175e-05
6.29178e-05
3.92903e-05
3.91903e-05
3.94143e-05
4.05447e-05
4.72799e-05
5.26934e-05
5.67806e-05
6.0289e-05
6.37665e-05
6.55794e-05
3.01766e-05
3.16633e-05
3.39468e-05
3.59459e-05
4.19026e-05
5.16895e-05
5.74786e-05
6.20203e-05
6.60555e-05
6.76937e-05
2.64038e-05
2.60138e-05
2.84196e-05
3.22219e-05
4.09191e-05
5.13439e-05
5.80234e-05
6.33525e-05
6.77909e-05
6.93446e-05
2.60084e-05
2.58072e-05
2.54791e-05
3.00489e-05
4.06238e-05
5.08356e-05
5.80836e-05
6.39911e-05
6.88148e-05
7.05731e-05
2.6433e-05
2.7103e-05
2.70269e-05
2.88311e-05
3.89766e-05
4.95681e-05
5.72369e-05
6.36112e-05
6.89614e-05
7.1341e-05
2.6827e-05
2.81546e-05
2.8245e-05
2.87175e-05
3.66631e-05
4.83665e-05
5.63048e-05
6.26479e-05
6.81094e-05
7.12896e-05
2.7324e-05
2.91658e-05
2.9345e-05
2.93625e-05
3.46464e-05
4.77328e-05
5.59126e-05
6.20879e-05
6.73518e-05
7.06187e-05
2.80413e-05
3.00025e-05
3.04056e-05
3.02945e-05
3.34133e-05
4.74699e-05
5.58247e-05
6.17886e-05
6.68039e-05
6.99325e-05
2.90313e-05
3.07586e-05
3.14424e-05
3.11913e-05
3.30532e-05
4.74083e-05
5.58165e-05
6.14891e-05
6.6186e-05
6.90588e-05
3.03711e-05
3.15982e-05
3.21946e-05
3.18999e-05
3.32996e-05
4.75512e-05
5.57985e-05
6.11007e-05
6.54282e-05
6.80249e-05
3.20848e-05
3.26351e-05
3.27556e-05
3.23785e-05
3.38585e-05
4.80189e-05
5.57495e-05
6.06315e-05
6.45235e-05
6.6864e-05
3.4045e-05
3.37953e-05
3.31395e-05
3.26421e-05
3.51181e-05
4.88257e-05
5.56561e-05
6.00392e-05
6.34626e-05
6.55803e-05
3.60507e-05
3.49452e-05
3.3323e-05
3.28216e-05
3.79416e-05
4.97286e-05
5.5494e-05
5.92767e-05
6.22086e-05
6.41391e-05
3.7948e-05
3.63275e-05
3.39095e-05
3.41471e-05
4.22959e-05
5.06172e-05
5.52009e-05
5.82742e-05
6.06812e-05
6.24477e-05
3.96307e-05
3.83976e-05
3.59716e-05
3.99337e-05
4.59735e-05
5.13989e-05
5.46887e-05
5.69278e-05
5.87462e-05
6.03211e-05
4.1308e-05
4.17908e-05
4.28766e-05
4.54469e-05
4.88885e-05
5.17981e-05
5.36524e-05
5.49303e-05
5.60439e-05
5.73069e-05
4.37578e-05
4.65218e-05
4.8036e-05
4.9083e-05
5.02299e-05
5.11123e-05
5.1636e-05
5.19692e-05
5.23111e-05
5.29328e-05
4.37578e-05
4.65218e-05
4.8036e-05
4.9083e-05
5.02299e-05
5.11123e-05
5.1636e-05
5.19692e-05
5.23111e-05
5.29328e-05
4.5134e-05
4.81268e-05
5.00474e-05
5.14356e-05
5.26674e-05
5.35143e-05
5.38925e-05
5.40716e-05
5.43527e-05
5.48867e-05
4.62232e-05
4.9435e-05
5.15619e-05
5.3106e-05
5.44402e-05
5.54299e-05
5.61033e-05
5.67408e-05
5.74818e-05
5.75223e-05
4.69861e-05
5.04579e-05
5.27768e-05
5.44602e-05
5.59843e-05
5.73476e-05
5.85472e-05
5.97568e-05
6.08389e-05
5.99305e-05
4.73084e-05
5.11356e-05
5.37014e-05
5.55813e-05
5.72704e-05
5.90322e-05
6.06741e-05
6.22425e-05
6.34322e-05
6.19084e-05
4.68468e-05
5.12536e-05
5.41824e-05
5.6325e-05
5.82322e-05
6.01867e-05
6.20951e-05
6.38277e-05
6.50631e-05
6.3385e-05
4.48603e-05
5.04308e-05
5.39602e-05
5.64524e-05
5.85776e-05
6.06347e-05
6.2699e-05
6.45094e-05
6.58246e-05
6.44217e-05
3.98362e-05
4.82606e-05
5.28492e-05
5.58512e-05
5.82397e-05
6.03712e-05
6.25433e-05
6.43896e-05
6.57639e-05
6.47786e-05
3.16472e-05
4.46552e-05
5.09918e-05
5.46479e-05
5.73874e-05
5.96689e-05
6.18384e-05
6.37002e-05
6.50827e-05
6.45074e-05
3.29836e-05
4.14591e-05
4.88439e-05
5.31497e-05
5.62891e-05
5.87699e-05
6.09767e-05
6.29248e-05
6.44155e-05
6.42628e-05
3.55075e-05
3.88594e-05
4.67665e-05
5.16745e-05
5.52231e-05
5.79424e-05
6.0255e-05
6.23516e-05
6.40088e-05
6.41355e-05
3.77288e-05
3.68245e-05
4.51073e-05
5.04893e-05
5.43753e-05
5.73198e-05
5.97657e-05
6.20181e-05
6.38133e-05
6.40111e-05
3.95949e-05
3.7544e-05
4.41603e-05
4.97599e-05
5.38237e-05
5.69097e-05
5.94575e-05
6.18278e-05
6.36948e-05
6.3802e-05
4.13679e-05
3.982e-05
4.41376e-05
4.95495e-05
5.35714e-05
5.66607e-05
5.9229e-05
6.16487e-05
6.35128e-05
6.34502e-05
4.30064e-05
4.22981e-05
4.5154e-05
4.98533e-05
5.35781e-05
5.65045e-05
5.89775e-05
6.13573e-05
6.31436e-05
6.29009e-05
4.44963e-05
4.47901e-05
4.70211e-05
5.05919e-05
5.37743e-05
5.63619e-05
5.85946e-05
6.08199e-05
6.24456e-05
6.20738e-05
4.5785e-05
4.70428e-05
4.91137e-05
5.15833e-05
5.4044e-05
5.61287e-05
5.79763e-05
5.98808e-05
6.12514e-05
6.08464e-05
4.68108e-05
4.88238e-05
5.0789e-05
5.2547e-05
5.42141e-05
5.56654e-05
5.69911e-05
5.84171e-05
5.9416e-05
5.90464e-05
4.75082e-05
4.98969e-05
5.1623e-05
5.27988e-05
5.37306e-05
5.45289e-05
5.5295e-05
5.60745e-05
5.65885e-05
5.63086e-05
4.774e-05
4.97498e-05
5.08156e-05
5.1315e-05
5.16183e-05
5.183e-05
5.1988e-05
5.21401e-05
5.23223e-05
5.25255e-05
4.67148e-05
4.87138e-05
4.99575e-05
5.07077e-05
5.12814e-05
5.18181e-05
5.23909e-05
5.3062e-05
5.3941e-05
5.50972e-05
4.5222e-05
4.70561e-05
4.89595e-05
5.04496e-05
5.17675e-05
5.30785e-05
5.44338e-05
5.59206e-05
5.77458e-05
5.93985e-05
4.28203e-05
4.29788e-05
4.48158e-05
4.76094e-05
5.05738e-05
5.3281e-05
5.58194e-05
5.82725e-05
6.10175e-05
6.29178e-05
3.92903e-05
3.91903e-05
3.94143e-05
4.05447e-05
4.72799e-05
5.26934e-05
5.67806e-05
6.0289e-05
6.37665e-05
6.55794e-05
3.01766e-05
3.16633e-05
3.39468e-05
3.59459e-05
4.19026e-05
5.16895e-05
5.74786e-05
6.20203e-05
6.60555e-05
6.76937e-05
2.64038e-05
2.60138e-05
2.84196e-05
3.22219e-05
4.09191e-05
5.13439e-05
5.80234e-05
6.33525e-05
6.77909e-05
6.93446e-05
2.60084e-05
2.58072e-05
2.54791e-05
3.00489e-05
4.06238e-05
5.08356e-05
5.80836e-05
6.39911e-05
6.88148e-05
7.05731e-05
2.6433e-05
2.7103e-05
2.70269e-05
2.88311e-05
3.89766e-05
4.95681e-05
5.72369e-05
6.36112e-05
6.89614e-05
7.1341e-05
2.6827e-05
2.81546e-05
2.8245e-05
2.87175e-05
3.66631e-05
4.83665e-05
5.63048e-05
6.26479e-05
6.81094e-05
7.12896e-05
2.7324e-05
2.91658e-05
2.9345e-05
2.93625e-05
3.46464e-05
4.77328e-05
5.59126e-05
6.20879e-05
6.73518e-05
7.06187e-05
2.80413e-05
3.00025e-05
3.04056e-05
3.02945e-05
3.34133e-05
4.74699e-05
5.58247e-05
6.17886e-05
6.68039e-05
6.99325e-05
2.90313e-05
3.07586e-05
3.14424e-05
3.11913e-05
3.30532e-05
4.74083e-05
5.58165e-05
6.14891e-05
6.6186e-05
6.90588e-05
3.03711e-05
3.15982e-05
3.21946e-05
3.18999e-05
3.32996e-05
4.75512e-05
5.57985e-05
6.11007e-05
6.54282e-05
6.80249e-05
3.20848e-05
3.26351e-05
3.27556e-05
3.23785e-05
3.38585e-05
4.80189e-05
5.57495e-05
6.06315e-05
6.45235e-05
6.6864e-05
3.4045e-05
3.37953e-05
3.31395e-05
3.26421e-05
3.51181e-05
4.88257e-05
5.56561e-05
6.00392e-05
6.34626e-05
6.55803e-05
3.60507e-05
3.49452e-05
3.3323e-05
3.28216e-05
3.79416e-05
4.97286e-05
5.5494e-05
5.92767e-05
6.22086e-05
6.41391e-05
3.7948e-05
3.63275e-05
3.39095e-05
3.41471e-05
4.22959e-05
5.06172e-05
5.52009e-05
5.82742e-05
6.06812e-05
6.24477e-05
3.96307e-05
3.83976e-05
3.59716e-05
3.99337e-05
4.59735e-05
5.13989e-05
5.46887e-05
5.69278e-05
5.87462e-05
6.03211e-05
4.1308e-05
4.17908e-05
4.28766e-05
4.54469e-05
4.88885e-05
5.17981e-05
5.36524e-05
5.49303e-05
5.60439e-05
5.73069e-05
4.37578e-05
4.65218e-05
4.8036e-05
4.9083e-05
5.02299e-05
5.11123e-05
5.1636e-05
5.19692e-05
5.23111e-05
5.29328e-05
4.37578e-05
4.65218e-05
4.8036e-05
4.9083e-05
5.02299e-05
5.11123e-05
5.1636e-05
5.19692e-05
5.23111e-05
5.29328e-05
4.5134e-05
4.81268e-05
5.00474e-05
5.14356e-05
5.26674e-05
5.35143e-05
5.38925e-05
5.40716e-05
5.43527e-05
5.48867e-05
4.62232e-05
4.9435e-05
5.15619e-05
5.3106e-05
5.44402e-05
5.54299e-05
5.61033e-05
5.67408e-05
5.74818e-05
5.75223e-05
4.69861e-05
5.04579e-05
5.27768e-05
5.44602e-05
5.59843e-05
5.73476e-05
5.85472e-05
5.97568e-05
6.08389e-05
5.99305e-05
4.73084e-05
5.11356e-05
5.37014e-05
5.55813e-05
5.72704e-05
5.90322e-05
6.06741e-05
6.22425e-05
6.34322e-05
6.19084e-05
4.68468e-05
5.12536e-05
5.41824e-05
5.6325e-05
5.82322e-05
6.01867e-05
6.20951e-05
6.38277e-05
6.50631e-05
6.3385e-05
4.48603e-05
5.04308e-05
5.39602e-05
5.64524e-05
5.85776e-05
6.06347e-05
6.2699e-05
6.45094e-05
6.58246e-05
6.44217e-05
3.98362e-05
4.82606e-05
5.28492e-05
5.58512e-05
5.82397e-05
6.03712e-05
6.25433e-05
6.43896e-05
6.57639e-05
6.47786e-05
3.16472e-05
4.46552e-05
5.09918e-05
5.46479e-05
5.73874e-05
5.96689e-05
6.18384e-05
6.37002e-05
6.50827e-05
6.45074e-05
3.29836e-05
4.14591e-05
4.88439e-05
5.31497e-05
5.62891e-05
5.87699e-05
6.09767e-05
6.29248e-05
6.44155e-05
6.42628e-05
3.55075e-05
3.88594e-05
4.67665e-05
5.16745e-05
5.52231e-05
5.79424e-05
6.0255e-05
6.23516e-05
6.40088e-05
6.41355e-05
3.77288e-05
3.68245e-05
4.51073e-05
5.04893e-05
5.43753e-05
5.73198e-05
5.97657e-05
6.20181e-05
6.38133e-05
6.40111e-05
3.95949e-05
3.7544e-05
4.41603e-05
4.97599e-05
5.38237e-05
5.69097e-05
5.94575e-05
6.18278e-05
6.36948e-05
6.3802e-05
4.13679e-05
3.982e-05
4.41376e-05
4.95495e-05
5.35714e-05
5.66607e-05
5.9229e-05
6.16487e-05
6.35128e-05
6.34502e-05
4.30064e-05
4.22981e-05
4.5154e-05
4.98533e-05
5.35781e-05
5.65045e-05
5.89775e-05
6.13573e-05
6.31436e-05
6.29009e-05
4.44963e-05
4.47901e-05
4.70211e-05
5.05919e-05
5.37743e-05
5.63619e-05
5.85946e-05
6.08199e-05
6.24456e-05
6.20738e-05
4.5785e-05
4.70428e-05
4.91137e-05
5.15833e-05
5.4044e-05
5.61287e-05
5.79763e-05
5.98808e-05
6.12514e-05
6.08464e-05
4.68108e-05
4.88238e-05
5.0789e-05
5.2547e-05
5.42141e-05
5.56654e-05
5.69911e-05
5.84171e-05
5.9416e-05
5.90464e-05
4.75082e-05
4.98969e-05
5.1623e-05
5.27988e-05
5.37306e-05
5.45289e-05
5.5295e-05
5.60745e-05
5.65885e-05
5.63086e-05
4.774e-05
4.97498e-05
5.08156e-05
5.1315e-05
5.16183e-05
5.183e-05
5.1988e-05
5.21401e-05
5.23223e-05
5.25255e-05
)
;
    }
}


// ************************************************************************* //
