/*--------------------------------*- C++ -*----------------------------------*\
  =========                 |
  \\      /  F ield         | OpenFOAM: The Open Source CFD Toolbox
   \\    /   O peration     | Website:  https://openfoam.org
    \\  /    A nd           | Version:  8
     \\/     M anipulation  |
\*---------------------------------------------------------------------------*/
FoamFile
{
    version     2.0;
    format      ascii;
    class       volScalarField;
    location    "600";
    object      p;
}
// * * * * * * * * * * * * * * * * * * * * * * * * * * * * * * * * * * * * * //

dimensions      [1 -1 -2 0 0 0 0];

internalField   nonuniform List<scalar> 
4000
(
-2.4496
-2.44978
-2.4499
-2.44981
-2.44966
-2.4496
-2.44955
-2.44952
-2.44952
-2.44955
-2.4496
-2.44968
-2.44979
-2.44992
-2.45008
-2.45026
-2.45044
-2.45057
-2.45053
-2.45031
-7.34911
-7.34922
-7.34931
-7.34927
-7.34928
-7.34933
-7.34928
-7.34925
-7.34923
-7.34924
-7.34926
-7.34929
-7.34934
-7.34941
-7.3495
-7.34962
-7.34976
-7.3499
-7.3499
-7.34969
-12.2484
-12.2485
-12.2485
-12.2486
-12.2487
-12.2488
-12.2488
-12.2487
-12.2487
-12.2487
-12.2487
-12.2487
-12.2487
-12.2488
-12.2488
-12.2489
-12.249
-12.249
-12.249
-12.2489
-17.1476
-17.1477
-17.1477
-17.1478
-17.1479
-17.148
-17.1481
-17.148
-17.148
-17.148
-17.148
-17.148
-17.148
-17.148
-17.148
-17.1481
-17.1481
-17.1481
-17.148
-17.1479
-22.0468
-22.0468
-22.0469
-22.0469
-22.047
-22.0471
-22.0472
-22.0472
-22.0472
-22.0472
-22.0472
-22.0472
-22.0472
-22.0472
-22.0472
-22.0472
-22.0471
-22.0471
-22.047
-22.0469
-26.9459
-26.946
-26.946
-26.946
-26.9461
-26.9462
-26.9462
-26.9463
-26.9463
-26.9463
-26.9463
-26.9463
-26.9463
-26.9463
-26.9462
-26.9462
-26.9462
-26.9461
-26.946
-26.9459
-31.8449
-31.845
-31.8451
-31.8452
-31.8452
-31.8453
-31.8453
-31.8454
-31.8454
-31.8454
-31.8454
-31.8454
-31.8453
-31.8453
-31.8453
-31.8452
-31.8452
-31.8451
-31.845
-31.8448
-36.7439
-36.744
-36.7441
-36.7442
-36.7442
-36.7443
-36.7443
-36.7444
-36.7444
-36.7444
-36.7444
-36.7444
-36.7444
-36.7444
-36.7443
-36.7443
-36.7442
-36.7441
-36.744
-36.7438
-41.6428
-41.643
-41.6431
-41.6431
-41.6432
-41.6432
-41.6432
-41.6432
-41.6432
-41.6433
-41.6433
-41.6433
-41.6433
-41.6433
-41.6433
-41.6433
-41.6432
-41.6431
-41.6429
-41.6427
-46.5419
-46.5421
-46.5421
-46.5421
-46.542
-46.542
-46.5419
-46.5419
-46.5419
-46.542
-46.542
-46.5421
-46.5421
-46.5422
-46.5423
-46.5423
-46.5423
-46.5422
-46.5421
-46.5419
-2.44978
-2.44985
-2.44988
-2.44977
-2.44966
-2.44961
-2.44956
-2.44953
-2.44954
-2.44957
-2.44962
-2.4497
-2.44981
-2.44994
-2.4501
-2.45028
-2.45046
-2.45056
-2.45049
-2.45028
-7.34922
-7.34926
-7.34929
-7.34924
-7.34928
-7.34933
-7.34929
-7.34925
-7.34924
-7.34925
-7.34928
-7.34932
-7.34937
-7.34944
-7.34953
-7.34964
-7.34978
-7.34989
-7.34986
-7.34966
-12.2485
-12.2485
-12.2485
-12.2486
-12.2487
-12.2488
-12.2488
-12.2487
-12.2487
-12.2487
-12.2487
-12.2487
-12.2487
-12.2488
-12.2488
-12.2489
-12.249
-12.249
-12.249
-12.2489
-17.1477
-17.1477
-17.1477
-17.1478
-17.1479
-17.148
-17.1481
-17.148
-17.148
-17.148
-17.148
-17.148
-17.148
-17.148
-17.148
-17.1481
-17.1481
-17.1481
-17.1481
-17.1479
-22.0468
-22.0469
-22.0469
-22.047
-22.0471
-22.0472
-22.0472
-22.0472
-22.0472
-22.0472
-22.0472
-22.0472
-22.0472
-22.0472
-22.0472
-22.0472
-22.0472
-22.0471
-22.0471
-22.0469
-26.946
-26.946
-26.9461
-26.9461
-26.9462
-26.9463
-26.9463
-26.9464
-26.9464
-26.9464
-26.9464
-26.9464
-26.9464
-26.9463
-26.9463
-26.9463
-26.9462
-26.9461
-26.9461
-26.9459
-31.845
-31.8452
-31.8452
-31.8453
-31.8453
-31.8454
-31.8454
-31.8455
-31.8455
-31.8455
-31.8455
-31.8455
-31.8455
-31.8454
-31.8454
-31.8454
-31.8453
-31.8452
-31.8451
-31.8449
-36.744
-36.7442
-36.7443
-36.7444
-36.7444
-36.7445
-36.7445
-36.7445
-36.7445
-36.7446
-36.7446
-36.7445
-36.7445
-36.7445
-36.7445
-36.7444
-36.7443
-36.7442
-36.7441
-36.7439
-41.643
-41.6432
-41.6433
-41.6434
-41.6434
-41.6435
-41.6435
-41.6435
-41.6435
-41.6435
-41.6435
-41.6435
-41.6435
-41.6435
-41.6435
-41.6434
-41.6433
-41.6432
-41.6431
-41.6429
-46.5421
-46.5422
-46.5423
-46.5423
-46.5423
-46.5423
-46.5423
-46.5423
-46.5423
-46.5423
-46.5423
-46.5424
-46.5424
-46.5424
-46.5425
-46.5424
-46.5424
-46.5423
-46.5422
-46.542
-2.4499
-2.44988
-2.44983
-2.44973
-2.44965
-2.4496
-2.44956
-2.44954
-2.44955
-2.44958
-2.44964
-2.44972
-2.44982
-2.44995
-2.45011
-2.45029
-2.45046
-2.45054
-2.45045
-2.45025
-7.34931
-7.34929
-7.34926
-7.34923
-7.34929
-7.34933
-7.34928
-7.34926
-7.34925
-7.34927
-7.3493
-7.34934
-7.3494
-7.34947
-7.34956
-7.34967
-7.3498
-7.34988
-7.34983
-7.34965
-12.2485
-12.2485
-12.2486
-12.2486
-12.2487
-12.2488
-12.2488
-12.2487
-12.2487
-12.2487
-12.2487
-12.2487
-12.2488
-12.2488
-12.2489
-12.2489
-12.249
-12.249
-12.249
-12.2489
-17.1477
-17.1477
-17.1478
-17.1479
-17.148
-17.1481
-17.1481
-17.148
-17.148
-17.148
-17.148
-17.148
-17.148
-17.148
-17.1481
-17.1481
-17.1481
-17.1481
-17.1481
-17.148
-22.0469
-22.0469
-22.047
-22.047
-22.0471
-22.0472
-22.0472
-22.0472
-22.0472
-22.0472
-22.0472
-22.0472
-22.0472
-22.0472
-22.0472
-22.0472
-22.0472
-22.0472
-22.0471
-22.047
-26.946
-26.9461
-26.9461
-26.9462
-26.9462
-26.9463
-26.9463
-26.9464
-26.9464
-26.9464
-26.9464
-26.9464
-26.9464
-26.9464
-26.9463
-26.9463
-26.9463
-26.9462
-26.9461
-26.946
-31.8451
-31.8452
-31.8453
-31.8453
-31.8453
-31.8454
-31.8454
-31.8454
-31.8455
-31.8455
-31.8455
-31.8455
-31.8455
-31.8454
-31.8454
-31.8454
-31.8453
-31.8452
-31.8451
-31.845
-36.7441
-36.7443
-36.7443
-36.7444
-36.7444
-36.7444
-36.7444
-36.7445
-36.7445
-36.7445
-36.7445
-36.7445
-36.7445
-36.7445
-36.7444
-36.7444
-36.7443
-36.7442
-36.7441
-36.744
-41.6431
-41.6433
-41.6434
-41.6434
-41.6435
-41.6435
-41.6435
-41.6435
-41.6436
-41.6436
-41.6436
-41.6436
-41.6435
-41.6435
-41.6435
-41.6434
-41.6434
-41.6433
-41.6432
-41.6429
-46.5421
-46.5423
-46.5424
-46.5424
-46.5424
-46.5424
-46.5423
-46.5424
-46.5424
-46.5424
-46.5424
-46.5424
-46.5425
-46.5425
-46.5425
-46.5425
-46.5424
-46.5424
-46.5423
-46.542
-2.44981
-2.44977
-2.44973
-2.44968
-2.44963
-2.44958
-2.44956
-2.44954
-2.44956
-2.44959
-2.44965
-2.44973
-2.44983
-2.44995
-2.4501
-2.45027
-2.45043
-2.45049
-2.45039
-2.45023
-7.34927
-7.34924
-7.34923
-7.34924
-7.3493
-7.34932
-7.34928
-7.34926
-7.34926
-7.34928
-7.34931
-7.34936
-7.34942
-7.34949
-7.34958
-7.34968
-7.34979
-7.34984
-7.34979
-7.34962
-12.2486
-12.2486
-12.2486
-12.2487
-12.2487
-12.2488
-12.2487
-12.2487
-12.2487
-12.2487
-12.2487
-12.2487
-12.2488
-12.2488
-12.2489
-12.2489
-12.249
-12.249
-12.249
-12.2489
-17.1478
-17.1478
-17.1479
-17.1479
-17.148
-17.1481
-17.1481
-17.148
-17.148
-17.148
-17.148
-17.148
-17.148
-17.1481
-17.1481
-17.1481
-17.1482
-17.1482
-17.1481
-17.148
-22.0469
-22.047
-22.047
-22.0471
-22.0472
-22.0472
-22.0472
-22.0472
-22.0472
-22.0472
-22.0472
-22.0472
-22.0473
-22.0473
-22.0473
-22.0473
-22.0473
-22.0472
-22.0472
-22.0471
-26.946
-26.9461
-26.9462
-26.9462
-26.9463
-26.9463
-26.9463
-26.9464
-26.9464
-26.9464
-26.9464
-26.9464
-26.9464
-26.9464
-26.9464
-26.9464
-26.9463
-26.9463
-26.9462
-26.9461
-31.8452
-31.8453
-31.8453
-31.8453
-31.8453
-31.8454
-31.8454
-31.8454
-31.8455
-31.8455
-31.8455
-31.8455
-31.8455
-31.8455
-31.8454
-31.8454
-31.8453
-31.8453
-31.8452
-31.8451
-36.7442
-36.7444
-36.7444
-36.7444
-36.7444
-36.7444
-36.7444
-36.7445
-36.7445
-36.7446
-36.7446
-36.7445
-36.7445
-36.7445
-36.7445
-36.7444
-36.7444
-36.7443
-36.7442
-36.7441
-41.6431
-41.6434
-41.6434
-41.6434
-41.6434
-41.6434
-41.6435
-41.6435
-41.6436
-41.6436
-41.6436
-41.6436
-41.6436
-41.6435
-41.6435
-41.6434
-41.6434
-41.6433
-41.6432
-41.643
-46.5421
-46.5423
-46.5424
-46.5424
-46.5424
-46.5423
-46.5423
-46.5423
-46.5423
-46.5423
-46.5424
-46.5424
-46.5425
-46.5425
-46.5425
-46.5425
-46.5424
-46.5424
-46.5423
-46.5421
-2.44966
-2.44966
-2.44965
-2.44963
-2.44959
-2.44956
-2.44954
-2.44954
-2.44956
-2.4496
-2.44966
-2.44973
-2.44983
-2.44994
-2.45008
-2.45023
-2.45036
-2.45041
-2.45032
-2.45019
-7.34928
-7.34928
-7.34929
-7.3493
-7.3493
-7.34929
-7.34926
-7.34925
-7.34926
-7.34929
-7.34933
-7.34938
-7.34944
-7.34951
-7.34959
-7.34968
-7.34976
-7.34979
-7.34973
-7.34959
-12.2487
-12.2487
-12.2487
-12.2487
-12.2488
-12.2488
-12.2487
-12.2487
-12.2487
-12.2487
-12.2487
-12.2488
-12.2488
-12.2489
-12.2489
-12.249
-12.249
-12.249
-12.249
-12.2488
-17.1479
-17.1479
-17.148
-17.148
-17.148
-17.1481
-17.148
-17.148
-17.148
-17.148
-17.148
-17.148
-17.1481
-17.1481
-17.1481
-17.1482
-17.1482
-17.1482
-17.1481
-17.148
-22.047
-22.0471
-22.0471
-22.0472
-22.0472
-22.0472
-22.0472
-22.0472
-22.0472
-22.0472
-22.0472
-22.0473
-22.0473
-22.0473
-22.0473
-22.0473
-22.0473
-22.0473
-22.0472
-22.0471
-26.9461
-26.9462
-26.9462
-26.9463
-26.9463
-26.9463
-26.9463
-26.9464
-26.9464
-26.9464
-26.9464
-26.9464
-26.9464
-26.9464
-26.9464
-26.9464
-26.9464
-26.9463
-26.9463
-26.9462
-31.8452
-31.8453
-31.8453
-31.8453
-31.8454
-31.8454
-31.8454
-31.8454
-31.8455
-31.8455
-31.8455
-31.8455
-31.8455
-31.8455
-31.8455
-31.8454
-31.8454
-31.8453
-31.8453
-31.8452
-36.7442
-36.7444
-36.7444
-36.7444
-36.7444
-36.7444
-36.7444
-36.7445
-36.7446
-36.7446
-36.7446
-36.7446
-36.7446
-36.7445
-36.7445
-36.7444
-36.7444
-36.7443
-36.7443
-36.7441
-41.6432
-41.6434
-41.6435
-41.6434
-41.6434
-41.6434
-41.6435
-41.6435
-41.6435
-41.6436
-41.6436
-41.6436
-41.6436
-41.6435
-41.6435
-41.6435
-41.6434
-41.6434
-41.6433
-41.643
-46.542
-46.5423
-46.5424
-46.5424
-46.5423
-46.5423
-46.5422
-46.5421
-46.5421
-46.5421
-46.5422
-46.5423
-46.5424
-46.5425
-46.5425
-46.5425
-46.5424
-46.5424
-46.5423
-46.5421
-2.4496
-2.44961
-2.4496
-2.44958
-2.44956
-2.44954
-2.44953
-2.44954
-2.44957
-2.44962
-2.44968
-2.44975
-2.44983
-2.44994
-2.45005
-2.45017
-2.45027
-2.45031
-2.45024
-2.45016
-7.34933
-7.34933
-7.34933
-7.34932
-7.34929
-7.34927
-7.34925
-7.34925
-7.34928
-7.34931
-7.34935
-7.34939
-7.34945
-7.34952
-7.34959
-7.34966
-7.34971
-7.34972
-7.34966
-7.34955
-12.2488
-12.2488
-12.2488
-12.2488
-12.2488
-12.2487
-12.2487
-12.2487
-12.2487
-12.2487
-12.2488
-12.2488
-12.2488
-12.2489
-12.2489
-12.249
-12.249
-12.249
-12.2489
-12.2488
-17.148
-17.148
-17.1481
-17.1481
-17.1481
-17.148
-17.148
-17.148
-17.148
-17.148
-17.148
-17.1481
-17.1481
-17.1481
-17.1482
-17.1482
-17.1482
-17.1482
-17.1481
-17.148
-22.0471
-22.0472
-22.0472
-22.0472
-22.0472
-22.0472
-22.0472
-22.0472
-22.0472
-22.0472
-22.0473
-22.0473
-22.0473
-22.0473
-22.0473
-22.0473
-22.0473
-22.0473
-22.0473
-22.0472
-26.9462
-26.9463
-26.9463
-26.9463
-26.9463
-26.9463
-26.9463
-26.9464
-26.9464
-26.9464
-26.9464
-26.9464
-26.9464
-26.9464
-26.9464
-26.9464
-26.9464
-26.9464
-26.9463
-26.9462
-31.8453
-31.8454
-31.8454
-31.8454
-31.8454
-31.8454
-31.8454
-31.8454
-31.8455
-31.8455
-31.8456
-31.8456
-31.8455
-31.8455
-31.8455
-31.8455
-31.8454
-31.8454
-31.8454
-31.8453
-36.7443
-36.7445
-36.7444
-36.7444
-36.7444
-36.7444
-36.7445
-36.7445
-36.7445
-36.7445
-36.7446
-36.7446
-36.7446
-36.7446
-36.7445
-36.7445
-36.7444
-36.7444
-36.7444
-36.7442
-41.6432
-41.6435
-41.6435
-41.6434
-41.6434
-41.6434
-41.6434
-41.6434
-41.6434
-41.6434
-41.6435
-41.6436
-41.6436
-41.6436
-41.6435
-41.6435
-41.6435
-41.6434
-41.6433
-41.6431
-46.542
-46.5423
-46.5424
-46.5423
-46.5423
-46.5421
-46.542
-46.5417
-46.5415
-46.5416
-46.5419
-46.5422
-46.5423
-46.5424
-46.5425
-46.5425
-46.5425
-46.5424
-46.5423
-46.5421
-2.44955
-2.44956
-2.44956
-2.44956
-2.44954
-2.44953
-2.44953
-2.44955
-2.44959
-2.44968
-2.44976
-2.44981
-2.44988
-2.44996
-2.45003
-2.45011
-2.45018
-2.4502
-2.45015
-2.45012
-7.34928
-7.34929
-7.34928
-7.34928
-7.34926
-7.34925
-7.34926
-7.34927
-7.3493
-7.34935
-7.34939
-7.34944
-7.34949
-7.34954
-7.34959
-7.34964
-7.34967
-7.34965
-7.34959
-7.34951
-12.2488
-12.2488
-12.2488
-12.2487
-12.2487
-12.2487
-12.2487
-12.2487
-12.2487
-12.2488
-12.2488
-12.2488
-12.2489
-12.2489
-12.2489
-12.249
-12.249
-12.2489
-12.2489
-12.2488
-17.1481
-17.1481
-17.1481
-17.1481
-17.148
-17.148
-17.148
-17.148
-17.148
-17.148
-17.1481
-17.1481
-17.1481
-17.1481
-17.1482
-17.1482
-17.1482
-17.1482
-17.1481
-17.148
-22.0472
-22.0472
-22.0472
-22.0472
-22.0472
-22.0472
-22.0472
-22.0472
-22.0472
-22.0472
-22.0473
-22.0473
-22.0473
-22.0473
-22.0473
-22.0473
-22.0473
-22.0473
-22.0473
-22.0472
-26.9462
-26.9463
-26.9463
-26.9463
-26.9463
-26.9463
-26.9463
-26.9463
-26.9464
-26.9464
-26.9465
-26.9465
-26.9465
-26.9465
-26.9464
-26.9464
-26.9464
-26.9464
-26.9464
-26.9463
-31.8453
-31.8454
-31.8454
-31.8454
-31.8454
-31.8454
-31.8454
-31.8454
-31.8454
-31.8455
-31.8456
-31.8456
-31.8456
-31.8456
-31.8455
-31.8455
-31.8455
-31.8454
-31.8454
-31.8453
-36.7443
-36.7445
-36.7444
-36.7444
-36.7444
-36.7445
-36.7444
-36.7444
-36.7443
-36.7444
-36.7445
-36.7446
-36.7446
-36.7446
-36.7446
-36.7445
-36.7445
-36.7445
-36.7444
-36.7443
-41.6432
-41.6435
-41.6435
-41.6435
-41.6435
-41.6434
-41.6433
-41.643
-41.6429
-41.643
-41.6433
-41.6435
-41.6436
-41.6436
-41.6436
-41.6436
-41.6435
-41.6435
-41.6434
-41.6431
-46.5419
-46.5423
-46.5423
-46.5423
-46.5422
-46.542
-46.5415
-46.5409
-46.5405
-46.5407
-46.5414
-46.5419
-46.5422
-46.5424
-46.5425
-46.5425
-46.5425
-46.5425
-46.5424
-46.5421
-2.44952
-2.44953
-2.44954
-2.44954
-2.44954
-2.44954
-2.44955
-2.44959
-2.44966
-2.44985
-2.44995
-2.44995
-2.44998
-2.45001
-2.45005
-2.45009
-2.45011
-2.4501
-2.45006
-2.45005
-7.34925
-7.34925
-7.34926
-7.34926
-7.34925
-7.34925
-7.34927
-7.34931
-7.34935
-7.34942
-7.34949
-7.34953
-7.34955
-7.34958
-7.34961
-7.34964
-7.34964
-7.34961
-7.34954
-7.34948
-12.2487
-12.2487
-12.2487
-12.2487
-12.2487
-12.2487
-12.2487
-12.2488
-12.2488
-12.2488
-12.2488
-12.2489
-12.2489
-12.2489
-12.2489
-12.249
-12.249
-12.2489
-12.2489
-12.2488
-17.148
-17.148
-17.148
-17.148
-17.148
-17.148
-17.148
-17.1481
-17.148
-17.148
-17.1481
-17.1481
-17.1481
-17.1481
-17.1482
-17.1482
-17.1482
-17.1482
-17.1481
-17.148
-22.0472
-22.0472
-22.0472
-22.0472
-22.0472
-22.0472
-22.0472
-22.0472
-22.0472
-22.0472
-22.0473
-22.0473
-22.0473
-22.0473
-22.0473
-22.0473
-22.0473
-22.0473
-22.0473
-22.0472
-26.9463
-26.9464
-26.9464
-26.9464
-26.9464
-26.9464
-26.9463
-26.9463
-26.9463
-26.9463
-26.9464
-26.9465
-26.9465
-26.9465
-26.9465
-26.9465
-26.9464
-26.9464
-26.9464
-26.9463
-31.8454
-31.8455
-31.8454
-31.8454
-31.8454
-31.8454
-31.8454
-31.8453
-31.8453
-31.8454
-31.8455
-31.8456
-31.8456
-31.8456
-31.8455
-31.8455
-31.8455
-31.8455
-31.8455
-31.8454
-36.7444
-36.7445
-36.7445
-36.7445
-36.7445
-36.7445
-36.7444
-36.7441
-36.744
-36.7441
-36.7445
-36.7446
-36.7446
-36.7446
-36.7446
-36.7446
-36.7445
-36.7445
-36.7445
-36.7443
-41.6432
-41.6435
-41.6435
-41.6435
-41.6435
-41.6434
-41.643
-41.6425
-41.6422
-41.6424
-41.6431
-41.6434
-41.6436
-41.6436
-41.6436
-41.6436
-41.6436
-41.6435
-41.6435
-41.6432
-46.5419
-46.5423
-46.5424
-46.5423
-46.5421
-46.5417
-46.5409
-46.5398
-46.5391
-46.5396
-46.5407
-46.5417
-46.5421
-46.5424
-46.5425
-46.5425
-46.5426
-46.5425
-46.5424
-46.5421
-2.44952
-2.44954
-2.44955
-2.44956
-2.44956
-2.44957
-2.44959
-2.44966
-2.44976
-2.45027
-2.45044
-2.45022
-2.45013
-2.4501
-2.4501
-2.45011
-2.45011
-2.45008
-2.45003
-2.45001
-7.34923
-7.34924
-7.34925
-7.34926
-7.34926
-7.34928
-7.3493
-7.34935
-7.34917
-7.34917
-7.34952
-7.34964
-7.34962
-7.34962
-7.34963
-7.34964
-7.34964
-7.34961
-7.34954
-7.3495
-12.2487
-12.2487
-12.2487
-12.2487
-12.2487
-12.2487
-12.2487
-12.2488
-12.2485
-12.2485
-12.2488
-12.2489
-12.2489
-12.2489
-12.2489
-12.249
-12.2489
-12.2489
-12.2488
-12.2488
-17.148
-17.148
-17.148
-17.148
-17.148
-17.148
-17.148
-17.148
-17.1478
-17.1478
-17.148
-17.1481
-17.1481
-17.1481
-17.1482
-17.1482
-17.1482
-17.1481
-17.1481
-17.148
-22.0472
-22.0472
-22.0472
-22.0472
-22.0472
-22.0472
-22.0472
-22.0472
-22.047
-22.047
-22.0472
-22.0473
-22.0473
-22.0473
-22.0473
-22.0473
-22.0473
-22.0473
-22.0473
-22.0472
-26.9463
-26.9464
-26.9464
-26.9464
-26.9464
-26.9464
-26.9464
-26.9463
-26.9462
-26.9462
-26.9464
-26.9465
-26.9465
-26.9465
-26.9465
-26.9464
-26.9464
-26.9464
-26.9464
-26.9463
-31.8454
-31.8455
-31.8455
-31.8455
-31.8455
-31.8455
-31.8454
-31.8453
-31.8451
-31.8453
-31.8455
-31.8456
-31.8456
-31.8456
-31.8455
-31.8455
-31.8455
-31.8455
-31.8455
-31.8454
-36.7444
-36.7445
-36.7445
-36.7445
-36.7446
-36.7445
-36.7443
-36.744
-36.7438
-36.744
-36.7445
-36.7446
-36.7446
-36.7446
-36.7446
-36.7446
-36.7446
-36.7445
-36.7445
-36.7444
-41.6432
-41.6435
-41.6436
-41.6436
-41.6435
-41.6434
-41.6429
-41.6422
-41.6418
-41.6421
-41.643
-41.6434
-41.6436
-41.6436
-41.6436
-41.6436
-41.6436
-41.6436
-41.6435
-41.6433
-46.5419
-46.5423
-46.5424
-46.5423
-46.5421
-46.5415
-46.5405
-46.5391
-46.5383
-46.5389
-46.5404
-46.5415
-46.5421
-46.5424
-46.5425
-46.5425
-46.5426
-46.5426
-46.5425
-46.5422
-2.44955
-2.44957
-2.44958
-2.44959
-2.4496
-2.44962
-2.44968
-2.44985
-2.45027
-2.4515
-2.45132
-2.45051
-2.45025
-2.45017
-2.45015
-2.45015
-2.45015
-2.45013
-2.45009
-2.45008
-7.34924
-7.34925
-7.34927
-7.34928
-7.34929
-7.34931
-7.34935
-7.34942
-7.34917
-7.34902
-7.34951
-7.34973
-7.34967
-7.34965
-7.34965
-7.34965
-7.34965
-7.34963
-7.34958
-7.34957
-12.2487
-12.2487
-12.2487
-12.2487
-12.2487
-12.2487
-12.2488
-12.2488
-12.2485
-12.2484
-12.2488
-12.249
-12.2489
-12.2489
-12.2489
-12.2489
-12.2489
-12.2489
-12.2488
-12.2488
-17.148
-17.148
-17.148
-17.148
-17.148
-17.148
-17.148
-17.148
-17.1478
-17.1478
-17.148
-17.1481
-17.1481
-17.1481
-17.1481
-17.1482
-17.1481
-17.1481
-17.1481
-17.148
-22.0472
-22.0472
-22.0472
-22.0472
-22.0472
-22.0472
-22.0472
-22.0472
-22.047
-22.047
-22.0472
-22.0473
-22.0473
-22.0473
-22.0473
-22.0473
-22.0473
-22.0473
-22.0473
-22.0472
-26.9463
-26.9464
-26.9464
-26.9464
-26.9464
-26.9464
-26.9464
-26.9463
-26.9462
-26.9462
-26.9464
-26.9465
-26.9465
-26.9464
-26.9464
-26.9464
-26.9464
-26.9464
-26.9464
-26.9463
-31.8454
-31.8455
-31.8455
-31.8455
-31.8455
-31.8455
-31.8455
-31.8454
-31.8453
-31.8454
-31.8455
-31.8456
-31.8456
-31.8455
-31.8455
-31.8455
-31.8455
-31.8455
-31.8455
-31.8454
-36.7444
-36.7446
-36.7445
-36.7446
-36.7446
-36.7445
-36.7444
-36.7441
-36.744
-36.7442
-36.7445
-36.7446
-36.7446
-36.7446
-36.7446
-36.7446
-36.7446
-36.7445
-36.7445
-36.7444
-41.6433
-41.6435
-41.6436
-41.6436
-41.6436
-41.6434
-41.643
-41.6424
-41.6421
-41.6425
-41.6431
-41.6435
-41.6436
-41.6436
-41.6436
-41.6436
-41.6436
-41.6436
-41.6436
-41.6433
-46.542
-46.5423
-46.5424
-46.5423
-46.5421
-46.5416
-46.5407
-46.5396
-46.5389
-46.5394
-46.5407
-46.5417
-46.5422
-46.5424
-46.5425
-46.5425
-46.5426
-46.5426
-46.5425
-46.5423
-2.4496
-2.44962
-2.44964
-2.44965
-2.44966
-2.44968
-2.44976
-2.44995
-2.45044
-2.45132
-2.45114
-2.4505
-2.45027
-2.4502
-2.45019
-2.45019
-2.4502
-2.45019
-2.45017
-2.45019
-7.34926
-7.34928
-7.3493
-7.34931
-7.34933
-7.34935
-7.34939
-7.34949
-7.34952
-7.34951
-7.34962
-7.34973
-7.34969
-7.34966
-7.34966
-7.34967
-7.34966
-7.34965
-7.34961
-7.34961
-12.2487
-12.2487
-12.2487
-12.2487
-12.2487
-12.2488
-12.2488
-12.2488
-12.2488
-12.2488
-12.2489
-12.249
-12.2489
-12.2489
-12.2489
-12.2489
-12.2489
-12.2489
-12.2489
-12.2488
-17.148
-17.148
-17.148
-17.148
-17.148
-17.148
-17.1481
-17.1481
-17.148
-17.148
-17.1481
-17.1482
-17.1481
-17.1481
-17.1481
-17.1481
-17.1481
-17.1481
-17.1481
-17.148
-22.0472
-22.0472
-22.0472
-22.0472
-22.0472
-22.0473
-22.0473
-22.0473
-22.0472
-22.0472
-22.0473
-22.0473
-22.0473
-22.0473
-22.0473
-22.0473
-22.0473
-22.0473
-22.0473
-22.0472
-26.9463
-26.9464
-26.9464
-26.9464
-26.9464
-26.9464
-26.9465
-26.9464
-26.9464
-26.9464
-26.9465
-26.9465
-26.9464
-26.9464
-26.9464
-26.9464
-26.9464
-26.9464
-26.9464
-26.9463
-31.8454
-31.8455
-31.8455
-31.8455
-31.8455
-31.8456
-31.8456
-31.8455
-31.8455
-31.8455
-31.8456
-31.8456
-31.8455
-31.8455
-31.8455
-31.8455
-31.8455
-31.8455
-31.8455
-31.8454
-36.7444
-36.7446
-36.7445
-36.7446
-36.7446
-36.7446
-36.7445
-36.7445
-36.7445
-36.7445
-36.7446
-36.7446
-36.7446
-36.7446
-36.7446
-36.7446
-36.7446
-36.7446
-36.7446
-36.7444
-41.6433
-41.6435
-41.6436
-41.6436
-41.6436
-41.6435
-41.6433
-41.6431
-41.643
-41.6431
-41.6434
-41.6435
-41.6436
-41.6436
-41.6436
-41.6436
-41.6436
-41.6436
-41.6436
-41.6433
-46.542
-46.5423
-46.5424
-46.5424
-46.5422
-46.5419
-46.5414
-46.5407
-46.5404
-46.5407
-46.5414
-46.5419
-46.5422
-46.5424
-46.5425
-46.5426
-46.5426
-46.5426
-46.5426
-46.5423
-2.44968
-2.4497
-2.44972
-2.44973
-2.44973
-2.44975
-2.44981
-2.44995
-2.45022
-2.45051
-2.4505
-2.45033
-2.45024
-2.45021
-2.45021
-2.45022
-2.45023
-2.45024
-2.45023
-2.45027
-7.34929
-7.34932
-7.34934
-7.34936
-7.34938
-7.34939
-7.34944
-7.34953
-7.34964
-7.34973
-7.34973
-7.34971
-7.34968
-7.34966
-7.34966
-7.34967
-7.34967
-7.34966
-7.34962
-7.34962
-12.2487
-12.2487
-12.2487
-12.2487
-12.2488
-12.2488
-12.2488
-12.2489
-12.2489
-12.249
-12.249
-12.249
-12.2489
-12.2489
-12.2489
-12.2489
-12.2489
-12.2489
-12.2489
-12.2488
-17.148
-17.148
-17.148
-17.148
-17.148
-17.1481
-17.1481
-17.1481
-17.1481
-17.1481
-17.1482
-17.1481
-17.1481
-17.1481
-17.1481
-17.1481
-17.1481
-17.1481
-17.1481
-17.148
-22.0472
-22.0472
-22.0472
-22.0472
-22.0473
-22.0473
-22.0473
-22.0473
-22.0473
-22.0473
-22.0473
-22.0473
-22.0473
-22.0473
-22.0473
-22.0473
-22.0473
-22.0473
-22.0473
-22.0472
-26.9463
-26.9464
-26.9464
-26.9464
-26.9464
-26.9464
-26.9465
-26.9465
-26.9465
-26.9465
-26.9465
-26.9464
-26.9464
-26.9464
-26.9464
-26.9464
-26.9464
-26.9464
-26.9464
-26.9463
-31.8454
-31.8455
-31.8455
-31.8455
-31.8455
-31.8456
-31.8456
-31.8456
-31.8456
-31.8456
-31.8456
-31.8456
-31.8455
-31.8455
-31.8455
-31.8455
-31.8455
-31.8455
-31.8455
-31.8454
-36.7444
-36.7445
-36.7445
-36.7445
-36.7446
-36.7446
-36.7446
-36.7446
-36.7446
-36.7446
-36.7446
-36.7446
-36.7446
-36.7446
-36.7446
-36.7446
-36.7446
-36.7446
-36.7446
-36.7444
-41.6433
-41.6435
-41.6436
-41.6436
-41.6436
-41.6436
-41.6435
-41.6434
-41.6434
-41.6435
-41.6435
-41.6436
-41.6436
-41.6436
-41.6436
-41.6436
-41.6436
-41.6436
-41.6436
-41.6434
-46.5421
-46.5424
-46.5424
-46.5424
-46.5423
-46.5422
-46.5419
-46.5417
-46.5415
-46.5417
-46.5419
-46.5422
-46.5424
-46.5425
-46.5425
-46.5426
-46.5426
-46.5426
-46.5426
-46.5423
-2.44979
-2.44981
-2.44982
-2.44983
-2.44983
-2.44983
-2.44988
-2.44998
-2.45013
-2.45025
-2.45027
-2.45024
-2.45022
-2.45021
-2.45022
-2.45023
-2.45024
-2.45024
-2.45024
-2.45027
-7.34934
-7.34937
-7.3494
-7.34942
-7.34944
-7.34945
-7.34949
-7.34955
-7.34962
-7.34967
-7.34969
-7.34968
-7.34966
-7.34965
-7.34965
-7.34966
-7.34966
-7.34965
-7.34963
-7.34961
-12.2487
-12.2487
-12.2488
-12.2488
-12.2488
-12.2488
-12.2489
-12.2489
-12.2489
-12.2489
-12.2489
-12.2489
-12.2489
-12.2489
-12.2489
-12.2489
-12.2489
-12.2489
-12.2488
-12.2488
-17.148
-17.148
-17.148
-17.148
-17.1481
-17.1481
-17.1481
-17.1481
-17.1481
-17.1481
-17.1481
-17.1481
-17.1481
-17.1481
-17.1481
-17.1481
-17.1481
-17.1481
-17.148
-17.148
-22.0472
-22.0472
-22.0472
-22.0473
-22.0473
-22.0473
-22.0473
-22.0473
-22.0473
-22.0473
-22.0473
-22.0473
-22.0473
-22.0473
-22.0473
-22.0472
-22.0472
-22.0472
-22.0472
-22.0472
-26.9463
-26.9464
-26.9464
-26.9464
-26.9464
-26.9464
-26.9465
-26.9465
-26.9465
-26.9465
-26.9464
-26.9464
-26.9464
-26.9464
-26.9464
-26.9464
-26.9464
-26.9464
-26.9464
-26.9463
-31.8453
-31.8455
-31.8455
-31.8455
-31.8455
-31.8455
-31.8456
-31.8456
-31.8456
-31.8456
-31.8455
-31.8455
-31.8455
-31.8455
-31.8455
-31.8455
-31.8455
-31.8455
-31.8455
-31.8454
-36.7444
-36.7445
-36.7445
-36.7445
-36.7446
-36.7446
-36.7446
-36.7446
-36.7446
-36.7446
-36.7446
-36.7446
-36.7446
-36.7446
-36.7446
-36.7446
-36.7446
-36.7446
-36.7446
-36.7444
-41.6433
-41.6435
-41.6435
-41.6436
-41.6436
-41.6436
-41.6436
-41.6436
-41.6436
-41.6436
-41.6436
-41.6436
-41.6436
-41.6436
-41.6436
-41.6436
-41.6436
-41.6436
-41.6436
-41.6434
-46.5421
-46.5424
-46.5425
-46.5425
-46.5424
-46.5423
-46.5422
-46.5421
-46.5421
-46.5422
-46.5422
-46.5424
-46.5424
-46.5425
-46.5426
-46.5426
-46.5427
-46.5427
-46.5426
-46.5424
-2.44992
-2.44994
-2.44995
-2.44995
-2.44994
-2.44994
-2.44996
-2.45001
-2.4501
-2.45017
-2.4502
-2.45021
-2.45021
-2.45021
-2.45021
-2.45021
-2.4502
-2.45019
-2.45018
-2.45021
-7.34941
-7.34944
-7.34947
-7.34949
-7.34951
-7.34952
-7.34954
-7.34958
-7.34962
-7.34965
-7.34966
-7.34966
-7.34965
-7.34964
-7.34964
-7.34963
-7.34963
-7.34962
-7.3496
-7.34959
-12.2488
-12.2488
-12.2488
-12.2488
-12.2489
-12.2489
-12.2489
-12.2489
-12.2489
-12.2489
-12.2489
-12.2489
-12.2489
-12.2489
-12.2489
-12.2489
-12.2489
-12.2488
-12.2488
-12.2488
-17.148
-17.148
-17.148
-17.1481
-17.1481
-17.1481
-17.1481
-17.1481
-17.1481
-17.1481
-17.1481
-17.1481
-17.1481
-17.1481
-17.1481
-17.1481
-17.1481
-17.148
-17.148
-17.1479
-22.0472
-22.0472
-22.0472
-22.0473
-22.0473
-22.0473
-22.0473
-22.0473
-22.0473
-22.0473
-22.0473
-22.0473
-22.0473
-22.0473
-22.0472
-22.0472
-22.0472
-22.0472
-22.0472
-22.0471
-26.9463
-26.9463
-26.9464
-26.9464
-26.9464
-26.9464
-26.9465
-26.9465
-26.9465
-26.9464
-26.9464
-26.9464
-26.9464
-26.9464
-26.9464
-26.9464
-26.9464
-26.9464
-26.9464
-26.9463
-31.8453
-31.8454
-31.8454
-31.8455
-31.8455
-31.8455
-31.8456
-31.8456
-31.8456
-31.8455
-31.8455
-31.8455
-31.8455
-31.8455
-31.8455
-31.8455
-31.8455
-31.8455
-31.8455
-31.8454
-36.7444
-36.7445
-36.7445
-36.7445
-36.7445
-36.7446
-36.7446
-36.7446
-36.7446
-36.7446
-36.7446
-36.7446
-36.7446
-36.7446
-36.7446
-36.7445
-36.7445
-36.7445
-36.7445
-36.7444
-41.6433
-41.6435
-41.6435
-41.6435
-41.6435
-41.6436
-41.6436
-41.6436
-41.6436
-41.6436
-41.6436
-41.6436
-41.6436
-41.6436
-41.6436
-41.6436
-41.6436
-41.6436
-41.6436
-41.6434
-46.5422
-46.5424
-46.5425
-46.5425
-46.5425
-46.5424
-46.5424
-46.5424
-46.5424
-46.5424
-46.5424
-46.5425
-46.5425
-46.5426
-46.5426
-46.5427
-46.5427
-46.5427
-46.5426
-46.5424
-2.45008
-2.4501
-2.45011
-2.4501
-2.45008
-2.45005
-2.45003
-2.45005
-2.4501
-2.45015
-2.45019
-2.45021
-2.45022
-2.45021
-2.45019
-2.45016
-2.45013
-2.45009
-2.45005
-2.45007
-7.3495
-7.34953
-7.34956
-7.34958
-7.34959
-7.34959
-7.34959
-7.34961
-7.34963
-7.34965
-7.34966
-7.34966
-7.34965
-7.34964
-7.34962
-7.34959
-7.34957
-7.34954
-7.34951
-7.3495
-12.2488
-12.2488
-12.2489
-12.2489
-12.2489
-12.2489
-12.2489
-12.2489
-12.2489
-12.2489
-12.2489
-12.2489
-12.2489
-12.2489
-12.2489
-12.2488
-12.2488
-12.2488
-12.2487
-12.2487
-17.148
-17.148
-17.1481
-17.1481
-17.1481
-17.1482
-17.1482
-17.1482
-17.1482
-17.1481
-17.1481
-17.1481
-17.1481
-17.1481
-17.1481
-17.148
-17.148
-17.148
-17.148
-17.1479
-22.0472
-22.0472
-22.0472
-22.0473
-22.0473
-22.0473
-22.0473
-22.0473
-22.0473
-22.0473
-22.0473
-22.0473
-22.0473
-22.0472
-22.0472
-22.0472
-22.0472
-22.0472
-22.0472
-22.0471
-26.9462
-26.9463
-26.9463
-26.9464
-26.9464
-26.9464
-26.9464
-26.9465
-26.9465
-26.9464
-26.9464
-26.9464
-26.9464
-26.9464
-26.9464
-26.9463
-26.9463
-26.9463
-26.9463
-26.9462
-31.8453
-31.8454
-31.8454
-31.8454
-31.8455
-31.8455
-31.8455
-31.8455
-31.8455
-31.8455
-31.8455
-31.8455
-31.8455
-31.8455
-31.8455
-31.8455
-31.8455
-31.8454
-31.8454
-31.8453
-36.7443
-36.7445
-36.7444
-36.7445
-36.7445
-36.7445
-36.7446
-36.7446
-36.7446
-36.7446
-36.7446
-36.7446
-36.7446
-36.7446
-36.7445
-36.7445
-36.7445
-36.7445
-36.7445
-36.7444
-41.6433
-41.6435
-41.6435
-41.6435
-41.6435
-41.6435
-41.6436
-41.6436
-41.6436
-41.6436
-41.6436
-41.6436
-41.6436
-41.6436
-41.6436
-41.6436
-41.6436
-41.6436
-41.6436
-41.6433
-46.5423
-46.5425
-46.5425
-46.5425
-46.5425
-46.5425
-46.5425
-46.5425
-46.5425
-46.5425
-46.5425
-46.5425
-46.5426
-46.5426
-46.5427
-46.5427
-46.5427
-46.5427
-46.5426
-46.5424
-2.45026
-2.45028
-2.45029
-2.45027
-2.45023
-2.45017
-2.45011
-2.45009
-2.45011
-2.45015
-2.45019
-2.45022
-2.45023
-2.45021
-2.45016
-2.45009
-2.45
-2.44992
-2.44984
-2.44984
-7.34962
-7.34964
-7.34967
-7.34968
-7.34968
-7.34966
-7.34964
-7.34964
-7.34964
-7.34965
-7.34967
-7.34967
-7.34966
-7.34963
-7.34959
-7.34954
-7.34948
-7.34942
-7.34937
-7.34935
-12.2489
-12.2489
-12.2489
-12.2489
-12.249
-12.249
-12.249
-12.249
-12.249
-12.2489
-12.2489
-12.2489
-12.2489
-12.2489
-12.2488
-12.2488
-12.2487
-12.2487
-12.2487
-12.2486
-17.1481
-17.1481
-17.1481
-17.1481
-17.1482
-17.1482
-17.1482
-17.1482
-17.1482
-17.1482
-17.1481
-17.1481
-17.1481
-17.1481
-17.148
-17.148
-17.148
-17.1479
-17.1479
-17.1478
-22.0472
-22.0472
-22.0472
-22.0473
-22.0473
-22.0473
-22.0473
-22.0473
-22.0473
-22.0473
-22.0473
-22.0473
-22.0472
-22.0472
-22.0472
-22.0472
-22.0472
-22.0471
-22.0471
-22.047
-26.9462
-26.9463
-26.9463
-26.9464
-26.9464
-26.9464
-26.9464
-26.9465
-26.9464
-26.9464
-26.9464
-26.9464
-26.9464
-26.9464
-26.9463
-26.9463
-26.9463
-26.9463
-26.9463
-26.9462
-31.8452
-31.8454
-31.8454
-31.8454
-31.8454
-31.8455
-31.8455
-31.8455
-31.8455
-31.8455
-31.8455
-31.8455
-31.8455
-31.8455
-31.8455
-31.8454
-31.8454
-31.8454
-31.8454
-31.8453
-36.7443
-36.7444
-36.7444
-36.7444
-36.7444
-36.7445
-36.7445
-36.7446
-36.7446
-36.7446
-36.7446
-36.7446
-36.7446
-36.7445
-36.7445
-36.7445
-36.7445
-36.7445
-36.7445
-36.7443
-41.6433
-41.6434
-41.6434
-41.6434
-41.6435
-41.6435
-41.6436
-41.6436
-41.6436
-41.6436
-41.6436
-41.6436
-41.6436
-41.6436
-41.6436
-41.6436
-41.6436
-41.6436
-41.6435
-41.6433
-46.5423
-46.5424
-46.5425
-46.5425
-46.5425
-46.5425
-46.5425
-46.5425
-46.5425
-46.5425
-46.5426
-46.5426
-46.5426
-46.5427
-46.5427
-46.5427
-46.5427
-46.5427
-46.5426
-46.5424
-2.45044
-2.45046
-2.45046
-2.45043
-2.45036
-2.45027
-2.45018
-2.45011
-2.45011
-2.45015
-2.4502
-2.45023
-2.45024
-2.4502
-2.45013
-2.45
-2.44985
-2.44968
-2.44954
-2.4495
-7.34976
-7.34978
-7.3498
-7.34979
-7.34976
-7.34971
-7.34967
-7.34964
-7.34964
-7.34965
-7.34966
-7.34967
-7.34966
-7.34963
-7.34957
-7.34948
-7.34937
-7.34926
-7.34916
-7.34912
-12.249
-12.249
-12.249
-12.249
-12.249
-12.249
-12.249
-12.249
-12.2489
-12.2489
-12.2489
-12.2489
-12.2489
-12.2489
-12.2488
-12.2487
-12.2487
-12.2486
-12.2485
-12.2485
-17.1481
-17.1481
-17.1481
-17.1482
-17.1482
-17.1482
-17.1482
-17.1482
-17.1482
-17.1481
-17.1481
-17.1481
-17.1481
-17.1481
-17.148
-17.148
-17.1479
-17.1479
-17.1478
-17.1477
-22.0471
-22.0472
-22.0472
-22.0473
-22.0473
-22.0473
-22.0473
-22.0473
-22.0473
-22.0473
-22.0473
-22.0473
-22.0472
-22.0472
-22.0472
-22.0472
-22.0471
-22.0471
-22.047
-22.0469
-26.9462
-26.9462
-26.9463
-26.9463
-26.9464
-26.9464
-26.9464
-26.9464
-26.9464
-26.9464
-26.9464
-26.9464
-26.9464
-26.9464
-26.9463
-26.9463
-26.9463
-26.9462
-26.9462
-26.9461
-31.8452
-31.8453
-31.8453
-31.8453
-31.8454
-31.8454
-31.8455
-31.8455
-31.8455
-31.8455
-31.8455
-31.8455
-31.8455
-31.8455
-31.8455
-31.8454
-31.8454
-31.8454
-31.8453
-31.8452
-36.7442
-36.7443
-36.7443
-36.7444
-36.7444
-36.7444
-36.7445
-36.7445
-36.7446
-36.7446
-36.7446
-36.7446
-36.7446
-36.7445
-36.7445
-36.7445
-36.7445
-36.7445
-36.7444
-36.7442
-41.6432
-41.6433
-41.6434
-41.6434
-41.6434
-41.6435
-41.6435
-41.6436
-41.6436
-41.6436
-41.6436
-41.6436
-41.6436
-41.6436
-41.6436
-41.6436
-41.6436
-41.6435
-41.6435
-41.6433
-46.5423
-46.5424
-46.5424
-46.5424
-46.5424
-46.5425
-46.5425
-46.5426
-46.5426
-46.5426
-46.5426
-46.5426
-46.5427
-46.5427
-46.5427
-46.5427
-46.5427
-46.5427
-46.5426
-46.5424
-2.45057
-2.45056
-2.45054
-2.45049
-2.45041
-2.45031
-2.4502
-2.4501
-2.45008
-2.45013
-2.45019
-2.45024
-2.45024
-2.45019
-2.45009
-2.44992
-2.44968
-2.44941
-2.44915
-2.44905
-7.3499
-7.34989
-7.34988
-7.34984
-7.34979
-7.34972
-7.34965
-7.34961
-7.34961
-7.34963
-7.34965
-7.34966
-7.34965
-7.34962
-7.34954
-7.34942
-7.34926
-7.34907
-7.34891
-7.34883
-12.249
-12.249
-12.249
-12.249
-12.249
-12.249
-12.2489
-12.2489
-12.2489
-12.2489
-12.2489
-12.2489
-12.2489
-12.2488
-12.2488
-12.2487
-12.2486
-12.2485
-12.2484
-12.2483
-17.1481
-17.1481
-17.1481
-17.1482
-17.1482
-17.1482
-17.1482
-17.1482
-17.1481
-17.1481
-17.1481
-17.1481
-17.1481
-17.148
-17.148
-17.1479
-17.1479
-17.1478
-17.1477
-17.1476
-22.0471
-22.0471
-22.0472
-22.0472
-22.0473
-22.0473
-22.0473
-22.0473
-22.0473
-22.0473
-22.0473
-22.0473
-22.0472
-22.0472
-22.0472
-22.0471
-22.0471
-22.047
-22.0469
-22.0469
-26.9461
-26.9461
-26.9462
-26.9463
-26.9463
-26.9464
-26.9464
-26.9464
-26.9464
-26.9464
-26.9464
-26.9464
-26.9464
-26.9464
-26.9463
-26.9463
-26.9462
-26.9462
-26.9461
-26.946
-31.8451
-31.8452
-31.8452
-31.8453
-31.8453
-31.8454
-31.8454
-31.8455
-31.8455
-31.8455
-31.8455
-31.8455
-31.8455
-31.8455
-31.8454
-31.8454
-31.8454
-31.8453
-31.8452
-31.8451
-36.7441
-36.7442
-36.7442
-36.7443
-36.7443
-36.7444
-36.7445
-36.7445
-36.7445
-36.7445
-36.7446
-36.7446
-36.7446
-36.7445
-36.7445
-36.7445
-36.7445
-36.7444
-36.7443
-36.7441
-41.6431
-41.6432
-41.6433
-41.6433
-41.6434
-41.6434
-41.6435
-41.6435
-41.6436
-41.6436
-41.6436
-41.6436
-41.6436
-41.6436
-41.6436
-41.6436
-41.6435
-41.6435
-41.6434
-41.6432
-46.5422
-46.5423
-46.5424
-46.5424
-46.5424
-46.5424
-46.5425
-46.5425
-46.5426
-46.5426
-46.5426
-46.5426
-46.5427
-46.5427
-46.5427
-46.5427
-46.5427
-46.5426
-46.5426
-46.5424
-2.45053
-2.45049
-2.45045
-2.45039
-2.45032
-2.45024
-2.45015
-2.45006
-2.45003
-2.45009
-2.45017
-2.45023
-2.45024
-2.45018
-2.45005
-2.44984
-2.44954
-2.44915
-2.44877
-2.44857
-7.3499
-7.34986
-7.34983
-7.34979
-7.34973
-7.34966
-7.34959
-7.34954
-7.34954
-7.34958
-7.34961
-7.34962
-7.34963
-7.3496
-7.34951
-7.34937
-7.34916
-7.34891
-7.34866
-7.34853
-12.249
-12.249
-12.249
-12.249
-12.249
-12.2489
-12.2489
-12.2489
-12.2488
-12.2488
-12.2489
-12.2489
-12.2488
-12.2488
-12.2487
-12.2487
-12.2485
-12.2484
-12.2482
-12.2481
-17.148
-17.1481
-17.1481
-17.1481
-17.1481
-17.1481
-17.1481
-17.1481
-17.1481
-17.1481
-17.1481
-17.1481
-17.148
-17.148
-17.148
-17.1479
-17.1478
-17.1477
-17.1476
-17.1475
-22.047
-22.0471
-22.0471
-22.0472
-22.0472
-22.0473
-22.0473
-22.0473
-22.0473
-22.0473
-22.0473
-22.0473
-22.0472
-22.0472
-22.0472
-22.0471
-22.047
-22.0469
-22.0469
-22.0468
-26.946
-26.9461
-26.9461
-26.9462
-26.9463
-26.9463
-26.9464
-26.9464
-26.9464
-26.9464
-26.9464
-26.9464
-26.9464
-26.9464
-26.9463
-26.9463
-26.9462
-26.9461
-26.9461
-26.9459
-31.845
-31.8451
-31.8451
-31.8452
-31.8453
-31.8454
-31.8454
-31.8455
-31.8455
-31.8455
-31.8455
-31.8455
-31.8455
-31.8455
-31.8454
-31.8454
-31.8453
-31.8452
-31.8452
-31.845
-36.744
-36.7441
-36.7441
-36.7442
-36.7443
-36.7444
-36.7444
-36.7445
-36.7445
-36.7445
-36.7446
-36.7446
-36.7446
-36.7445
-36.7445
-36.7445
-36.7444
-36.7443
-36.7442
-36.744
-41.6429
-41.6431
-41.6432
-41.6432
-41.6433
-41.6433
-41.6434
-41.6435
-41.6435
-41.6436
-41.6436
-41.6436
-41.6436
-41.6436
-41.6436
-41.6435
-41.6435
-41.6434
-41.6433
-41.6431
-46.5421
-46.5422
-46.5423
-46.5423
-46.5423
-46.5423
-46.5424
-46.5424
-46.5425
-46.5425
-46.5426
-46.5426
-46.5426
-46.5426
-46.5426
-46.5426
-46.5426
-46.5426
-46.5425
-46.5423
-2.45031
-2.45028
-2.45025
-2.45023
-2.45019
-2.45016
-2.45012
-2.45005
-2.45001
-2.45008
-2.45019
-2.45027
-2.45027
-2.45021
-2.45007
-2.44984
-2.4495
-2.44905
-2.44857
-2.44825
-7.34969
-7.34966
-7.34965
-7.34962
-7.34959
-7.34955
-7.34951
-7.34948
-7.3495
-7.34957
-7.34961
-7.34962
-7.34961
-7.34959
-7.3495
-7.34935
-7.34912
-7.34883
-7.34853
-7.34832
-12.2489
-12.2489
-12.2489
-12.2489
-12.2488
-12.2488
-12.2488
-12.2488
-12.2488
-12.2488
-12.2488
-12.2488
-12.2488
-12.2488
-12.2487
-12.2486
-12.2485
-12.2483
-12.2481
-12.248
-17.1479
-17.1479
-17.148
-17.148
-17.148
-17.148
-17.148
-17.148
-17.148
-17.148
-17.148
-17.148
-17.148
-17.1479
-17.1479
-17.1478
-17.1477
-17.1476
-17.1475
-17.1474
-22.0469
-22.0469
-22.047
-22.0471
-22.0471
-22.0472
-22.0472
-22.0472
-22.0472
-22.0472
-22.0472
-22.0472
-22.0472
-22.0471
-22.0471
-22.047
-22.0469
-22.0469
-22.0468
-22.0467
-26.9459
-26.9459
-26.946
-26.9461
-26.9462
-26.9462
-26.9463
-26.9463
-26.9463
-26.9463
-26.9463
-26.9463
-26.9463
-26.9463
-26.9462
-26.9462
-26.9461
-26.946
-26.9459
-26.9459
-31.8448
-31.8449
-31.845
-31.8451
-31.8452
-31.8453
-31.8453
-31.8454
-31.8454
-31.8454
-31.8454
-31.8454
-31.8454
-31.8454
-31.8453
-31.8453
-31.8452
-31.8451
-31.845
-31.8449
-36.7438
-36.7439
-36.744
-36.7441
-36.7441
-36.7442
-36.7443
-36.7443
-36.7444
-36.7444
-36.7444
-36.7444
-36.7444
-36.7444
-36.7444
-36.7443
-36.7442
-36.7441
-36.744
-36.7439
-41.6427
-41.6429
-41.6429
-41.643
-41.643
-41.6431
-41.6431
-41.6432
-41.6433
-41.6433
-41.6433
-41.6434
-41.6434
-41.6434
-41.6433
-41.6433
-41.6433
-41.6432
-41.6431
-41.6429
-46.5419
-46.542
-46.542
-46.5421
-46.5421
-46.5421
-46.5421
-46.5421
-46.5422
-46.5423
-46.5423
-46.5423
-46.5424
-46.5424
-46.5424
-46.5424
-46.5424
-46.5424
-46.5423
-46.5422
)
;

boundaryField
{
    floor
    {
        type            calculated;
        value           nonuniform List<scalar> 
400
(
-1.10974e-05
-0.000208932
-0.000309307
-0.000176865
0.000165853
0.000337899
0.000405637
0.000436468
0.000431686
0.000385512
0.000306087
0.000192935
4.42615e-05
-0.000139087
-0.000347177
-0.000571145
-0.000800993
-0.000967647
-0.000957182
-0.000766289
-0.000208932
-0.000272138
-0.000278757
-0.000129792
0.000170256
0.000338678
0.000397837
0.000423106
0.000418487
0.000376934
0.000300626
0.000190459
4.15677e-05
-0.000146758
-0.000365214
-0.000598647
-0.000823518
-0.000959196
-0.000919387
-0.000725275
-0.000309307
-0.000278757
-0.000206584
-4.67028e-05
0.000211623
0.000350454
0.000391675
0.000411405
0.000404713
0.0003662
0.000297621
0.000194423
5.22216e-05
-0.000133133
-0.000355854
-0.000596528
-0.00081799
-0.00093543
-0.000874489
-0.000697571
-0.000176865
-0.000129792
-4.67028e-05
9.87948e-05
0.000271967
0.000370875
0.000391029
0.000402255
0.000390299
0.000352706
0.000290259
0.000197573
6.59273e-05
-0.000106596
-0.000320829
-0.000558785
-0.000772355
-0.000872639
-0.000808409
-0.000662182
0.000165853
0.000170256
0.000211623
0.000271967
0.000344798
0.000399238
0.000399818
0.000405899
0.000388696
0.000345916
0.000283461
0.000192971
7.45932e-05
-7.56756e-05
-0.000263211
-0.000480523
-0.000682629
-0.000779716
-0.000727841
-0.000621234
0.000337899
0.000338678
0.000350454
0.000370875
0.000399238
0.000411757
0.000409188
0.000418587
0.000390526
0.00031921
0.000244098
0.000161476
6.03442e-05
-6.03692e-05
-0.000204402
-0.000373004
-0.000543853
-0.000646868
-0.000627845
-0.000574386
0.000405637
0.000397837
0.000391675
0.000391029
0.000399818
0.000409188
0.000408826
0.00040801
0.00035864
0.000235048
0.000142338
7.98654e-05
5.38366e-06
-7.98979e-05
-0.000176469
-0.000282561
-0.000388898
-0.000465689
-0.000488554
-0.000505334
0.000436468
0.000423106
0.000411405
0.000402255
0.000405899
0.000418587
0.00040801
0.000382418
0.000268857
-1.92268e-05
-0.000128965
-9.24973e-05
-0.000108376
-0.000145038
-0.000195366
-0.000248615
-0.000290751
-0.000306581
-0.000305449
-0.000365011
0.000431686
0.000418487
0.000404713
0.000390299
0.000388696
0.000390526
0.00035864
0.000268857
-8.6902e-05
-0.00131657
-0.00121578
-0.000416228
-0.000280079
-0.000246826
-0.000257062
-0.000278773
-0.000288416
-0.000267394
-0.000220137
-0.00020944
0.000385512
0.000376934
0.0003662
0.000352706
0.000345916
0.00031921
0.000235048
-1.92268e-05
-0.00131657
-0.00543231
-0.00382048
-0.000772605
-0.000426901
-0.00034359
-0.000332968
-0.000345229
-0.000353024
-0.000338548
-0.000302336
-0.000296928
0.000306087
0.000300626
0.000297621
0.000290259
0.000283461
0.000244098
0.000142338
-0.000128965
-0.00121578
-0.00382048
-0.0029987
-0.000734503
-0.000466953
-0.000402706
-0.00039811
-0.000413485
-0.00043006
-0.00043252
-0.000420473
-0.000440842
0.000192935
0.000190459
0.000194423
0.000197573
0.000192971
0.000161476
7.98654e-05
-9.24973e-05
-0.000416228
-0.000772605
-0.000734503
-0.000536555
-0.00045379
-0.000434714
-0.000445746
-0.000468046
-0.000490134
-0.00050279
-0.000506888
-0.000554854
4.42615e-05
4.15677e-05
5.22216e-05
6.59273e-05
7.45932e-05
6.03442e-05
5.38366e-06
-0.000108376
-0.000280079
-0.000426901
-0.000466953
-0.00045379
-0.000447422
-0.000455973
-0.000474108
-0.000495984
-0.000516452
-0.000528576
-0.000532397
-0.000580606
-0.000139087
-0.000146758
-0.000133133
-0.000106596
-7.56756e-05
-6.03692e-05
-7.98979e-05
-0.000145038
-0.000246826
-0.00034359
-0.000402706
-0.000434714
-0.000455973
-0.000472045
-0.000483806
-0.000492352
-0.000498314
-0.000497499
-0.000490564
-0.000532497
-0.000347177
-0.000365214
-0.000355854
-0.000320829
-0.000263211
-0.000204402
-0.000176469
-0.000195366
-0.000257062
-0.000332968
-0.00039811
-0.000445746
-0.000474108
-0.000483806
-0.000476426
-0.000456892
-0.000431307
-0.000400663
-0.000370616
-0.00040086
-0.000571145
-0.000598647
-0.000596528
-0.000558785
-0.000480523
-0.000373004
-0.000282561
-0.000248615
-0.000278773
-0.000345229
-0.000413485
-0.000468046
-0.000495984
-0.000492352
-0.000456892
-0.00039527
-0.000317879
-0.000234085
-0.000162095
-0.000170451
-0.000800993
-0.000823518
-0.00081799
-0.000772355
-0.000682629
-0.000543853
-0.000388898
-0.000290751
-0.000288416
-0.000353024
-0.00043006
-0.000490134
-0.000516452
-0.000498314
-0.000431307
-0.000317879
-0.00016882
-2.55028e-06
0.000140649
0.00017127
-0.000967647
-0.000959196
-0.00093543
-0.000872639
-0.000779716
-0.000646868
-0.000465689
-0.000306581
-0.000267394
-0.000338548
-0.00043252
-0.00050279
-0.000528576
-0.000497499
-0.000400663
-0.000234085
-2.55028e-06
0.000272331
0.000524591
0.000623927
-0.000957182
-0.000919387
-0.000874489
-0.000808409
-0.000727841
-0.000627845
-0.000488554
-0.000305449
-0.000220137
-0.000302336
-0.000420473
-0.000506888
-0.000532397
-0.000490564
-0.000370616
-0.000162095
0.000140649
0.000524591
0.00091306
0.00112119
-0.000766289
-0.000725275
-0.000697571
-0.000662182
-0.000621234
-0.000574386
-0.000505334
-0.000365011
-0.00020944
-0.000296928
-0.000440842
-0.000554854
-0.000580606
-0.000532497
-0.00040086
-0.000170451
0.00017127
0.000623927
0.00112119
0.00144889
)
;
    }
    ceiling
    {
        type            calculated;
        value           nonuniform List<scalar> 
400
(
-48.9916
-48.9917
-48.9917
-48.9917
-48.9917
-48.9916
-48.9915
-48.9915
-48.9915
-48.9916
-48.9916
-48.9917
-48.9918
-48.9918
-48.9919
-48.9919
-48.9919
-48.9919
-48.9918
-48.9916
-48.9917
-48.9919
-48.9919
-48.992
-48.9919
-48.9919
-48.9919
-48.9919
-48.9919
-48.9919
-48.9919
-48.992
-48.992
-48.992
-48.9921
-48.9921
-48.992
-48.992
-48.9919
-48.9917
-48.9917
-48.9919
-48.992
-48.992
-48.992
-48.9919
-48.9919
-48.9919
-48.9919
-48.9919
-48.9919
-48.992
-48.992
-48.992
-48.9921
-48.9921
-48.992
-48.992
-48.9919
-48.9917
-48.9917
-48.992
-48.992
-48.992
-48.9919
-48.9919
-48.9919
-48.9918
-48.9918
-48.9919
-48.9919
-48.992
-48.992
-48.992
-48.992
-48.992
-48.992
-48.992
-48.9919
-48.9917
-48.9917
-48.9919
-48.992
-48.9919
-48.9919
-48.9918
-48.9917
-48.9916
-48.9916
-48.9916
-48.9917
-48.9918
-48.9919
-48.992
-48.992
-48.992
-48.992
-48.992
-48.9919
-48.9917
-48.9916
-48.9919
-48.9919
-48.9919
-48.9918
-48.9917
-48.9914
-48.9911
-48.991
-48.9911
-48.9914
-48.9917
-48.9919
-48.992
-48.992
-48.992
-48.9921
-48.992
-48.992
-48.9917
-48.9915
-48.9919
-48.9919
-48.9919
-48.9917
-48.9914
-48.9909
-48.9903
-48.9899
-48.9901
-48.9908
-48.9914
-48.9917
-48.9919
-48.992
-48.9921
-48.9921
-48.9921
-48.992
-48.9918
-48.9915
-48.9919
-48.9919
-48.9918
-48.9916
-48.9911
-48.9903
-48.9892
-48.9884
-48.9889
-48.9901
-48.9911
-48.9916
-48.9919
-48.992
-48.9921
-48.9921
-48.9921
-48.9921
-48.9918
-48.9915
-48.9919
-48.9919
-48.9918
-48.9916
-48.991
-48.9899
-48.9884
-48.9875
-48.9881
-48.9897
-48.9909
-48.9916
-48.9918
-48.992
-48.9921
-48.9921
-48.9922
-48.9921
-48.9919
-48.9916
-48.9919
-48.9919
-48.9919
-48.9916
-48.9911
-48.9901
-48.9889
-48.9881
-48.9887
-48.9901
-48.9911
-48.9916
-48.9919
-48.992
-48.9921
-48.9922
-48.9922
-48.9921
-48.9919
-48.9916
-48.9919
-48.9919
-48.9919
-48.9917
-48.9914
-48.9908
-48.9901
-48.9897
-48.9901
-48.9908
-48.9914
-48.9917
-48.9919
-48.992
-48.9921
-48.9922
-48.9922
-48.9922
-48.9919
-48.9917
-48.992
-48.992
-48.992
-48.9918
-48.9917
-48.9914
-48.9911
-48.9909
-48.9911
-48.9914
-48.9917
-48.9918
-48.992
-48.9921
-48.9922
-48.9922
-48.9922
-48.9922
-48.992
-48.9918
-48.992
-48.992
-48.992
-48.9919
-48.9919
-48.9917
-48.9916
-48.9916
-48.9916
-48.9917
-48.9918
-48.992
-48.9921
-48.9921
-48.9922
-48.9923
-48.9923
-48.9922
-48.992
-48.9918
-48.992
-48.992
-48.992
-48.992
-48.992
-48.9919
-48.9919
-48.9918
-48.9919
-48.9919
-48.992
-48.9921
-48.9921
-48.9922
-48.9922
-48.9923
-48.9923
-48.9923
-48.9921
-48.9919
-48.9921
-48.9921
-48.992
-48.992
-48.992
-48.992
-48.992
-48.992
-48.992
-48.992
-48.9921
-48.9921
-48.9922
-48.9922
-48.9923
-48.9923
-48.9923
-48.9923
-48.9921
-48.9919
-48.9921
-48.9921
-48.992
-48.992
-48.992
-48.9921
-48.9921
-48.9921
-48.9921
-48.9921
-48.9922
-48.9922
-48.9922
-48.9923
-48.9923
-48.9923
-48.9923
-48.9923
-48.9921
-48.9919
-48.992
-48.992
-48.992
-48.992
-48.9921
-48.9921
-48.9921
-48.9921
-48.9922
-48.9922
-48.9922
-48.9923
-48.9923
-48.9923
-48.9923
-48.9923
-48.9923
-48.9923
-48.9921
-48.9919
-48.992
-48.992
-48.992
-48.992
-48.992
-48.9921
-48.9921
-48.9922
-48.9922
-48.9922
-48.9922
-48.9923
-48.9923
-48.9923
-48.9923
-48.9923
-48.9923
-48.9922
-48.9921
-48.9918
-48.9919
-48.9919
-48.9919
-48.9919
-48.992
-48.992
-48.9921
-48.9921
-48.9921
-48.9922
-48.9922
-48.9922
-48.9923
-48.9923
-48.9923
-48.9923
-48.9922
-48.9922
-48.992
-48.9916
-48.9917
-48.9917
-48.9917
-48.9917
-48.9917
-48.9918
-48.9918
-48.9919
-48.9919
-48.9919
-48.992
-48.992
-48.9921
-48.9921
-48.9921
-48.9921
-48.9921
-48.992
-48.9919
)
;
    }
    fixedWalls
    {
        type            calculated;
        value           nonuniform List<scalar> 
800
(
-2.4496
-7.34911
-12.2484
-17.1476
-22.0468
-26.9459
-31.8449
-36.7439
-41.6428
-46.5419
-2.44978
-7.34922
-12.2485
-17.1477
-22.0468
-26.946
-31.845
-36.744
-41.643
-46.5421
-2.4499
-7.34931
-12.2485
-17.1477
-22.0469
-26.946
-31.8451
-36.7441
-41.6431
-46.5421
-2.44981
-7.34927
-12.2486
-17.1478
-22.0469
-26.946
-31.8452
-36.7442
-41.6431
-46.5421
-2.44966
-7.34928
-12.2487
-17.1479
-22.047
-26.9461
-31.8452
-36.7442
-41.6432
-46.542
-2.4496
-7.34933
-12.2488
-17.148
-22.0471
-26.9462
-31.8453
-36.7443
-41.6432
-46.542
-2.44955
-7.34928
-12.2488
-17.1481
-22.0472
-26.9462
-31.8453
-36.7443
-41.6432
-46.5419
-2.44952
-7.34925
-12.2487
-17.148
-22.0472
-26.9463
-31.8454
-36.7444
-41.6432
-46.5419
-2.44952
-7.34923
-12.2487
-17.148
-22.0472
-26.9463
-31.8454
-36.7444
-41.6432
-46.5419
-2.44955
-7.34924
-12.2487
-17.148
-22.0472
-26.9463
-31.8454
-36.7444
-41.6433
-46.542
-2.4496
-7.34926
-12.2487
-17.148
-22.0472
-26.9463
-31.8454
-36.7444
-41.6433
-46.542
-2.44968
-7.34929
-12.2487
-17.148
-22.0472
-26.9463
-31.8454
-36.7444
-41.6433
-46.5421
-2.44979
-7.34934
-12.2487
-17.148
-22.0472
-26.9463
-31.8453
-36.7444
-41.6433
-46.5421
-2.44992
-7.34941
-12.2488
-17.148
-22.0472
-26.9463
-31.8453
-36.7444
-41.6433
-46.5422
-2.45008
-7.3495
-12.2488
-17.148
-22.0472
-26.9462
-31.8453
-36.7443
-41.6433
-46.5423
-2.45026
-7.34962
-12.2489
-17.1481
-22.0472
-26.9462
-31.8452
-36.7443
-41.6433
-46.5423
-2.45044
-7.34976
-12.249
-17.1481
-22.0471
-26.9462
-31.8452
-36.7442
-41.6432
-46.5423
-2.45057
-7.3499
-12.249
-17.1481
-22.0471
-26.9461
-31.8451
-36.7441
-41.6431
-46.5422
-2.45053
-7.3499
-12.249
-17.148
-22.047
-26.946
-31.845
-36.744
-41.6429
-46.5421
-2.45031
-7.34969
-12.2489
-17.1479
-22.0469
-26.9459
-31.8448
-36.7438
-41.6427
-46.5419
-2.45031
-7.34969
-12.2489
-17.1479
-22.0469
-26.9459
-31.8448
-36.7438
-41.6427
-46.5419
-2.45028
-7.34966
-12.2489
-17.1479
-22.0469
-26.9459
-31.8449
-36.7439
-41.6429
-46.542
-2.45025
-7.34965
-12.2489
-17.148
-22.047
-26.946
-31.845
-36.744
-41.6429
-46.542
-2.45023
-7.34962
-12.2489
-17.148
-22.0471
-26.9461
-31.8451
-36.7441
-41.643
-46.5421
-2.45019
-7.34959
-12.2488
-17.148
-22.0471
-26.9462
-31.8452
-36.7441
-41.643
-46.5421
-2.45016
-7.34955
-12.2488
-17.148
-22.0472
-26.9462
-31.8453
-36.7442
-41.6431
-46.5421
-2.45012
-7.34951
-12.2488
-17.148
-22.0472
-26.9463
-31.8453
-36.7443
-41.6431
-46.5421
-2.45005
-7.34948
-12.2488
-17.148
-22.0472
-26.9463
-31.8454
-36.7443
-41.6432
-46.5421
-2.45001
-7.3495
-12.2488
-17.148
-22.0472
-26.9463
-31.8454
-36.7444
-41.6433
-46.5422
-2.45008
-7.34957
-12.2488
-17.148
-22.0472
-26.9463
-31.8454
-36.7444
-41.6433
-46.5423
-2.45019
-7.34961
-12.2488
-17.148
-22.0472
-26.9463
-31.8454
-36.7444
-41.6433
-46.5423
-2.45027
-7.34962
-12.2488
-17.148
-22.0472
-26.9463
-31.8454
-36.7444
-41.6434
-46.5423
-2.45027
-7.34961
-12.2488
-17.148
-22.0472
-26.9463
-31.8454
-36.7444
-41.6434
-46.5424
-2.45021
-7.34959
-12.2488
-17.1479
-22.0471
-26.9463
-31.8454
-36.7444
-41.6434
-46.5424
-2.45007
-7.3495
-12.2487
-17.1479
-22.0471
-26.9462
-31.8453
-36.7444
-41.6433
-46.5424
-2.44984
-7.34935
-12.2486
-17.1478
-22.047
-26.9462
-31.8453
-36.7443
-41.6433
-46.5424
-2.4495
-7.34912
-12.2485
-17.1477
-22.0469
-26.9461
-31.8452
-36.7442
-41.6433
-46.5424
-2.44905
-7.34883
-12.2483
-17.1476
-22.0469
-26.946
-31.8451
-36.7441
-41.6432
-46.5424
-2.44857
-7.34853
-12.2481
-17.1475
-22.0468
-26.9459
-31.845
-36.744
-41.6431
-46.5423
-2.44825
-7.34832
-12.248
-17.1474
-22.0467
-26.9459
-31.8449
-36.7439
-41.6429
-46.5422
-2.4496
-7.34911
-12.2484
-17.1476
-22.0468
-26.9459
-31.8449
-36.7439
-41.6428
-46.5419
-2.44978
-7.34922
-12.2485
-17.1477
-22.0468
-26.946
-31.845
-36.744
-41.643
-46.5421
-2.4499
-7.34931
-12.2485
-17.1477
-22.0469
-26.946
-31.8451
-36.7441
-41.6431
-46.5421
-2.44981
-7.34927
-12.2486
-17.1478
-22.0469
-26.946
-31.8452
-36.7442
-41.6431
-46.5421
-2.44966
-7.34928
-12.2487
-17.1479
-22.047
-26.9461
-31.8452
-36.7442
-41.6432
-46.542
-2.4496
-7.34933
-12.2488
-17.148
-22.0471
-26.9462
-31.8453
-36.7443
-41.6432
-46.542
-2.44955
-7.34928
-12.2488
-17.1481
-22.0472
-26.9462
-31.8453
-36.7443
-41.6432
-46.5419
-2.44952
-7.34925
-12.2487
-17.148
-22.0472
-26.9463
-31.8454
-36.7444
-41.6432
-46.5419
-2.44952
-7.34923
-12.2487
-17.148
-22.0472
-26.9463
-31.8454
-36.7444
-41.6432
-46.5419
-2.44955
-7.34924
-12.2487
-17.148
-22.0472
-26.9463
-31.8454
-36.7444
-41.6433
-46.542
-2.4496
-7.34926
-12.2487
-17.148
-22.0472
-26.9463
-31.8454
-36.7444
-41.6433
-46.542
-2.44968
-7.34929
-12.2487
-17.148
-22.0472
-26.9463
-31.8454
-36.7444
-41.6433
-46.5421
-2.44979
-7.34934
-12.2487
-17.148
-22.0472
-26.9463
-31.8453
-36.7444
-41.6433
-46.5421
-2.44992
-7.34941
-12.2488
-17.148
-22.0472
-26.9463
-31.8453
-36.7444
-41.6433
-46.5422
-2.45008
-7.3495
-12.2488
-17.148
-22.0472
-26.9462
-31.8453
-36.7443
-41.6433
-46.5423
-2.45026
-7.34962
-12.2489
-17.1481
-22.0472
-26.9462
-31.8452
-36.7443
-41.6433
-46.5423
-2.45044
-7.34976
-12.249
-17.1481
-22.0471
-26.9462
-31.8452
-36.7442
-41.6432
-46.5423
-2.45057
-7.3499
-12.249
-17.1481
-22.0471
-26.9461
-31.8451
-36.7441
-41.6431
-46.5422
-2.45053
-7.3499
-12.249
-17.148
-22.047
-26.946
-31.845
-36.744
-41.6429
-46.5421
-2.45031
-7.34969
-12.2489
-17.1479
-22.0469
-26.9459
-31.8448
-36.7438
-41.6427
-46.5419
-2.45031
-7.34969
-12.2489
-17.1479
-22.0469
-26.9459
-31.8448
-36.7438
-41.6427
-46.5419
-2.45028
-7.34966
-12.2489
-17.1479
-22.0469
-26.9459
-31.8449
-36.7439
-41.6429
-46.542
-2.45025
-7.34965
-12.2489
-17.148
-22.047
-26.946
-31.845
-36.744
-41.6429
-46.542
-2.45023
-7.34962
-12.2489
-17.148
-22.0471
-26.9461
-31.8451
-36.7441
-41.643
-46.5421
-2.45019
-7.34959
-12.2488
-17.148
-22.0471
-26.9462
-31.8452
-36.7441
-41.643
-46.5421
-2.45016
-7.34955
-12.2488
-17.148
-22.0472
-26.9462
-31.8453
-36.7442
-41.6431
-46.5421
-2.45012
-7.34951
-12.2488
-17.148
-22.0472
-26.9463
-31.8453
-36.7443
-41.6431
-46.5421
-2.45005
-7.34948
-12.2488
-17.148
-22.0472
-26.9463
-31.8454
-36.7443
-41.6432
-46.5421
-2.45001
-7.3495
-12.2488
-17.148
-22.0472
-26.9463
-31.8454
-36.7444
-41.6433
-46.5422
-2.45008
-7.34957
-12.2488
-17.148
-22.0472
-26.9463
-31.8454
-36.7444
-41.6433
-46.5423
-2.45019
-7.34961
-12.2488
-17.148
-22.0472
-26.9463
-31.8454
-36.7444
-41.6433
-46.5423
-2.45027
-7.34962
-12.2488
-17.148
-22.0472
-26.9463
-31.8454
-36.7444
-41.6434
-46.5423
-2.45027
-7.34961
-12.2488
-17.148
-22.0472
-26.9463
-31.8454
-36.7444
-41.6434
-46.5424
-2.45021
-7.34959
-12.2488
-17.1479
-22.0471
-26.9463
-31.8454
-36.7444
-41.6434
-46.5424
-2.45007
-7.3495
-12.2487
-17.1479
-22.0471
-26.9462
-31.8453
-36.7444
-41.6433
-46.5424
-2.44984
-7.34935
-12.2486
-17.1478
-22.047
-26.9462
-31.8453
-36.7443
-41.6433
-46.5424
-2.4495
-7.34912
-12.2485
-17.1477
-22.0469
-26.9461
-31.8452
-36.7442
-41.6433
-46.5424
-2.44905
-7.34883
-12.2483
-17.1476
-22.0469
-26.946
-31.8451
-36.7441
-41.6432
-46.5424
-2.44857
-7.34853
-12.2481
-17.1475
-22.0468
-26.9459
-31.845
-36.744
-41.6431
-46.5423
-2.44825
-7.34832
-12.248
-17.1474
-22.0467
-26.9459
-31.8449
-36.7439
-41.6429
-46.5422
)
;
    }
}


// ************************************************************************* //
