/*--------------------------------*- C++ -*----------------------------------*\
  =========                 |
  \\      /  F ield         | OpenFOAM: The Open Source CFD Toolbox
   \\    /   O peration     | Website:  https://openfoam.org
    \\  /    A nd           | Version:  8
     \\/     M anipulation  |
\*---------------------------------------------------------------------------*/
FoamFile
{
    version     2.0;
    format      ascii;
    class       volScalarField;
    location    "600";
    object      p_rgh;
}
// * * * * * * * * * * * * * * * * * * * * * * * * * * * * * * * * * * * * * //

dimensions      [1 -1 -2 0 0 0 0];

internalField   nonuniform List<scalar> 
4000
(
-1.10974e-05
-0.000208932
-0.000309307
-0.000176865
0.000165853
0.000337899
0.000405637
0.000436468
0.000431686
0.000385512
0.000306087
0.000192935
4.42615e-05
-0.000139087
-0.000347177
-0.000571145
-0.000800993
-0.000967647
-0.000957182
-0.000766289
-0.000400232
-0.000595316
-0.000713837
-0.00055809
-0.000123625
6.6282e-05
0.000100791
0.000132902
0.000153601
0.000136152
8.77239e-05
2.31291e-06
-0.000120108
-0.000282038
-0.000484341
-0.000723366
-0.00100142
-0.00126988
-0.00136895
-0.0011297
-0.000549824
-0.000774824
-0.000972229
-0.00088727
-0.00050868
-0.000279856
-0.000169992
-0.000110432
-6.70833e-05
-6.00897e-05
-0.000103547
-0.000175284
-0.00027747
-0.000416539
-0.000599142
-0.000822528
-0.00109029
-0.00144998
-0.00154644
-0.00123492
-0.000559075
-0.000849163
-0.00114129
-0.0011484
-0.000832965
-0.000658593
-0.000592657
-0.000477495
-0.00036403
-0.000296625
-0.000303658
-0.000354987
-0.000437763
-0.000552614
-0.000705081
-0.00090109
-0.00119211
-0.00151963
-0.0015488
-0.0011716
-0.000468972
-0.000828699
-0.00117285
-0.00143837
-0.00131625
-0.00136314
-0.00145138
-0.001373
-0.00114378
-0.00087223
-0.000673408
-0.000602909
-0.000629452
-0.000720661
-0.00089911
-0.00119335
-0.00151123
-0.00162267
-0.0014741
-0.000953199
-0.000284803
-0.000703992
-0.00107607
-0.00135608
-0.00156525
-0.00170658
-0.00181491
-0.0019078
-0.00195585
-0.00195344
-0.00192174
-0.00188192
-0.00185396
-0.00185686
-0.00187768
-0.00186692
-0.00179051
-0.00160557
-0.00125858
-0.000609201
3.65246e-05
-0.000443251
-0.000847822
-0.00115059
-0.00136128
-0.00151934
-0.00165278
-0.00178211
-0.00187081
-0.0019026
-0.00190801
-0.00189767
-0.00187347
-0.00183412
-0.00177142
-0.00167226
-0.00151468
-0.00125992
-0.000849965
-0.000137477
0.00054434
5.91358e-06
-0.00043298
-0.000762426
-0.000990483
-0.00115736
-0.00129534
-0.00144357
-0.00155354
-0.00157872
-0.00157373
-0.00155063
-0.00151016
-0.00145249
-0.00136755
-0.00123919
-0.00104374
-0.000742011
-0.000278933
0.000479923
0.00119976
0.000650457
0.000208692
-0.000116334
-0.000334657
-0.000488393
-0.000622298
-0.000774901
-0.000920758
-0.000943413
-0.000933805
-0.000909405
-0.000868372
-0.000803624
-0.000705255
-0.00055695
-0.000333842
-2.91393e-07
0.000485435
0.00122252
0.00189234
0.00156273
0.00129447
0.00108889
0.000950954
0.000852022
0.000762013
0.000651654
0.000532576
0.000494848
0.000481369
0.000479148
0.000497534
0.000546151
0.000632532
0.000765692
0.000957601
0.00122359
0.00157492
0.00207039
-0.000208932
-0.000272138
-0.000278757
-0.000129792
0.000170256
0.000338678
0.000397837
0.000423106
0.000418487
0.000376934
0.000300626
0.000190459
4.15677e-05
-0.000146758
-0.000365214
-0.000598647
-0.000823518
-0.000959196
-0.000919387
-0.000725275
-0.000595316
-0.000663111
-0.000667898
-0.000483932
-0.00013875
5.84631e-05
8.27063e-05
9.31634e-05
8.99409e-05
5.63665e-05
6.48138e-06
-6.76216e-05
-0.000174519
-0.000328462
-0.00053716
-0.000790086
-0.00106598
-0.00129432
-0.0013296
-0.00108932
-0.000774824
-0.000876127
-0.000956446
-0.000834397
-0.000523057
-0.000294328
-0.000172613
-0.000126581
-0.000117652
-0.000141816
-0.000196142
-0.000268403
-0.000364351
-0.000498752
-0.000686968
-0.000927693
-0.00121367
-0.00148874
-0.00153714
-0.00120744
-0.000849163
-0.00100519
-0.00117731
-0.00114218
-0.000877054
-0.000669208
-0.000563506
-0.000430529
-0.000352619
-0.000334336
-0.000367776
-0.000434646
-0.000524992
-0.000644983
-0.000808971
-0.00102391
-0.0013027
-0.00156984
-0.00158758
-0.00117875
-0.000828699
-0.00105908
-0.00132343
-0.00145126
-0.00128593
-0.0011752
-0.00113312
-0.00102037
-0.000829184
-0.00067412
-0.000616839
-0.000639285
-0.000709742
-0.000815936
-0.000970452
-0.00119575
-0.001483
-0.00166791
-0.00156912
-0.00100925
-0.000703992
-0.00104673
-0.00140075
-0.00165805
-0.00168721
-0.00168301
-0.00168921
-0.00165815
-0.00157877
-0.00148034
-0.0014067
-0.00138159
-0.00140522
-0.00147537
-0.00158922
-0.00172942
-0.00184422
-0.0017896
-0.00147957
-0.0007286
-0.000443251
-0.000956294
-0.0014142
-0.00174876
-0.00190524
-0.00195866
-0.00198237
-0.00198365
-0.00196675
-0.00193949
-0.00191782
-0.00191331
-0.00192656
-0.00195372
-0.00198904
-0.0020057
-0.00194271
-0.00173
-0.00125701
-0.000333088
5.91358e-06
-0.000722148
-0.00128697
-0.00168272
-0.00189138
-0.00199451
-0.00204516
-0.00209817
-0.00214753
-0.00216454
-0.00216474
-0.00216127
-0.00215708
-0.00214266
-0.00210506
-0.00202167
-0.00184888
-0.00150411
-0.00087106
0.000211903
0.000650457
-0.000166701
-0.000797728
-0.00123035
-0.00148908
-0.00163965
-0.0017611
-0.00190306
-0.00203235
-0.00205095
-0.00202269
-0.00198366
-0.00193461
-0.00186871
-0.00177273
-0.00162024
-0.00135795
-0.000906097
-0.00018279
0.000935584
0.00156273
0.00111301
0.00074991
0.000455244
0.000235626
5.35176e-05
-0.000115689
-0.000286419
-0.000431941
-0.000435099
-0.000378988
-0.000302916
-0.000201336
-7.2692e-05
8.62781e-05
0.000286459
0.000545986
0.000886522
0.00132793
0.00194611
-0.000309307
-0.000278757
-0.000206584
-4.67028e-05
0.000211623
0.000350454
0.000391675
0.000411405
0.000404713
0.0003662
0.000297621
0.000194423
5.22216e-05
-0.000133133
-0.000355854
-0.000596528
-0.00081799
-0.00093543
-0.000874489
-0.000697571
-0.000713837
-0.000667898
-0.000564354
-0.000370941
-8.26186e-05
4.64875e-05
6.37171e-05
6.13597e-05
4.38531e-05
1.48945e-06
-5.69206e-05
-0.000125315
-0.000219336
-0.000361202
-0.000567733
-0.000826069
-0.00109335
-0.00128437
-0.00128664
-0.00106562
-0.000972229
-0.000956446
-0.000897175
-0.000729688
-0.000448339
-0.000275659
-0.00017428
-0.000152753
-0.000165573
-0.000208233
-0.000268103
-0.000342431
-0.00043744
-0.000569891
-0.000761988
-0.00101446
-0.00129601
-0.00151134
-0.00152075
-0.00120472
-0.00114129
-0.00117731
-0.00119284
-0.00107749
-0.000823797
-0.000635346
-0.000527413
-0.000409923
-0.000364069
-0.000378255
-0.000431773
-0.000510373
-0.00060738
-0.000731763
-0.000904486
-0.00113499
-0.0014117
-0.00164178
-0.00163937
-0.00120481
-0.00117285
-0.00132343
-0.00144007
-0.00142294
-0.0012299
-0.00106577
-0.000959773
-0.000834988
-0.000700545
-0.000627122
-0.000633745
-0.000693509
-0.0007844
-0.000902415
-0.00106069
-0.00127657
-0.0015426
-0.00173483
-0.00165775
-0.00108012
-0.00107607
-0.00140075
-0.00161613
-0.00171298
-0.00162501
-0.0015141
-0.00143014
-0.00133368
-0.0012167
-0.00111791
-0.00107819
-0.00110104
-0.00117136
-0.0012803
-0.00142981
-0.00162006
-0.00181136
-0.00186255
-0.00161873
-0.000845946
-0.000847822
-0.0014142
-0.00174486
-0.00192437
-0.00191816
-0.0018474
-0.00177608
-0.0017042
-0.0016331
-0.00157539
-0.00155094
-0.00156809
-0.00162195
-0.00170539
-0.00181227
-0.00192632
-0.00199608
-0.00190348
-0.00148853
-0.000506112
-0.00043298
-0.00128697
-0.00176166
-0.00197535
-0.0020043
-0.00195519
-0.00190133
-0.00185914
-0.00183359
-0.00182538
-0.00183328
-0.00186166
-0.00190802
-0.00196569
-0.00202436
-0.00206297
-0.00203086
-0.00181771
-0.00121996
-2.0841e-05
0.000208692
-0.000797728
-0.00147897
-0.00185627
-0.00201441
-0.00204294
-0.0020765
-0.00211953
-0.00216639
-0.00217809
-0.00218021
-0.00218052
-0.00217491
-0.0021622
-0.00214002
-0.00209277
-0.00191831
-0.00149191
-0.000657304
0.000671516
0.00129447
0.00074991
0.000345993
2.77339e-05
-0.000207897
-0.000434684
-0.000669724
-0.000906368
-0.00110427
-0.00107902
-0.000949404
-0.000803862
-0.000637855
-0.00045549
-0.000258213
-3.26601e-05
0.000247939
0.000612572
0.00109163
0.00178241
-0.000176865
-0.000129792
-4.67028e-05
9.87948e-05
0.000271967
0.000370875
0.000391029
0.000402255
0.000390299
0.000352706
0.000290259
0.000197573
6.59273e-05
-0.000106596
-0.000320829
-0.000558785
-0.000772355
-0.000872639
-0.000808409
-0.000662182
-0.00055809
-0.000483932
-0.000370941
-0.000197087
6.9831e-06
5.64557e-05
5.76108e-05
4.81042e-05
2.44689e-05
-1.82779e-05
-7.52637e-05
-0.000147232
-0.000238259
-0.000374496
-0.000572658
-0.000824767
-0.00107628
-0.00123695
-0.00122105
-0.00102799
-0.00088727
-0.000834397
-0.000729688
-0.000545122
-0.000315171
-0.000224947
-0.000166345
-0.000166798
-0.000191848
-0.000243896
-0.000307653
-0.000383418
-0.000482783
-0.000620505
-0.00081574
-0.00106788
-0.00132865
-0.001498
-0.00147916
-0.00118657
-0.0011484
-0.00114218
-0.00107749
-0.000909379
-0.000680646
-0.000551025
-0.000471941
-0.000390272
-0.000373865
-0.000411484
-0.000479513
-0.000566255
-0.000671493
-0.000806525
-0.000988423
-0.00122472
-0.00149096
-0.00168779
-0.00165435
-0.00122251
-0.00143837
-0.00145126
-0.00142294
-0.00129877
-0.00109375
-0.000944042
-0.000840111
-0.000721899
-0.000632175
-0.000612138
-0.000654066
-0.000735081
-0.000840418
-0.000971229
-0.00114075
-0.00136186
-0.00161864
-0.00179847
-0.00172427
-0.00114352
-0.00135608
-0.00165805
-0.00171298
-0.00165209
-0.00149204
-0.00134603
-0.00123119
-0.00111377
-0.00100023
-0.000935441
-0.000939764
-0.000999642
-0.00109646
-0.00122371
-0.0013869
-0.00159208
-0.0018097
-0.00191075
-0.00171809
-0.000964619
-0.00115059
-0.00174876
-0.00192437
-0.00191641
-0.00179409
-0.00166001
-0.00154806
-0.0014491
-0.00136548
-0.00131272
-0.00130871
-0.0013554
-0.00143946
-0.00155199
-0.00169081
-0.00184889
-0.00198548
-0.00197817
-0.00163625
-0.000679894
-0.000762426
-0.00168272
-0.00197535
-0.00200474
-0.00190742
-0.0017971
-0.00171546
-0.00166726
-0.00165018
-0.00163369
-0.00163799
-0.00167625
-0.00174006
-0.0018214
-0.00191426
-0.00200527
-0.00205116
-0.00193297
-0.00142302
-0.00024285
-0.000116334
-0.00123035
-0.00185627
-0.00201719
-0.00198799
-0.0019884
-0.0020447
-0.00212511
-0.0022011
-0.0021992
-0.00216658
-0.00214226
-0.00212198
-0.00210434
-0.0020902
-0.00207233
-0.00200927
-0.00169905
-0.000915737
0.00043146
0.00108889
0.000455244
2.77339e-05
-0.000309599
-0.00056233
-0.000824393
-0.0011096
-0.00138319
-0.00161897
-0.00158177
-0.00140324
-0.00121358
-0.000999508
-0.000770748
-0.000539108
-0.000301467
-1.39863e-05
0.000374195
0.000870517
0.00160196
0.000165853
0.000170256
0.000211623
0.000271967
0.000344798
0.000399238
0.000399818
0.000405899
0.000388696
0.000345916
0.000283461
0.000192971
7.45932e-05
-7.56756e-05
-0.000263211
-0.000480523
-0.000682629
-0.000779716
-0.000727841
-0.000621234
-0.000123625
-0.00013875
-8.26186e-05
6.9831e-06
9.75801e-05
8.35464e-05
6.32968e-05
5.62272e-05
2.85179e-05
-1.5689e-05
-6.66527e-05
-0.000129759
-0.000223022
-0.000356248
-0.000542008
-0.0007775
-0.00101363
-0.00115755
-0.00113788
-0.000979748
-0.00050868
-0.000523057
-0.000448339
-0.000315171
-0.000188336
-0.000179512
-0.000164216
-0.000162704
-0.000195378
-0.000254784
-0.000314285
-0.000388745
-0.000491913
-0.000635156
-0.000831549
-0.00107469
-0.00131107
-0.00144768
-0.00141304
-0.00115477
-0.000832965
-0.000877054
-0.000823797
-0.000680646
-0.000531681
-0.000473705
-0.00041548
-0.000369357
-0.000377427
-0.000436592
-0.000504709
-0.000592076
-0.000704452
-0.000851603
-0.00104589
-0.00128519
-0.0015301
-0.00168419
-0.00162755
-0.00122703
-0.00131625
-0.00128593
-0.0012299
-0.00109375
-0.000932895
-0.000828576
-0.000737195
-0.000633094
-0.000592768
-0.000617562
-0.000676538
-0.000765248
-0.00087939
-0.00102116
-0.00120351
-0.00143507
-0.00168413
-0.0018395
-0.00175507
-0.00119052
-0.00156525
-0.00168721
-0.00162501
-0.00149204
-0.00132617
-0.00118966
-0.00107024
-0.000950987
-0.000874766
-0.000866843
-0.000902218
-0.000979939
-0.00108879
-0.00122558
-0.00139727
-0.00160938
-0.00183229
-0.00194575
-0.00178114
-0.00106733
-0.00136128
-0.00190524
-0.00191816
-0.00179409
-0.00162548
-0.00147676
-0.00135476
-0.00126075
-0.00121687
-0.00120398
-0.00121305
-0.00127124
-0.0013673
-0.00149069
-0.00164103
-0.00181557
-0.00197985
-0.00201502
-0.00172883
-0.000830499
-0.000990483
-0.00189138
-0.0020043
-0.00190742
-0.00176103
-0.00164721
-0.00158184
-0.00158882
-0.0016536
-0.00165342
-0.00160631
-0.00162096
-0.00167872
-0.00176006
-0.00185859
-0.0019653
-0.00204389
-0.00197829
-0.00154321
-0.000423853
-0.000334657
-0.00148908
-0.00201441
-0.00198799
-0.00194755
-0.0019911
-0.00210512
-0.00225423
-0.00240937
-0.00239582
-0.00228613
-0.00221365
-0.00216193
-0.00212138
-0.0020916
-0.00207067
-0.00202839
-0.00178686
-0.00106887
0.000249303
0.000950954
0.000235626
-0.000207897
-0.00056233
-0.000851032
-0.00117094
-0.00149458
-0.00178524
-0.00206614
-0.00202395
-0.00180266
-0.0015847
-0.00132976
-0.00105206
-0.000774373
-0.000503391
-0.000205316
0.000187945
0.000691996
0.00145413
0.000337899
0.000338678
0.000350454
0.000370875
0.000399238
0.000411757
0.000409188
0.000418587
0.000390526
0.00031921
0.000244098
0.000161476
6.03442e-05
-6.03692e-05
-0.000204402
-0.000373004
-0.000543853
-0.000646868
-0.000627845
-0.000574386
6.6282e-05
5.84631e-05
4.64875e-05
5.64557e-05
8.35464e-05
7.70381e-05
7.08357e-05
7.62782e-05
4.80906e-05
1.97883e-06
-5.57658e-05
-0.000125085
-0.000213648
-0.000325848
-0.000479502
-0.000680094
-0.000895308
-0.00104191
-0.00104383
-0.000929028
-0.000279856
-0.000294328
-0.000275659
-0.000224947
-0.000179512
-0.000167614
-0.000159249
-0.000151973
-0.000200694
-0.000266932
-0.000324289
-0.000389539
-0.000484366
-0.000616468
-0.000798999
-0.0010252
-0.00124375
-0.00136824
-0.00133423
-0.00111924
-0.000658593
-0.000669208
-0.000635346
-0.000551025
-0.000473705
-0.000424533
-0.000383842
-0.00035974
-0.00042224
-0.000508446
-0.000548239
-0.00061132
-0.000716049
-0.000862848
-0.00105828
-0.00129252
-0.00151699
-0.00164039
-0.00157603
-0.00122561
-0.00136314
-0.0011752
-0.00106577
-0.000944042
-0.000828576
-0.000741663
-0.000641983
-0.000601484
-0.000659308
-0.000757999
-0.000754542
-0.000806064
-0.000910146
-0.00105529
-0.00124475
-0.00147518
-0.00170866
-0.00183777
-0.00174272
-0.00123415
-0.00170658
-0.00168301
-0.0015141
-0.00134603
-0.00118966
-0.00105595
-0.000933918
-0.00087647
-0.000970088
-0.00105749
-0.000990138
-0.00101577
-0.00110866
-0.00124481
-0.00142105
-0.00163577
-0.00185462
-0.00196224
-0.00181462
-0.00115166
-0.00151934
-0.00195866
-0.0018474
-0.00166001
-0.00147676
-0.00132318
-0.00121351
-0.00122264
-0.00139727
-0.00146176
-0.0013107
-0.0012938
-0.00136455
-0.00148067
-0.00163097
-0.00180942
-0.00198194
-0.00203415
-0.00178928
-0.000955038
-0.00115736
-0.00199451
-0.00195519
-0.0017971
-0.00164721
-0.00155625
-0.00155872
-0.00172152
-0.00199386
-0.0020233
-0.00177875
-0.00168257
-0.00169614
-0.00175735
-0.00184718
-0.00195403
-0.00204396
-0.00200673
-0.00163024
-0.000572266
-0.000488393
-0.00163965
-0.00204294
-0.0019884
-0.0019911
-0.00209674
-0.00227129
-0.00250226
-0.00279878
-0.00279357
-0.00252848
-0.00237103
-0.00226899
-0.00219493
-0.00214295
-0.00210864
-0.00206878
-0.00186588
-0.00119494
9.69031e-05
0.000852022
5.35176e-05
-0.000434684
-0.000824393
-0.00117094
-0.0015215
-0.00182106
-0.00205761
-0.0023741
-0.00235458
-0.00213226
-0.00193376
-0.00166164
-0.00134384
-0.00102353
-0.000717954
-0.000399933
7.07169e-06
0.000526203
0.00131804
0.000405637
0.000397837
0.000391675
0.000391029
0.000399818
0.000409188
0.000408826
0.00040801
0.00035864
0.000235048
0.000142338
7.98654e-05
5.38366e-06
-7.98979e-05
-0.000176469
-0.000282561
-0.000388898
-0.000465689
-0.000488554
-0.000505334
0.000100791
8.27063e-05
6.37171e-05
5.76108e-05
6.32968e-05
7.08357e-05
7.33778e-05
7.98045e-05
3.69937e-05
-8.48417e-05
-0.000184738
-0.000226836
-0.000279574
-0.000343652
-0.000434749
-0.000565319
-0.000725472
-0.00087119
-0.000938091
-0.000879974
-0.000169992
-0.000172613
-0.00017428
-0.000166345
-0.000164216
-0.000159249
-0.000151074
-0.000191523
-0.000303254
-0.000491905
-0.000501291
-0.000477018
-0.000524332
-0.000611762
-0.000746372
-0.000931808
-0.00112985
-0.00126231
-0.00125416
-0.00108699
-0.000592657
-0.000563506
-0.000527413
-0.000471941
-0.00041548
-0.000383842
-0.000366094
-0.000464818
-0.00072029
-0.000957523
-0.000790947
-0.000698942
-0.00074769
-0.000862467
-0.00103226
-0.00124566
-0.00145383
-0.00156921
-0.00151517
-0.00122063
-0.00145138
-0.00113312
-0.000959773
-0.000840111
-0.000737195
-0.000641983
-0.000618125
-0.000779817
-0.00120463
-0.00142919
-0.00107197
-0.000907827
-0.000948679
-0.00107309
-0.00125203
-0.00147162
-0.00168671
-0.00179801
-0.00171132
-0.00126469
-0.00181491
-0.00168921
-0.00143014
-0.00123119
-0.00107024
-0.000933918
-0.000886582
-0.00116129
-0.00172519
-0.00191374
-0.00137146
-0.00113014
-0.00114857
-0.00126196
-0.00142948
-0.00163797
-0.00185019
-0.00195083
-0.00182554
-0.00121369
-0.00165278
-0.00198237
-0.00177608
-0.00154806
-0.00135476
-0.00121351
-0.00122341
-0.00163575
-0.00229783
-0.00243293
-0.00173047
-0.00141274
-0.00139506
-0.00148438
-0.00162644
-0.00180297
-0.00197758
-0.00203811
-0.00182777
-0.00104947
-0.00129534
-0.00204516
-0.00190133
-0.00171546
-0.00158184
-0.00155872
-0.00174207
-0.00222065
-0.00290657
-0.00299201
-0.00220586
-0.00184307
-0.00175313
-0.00177426
-0.00184758
-0.0019499
-0.00204467
-0.00202574
-0.00169925
-0.000690325
-0.000622298
-0.0017611
-0.0020765
-0.0020447
-0.00210512
-0.00227129
-0.00251613
-0.00288274
-0.00345233
-0.00350001
-0.00291245
-0.00259669
-0.00240731
-0.002281
-0.00219874
-0.00215045
-0.00211231
-0.0019503
-0.00131277
-3.50616e-05
0.000762013
-0.000115689
-0.000669724
-0.0011096
-0.00149458
-0.00182106
-0.00200893
-0.0021054
-0.00246621
-0.00252862
-0.00236653
-0.00224564
-0.0019779
-0.00162403
-0.0012633
-0.000926591
-0.00059057
-0.000163693
0.000373278
0.00119013
0.000436468
0.000423106
0.000411405
0.000402255
0.000405899
0.000418587
0.00040801
0.000382418
0.000268857
-1.92268e-05
-0.000128965
-9.24973e-05
-0.000108376
-0.000145038
-0.000195366
-0.000248615
-0.000290751
-0.000306581
-0.000305449
-0.000365011
0.000132902
9.31634e-05
6.13597e-05
4.81042e-05
5.62272e-05
7.62782e-05
7.98045e-05
3.65233e-05
-0.000173503
-0.000665382
-0.000676802
-0.000454033
-0.000419132
-0.000429778
-0.000459779
-0.000513862
-0.000592071
-0.000685312
-0.000768989
-0.000831115
-0.000110432
-0.000126581
-0.000152753
-0.000166798
-0.000162704
-0.000151973
-0.000191523
-0.000360216
-0.000983896
-0.00165425
-0.00111945
-0.000694188
-0.000634569
-0.000664129
-0.000734486
-0.000851259
-0.00100287
-0.00113522
-0.00118201
-0.00106507
-0.000477495
-0.000430529
-0.000409923
-0.000390272
-0.000369357
-0.00035974
-0.000464818
-0.000920804
-0.00190373
-0.00255809
-0.00148643
-0.000909027
-0.000829399
-0.00088703
-0.00100542
-0.00117422
-0.00135766
-0.00147887
-0.00145596
-0.00121543
-0.001373
-0.00102037
-0.000834988
-0.000721899
-0.000633094
-0.000601484
-0.000779817
-0.00153133
-0.00279937
-0.00332655
-0.0018241
-0.00112544
-0.00101662
-0.00108831
-0.00123292
-0.00142515
-0.00162139
-0.00173302
-0.00167015
-0.00128155
-0.0019078
-0.00165815
-0.00133368
-0.00111377
-0.000950987
-0.00087647
-0.00116129
-0.00214506
-0.00360649
-0.00395781
-0.00216287
-0.00135954
-0.00121118
-0.00127446
-0.00141744
-0.0016086
-0.00180669
-0.00191028
-0.00181404
-0.00125031
-0.00178211
-0.00198365
-0.0017042
-0.0014491
-0.00126075
-0.00122264
-0.00163575
-0.00274302
-0.00426629
-0.00446537
-0.00252723
-0.00164856
-0.00145236
-0.00148542
-0.00160354
-0.00177098
-0.00195075
-0.00202347
-0.00184469
-0.00110876
-0.00144357
-0.00209817
-0.00185914
-0.00166726
-0.00158882
-0.00172152
-0.00222065
-0.00325693
-0.00467788
-0.0048152
-0.00294931
-0.00209272
-0.00182518
-0.00178435
-0.00183423
-0.00193027
-0.00203062
-0.00202787
-0.00174851
-0.000771551
-0.000774901
-0.00190306
-0.00211953
-0.00212511
-0.00225423
-0.00250226
-0.00288274
-0.00353297
-0.00460536
-0.00472615
-0.00351613
-0.00289985
-0.00255699
-0.00235022
-0.0022286
-0.00216707
-0.00213474
-0.00202779
-0.00141729
-0.00013467
0.000651654
-0.000286419
-0.000906368
-0.00138319
-0.00178524
-0.00205761
-0.0021054
-0.00206999
-0.00256301
-0.00276188
-0.00263421
-0.00257013
-0.00228129
-0.00187391
-0.00146717
-0.00110128
-0.000753055
-0.000307604
0.000251172
0.00109996
0.000431686
0.000418487
0.000404713
0.000390299
0.000388696
0.000390526
0.00035864
0.000268857
-8.6902e-05
-0.00131657
-0.00121578
-0.000416228
-0.000280079
-0.000246826
-0.000257062
-0.000278773
-0.000288416
-0.000267394
-0.000220137
-0.00020944
0.000153601
8.99409e-05
4.38531e-05
2.44689e-05
2.85179e-05
4.80906e-05
3.69937e-05
-0.000173503
-0.00128489
-0.00302067
-0.001819
-0.000724268
-0.000554982
-0.000535256
-0.000533959
-0.000545487
-0.000565978
-0.000595483
-0.000649789
-0.000779851
-6.70833e-05
-0.000117652
-0.000165573
-0.000191848
-0.000195378
-0.000200694
-0.000303254
-0.000983896
-0.00294069
-0.00481213
-0.00224204
-0.000941139
-0.000748265
-0.000738965
-0.000768049
-0.000827614
-0.000922767
-0.0010329
-0.00111668
-0.00106439
-0.00036403
-0.000352619
-0.000364069
-0.000373865
-0.000377427
-0.00042224
-0.00072029
-0.00190373
-0.0044562
-0.00602167
-0.00252716
-0.00113778
-0.00091433
-0.000924378
-0.000995454
-0.00111223
-0.00125845
-0.00138217
-0.0014027
-0.00121374
-0.00114378
-0.000829184
-0.000700545
-0.000632175
-0.000592768
-0.000659308
-0.00120463
-0.00279937
-0.00565031
-0.00670585
-0.00277561
-0.00134705
-0.00108359
-0.00109973
-0.00120105
-0.00135435
-0.00152736
-0.00164639
-0.00162029
-0.00128702
-0.00195585
-0.00157877
-0.0012167
-0.00100023
-0.000874766
-0.000970088
-0.00172519
-0.00360649
-0.00651806
-0.00705685
-0.00304042
-0.00158297
-0.00126982
-0.00127468
-0.00138191
-0.00154595
-0.00172923
-0.00184286
-0.00177873
-0.0012672
-0.00187081
-0.00196675
-0.0016331
-0.00136548
-0.00121687
-0.00139727
-0.00229783
-0.00426629
-0.0070427
-0.00720089
-0.00334976
-0.00187726
-0.00150573
-0.00147738
-0.00156401
-0.00171171
-0.00188415
-0.00198069
-0.00184126
-0.00113297
-0.00155354
-0.00214753
-0.00183359
-0.00165018
-0.0016536
-0.00199386
-0.00290657
-0.00467788
-0.00712243
-0.00714473
-0.00375355
-0.00232437
-0.00187943
-0.00177454
-0.00179679
-0.00188298
-0.00198823
-0.00200876
-0.00176916
-0.000811823
-0.000920758
-0.00203235
-0.00216639
-0.0022011
-0.00240937
-0.00279878
-0.00345233
-0.00460536
-0.00642379
-0.00647221
-0.00427185
-0.00321814
-0.00267645
-0.00237862
-0.00221966
-0.00214659
-0.00212048
-0.00204124
-0.00147285
-0.00018954
0.000532576
-0.000431941
-0.00110427
-0.00161897
-0.00206614
-0.0023741
-0.00246621
-0.00256301
-0.00342612
-0.00366881
-0.00325594
-0.00301799
-0.00258603
-0.00207444
-0.00160163
-0.00119851
-0.000834849
-0.000385345
0.000191383
0.001046
0.000385512
0.000376934
0.0003662
0.000352706
0.000345916
0.00031921
0.000235048
-1.92268e-05
-0.00131657
-0.00543231
-0.00382048
-0.000772605
-0.000426901
-0.00034359
-0.000332968
-0.000345229
-0.000353024
-0.000338548
-0.000302336
-0.000296928
0.000136152
5.63665e-05
1.48945e-06
-1.82779e-05
-1.5689e-05
1.97883e-06
-8.48417e-05
-0.000665382
-0.00302067
-0.00708012
-0.00335115
-0.000886388
-0.000642962
-0.000607644
-0.000606821
-0.000613118
-0.000621003
-0.000626109
-0.000653741
-0.000783498
-6.00897e-05
-0.000141816
-0.000208233
-0.000243896
-0.000254784
-0.000266932
-0.000491905
-0.00165425
-0.00481213
-0.00835546
-0.00310141
-0.00104108
-0.000805284
-0.000789983
-0.000806766
-0.000841189
-0.000896444
-0.000974846
-0.00105562
-0.00107764
-0.000296625
-0.000334336
-0.000378255
-0.000411484
-0.000436592
-0.000508446
-0.000957523
-0.00255809
-0.00602167
-0.00851495
-0.0029277
-0.00118916
-0.000949747
-0.000944505
-0.000989995
-0.00106895
-0.00117881
-0.0012948
-0.00135306
-0.00121301
-0.00087223
-0.00067412
-0.000627122
-0.000612138
-0.000617562
-0.000757999
-0.00142919
-0.00332655
-0.00670585
-0.00815154
-0.00290325
-0.0013603
-0.00109866
-0.00109438
-0.00116243
-0.00127832
-0.00142481
-0.00154998
-0.00156508
-0.0012813
-0.00195344
-0.00148034
-0.00111791
-0.000935441
-0.000866843
-0.00105749
-0.00191374
-0.00395781
-0.00705685
-0.00767062
-0.00300763
-0.0015694
-0.00127322
-0.00125538
-0.0013299
-0.00146278
-0.00162835
-0.00175519
-0.00173145
-0.00126382
-0.0019026
-0.00193949
-0.00157539
-0.00131272
-0.00120398
-0.00146176
-0.00243293
-0.00446537
-0.00720089
-0.00727228
-0.00323055
-0.00184843
-0.00150233
-0.00145127
-0.0015083
-0.0016312
-0.00179198
-0.00190755
-0.00181969
-0.00113139
-0.00157872
-0.00216454
-0.00182538
-0.00163369
-0.00165342
-0.0020233
-0.00299201
-0.0048152
-0.00714473
-0.00701101
-0.00361853
-0.00228664
-0.00186399
-0.00174043
-0.00173741
-0.00180934
-0.0019163
-0.00196057
-0.00175881
-0.000820348
-0.000943413
-0.00205095
-0.00217809
-0.0021992
-0.00239582
-0.00279357
-0.00350001
-0.00472615
-0.00647221
-0.00638978
-0.00418475
-0.00314639
-0.00261649
-0.00231968
-0.00215399
-0.00207807
-0.00206096
-0.00200975
-0.00147334
-0.000207251
0.000494848
-0.000435099
-0.00107902
-0.00158177
-0.00202395
-0.00235458
-0.00252862
-0.00276188
-0.00366881
-0.00380278
-0.00328569
-0.00294817
-0.00248075
-0.00197452
-0.00151837
-0.00113343
-0.00079081
-0.000367197
0.000184771
0.00102049
0.000306087
0.000300626
0.000297621
0.000290259
0.000283461
0.000244098
0.000142338
-0.000128965
-0.00121578
-0.00382048
-0.0029987
-0.000734503
-0.000466953
-0.000402706
-0.00039811
-0.000413485
-0.00043006
-0.00043252
-0.000420473
-0.000440842
8.77239e-05
6.48138e-06
-5.69206e-05
-7.52637e-05
-6.66527e-05
-5.57658e-05
-0.000184738
-0.000676802
-0.001819
-0.00335115
-0.00177933
-0.000781392
-0.000671251
-0.000649132
-0.000655312
-0.000671019
-0.000684654
-0.000689978
-0.000700231
-0.000800923
-0.000103547
-0.000196142
-0.000268103
-0.000307653
-0.000314285
-0.000324289
-0.000501291
-0.00111945
-0.00224204
-0.00310141
-0.00144835
-0.000880386
-0.000806463
-0.000807551
-0.000828728
-0.000859417
-0.000899478
-0.000952828
-0.0010156
-0.00107801
-0.000303658
-0.000367776
-0.000431773
-0.000479513
-0.000504709
-0.000548239
-0.000790947
-0.00148643
-0.00252716
-0.0029277
-0.00147046
-0.00101212
-0.000936318
-0.000943091
-0.000978714
-0.00103817
-0.00112386
-0.00122522
-0.00130183
-0.00120396
-0.000673408
-0.000616839
-0.000633745
-0.000654066
-0.000676538
-0.000754542
-0.00107197
-0.0018241
-0.00277561
-0.00290325
-0.0016109
-0.00116328
-0.00107068
-0.00107475
-0.00112254
-0.00121063
-0.00133259
-0.00145652
-0.00150536
-0.00126413
-0.00192174
-0.0014067
-0.00107819
-0.000939764
-0.000902218
-0.000990138
-0.00137146
-0.00216287
-0.00304042
-0.00300763
-0.00181907
-0.00135171
-0.00123143
-0.0012244
-0.00127584
-0.00137932
-0.00152392
-0.00165823
-0.00167468
-0.0012444
-0.00190801
-0.00191782
-0.00155094
-0.00130871
-0.00121305
-0.0013107
-0.00173047
-0.00252723
-0.00334976
-0.00323055
-0.00211141
-0.00161122
-0.00145061
-0.00141654
-0.0014522
-0.00154826
-0.0016921
-0.00181989
-0.00177738
-0.00111122
-0.00157373
-0.00216474
-0.00183328
-0.00163799
-0.00160631
-0.00177875
-0.00220586
-0.00294931
-0.00375355
-0.00361853
-0.00256108
-0.00201876
-0.00179354
-0.00169953
-0.00168259
-0.00173285
-0.00183273
-0.00189409
-0.00172335
-0.000805432
-0.000933805
-0.00202269
-0.00218021
-0.00216658
-0.00228613
-0.00252848
-0.00291245
-0.00351613
-0.00427185
-0.00418475
-0.00332621
-0.00280491
-0.00246899
-0.00223586
-0.00208191
-0.00200282
-0.00198767
-0.00195423
-0.00143836
-0.000197149
0.000481369
-0.000378988
-0.000949404
-0.00140324
-0.00180266
-0.00213226
-0.00236653
-0.00263421
-0.00325594
-0.00328569
-0.0029318
-0.0026054
-0.00219497
-0.0017625
-0.0013657
-0.00102256
-0.000710563
-0.000312803
0.00020984
0.00102185
0.000192935
0.000190459
0.000194423
0.000197573
0.000192971
0.000161476
7.98654e-05
-9.24973e-05
-0.000416228
-0.000772605
-0.000734503
-0.000536555
-0.00045379
-0.000434714
-0.000445746
-0.000468046
-0.000490134
-0.00050279
-0.000506888
-0.000554854
2.31291e-06
-6.76216e-05
-0.000125315
-0.000147232
-0.000129759
-0.000125085
-0.000226836
-0.000454033
-0.000724268
-0.000886388
-0.000781392
-0.000704399
-0.00067657
-0.000674146
-0.000687855
-0.000709276
-0.000729155
-0.000735929
-0.000733591
-0.000787097
-0.000175284
-0.000268403
-0.000342431
-0.000383418
-0.000388745
-0.000389539
-0.000477018
-0.000694188
-0.000941139
-0.00104108
-0.000880386
-0.000818347
-0.000806634
-0.000814773
-0.00083647
-0.000870753
-0.000907865
-0.000948198
-0.000999531
-0.00106273
-0.000354987
-0.000434646
-0.000510373
-0.000566255
-0.000592076
-0.00061132
-0.000698942
-0.000909027
-0.00113778
-0.00118916
-0.00101212
-0.000934707
-0.000918792
-0.000931846
-0.000965115
-0.0010151
-0.00108619
-0.00117371
-0.00124929
-0.00118235
-0.000602909
-0.000639285
-0.000693509
-0.000735081
-0.000765248
-0.000806064
-0.000907827
-0.00112544
-0.00134705
-0.0013603
-0.00116328
-0.00107379
-0.00104894
-0.00105705
-0.00109268
-0.0011596
-0.00126059
-0.00137599
-0.00144142
-0.00123323
-0.00188192
-0.00138159
-0.00110104
-0.000999642
-0.000979939
-0.00101577
-0.00113014
-0.00135954
-0.00158297
-0.0015694
-0.00135171
-0.00123963
-0.00120128
-0.00120147
-0.00123589
-0.00131388
-0.00143543
-0.00156593
-0.00160889
-0.00120824
-0.00189767
-0.00191331
-0.00156809
-0.0013554
-0.00127124
-0.0012938
-0.00141274
-0.00164856
-0.00187726
-0.00184843
-0.00161122
-0.00147266
-0.0014117
-0.00139236
-0.00141273
-0.00148326
-0.00160451
-0.00173062
-0.00171847
-0.00107169
-0.00155063
-0.00216127
-0.00186166
-0.00167625
-0.00162096
-0.00168257
-0.00184307
-0.00209272
-0.00232437
-0.00228664
-0.00201876
-0.00183942
-0.00173494
-0.00167067
-0.00164675
-0.00167576
-0.00175725
-0.00182074
-0.00166685
-0.000766313
-0.000909405
-0.00198366
-0.00218052
-0.00214226
-0.00221365
-0.00237103
-0.00259669
-0.00289985
-0.00321814
-0.00314639
-0.00280491
-0.00254224
-0.00233071
-0.00215356
-0.00201755
-0.00193719
-0.0019166
-0.00188559
-0.00137528
-0.000158877
0.000479148
-0.000302916
-0.000803862
-0.00121358
-0.0015847
-0.00193376
-0.00224564
-0.00257013
-0.00301799
-0.00294817
-0.0026054
-0.00227024
-0.00190722
-0.00154065
-0.00119871
-0.000893664
-0.000606536
-0.000227018
0.000269002
0.00105314
4.42615e-05
4.15677e-05
5.22216e-05
6.59273e-05
7.45932e-05
6.03442e-05
5.38366e-06
-0.000108376
-0.000280079
-0.000426901
-0.000466953
-0.00045379
-0.000447422
-0.000455973
-0.000474108
-0.000495984
-0.000516452
-0.000528576
-0.000532397
-0.000580606
-0.000120108
-0.000174519
-0.000219336
-0.000238259
-0.000223022
-0.000213648
-0.000279574
-0.000419132
-0.000554982
-0.000642962
-0.000671251
-0.00067657
-0.000681131
-0.000693324
-0.00071249
-0.000735292
-0.00075522
-0.000764397
-0.00076308
-0.000793704
-0.00027747
-0.000364351
-0.00043744
-0.000482783
-0.000491913
-0.000484366
-0.000524332
-0.000634569
-0.000748265
-0.000805284
-0.000806463
-0.000806634
-0.000811076
-0.000823402
-0.000843818
-0.000871473
-0.000904415
-0.000939383
-0.000979753
-0.00103157
-0.000437763
-0.000524992
-0.00060738
-0.000671493
-0.000704452
-0.000716049
-0.00074769
-0.000829399
-0.00091433
-0.000949747
-0.000936318
-0.000918792
-0.000915738
-0.000926459
-0.000951186
-0.000993836
-0.0010567
-0.00113078
-0.00119263
-0.00114347
-0.000629452
-0.000709742
-0.0007844
-0.000840418
-0.00087939
-0.000910146
-0.000948679
-0.00101662
-0.00108359
-0.00109866
-0.00107068
-0.00104894
-0.0010378
-0.00104446
-0.0010741
-0.00112867
-0.00121008
-0.00130926
-0.00137235
-0.00118395
-0.00185396
-0.00140522
-0.00117136
-0.00109646
-0.00108879
-0.00110866
-0.00114857
-0.00121118
-0.00126982
-0.00127322
-0.00123143
-0.00120128
-0.00118854
-0.00119124
-0.00121578
-0.00127432
-0.0013724
-0.0014867
-0.00153369
-0.00115079
-0.00187347
-0.00192656
-0.00162195
-0.00143946
-0.0013673
-0.00136455
-0.00139506
-0.00145236
-0.00150573
-0.00150233
-0.00145061
-0.0014117
-0.00139032
-0.00138155
-0.00139376
-0.00144405
-0.0015407
-0.0016508
-0.00164294
-0.00100782
-0.00151016
-0.00215708
-0.00190802
-0.00174006
-0.00167872
-0.00169614
-0.00175313
-0.00182518
-0.00187943
-0.00186399
-0.00179354
-0.00173494
-0.00168929
-0.00164988
-0.00162705
-0.00164027
-0.00169901
-0.00174754
-0.00158864
-0.000698691
-0.000868372
-0.00193461
-0.00217491
-0.00212198
-0.00216193
-0.00226899
-0.00240731
-0.00255699
-0.00267645
-0.00261649
-0.00246899
-0.00233071
-0.00219718
-0.00206789
-0.00195537
-0.00187908
-0.00184979
-0.00180066
-0.00128259
-8.94529e-05
0.000497534
-0.000201336
-0.000637855
-0.000999508
-0.00132976
-0.00166164
-0.0019779
-0.00228129
-0.00258603
-0.00248075
-0.00219497
-0.00190722
-0.00160722
-0.00130473
-0.0010146
-0.000744966
-0.000477519
-0.000109302
0.00036305
0.00111552
-0.000139087
-0.000146758
-0.000133133
-0.000106596
-7.56756e-05
-6.03692e-05
-7.98979e-05
-0.000145038
-0.000246826
-0.00034359
-0.000402706
-0.000434714
-0.000455973
-0.000472045
-0.000483806
-0.000492352
-0.000498314
-0.000497499
-0.000490564
-0.000532497
-0.000282038
-0.000328462
-0.000361202
-0.000374496
-0.000356248
-0.000325848
-0.000343652
-0.000429778
-0.000535256
-0.000607644
-0.000649132
-0.000674146
-0.000693324
-0.000710112
-0.000725572
-0.000740727
-0.000754826
-0.000762503
-0.000763321
-0.000790897
-0.000416539
-0.000498752
-0.000569891
-0.000620505
-0.000635156
-0.000616468
-0.000611762
-0.000664129
-0.000738965
-0.000789983
-0.000807551
-0.000814773
-0.000823402
-0.000835352
-0.000850619
-0.000870414
-0.0008945
-0.000918008
-0.000938942
-0.000971904
-0.000552614
-0.000644983
-0.000731763
-0.000806525
-0.000851603
-0.000862848
-0.000862467
-0.00088703
-0.000924378
-0.000944505
-0.000943091
-0.000931846
-0.000926459
-0.000933541
-0.000950553
-0.000978843
-0.00102132
-0.00107673
-0.00112478
-0.00107749
-0.000720661
-0.000815936
-0.000902415
-0.000971229
-0.00102116
-0.00105529
-0.00107309
-0.00108831
-0.00109973
-0.00109438
-0.00107475
-0.00105705
-0.00104446
-0.00104356
-0.00106222
-0.00110159
-0.0011654
-0.00124558
-0.0012929
-0.00110862
-0.00185686
-0.00147537
-0.0012803
-0.00122371
-0.00122558
-0.00124481
-0.00126196
-0.00127446
-0.00127468
-0.00125538
-0.0012244
-0.00120147
-0.00119124
-0.00119054
-0.00120551
-0.00125014
-0.0013268
-0.00141532
-0.00144456
-0.00106507
-0.00183412
-0.00195372
-0.00170539
-0.00155199
-0.00149069
-0.00148067
-0.00148438
-0.00148542
-0.00147738
-0.00145127
-0.00141654
-0.00139236
-0.00138155
-0.00137869
-0.00138755
-0.00142296
-0.00149526
-0.00157512
-0.00154594
-0.000912393
-0.00145249
-0.00214266
-0.00196569
-0.0018214
-0.00176006
-0.00175735
-0.00177426
-0.00178435
-0.00177454
-0.00174043
-0.00169953
-0.00167067
-0.00164988
-0.0016295
-0.00161364
-0.00161792
-0.00165371
-0.00167356
-0.00148296
-0.0005963
-0.000803624
-0.00186871
-0.0021622
-0.00210434
-0.00212138
-0.00219493
-0.002281
-0.00235022
-0.00237862
-0.00231968
-0.00223586
-0.00215356
-0.00206789
-0.00197731
-0.00189003
-0.00182201
-0.00178182
-0.00168534
-0.00115504
1.54347e-05
0.000546151
-7.2692e-05
-0.00045549
-0.000770748
-0.00105206
-0.00134384
-0.00162403
-0.00187391
-0.00207444
-0.00197452
-0.0017625
-0.00154065
-0.00130473
-0.00106045
-0.000816885
-0.000578127
-0.000323478
3.36663e-05
0.000490222
0.0012099
-0.000347177
-0.000365214
-0.000355854
-0.000320829
-0.000263211
-0.000204402
-0.000176469
-0.000195366
-0.000257062
-0.000332968
-0.00039811
-0.000445746
-0.000474108
-0.000483806
-0.000476426
-0.000456892
-0.000431307
-0.000400663
-0.000370616
-0.00040086
-0.000484341
-0.00053716
-0.000567733
-0.000572658
-0.000542008
-0.000479502
-0.000434749
-0.000459779
-0.000533959
-0.000606821
-0.000655312
-0.000687855
-0.00071249
-0.000725572
-0.00072703
-0.000720882
-0.0007116
-0.000699098
-0.000687002
-0.000707198
-0.000599142
-0.000686968
-0.000761988
-0.00081574
-0.000831549
-0.000798999
-0.000746372
-0.000734486
-0.000768049
-0.000806766
-0.000828728
-0.00083647
-0.000843818
-0.000850619
-0.000853272
-0.000854369
-0.00085755
-0.000862279
-0.000867746
-0.000876015
-0.000705081
-0.000808971
-0.000904486
-0.000988423
-0.00104589
-0.00105828
-0.00103226
-0.00100542
-0.000995454
-0.000989995
-0.000978714
-0.000965115
-0.000951186
-0.000950553
-0.000956034
-0.000966566
-0.000986206
-0.0010148
-0.00103711
-0.000975484
-0.00089911
-0.000970452
-0.00106069
-0.00114075
-0.00120351
-0.00124475
-0.00125203
-0.00123292
-0.00120105
-0.00116243
-0.00112254
-0.00109268
-0.0010741
-0.00106222
-0.00106763
-0.00108757
-0.00112528
-0.00117417
-0.00119221
-0.000998105
-0.00187768
-0.00158922
-0.00142981
-0.0013869
-0.00139727
-0.00142105
-0.00142948
-0.00141744
-0.00138191
-0.0013299
-0.00127584
-0.00123589
-0.00121578
-0.00120551
-0.00120453
-0.00122955
-0.00127968
-0.00133678
-0.00133012
-0.000941871
-0.00177142
-0.00198904
-0.00181227
-0.00169081
-0.00164103
-0.00163097
-0.00162644
-0.00160354
-0.00156401
-0.0015083
-0.0014522
-0.00141273
-0.00139376
-0.00138755
-0.00138931
-0.00140465
-0.00144932
-0.00148759
-0.00141583
-0.000775393
-0.00136755
-0.00210506
-0.00202436
-0.00191426
-0.00185859
-0.00184718
-0.00184758
-0.00183423
-0.00179679
-0.00173741
-0.00168259
-0.00164675
-0.00162705
-0.00161364
-0.00160183
-0.00159712
-0.00160672
-0.00158167
-0.00133769
-0.000449289
-0.000705255
-0.00177273
-0.00214002
-0.0020902
-0.0020916
-0.00214295
-0.00219874
-0.0022286
-0.00221966
-0.00215399
-0.00208191
-0.00201755
-0.00195537
-0.00189003
-0.00182251
-0.00176079
-0.00170455
-0.00153954
-0.000983484
0.000163943
0.000632532
8.62781e-05
-0.000258213
-0.000539108
-0.000774373
-0.00102353
-0.0012633
-0.00146717
-0.00160163
-0.00151837
-0.0013657
-0.00119871
-0.0010146
-0.000816885
-0.000610193
-0.00039353
-0.000141037
0.00020813
0.000653099
0.00133943
-0.000571145
-0.000598647
-0.000596528
-0.000558785
-0.000480523
-0.000373004
-0.000282561
-0.000248615
-0.000278773
-0.000345229
-0.000413485
-0.000468046
-0.000495984
-0.000492352
-0.000456892
-0.00039527
-0.000317879
-0.000234085
-0.000162095
-0.000170451
-0.000723366
-0.000790086
-0.000826069
-0.000824767
-0.0007775
-0.000680094
-0.000565319
-0.000513862
-0.000545487
-0.000613118
-0.000671019
-0.000709276
-0.000735292
-0.000740727
-0.000720882
-0.000680701
-0.000629357
-0.000575592
-0.000533871
-0.000534806
-0.000822528
-0.000927693
-0.00101446
-0.00106788
-0.00107469
-0.0010252
-0.000931808
-0.000851259
-0.000827614
-0.000841189
-0.000859417
-0.000870753
-0.000871473
-0.000870414
-0.000854369
-0.000824952
-0.000790045
-0.000758003
-0.000738615
-0.000724654
-0.00090109
-0.00102391
-0.00113499
-0.00122472
-0.00128519
-0.00129252
-0.00124566
-0.00117422
-0.00111223
-0.00106895
-0.00103817
-0.0010151
-0.000993836
-0.000978843
-0.000966566
-0.00094801
-0.000929328
-0.000917298
-0.000908846
-0.000825968
-0.00119335
-0.00119575
-0.00127657
-0.00136186
-0.00143507
-0.00147518
-0.00147162
-0.00142515
-0.00135435
-0.00127832
-0.00121063
-0.0011596
-0.00112867
-0.00110159
-0.00108757
-0.00107645
-0.00107179
-0.00107361
-0.00105245
-0.000840975
-0.00186692
-0.00172942
-0.00162006
-0.00159208
-0.00160938
-0.00163577
-0.00163797
-0.0016086
-0.00154595
-0.00146278
-0.00137932
-0.00131388
-0.00127432
-0.00125014
-0.00122955
-0.00122327
-0.00122837
-0.00123075
-0.0011713
-0.000768657
-0.00167226
-0.0020057
-0.00192632
-0.00184889
-0.00181557
-0.00180942
-0.00180297
-0.00177098
-0.00171171
-0.0016312
-0.00154826
-0.00148326
-0.00144405
-0.00142296
-0.00140465
-0.00139027
-0.00139404
-0.00137017
-0.00123283
-0.000581937
-0.00123919
-0.00202167
-0.00206297
-0.00200527
-0.0019653
-0.00195403
-0.0019499
-0.00193027
-0.00188298
-0.00180934
-0.00173285
-0.00167576
-0.00164027
-0.00161792
-0.00159712
-0.00157188
-0.0015396
-0.00144876
-0.00113107
-0.000241512
-0.00055695
-0.00162024
-0.00209277
-0.00207233
-0.00207067
-0.00210864
-0.00215045
-0.00216707
-0.00214659
-0.00207807
-0.00200282
-0.00193719
-0.00187908
-0.00182201
-0.00176079
-0.00169381
-0.00160599
-0.00134587
-0.000747301
0.000371068
0.000765692
0.000286459
-3.26601e-05
-0.000301467
-0.000503391
-0.000717954
-0.000926591
-0.00110128
-0.00119851
-0.00113343
-0.00102256
-0.000893664
-0.000744966
-0.000578127
-0.00039353
-0.0001839
8.17629e-05
0.000423802
0.000859488
0.00151126
-0.000800993
-0.000823518
-0.00081799
-0.000772355
-0.000682629
-0.000543853
-0.000388898
-0.000290751
-0.000288416
-0.000353024
-0.00043006
-0.000490134
-0.000516452
-0.000498314
-0.000431307
-0.000317879
-0.00016882
-2.55028e-06
0.000140649
0.00017127
-0.00100142
-0.00106598
-0.00109335
-0.00107628
-0.00101363
-0.000895308
-0.000725472
-0.000592071
-0.000565978
-0.000621003
-0.000684654
-0.000729155
-0.00075522
-0.000754826
-0.0007116
-0.000629357
-0.00051888
-0.000398398
-0.000302151
-0.000270136
-0.00109029
-0.00121367
-0.00129601
-0.00132865
-0.00131107
-0.00124375
-0.00112985
-0.00100287
-0.000922767
-0.000896444
-0.000899478
-0.000907865
-0.000904415
-0.0008945
-0.00085755
-0.000790045
-0.000700492
-0.0006063
-0.000538364
-0.000498111
-0.00119211
-0.0013027
-0.0014117
-0.00149096
-0.0015301
-0.00151699
-0.00145383
-0.00135766
-0.00125845
-0.00117881
-0.00112386
-0.00108619
-0.0010567
-0.00102132
-0.000986206
-0.000929328
-0.000854462
-0.000775893
-0.00071641
-0.000616913
-0.00151123
-0.001483
-0.0015426
-0.00161864
-0.00168413
-0.00170866
-0.00168671
-0.00162139
-0.00152736
-0.00142481
-0.00133259
-0.00126059
-0.00121008
-0.0011654
-0.00112528
-0.00107179
-0.00100445
-0.000929458
-0.000853829
-0.000623225
-0.00179051
-0.00184422
-0.00181136
-0.0018097
-0.00183229
-0.00185462
-0.00185019
-0.00180669
-0.00172923
-0.00162835
-0.00152392
-0.00143543
-0.0013724
-0.0013268
-0.00127968
-0.00122837
-0.00116418
-0.00107687
-0.000943312
-0.000529185
-0.00151468
-0.00194271
-0.00199608
-0.00198548
-0.00197985
-0.00198194
-0.00197758
-0.00195075
-0.00188415
-0.00179198
-0.0016921
-0.00160451
-0.0015407
-0.00149526
-0.00144932
-0.00139404
-0.00132382
-0.00119691
-0.000966446
-0.000314142
-0.00104374
-0.00184888
-0.00203086
-0.00205116
-0.00204389
-0.00204396
-0.00204467
-0.00203062
-0.00198823
-0.0019163
-0.00183273
-0.00175725
-0.00169901
-0.00165371
-0.00160672
-0.0015396
-0.00144217
-0.00124349
-0.000831045
5.01495e-05
-0.000333842
-0.00135795
-0.00191831
-0.00200927
-0.00202839
-0.00206878
-0.00211231
-0.00213474
-0.00212048
-0.00206096
-0.00198767
-0.0019166
-0.00184979
-0.00178182
-0.00170455
-0.00160599
-0.00142025
-0.00105835
-0.000412573
0.000659484
0.000957601
0.000545986
0.000247939
-1.39863e-05
-0.000205316
-0.000399933
-0.00059057
-0.000753055
-0.000834849
-0.00079081
-0.000710563
-0.000606536
-0.000477519
-0.000323478
-0.000141037
8.17629e-05
0.000352722
0.000692084
0.00112177
0.00173711
-0.000967647
-0.000959196
-0.00093543
-0.000872639
-0.000779716
-0.000646868
-0.000465689
-0.000306581
-0.000267394
-0.000338548
-0.00043252
-0.00050279
-0.000528576
-0.000497499
-0.000400663
-0.000234085
-2.55028e-06
0.000272331
0.000524591
0.000623927
-0.00126988
-0.00129432
-0.00128437
-0.00123695
-0.00115755
-0.00104191
-0.00087119
-0.000685312
-0.000595483
-0.000626109
-0.000689978
-0.000735929
-0.000764397
-0.000762503
-0.000699098
-0.000575592
-0.000398398
-0.000189502
-7.01876e-06
7.91378e-05
-0.00144998
-0.00148874
-0.00151134
-0.001498
-0.00144768
-0.00136824
-0.00126231
-0.00113522
-0.0010329
-0.000974846
-0.000952828
-0.000948198
-0.000939383
-0.000918008
-0.000862279
-0.000758003
-0.0006063
-0.000427252
-0.000277508
-0.000192634
-0.00151963
-0.00156984
-0.00164178
-0.00168779
-0.00168419
-0.00164039
-0.00156921
-0.00147887
-0.00138217
-0.0012948
-0.00122522
-0.00117371
-0.00113078
-0.00107673
-0.0010148
-0.000917298
-0.000775893
-0.000602945
-0.000452253
-0.000322442
-0.00162267
-0.00166791
-0.00173483
-0.00179847
-0.0018395
-0.00183777
-0.00179801
-0.00173302
-0.00164639
-0.00154998
-0.00145652
-0.00137599
-0.00130926
-0.00124558
-0.00117417
-0.00107361
-0.000929458
-0.000741608
-0.00055946
-0.000315739
-0.00160557
-0.0017896
-0.00186255
-0.00191075
-0.00194575
-0.00196224
-0.00195083
-0.00191028
-0.00184286
-0.00175519
-0.00165823
-0.00156593
-0.0014867
-0.00141532
-0.00133678
-0.00123075
-0.00107687
-0.000857814
-0.000612393
-0.00019264
-0.00125992
-0.00173
-0.00190348
-0.00197817
-0.00201502
-0.00203415
-0.00203811
-0.00202347
-0.00198069
-0.00190755
-0.00181989
-0.00173062
-0.0016508
-0.00157512
-0.00148759
-0.00137017
-0.00119691
-0.000937974
-0.000581162
5.99893e-05
-0.000742011
-0.00150411
-0.00181771
-0.00193297
-0.00197829
-0.00200673
-0.00202574
-0.00202787
-0.00200876
-0.00196057
-0.00189409
-0.00182074
-0.00174754
-0.00167356
-0.00158167
-0.00144876
-0.00124349
-0.000910117
-0.000393662
0.000457713
-2.91393e-07
-0.000906097
-0.00149191
-0.00169905
-0.00178686
-0.00186588
-0.0019503
-0.00202779
-0.00204124
-0.00200975
-0.00195423
-0.00188559
-0.00180066
-0.00168534
-0.00153954
-0.00134587
-0.00105835
-0.000609417
6.72468e-05
0.0010603
0.00122359
0.000886522
0.000612572
0.000374195
0.000187945
7.07169e-06
-0.000163693
-0.000307604
-0.000385345
-0.000367197
-0.000312803
-0.000227018
-0.000109302
3.36663e-05
0.00020813
0.000423802
0.000692084
0.0010338
0.00145903
0.00203441
-0.000957182
-0.000919387
-0.000874489
-0.000808409
-0.000727841
-0.000627845
-0.000488554
-0.000305449
-0.000220137
-0.000302336
-0.000420473
-0.000506888
-0.000532397
-0.000490564
-0.000370616
-0.000162095
0.000140649
0.000524591
0.00091306
0.00112119
-0.00136895
-0.0013296
-0.00128664
-0.00122105
-0.00113788
-0.00104383
-0.000938091
-0.000768989
-0.000649789
-0.000653741
-0.000700231
-0.000733591
-0.00076308
-0.000763321
-0.000687002
-0.000533871
-0.000302151
-7.01876e-06
0.000285398
0.000463376
-0.00154644
-0.00153714
-0.00152075
-0.00147916
-0.00141304
-0.00133423
-0.00125416
-0.00118201
-0.00111668
-0.00105562
-0.0010156
-0.000999531
-0.000979753
-0.000938942
-0.000867746
-0.000738615
-0.000538364
-0.000277508
-1.78797e-05
0.00015857
-0.0015488
-0.00158758
-0.00163937
-0.00165435
-0.00162755
-0.00157603
-0.00151517
-0.00145596
-0.0014027
-0.00135306
-0.00130183
-0.00124929
-0.00119263
-0.00112478
-0.00103711
-0.000908846
-0.00071641
-0.000452253
-0.000175576
4.02548e-05
-0.0014741
-0.00156912
-0.00165775
-0.00172427
-0.00175507
-0.00174272
-0.00171132
-0.00167015
-0.00162029
-0.00156508
-0.00150536
-0.00144142
-0.00137235
-0.0012929
-0.00119221
-0.00105245
-0.000853829
-0.00055946
-0.000230367
7.20148e-05
-0.00125858
-0.00147957
-0.00161873
-0.00171809
-0.00178114
-0.00181462
-0.00182554
-0.00181404
-0.00177873
-0.00173145
-0.00167468
-0.00160889
-0.00153369
-0.00144456
-0.00133012
-0.0011713
-0.000943312
-0.000612393
-0.000212537
0.000240213
-0.000849965
-0.00125701
-0.00148853
-0.00163625
-0.00172883
-0.00178928
-0.00182777
-0.00184469
-0.00184126
-0.00181969
-0.00177738
-0.00171847
-0.00164294
-0.00154594
-0.00141583
-0.00123283
-0.000966446
-0.000581162
-9.80604e-05
0.000543144
-0.000278933
-0.00087106
-0.00121996
-0.00142302
-0.00154321
-0.00163024
-0.00169925
-0.00174851
-0.00176916
-0.00175881
-0.00172335
-0.00166685
-0.00158864
-0.00148296
-0.00133769
-0.00113107
-0.000831045
-0.000393662
0.000196943
0.000994628
0.000485435
-0.00018279
-0.000657304
-0.000915737
-0.00106887
-0.00119494
-0.00131277
-0.00141729
-0.00147285
-0.00147334
-0.00143836
-0.00137528
-0.00128259
-0.00115504
-0.000983484
-0.000747301
-0.000412573
6.72468e-05
0.000724085
0.00159677
0.00157492
0.00132793
0.00109163
0.000870517
0.000691996
0.000526203
0.000373278
0.000251172
0.000191383
0.000184771
0.00020984
0.000269002
0.00036305
0.000490222
0.000653099
0.000859488
0.00112177
0.00145903
0.00187533
0.00240936
-0.000766289
-0.000725275
-0.000697571
-0.000662182
-0.000621234
-0.000574386
-0.000505334
-0.000365011
-0.00020944
-0.000296928
-0.000440842
-0.000554854
-0.000580606
-0.000532497
-0.00040086
-0.000170451
0.00017127
0.000623927
0.00112119
0.00144889
-0.0011297
-0.00108932
-0.00106562
-0.00102799
-0.000979748
-0.000929028
-0.000879974
-0.000831115
-0.000779851
-0.000783498
-0.000800923
-0.000787097
-0.000793704
-0.000790897
-0.000707198
-0.000534806
-0.000270136
7.91378e-05
0.000463376
0.000757603
-0.00123492
-0.00120744
-0.00120472
-0.00118657
-0.00115477
-0.00111924
-0.00108699
-0.00106507
-0.00106439
-0.00107764
-0.00107801
-0.00106273
-0.00103157
-0.000971904
-0.000876015
-0.000724654
-0.000498111
-0.000192634
0.00015857
0.000470427
-0.0011716
-0.00117875
-0.00120481
-0.00122251
-0.00122703
-0.00122561
-0.00122063
-0.00121543
-0.00121374
-0.00121301
-0.00120396
-0.00118235
-0.00114347
-0.00107749
-0.000975484
-0.000825968
-0.000616913
-0.000322442
4.02548e-05
0.000414817
-0.000953199
-0.00100925
-0.00108012
-0.00114352
-0.00119052
-0.00123415
-0.00126469
-0.00128155
-0.00128702
-0.0012813
-0.00126413
-0.00123323
-0.00118395
-0.00110862
-0.000998105
-0.000840975
-0.000623225
-0.000315739
7.20148e-05
0.000523306
-0.000609201
-0.0007286
-0.000845946
-0.000964619
-0.00106733
-0.00115166
-0.00121369
-0.00125031
-0.0012672
-0.00126382
-0.0012444
-0.00120824
-0.00115079
-0.00106507
-0.000941871
-0.000768657
-0.000529185
-0.00019264
0.000240213
0.000766537
-0.000137477
-0.000333088
-0.000506112
-0.000679894
-0.000830499
-0.000955038
-0.00104947
-0.00110876
-0.00113297
-0.00113139
-0.00111122
-0.00107169
-0.00100782
-0.000912393
-0.000775393
-0.000581937
-0.000314142
5.99893e-05
0.000543144
0.0011535
0.000479923
0.000211903
-2.0841e-05
-0.00024285
-0.000423853
-0.000572266
-0.000690325
-0.000771551
-0.000811823
-0.000820348
-0.000805432
-0.000766313
-0.000698691
-0.0005963
-0.000449289
-0.000241512
5.01495e-05
0.000457713
0.000994628
0.00169215
0.00122252
0.000935584
0.000671516
0.00043146
0.000249303
9.69031e-05
-3.50616e-05
-0.00013467
-0.00018954
-0.000207251
-0.000197149
-0.000158877
-8.94529e-05
1.54347e-05
0.000163943
0.000371068
0.000659484
0.0010603
0.00159677
0.00230745
0.00207039
0.00194611
0.00178241
0.00160196
0.00145413
0.00131804
0.00119013
0.00109996
0.001046
0.00102049
0.00102185
0.00105314
0.00111552
0.0012099
0.00133943
0.00151126
0.00173711
0.00203441
0.00240936
0.00289295
)
;

boundaryField
{
    floor
    {
        type            fixedFluxPressure;
        gradient        uniform 0;
        value           nonuniform List<scalar> 
400
(
-1.10974e-05
-0.000208932
-0.000309307
-0.000176865
0.000165853
0.000337899
0.000405637
0.000436468
0.000431686
0.000385512
0.000306087
0.000192935
4.42615e-05
-0.000139087
-0.000347177
-0.000571145
-0.000800993
-0.000967647
-0.000957182
-0.000766289
-0.000208932
-0.000272138
-0.000278757
-0.000129792
0.000170256
0.000338678
0.000397837
0.000423106
0.000418487
0.000376934
0.000300626
0.000190459
4.15677e-05
-0.000146758
-0.000365214
-0.000598647
-0.000823518
-0.000959196
-0.000919387
-0.000725275
-0.000309307
-0.000278757
-0.000206584
-4.67028e-05
0.000211623
0.000350454
0.000391675
0.000411405
0.000404713
0.0003662
0.000297621
0.000194423
5.22216e-05
-0.000133133
-0.000355854
-0.000596528
-0.00081799
-0.00093543
-0.000874489
-0.000697571
-0.000176865
-0.000129792
-4.67028e-05
9.87948e-05
0.000271967
0.000370875
0.000391029
0.000402255
0.000390299
0.000352706
0.000290259
0.000197573
6.59273e-05
-0.000106596
-0.000320829
-0.000558785
-0.000772355
-0.000872639
-0.000808409
-0.000662182
0.000165853
0.000170256
0.000211623
0.000271967
0.000344798
0.000399238
0.000399818
0.000405899
0.000388696
0.000345916
0.000283461
0.000192971
7.45932e-05
-7.56756e-05
-0.000263211
-0.000480523
-0.000682629
-0.000779716
-0.000727841
-0.000621234
0.000337899
0.000338678
0.000350454
0.000370875
0.000399238
0.000411757
0.000409188
0.000418587
0.000390526
0.00031921
0.000244098
0.000161476
6.03442e-05
-6.03692e-05
-0.000204402
-0.000373004
-0.000543853
-0.000646868
-0.000627845
-0.000574386
0.000405637
0.000397837
0.000391675
0.000391029
0.000399818
0.000409188
0.000408826
0.00040801
0.00035864
0.000235048
0.000142338
7.98654e-05
5.38366e-06
-7.98979e-05
-0.000176469
-0.000282561
-0.000388898
-0.000465689
-0.000488554
-0.000505334
0.000436468
0.000423106
0.000411405
0.000402255
0.000405899
0.000418587
0.00040801
0.000382418
0.000268857
-1.92268e-05
-0.000128965
-9.24973e-05
-0.000108376
-0.000145038
-0.000195366
-0.000248615
-0.000290751
-0.000306581
-0.000305449
-0.000365011
0.000431686
0.000418487
0.000404713
0.000390299
0.000388696
0.000390526
0.00035864
0.000268857
-8.6902e-05
-0.00131657
-0.00121578
-0.000416228
-0.000280079
-0.000246826
-0.000257062
-0.000278773
-0.000288416
-0.000267394
-0.000220137
-0.00020944
0.000385512
0.000376934
0.0003662
0.000352706
0.000345916
0.00031921
0.000235048
-1.92268e-05
-0.00131657
-0.00543231
-0.00382048
-0.000772605
-0.000426901
-0.00034359
-0.000332968
-0.000345229
-0.000353024
-0.000338548
-0.000302336
-0.000296928
0.000306087
0.000300626
0.000297621
0.000290259
0.000283461
0.000244098
0.000142338
-0.000128965
-0.00121578
-0.00382048
-0.0029987
-0.000734503
-0.000466953
-0.000402706
-0.00039811
-0.000413485
-0.00043006
-0.00043252
-0.000420473
-0.000440842
0.000192935
0.000190459
0.000194423
0.000197573
0.000192971
0.000161476
7.98654e-05
-9.24973e-05
-0.000416228
-0.000772605
-0.000734503
-0.000536555
-0.00045379
-0.000434714
-0.000445746
-0.000468046
-0.000490134
-0.00050279
-0.000506888
-0.000554854
4.42615e-05
4.15677e-05
5.22216e-05
6.59273e-05
7.45932e-05
6.03442e-05
5.38366e-06
-0.000108376
-0.000280079
-0.000426901
-0.000466953
-0.00045379
-0.000447422
-0.000455973
-0.000474108
-0.000495984
-0.000516452
-0.000528576
-0.000532397
-0.000580606
-0.000139087
-0.000146758
-0.000133133
-0.000106596
-7.56756e-05
-6.03692e-05
-7.98979e-05
-0.000145038
-0.000246826
-0.00034359
-0.000402706
-0.000434714
-0.000455973
-0.000472045
-0.000483806
-0.000492352
-0.000498314
-0.000497499
-0.000490564
-0.000532497
-0.000347177
-0.000365214
-0.000355854
-0.000320829
-0.000263211
-0.000204402
-0.000176469
-0.000195366
-0.000257062
-0.000332968
-0.00039811
-0.000445746
-0.000474108
-0.000483806
-0.000476426
-0.000456892
-0.000431307
-0.000400663
-0.000370616
-0.00040086
-0.000571145
-0.000598647
-0.000596528
-0.000558785
-0.000480523
-0.000373004
-0.000282561
-0.000248615
-0.000278773
-0.000345229
-0.000413485
-0.000468046
-0.000495984
-0.000492352
-0.000456892
-0.00039527
-0.000317879
-0.000234085
-0.000162095
-0.000170451
-0.000800993
-0.000823518
-0.00081799
-0.000772355
-0.000682629
-0.000543853
-0.000388898
-0.000290751
-0.000288416
-0.000353024
-0.00043006
-0.000490134
-0.000516452
-0.000498314
-0.000431307
-0.000317879
-0.00016882
-2.55028e-06
0.000140649
0.00017127
-0.000967647
-0.000959196
-0.00093543
-0.000872639
-0.000779716
-0.000646868
-0.000465689
-0.000306581
-0.000267394
-0.000338548
-0.00043252
-0.00050279
-0.000528576
-0.000497499
-0.000400663
-0.000234085
-2.55028e-06
0.000272331
0.000524591
0.000623927
-0.000957182
-0.000919387
-0.000874489
-0.000808409
-0.000727841
-0.000627845
-0.000488554
-0.000305449
-0.000220137
-0.000302336
-0.000420473
-0.000506888
-0.000532397
-0.000490564
-0.000370616
-0.000162095
0.000140649
0.000524591
0.00091306
0.00112119
-0.000766289
-0.000725275
-0.000697571
-0.000662182
-0.000621234
-0.000574386
-0.000505334
-0.000365011
-0.00020944
-0.000296928
-0.000440842
-0.000554854
-0.000580606
-0.000532497
-0.00040086
-0.000170451
0.00017127
0.000623927
0.00112119
0.00144889
)
;
    }
    ceiling
    {
        type            fixedFluxPressure;
        gradient        nonuniform List<scalar> 
400
(
0.226056
0.226883
0.227856
0.228753
0.229542
0.230239
0.230851
0.231367
0.231773
0.231788
0.231643
0.231355
0.230961
0.230484
0.229931
0.22929
0.228535
0.227633
0.226541
0.22524
0.226883
0.228002
0.229223
0.230333
0.231308
0.232199
0.233019
0.233744
0.234282
0.234205
0.233865
0.233363
0.232766
0.232111
0.231405
0.230617
0.229692
0.228568
0.227165
0.225397
0.227856
0.229223
0.230616
0.231876
0.232975
0.23403
0.235056
0.236006
0.236746
0.236579
0.236
0.235255
0.234446
0.233625
0.232801
0.231922
0.230888
0.229622
0.228024
0.225997
0.228753
0.230333
0.231876
0.233325
0.234552
0.235773
0.237035
0.238215
0.239156
0.238902
0.238054
0.237035
0.235975
0.234945
0.233972
0.233024
0.231921
0.230503
0.228805
0.226683
0.229542
0.231308
0.232975
0.234552
0.235985
0.237536
0.239156
0.240706
0.242029
0.241663
0.240369
0.238944
0.237534
0.236204
0.234984
0.233851
0.232656
0.231174
0.229441
0.227283
0.230239
0.232199
0.23403
0.235773
0.237536
0.239484
0.241559
0.243667
0.245655
0.245154
0.243106
0.241089
0.239221
0.237534
0.236031
0.234684
0.233352
0.231784
0.23
0.2278
0.230851
0.233019
0.235056
0.237035
0.239156
0.241559
0.244256
0.247247
0.250378
0.249708
0.246361
0.243451
0.240975
0.238857
0.237043
0.235476
0.234005
0.232324
0.230469
0.22823
0.231367
0.233744
0.236006
0.238215
0.240706
0.243667
0.247247
0.251595
0.25652
0.255588
0.250154
0.24595
0.242675
0.240049
0.2379
0.236118
0.23453
0.232737
0.230778
0.228427
0.231773
0.234282
0.236746
0.239156
0.242029
0.245655
0.250378
0.25652
0.263813
0.26232
0.254095
0.248296
0.244106
0.240935
0.238455
0.236471
0.234771
0.232908
0.230826
0.228411
0.231788
0.234205
0.236579
0.238902
0.241663
0.245154
0.249708
0.255588
0.26232
0.260524
0.252818
0.247409
0.243469
0.240453
0.238072
0.236158
0.234519
0.232722
0.230687
0.228308
0.231643
0.233865
0.236
0.238054
0.240369
0.243106
0.246361
0.250154
0.254095
0.252818
0.248536
0.244917
0.241927
0.239439
0.237362
0.235627
0.234099
0.232387
0.230435
0.228128
0.231355
0.233363
0.235255
0.237035
0.238944
0.241089
0.243451
0.24595
0.248296
0.247409
0.244917
0.242472
0.240236
0.238241
0.236484
0.234951
0.233547
0.231919
0.23006
0.227842
0.230961
0.232766
0.234446
0.235975
0.237534
0.239221
0.240975
0.242675
0.244106
0.243469
0.241927
0.240236
0.238565
0.236982
0.235518
0.234179
0.23289
0.231331
0.229565
0.227441
0.230484
0.232111
0.233625
0.234945
0.236204
0.237534
0.238857
0.240049
0.240935
0.240453
0.239439
0.238241
0.236982
0.235728
0.234509
0.233337
0.232138
0.230654
0.228962
0.226928
0.229931
0.231405
0.232801
0.233972
0.234984
0.236031
0.237043
0.2379
0.238455
0.238072
0.237362
0.236484
0.235518
0.234509
0.233482
0.232435
0.231288
0.229874
0.228246
0.226299
0.22929
0.230617
0.231922
0.233024
0.233851
0.234684
0.235476
0.236118
0.236471
0.236158
0.235627
0.234951
0.234179
0.233337
0.232435
0.231456
0.230307
0.228968
0.227402
0.225544
0.228535
0.229692
0.230888
0.231921
0.232656
0.233352
0.234005
0.23453
0.234771
0.234519
0.234099
0.233547
0.23289
0.232138
0.231288
0.230307
0.229192
0.227917
0.226404
0.224639
0.227633
0.228568
0.229622
0.230503
0.231174
0.231784
0.232324
0.232737
0.232908
0.232722
0.232387
0.231919
0.231331
0.230654
0.229874
0.228968
0.227917
0.226683
0.225215
0.223548
0.226541
0.227165
0.228024
0.228805
0.229441
0.23
0.230469
0.230778
0.230826
0.230687
0.230435
0.23006
0.229565
0.228962
0.228246
0.227402
0.226404
0.225215
0.223798
0.22223
0.22524
0.225397
0.225997
0.226683
0.227283
0.2278
0.22823
0.228427
0.228411
0.228308
0.228128
0.227842
0.227441
0.226928
0.226299
0.225544
0.224639
0.223548
0.22223
0.220744
)
;
        value           nonuniform List<scalar> 
400
(
0.0584063
0.0582835
0.0582584
0.0582773
0.0583365
0.0584119
0.0584748
0.0584933
0.0584759
0.0584418
0.0583921
0.0583179
0.0582378
0.0581672
0.0581152
0.0580881
0.0580914
0.0581317
0.0582101
0.0583805
0.0582835
0.0581134
0.0580556
0.0580385
0.0580627
0.0581032
0.0581391
0.0581495
0.0581387
0.0581163
0.0580873
0.0580378
0.0579902
0.0579551
0.0579375
0.0579406
0.057969
0.0580285
0.0581192
0.0582953
0.0582584
0.0580556
0.0579999
0.0579967
0.0580358
0.0580729
0.0580942
0.0580952
0.0580823
0.0580658
0.0580506
0.0580098
0.0579736
0.0579507
0.0579421
0.0579479
0.0579698
0.058018
0.0580976
0.0582816
0.0582773
0.0580385
0.0579967
0.0580217
0.0580757
0.0581188
0.058149
0.0581706
0.0581701
0.0581437
0.0581103
0.058045
0.0579943
0.0579656
0.057954
0.0579545
0.0579662
0.0579999
0.0580719
0.0582728
0.0583365
0.0580627
0.0580358
0.0580757
0.0581452
0.0582129
0.0582943
0.0583912
0.0584411
0.0583917
0.0582897
0.0581514
0.0580537
0.0579991
0.0579715
0.0579594
0.0579586
0.0579813
0.0580522
0.0582748
0.0584119
0.0581032
0.0580729
0.0581188
0.0582129
0.0583494
0.0585687
0.0588591
0.0590397
0.058934
0.0586443
0.0583384
0.0581437
0.0580397
0.0579842
0.0579531
0.0579381
0.057953
0.0580262
0.0582679
0.0584748
0.0581391
0.0580942
0.058149
0.0582943
0.0585687
0.059055
0.0597063
0.0601284
0.0598984
0.0592238
0.0586172
0.0582658
0.0580902
0.0579975
0.0579424
0.0579107
0.0579172
0.0579906
0.0582477
0.0584933
0.0581495
0.0580952
0.0581706
0.0583912
0.0588591
0.0597063
0.0608287
0.0615669
0.0611351
0.0599043
0.0589173
0.0583876
0.0581383
0.0580079
0.0579282
0.0578793
0.0578767
0.0579456
0.0582067
0.0584759
0.0581387
0.0580823
0.0581701
0.0584411
0.0590397
0.0601284
0.0615669
0.0625271
0.0619111
0.0602677
0.059056
0.0584404
0.0581592
0.0580121
0.0579193
0.0578579
0.0578417
0.057898
0.0581486
0.0584418
0.0581163
0.0580658
0.0581437
0.0583917
0.058934
0.0598984
0.0611351
0.0619111
0.0613282
0.0599189
0.0589042
0.0583866
0.0581387
0.0579996
0.057906
0.0578389
0.0578133
0.0578565
0.0580975
0.0583921
0.0580873
0.0580506
0.0581103
0.0582897
0.0586443
0.0592238
0.0599043
0.0602677
0.0599189
0.0592022
0.058624
0.0582868
0.0580973
0.0579749
0.0578841
0.0578142
0.0577839
0.0578186
0.0580538
0.0583179
0.0580378
0.0580098
0.058045
0.0581514
0.0583384
0.0586172
0.0589173
0.059056
0.0589042
0.058624
0.0583477
0.0581518
0.0580195
0.0579223
0.0578441
0.0577803
0.0577527
0.0577839
0.0580135
0.0582378
0.0579902
0.0579736
0.0579943
0.0580537
0.0581437
0.0582658
0.0583876
0.0584404
0.0583866
0.0582868
0.0581518
0.058034
0.0579409
0.0578649
0.0577997
0.0577449
0.0577235
0.0577544
0.0579759
0.0581672
0.0579551
0.0579507
0.0579656
0.0579991
0.0580397
0.0580902
0.0581383
0.0581592
0.0581387
0.0580973
0.0580195
0.0579409
0.0578715
0.0578105
0.0577561
0.057711
0.0576971
0.0577307
0.0579419
0.0581152
0.0579375
0.0579421
0.057954
0.0579715
0.0579842
0.0579975
0.0580079
0.0580121
0.0579996
0.0579749
0.0579223
0.0578649
0.0578105
0.0577603
0.0577153
0.0576809
0.0576766
0.0577146
0.0579142
0.0580881
0.0579406
0.0579479
0.0579545
0.0579594
0.0579531
0.0579424
0.0579282
0.0579193
0.057906
0.0578841
0.0578441
0.0577997
0.0577561
0.0577153
0.0576802
0.0576585
0.0576659
0.0577099
0.0578972
0.0580914
0.057969
0.0579698
0.0579662
0.0579586
0.0579381
0.0579107
0.0578793
0.0578579
0.0578389
0.0578142
0.0577803
0.0577449
0.057711
0.0576809
0.0576585
0.0576507
0.0576713
0.0577228
0.0578969
0.0581317
0.0580285
0.058018
0.0579999
0.0579813
0.057953
0.0579172
0.0578767
0.0578417
0.0578133
0.0577839
0.0577527
0.0577235
0.0576971
0.0576766
0.0576659
0.0576713
0.0577045
0.0577628
0.0579214
0.0582101
0.0581192
0.0580976
0.0580719
0.0580522
0.0580262
0.0579906
0.0579456
0.057898
0.0578565
0.0578186
0.0577839
0.0577544
0.0577307
0.0577146
0.0577099
0.0577228
0.0577628
0.0578248
0.057967
0.0583805
0.0582953
0.0582816
0.0582728
0.0582748
0.0582679
0.0582477
0.0582067
0.0581486
0.0580975
0.0580538
0.0580135
0.0579759
0.0579419
0.0579142
0.0578972
0.0578969
0.0579214
0.057967
0.0580789
)
;
    }
    fixedWalls
    {
        type            fixedFluxPressure;
        gradient        uniform 0;
        value           nonuniform List<scalar> 
800
(
-1.10974e-05
-0.000400232
-0.000549824
-0.000559075
-0.000468972
-0.000284803
3.65246e-05
0.00054434
0.00119976
0.00189234
-0.000208932
-0.000595316
-0.000774824
-0.000849163
-0.000828699
-0.000703992
-0.000443251
5.91358e-06
0.000650457
0.00156273
-0.000309307
-0.000713837
-0.000972229
-0.00114129
-0.00117285
-0.00107607
-0.000847822
-0.00043298
0.000208692
0.00129447
-0.000176865
-0.00055809
-0.00088727
-0.0011484
-0.00143837
-0.00135608
-0.00115059
-0.000762426
-0.000116334
0.00108889
0.000165853
-0.000123625
-0.00050868
-0.000832965
-0.00131625
-0.00156525
-0.00136128
-0.000990483
-0.000334657
0.000950954
0.000337899
6.6282e-05
-0.000279856
-0.000658593
-0.00136314
-0.00170658
-0.00151934
-0.00115736
-0.000488393
0.000852022
0.000405637
0.000100791
-0.000169992
-0.000592657
-0.00145138
-0.00181491
-0.00165278
-0.00129534
-0.000622298
0.000762013
0.000436468
0.000132902
-0.000110432
-0.000477495
-0.001373
-0.0019078
-0.00178211
-0.00144357
-0.000774901
0.000651654
0.000431686
0.000153601
-6.70833e-05
-0.00036403
-0.00114378
-0.00195585
-0.00187081
-0.00155354
-0.000920758
0.000532576
0.000385512
0.000136152
-6.00897e-05
-0.000296625
-0.00087223
-0.00195344
-0.0019026
-0.00157872
-0.000943413
0.000494848
0.000306087
8.77239e-05
-0.000103547
-0.000303658
-0.000673408
-0.00192174
-0.00190801
-0.00157373
-0.000933805
0.000481369
0.000192935
2.31291e-06
-0.000175284
-0.000354987
-0.000602909
-0.00188192
-0.00189767
-0.00155063
-0.000909405
0.000479148
4.42615e-05
-0.000120108
-0.00027747
-0.000437763
-0.000629452
-0.00185396
-0.00187347
-0.00151016
-0.000868372
0.000497534
-0.000139087
-0.000282038
-0.000416539
-0.000552614
-0.000720661
-0.00185686
-0.00183412
-0.00145249
-0.000803624
0.000546151
-0.000347177
-0.000484341
-0.000599142
-0.000705081
-0.00089911
-0.00187768
-0.00177142
-0.00136755
-0.000705255
0.000632532
-0.000571145
-0.000723366
-0.000822528
-0.00090109
-0.00119335
-0.00186692
-0.00167226
-0.00123919
-0.00055695
0.000765692
-0.000800993
-0.00100142
-0.00109029
-0.00119211
-0.00151123
-0.00179051
-0.00151468
-0.00104374
-0.000333842
0.000957601
-0.000967647
-0.00126988
-0.00144998
-0.00151963
-0.00162267
-0.00160557
-0.00125992
-0.000742011
-2.91393e-07
0.00122359
-0.000957182
-0.00136895
-0.00154644
-0.0015488
-0.0014741
-0.00125858
-0.000849965
-0.000278933
0.000485435
0.00157492
-0.000766289
-0.0011297
-0.00123492
-0.0011716
-0.000953199
-0.000609201
-0.000137477
0.000479923
0.00122252
0.00207039
-0.000766289
-0.0011297
-0.00123492
-0.0011716
-0.000953199
-0.000609201
-0.000137477
0.000479923
0.00122252
0.00207039
-0.000725275
-0.00108932
-0.00120744
-0.00117875
-0.00100925
-0.0007286
-0.000333088
0.000211903
0.000935584
0.00194611
-0.000697571
-0.00106562
-0.00120472
-0.00120481
-0.00108012
-0.000845946
-0.000506112
-2.0841e-05
0.000671516
0.00178241
-0.000662182
-0.00102799
-0.00118657
-0.00122251
-0.00114352
-0.000964619
-0.000679894
-0.00024285
0.00043146
0.00160196
-0.000621234
-0.000979748
-0.00115477
-0.00122703
-0.00119052
-0.00106733
-0.000830499
-0.000423853
0.000249303
0.00145413
-0.000574386
-0.000929028
-0.00111924
-0.00122561
-0.00123415
-0.00115166
-0.000955038
-0.000572266
9.69031e-05
0.00131804
-0.000505334
-0.000879974
-0.00108699
-0.00122063
-0.00126469
-0.00121369
-0.00104947
-0.000690325
-3.50616e-05
0.00119013
-0.000365011
-0.000831115
-0.00106507
-0.00121543
-0.00128155
-0.00125031
-0.00110876
-0.000771551
-0.00013467
0.00109996
-0.00020944
-0.000779851
-0.00106439
-0.00121374
-0.00128702
-0.0012672
-0.00113297
-0.000811823
-0.00018954
0.001046
-0.000296928
-0.000783498
-0.00107764
-0.00121301
-0.0012813
-0.00126382
-0.00113139
-0.000820348
-0.000207251
0.00102049
-0.000440842
-0.000800923
-0.00107801
-0.00120396
-0.00126413
-0.0012444
-0.00111122
-0.000805432
-0.000197149
0.00102185
-0.000554854
-0.000787097
-0.00106273
-0.00118235
-0.00123323
-0.00120824
-0.00107169
-0.000766313
-0.000158877
0.00105314
-0.000580606
-0.000793704
-0.00103157
-0.00114347
-0.00118395
-0.00115079
-0.00100782
-0.000698691
-8.94529e-05
0.00111552
-0.000532497
-0.000790897
-0.000971904
-0.00107749
-0.00110862
-0.00106507
-0.000912393
-0.0005963
1.54347e-05
0.0012099
-0.00040086
-0.000707198
-0.000876015
-0.000975484
-0.000998105
-0.000941871
-0.000775393
-0.000449289
0.000163943
0.00133943
-0.000170451
-0.000534806
-0.000724654
-0.000825968
-0.000840975
-0.000768657
-0.000581937
-0.000241512
0.000371068
0.00151126
0.00017127
-0.000270136
-0.000498111
-0.000616913
-0.000623225
-0.000529185
-0.000314142
5.01495e-05
0.000659484
0.00173711
0.000623927
7.91378e-05
-0.000192634
-0.000322442
-0.000315739
-0.00019264
5.99893e-05
0.000457713
0.0010603
0.00203441
0.00112119
0.000463376
0.00015857
4.02548e-05
7.20148e-05
0.000240213
0.000543144
0.000994628
0.00159677
0.00240936
0.00144889
0.000757603
0.000470427
0.000414817
0.000523306
0.000766537
0.0011535
0.00169215
0.00230745
0.00289295
-1.10974e-05
-0.000400232
-0.000549824
-0.000559075
-0.000468972
-0.000284803
3.65246e-05
0.00054434
0.00119976
0.00189234
-0.000208932
-0.000595316
-0.000774824
-0.000849163
-0.000828699
-0.000703992
-0.000443251
5.91358e-06
0.000650457
0.00156273
-0.000309307
-0.000713837
-0.000972229
-0.00114129
-0.00117285
-0.00107607
-0.000847822
-0.00043298
0.000208692
0.00129447
-0.000176865
-0.00055809
-0.00088727
-0.0011484
-0.00143837
-0.00135608
-0.00115059
-0.000762426
-0.000116334
0.00108889
0.000165853
-0.000123625
-0.00050868
-0.000832965
-0.00131625
-0.00156525
-0.00136128
-0.000990483
-0.000334657
0.000950954
0.000337899
6.6282e-05
-0.000279856
-0.000658593
-0.00136314
-0.00170658
-0.00151934
-0.00115736
-0.000488393
0.000852022
0.000405637
0.000100791
-0.000169992
-0.000592657
-0.00145138
-0.00181491
-0.00165278
-0.00129534
-0.000622298
0.000762013
0.000436468
0.000132902
-0.000110432
-0.000477495
-0.001373
-0.0019078
-0.00178211
-0.00144357
-0.000774901
0.000651654
0.000431686
0.000153601
-6.70833e-05
-0.00036403
-0.00114378
-0.00195585
-0.00187081
-0.00155354
-0.000920758
0.000532576
0.000385512
0.000136152
-6.00897e-05
-0.000296625
-0.00087223
-0.00195344
-0.0019026
-0.00157872
-0.000943413
0.000494848
0.000306087
8.77239e-05
-0.000103547
-0.000303658
-0.000673408
-0.00192174
-0.00190801
-0.00157373
-0.000933805
0.000481369
0.000192935
2.31291e-06
-0.000175284
-0.000354987
-0.000602909
-0.00188192
-0.00189767
-0.00155063
-0.000909405
0.000479148
4.42615e-05
-0.000120108
-0.00027747
-0.000437763
-0.000629452
-0.00185396
-0.00187347
-0.00151016
-0.000868372
0.000497534
-0.000139087
-0.000282038
-0.000416539
-0.000552614
-0.000720661
-0.00185686
-0.00183412
-0.00145249
-0.000803624
0.000546151
-0.000347177
-0.000484341
-0.000599142
-0.000705081
-0.00089911
-0.00187768
-0.00177142
-0.00136755
-0.000705255
0.000632532
-0.000571145
-0.000723366
-0.000822528
-0.00090109
-0.00119335
-0.00186692
-0.00167226
-0.00123919
-0.00055695
0.000765692
-0.000800993
-0.00100142
-0.00109029
-0.00119211
-0.00151123
-0.00179051
-0.00151468
-0.00104374
-0.000333842
0.000957601
-0.000967647
-0.00126988
-0.00144998
-0.00151963
-0.00162267
-0.00160557
-0.00125992
-0.000742011
-2.91393e-07
0.00122359
-0.000957182
-0.00136895
-0.00154644
-0.0015488
-0.0014741
-0.00125858
-0.000849965
-0.000278933
0.000485435
0.00157492
-0.000766289
-0.0011297
-0.00123492
-0.0011716
-0.000953199
-0.000609201
-0.000137477
0.000479923
0.00122252
0.00207039
-0.000766289
-0.0011297
-0.00123492
-0.0011716
-0.000953199
-0.000609201
-0.000137477
0.000479923
0.00122252
0.00207039
-0.000725275
-0.00108932
-0.00120744
-0.00117875
-0.00100925
-0.0007286
-0.000333088
0.000211903
0.000935584
0.00194611
-0.000697571
-0.00106562
-0.00120472
-0.00120481
-0.00108012
-0.000845946
-0.000506112
-2.0841e-05
0.000671516
0.00178241
-0.000662182
-0.00102799
-0.00118657
-0.00122251
-0.00114352
-0.000964619
-0.000679894
-0.00024285
0.00043146
0.00160196
-0.000621234
-0.000979748
-0.00115477
-0.00122703
-0.00119052
-0.00106733
-0.000830499
-0.000423853
0.000249303
0.00145413
-0.000574386
-0.000929028
-0.00111924
-0.00122561
-0.00123415
-0.00115166
-0.000955038
-0.000572266
9.69031e-05
0.00131804
-0.000505334
-0.000879974
-0.00108699
-0.00122063
-0.00126469
-0.00121369
-0.00104947
-0.000690325
-3.50616e-05
0.00119013
-0.000365011
-0.000831115
-0.00106507
-0.00121543
-0.00128155
-0.00125031
-0.00110876
-0.000771551
-0.00013467
0.00109996
-0.00020944
-0.000779851
-0.00106439
-0.00121374
-0.00128702
-0.0012672
-0.00113297
-0.000811823
-0.00018954
0.001046
-0.000296928
-0.000783498
-0.00107764
-0.00121301
-0.0012813
-0.00126382
-0.00113139
-0.000820348
-0.000207251
0.00102049
-0.000440842
-0.000800923
-0.00107801
-0.00120396
-0.00126413
-0.0012444
-0.00111122
-0.000805432
-0.000197149
0.00102185
-0.000554854
-0.000787097
-0.00106273
-0.00118235
-0.00123323
-0.00120824
-0.00107169
-0.000766313
-0.000158877
0.00105314
-0.000580606
-0.000793704
-0.00103157
-0.00114347
-0.00118395
-0.00115079
-0.00100782
-0.000698691
-8.94529e-05
0.00111552
-0.000532497
-0.000790897
-0.000971904
-0.00107749
-0.00110862
-0.00106507
-0.000912393
-0.0005963
1.54347e-05
0.0012099
-0.00040086
-0.000707198
-0.000876015
-0.000975484
-0.000998105
-0.000941871
-0.000775393
-0.000449289
0.000163943
0.00133943
-0.000170451
-0.000534806
-0.000724654
-0.000825968
-0.000840975
-0.000768657
-0.000581937
-0.000241512
0.000371068
0.00151126
0.00017127
-0.000270136
-0.000498111
-0.000616913
-0.000623225
-0.000529185
-0.000314142
5.01495e-05
0.000659484
0.00173711
0.000623927
7.91378e-05
-0.000192634
-0.000322442
-0.000315739
-0.00019264
5.99893e-05
0.000457713
0.0010603
0.00203441
0.00112119
0.000463376
0.00015857
4.02548e-05
7.20148e-05
0.000240213
0.000543144
0.000994628
0.00159677
0.00240936
0.00144889
0.000757603
0.000470427
0.000414817
0.000523306
0.000766537
0.0011535
0.00169215
0.00230745
0.00289295
)
;
    }
}


// ************************************************************************* //
