/*--------------------------------*- C++ -*----------------------------------*\
  =========                 |
  \\      /  F ield         | OpenFOAM: The Open Source CFD Toolbox
   \\    /   O peration     | Website:  https://openfoam.org
    \\  /    A nd           | Version:  8
     \\/     M anipulation  |
\*---------------------------------------------------------------------------*/
FoamFile
{
    version     2.0;
    format      ascii;
    class       volScalarField;
    location    "200";
    object      alphat;
}
// * * * * * * * * * * * * * * * * * * * * * * * * * * * * * * * * * * * * * //

dimensions      [1 -1 -1 0 0 0 0];

internalField   nonuniform List<scalar> 
4000
(
0.000555153
0.000605752
0.000651119
0.000680263
0.000701145
0.000718904
0.000736922
0.000756505
0.000777125
0.000795308
0.000806137
0.000805492
0.000796839
0.000784963
0.000770181
0.000750559
0.000723515
0.000685663
0.000630861
0.000575495
0.000581037
0.000662163
0.000726136
0.000770973
0.00080287
0.000826001
0.000844057
0.000860029
0.00087533
0.000888603
0.000897969
0.000900793
0.00089002
0.000873642
0.000853014
0.000826044
0.000789436
0.000739846
0.000671531
0.000587897
0.000602409
0.00070541
0.000781646
0.000836389
0.000874787
0.000899742
0.00091334
0.000917779
0.000915333
0.000910206
0.000910028
0.000922284
0.000921293
0.000910143
0.0008912
0.000863482
0.000823933
0.000768835
0.000692427
0.000594889
0.000606073
0.000721677
0.000806657
0.000867797
0.000910257
0.00093615
0.000945722
0.000938568
0.000915643
0.000885775
0.000870899
0.000899372
0.000913497
0.00091251
0.000899205
0.00087376
0.000833555
0.00077501
0.000695239
0.00059438
0.000597413
0.000714708
0.000803773
0.000867844
0.000911934
0.000937345
0.000942197
0.000922666
0.000877464
0.000824516
0.000799968
0.000848558
0.00087874
0.000889507
0.000884446
0.000862341
0.000823293
0.000764407
0.000683535
0.00058652
0.000586765
0.000697638
0.000785086
0.000843497
0.000884867
0.000907042
0.000904835
0.000870783
0.000807429
0.000740786
0.000664478
0.000775889
0.000833934
0.000860961
0.000862488
0.000843059
0.000805204
0.000747191
0.000667223
0.000573815
0.000574822
0.00067493
0.000757378
0.000812513
0.000847108
0.000860805
0.000849954
0.000806183
0.000726971
0.000619749
0.000591984
0.000698101
0.000781138
0.000826134
0.000834912
0.000818392
0.000782331
0.000725737
0.000647638
0.000558398
0.000556402
0.00064643
0.000722261
0.000773227
0.000803627
0.000814539
0.000803539
0.000759118
0.000676202
0.000588418
0.00058515
0.000640606
0.00073407
0.000789678
0.000799885
0.000785848
0.000752344
0.000698396
0.000622831
0.000535074
0.000529091
0.000608266
0.000675555
0.000720751
0.000748051
0.000759408
0.000753849
0.000722898
0.000659712
0.000609348
0.000587096
0.000622808
0.000701806
0.00074457
0.000752259
0.000739736
0.000710201
0.000661925
0.0005915
0.000507075
0.000504516
0.000552919
0.000608009
0.000644184
0.000668846
0.000683672
0.000688437
0.000678871
0.000652944
0.000622725
0.000589952
0.000626452
0.000661791
0.00068202
0.000681481
0.000668271
0.000644406
0.000604953
0.000548632
0.000494472
0.000605752
0.000675891
0.0007291
0.000764874
0.000792121
0.000816764
0.000842512
0.00087124
0.000905437
0.000934233
0.000948737
0.000936131
0.000915287
0.000894648
0.000873673
0.000848971
0.000817245
0.000774619
0.000715893
0.000644714
0.000662163
0.0015367
0.0019431
0.00226975
0.00255155
0.00279528
0.00300393
0.00318047
0.00330059
0.00333991
0.00335835
0.0033543
0.00312685
0.00288813
0.0026259
0.00235811
0.0020735
0.00176347
0.00140173
0.000672058
0.00070541
0.0021064
0.00277363
0.00327028
0.0036509
0.00391708
0.00406797
0.00410499
0.00402267
0.00387073
0.0038063
0.00397363
0.00398095
0.00385252
0.00360692
0.00327814
0.00287735
0.00240907
0.00182554
0.000689485
0.000721677
0.00239247
0.00320481
0.00377071
0.0041685
0.00440027
0.00446134
0.00434476
0.00403722
0.00362183
0.00342667
0.00380189
0.0040584
0.00411081
0.00397704
0.00368754
0.00326534
0.00273307
0.00202108
0.000695766
0.000714708
0.00242831
0.00329797
0.00387576
0.00426358
0.0044605
0.00444944
0.00419912
0.00367444
0.002975
0.00263059
0.00322469
0.0037449
0.00398868
0.00395997
0.00373318
0.00334712
0.00281357
0.00204221
0.000692051
0.000697638
0.00223419
0.00308052
0.00364707
0.0040203
0.0041847
0.00411556
0.00374493
0.00300371
0.00213801
0.00183316
0.00247856
0.00309491
0.00351726
0.00363092
0.00349715
0.00318029
0.00268563
0.00192489
0.000676733
0.00067493
0.0019679
0.00270141
0.00316224
0.00345267
0.00357045
0.00346391
0.00301871
0.00228879
0.00158133
0.0014062
0.00199372
0.00254845
0.00298405
0.00313753
0.00308304
0.0028538
0.00243809
0.00175212
0.000652844
0.00064643
0.00169176
0.00227517
0.00260779
0.00278841
0.00283922
0.00273422
0.0024155
0.00193088
0.00136665
0.00120276
0.00169841
0.00212979
0.00245005
0.00259855
0.00259736
0.00245241
0.0021345
0.00156307
0.000621903
0.000608266
0.00140133
0.00180299
0.00200154
0.00208628
0.00209158
0.0020176
0.0018393
0.00156888
0.00118787
0.00101714
0.00132584
0.00166733
0.00187928
0.0019935
0.00201995
0.0019517
0.00175284
0.00134567
0.000579811
0.000552919
0.000644634
0.000703613
0.000739056
0.000759405
0.000768375
0.000766393
0.000748942
0.000711187
0.000670535
0.000628013
0.000669826
0.000720375
0.000754281
0.000763655
0.000757382
0.000737214
0.000699709
0.000629586
0.000527007
0.000651119
0.0007291
0.000783508
0.00081933
0.000848416
0.000880194
0.000920563
0.000969494
0.00101071
0.00104085
0.00105632
0.00104607
0.00101234
0.000975044
0.000946733
0.000917781
0.000883908
0.000840294
0.000780214
0.000701121
0.000726136
0.0019431
0.00254873
0.00301523
0.00340414
0.00374871
0.0040245
0.00415518
0.00421088
0.00420354
0.00420251
0.0042774
0.00423259
0.00406471
0.00367595
0.00325972
0.00281204
0.00232457
0.0017632
0.000742361
0.000781646
0.00277363
0.00380036
0.0045194
0.00502644
0.0053476
0.00548426
0.00542285
0.00520603
0.00488091
0.004719
0.00505195
0.00533079
0.005386
0.00512875
0.00467093
0.00406017
0.00332108
0.00240463
0.000764089
0.000806657
0.00320481
0.00447244
0.00529549
0.00581079
0.0060502
0.00603035
0.00576126
0.00525669
0.00455773
0.0041723
0.00475431
0.00536936
0.00571036
0.00566823
0.00530195
0.00467696
0.00383777
0.00271702
0.000770193
0.000803773
0.00329797
0.0046573
0.00550862
0.00601412
0.00620245
0.00608775
0.00567039
0.00494104
0.00389716
0.00331169
0.00407314
0.00494856
0.00552653
0.00566578
0.00539313
0.00481789
0.00397587
0.00275919
0.000766994
0.000785086
0.00308052
0.0044171
0.00525068
0.00575374
0.00593186
0.00578731
0.00530587
0.00443968
0.00318636
0.00253349
0.00335922
0.00432487
0.00501444
0.00525527
0.00509133
0.00460728
0.00381636
0.00260524
0.000754023
0.000757378
0.00270141
0.00390512
0.00463145
0.00505257
0.00520303
0.00508089
0.00463475
0.00379465
0.00260957
0.00199387
0.00280523
0.00374412
0.00435463
0.00460886
0.00453572
0.00416259
0.00346991
0.00235366
0.000728721
0.000722261
0.00227517
0.00325941
0.00382402
0.0041186
0.00419968
0.00406541
0.00368559
0.00307816
0.00214568
0.00162204
0.00233451
0.00312173
0.00358976
0.00382442
0.00381943
0.00356396
0.0030108
0.00206561
0.000693852
0.000675555
0.00180299
0.00247313
0.00282106
0.00297176
0.00298737
0.00288221
0.00263827
0.0022458
0.00161483
0.0012492
0.00169176
0.00229939
0.0026388
0.00282208
0.0028604
0.00273334
0.00238463
0.0017173
0.000645253
0.000608009
0.000703613
0.000762236
0.000796033
0.000813538
0.000818981
0.000813051
0.000791908
0.00075283
0.000710136
0.000660164
0.000698211
0.000749717
0.000793422
0.00081013
0.000808834
0.000791438
0.000754292
0.000686398
0.000572609
0.000680263
0.000764874
0.00081933
0.000851034
0.000874866
0.000909297
0.000960186
0.00101839
0.0010665
0.00109951
0.0011153
0.00111283
0.00108224
0.00104413
0.00100397
0.000968224
0.000931344
0.000886475
0.000825041
0.000740012
0.000770973
0.00226975
0.00301523
0.00351677
0.00385009
0.00411793
0.00433387
0.00446195
0.00453496
0.00454627
0.0045564
0.00470236
0.00474516
0.00462963
0.00438685
0.00397883
0.00344362
0.00281376
0.00207162
0.000793306
0.000836389
0.00327028
0.0045194
0.00527912
0.00570608
0.005899
0.00593272
0.00584269
0.00562533
0.00527061
0.00505311
0.00544569
0.00587815
0.00607615
0.0060033
0.00562085
0.00496237
0.00406089
0.0028684
0.000820201
0.000867797
0.00377071
0.00529549
0.00616145
0.00659365
0.00669606
0.00655135
0.00623951
0.00575004
0.00503242
0.00452099
0.00508899
0.00588481
0.00641813
0.00657532
0.00630303
0.00565837
0.00467208
0.00324728
0.000824653
0.000867844
0.00387576
0.00550862
0.00642474
0.00686802
0.00693054
0.00669026
0.00623514
0.00555602
0.00459224
0.00381505
0.00446066
0.00550557
0.00627689
0.00658302
0.00638757
0.00578083
0.00479439
0.0032871
0.000817985
0.000843497
0.00364707
0.00525068
0.0061941
0.00668569
0.00678995
0.00655085
0.00601176
0.00522385
0.0041247
0.00316096
0.00382427
0.00499714
0.00585338
0.00617856
0.00603563
0.00549637
0.004559
0.00308022
0.000803415
0.000812513
0.00316224
0.00463145
0.00550785
0.00600622
0.00619964
0.00607416
0.00557767
0.00475155
0.00359023
0.00257505
0.00323001
0.00444816
0.00520351
0.00548629
0.00539762
0.00494682
0.0041007
0.00273883
0.000778789
0.000773227
0.00260779
0.00382402
0.004545
0.00494258
0.00509747
0.0050247
0.00471433
0.00399141
0.0028938
0.00201266
0.00262326
0.00372098
0.0043102
0.00457213
0.00454468
0.00420894
0.00351055
0.00235559
0.000742322
0.000720751
0.00200154
0.00282106
0.00327239
0.00348957
0.00354812
0.00346754
0.00323112
0.00273037
0.00197132
0.00143034
0.00184803
0.00263404
0.00308059
0.00329439
0.00332677
0.00315272
0.00270985
0.00190233
0.00069046
0.000644184
0.000739056
0.000796033
0.000828489
0.000844749
0.000848973
0.000841508
0.000818643
0.000785338
0.000743126
0.000688109
0.000715054
0.000767399
0.00081118
0.00083367
0.000836298
0.000821419
0.000785797
0.000720265
0.000610997
0.000701145
0.000792121
0.000848416
0.000874866
0.000879861
0.000895434
0.00094022
0.000998612
0.00106927
0.00112499
0.00115592
0.00115632
0.00112956
0.00109237
0.00105272
0.00101114
0.000968893
0.000921382
0.000857994
0.000768039
0.00080287
0.00255155
0.00340414
0.00385009
0.00394621
0.00390004
0.00400305
0.00426263
0.00446603
0.00462916
0.00473973
0.00492348
0.00503299
0.00495592
0.00475603
0.00445317
0.00396322
0.00325028
0.00234617
0.000830417
0.000874787
0.0036509
0.00502644
0.00570608
0.00591408
0.00583933
0.00571904
0.00570813
0.00567046
0.00546511
0.00525286
0.00556896
0.0060735
0.0063635
0.00639579
0.00616654
0.00559854
0.00464649
0.00324785
0.000859724
0.000910257
0.0041685
0.00581079
0.00659365
0.00684619
0.00675919
0.00650712
0.00624551
0.0059628
0.005413
0.00481584
0.00514171
0.00598998
0.00664508
0.00693638
0.00683355
0.00627669
0.00525725
0.00363398
0.000863206
0.000911934
0.00426358
0.00601412
0.00686802
0.00716237
0.00707503
0.00677078
0.00637763
0.0059134
0.00516227
0.00428312
0.00454814
0.00561956
0.00651927
0.00697091
0.00691069
0.00635515
0.00532591
0.00365392
0.000850008
0.000884867
0.0040203
0.00575374
0.00668569
0.00708763
0.00707354
0.0067654
0.00628139
0.00568617
0.00480808
0.00376384
0.00396742
0.00518054
0.00618024
0.0066408
0.00654744
0.00600794
0.00500967
0.00337704
0.000831389
0.000847108
0.00345267
0.00505257
0.00600622
0.00655185
0.00673743
0.00652428
0.00599555
0.00527596
0.00430513
0.00318378
0.00335879
0.00465722
0.00561877
0.00596492
0.00586613
0.00537649
0.00445427
0.00296505
0.000805832
0.000803627
0.00278841
0.0041186
0.00494258
0.0054463
0.00571479
0.00574627
0.00535895
0.00459015
0.00356036
0.00247783
0.00266412
0.00392333
0.0047094
0.00498146
0.00492661
0.00453948
0.00376498
0.00251073
0.000769836
0.000748051
0.00208628
0.00297176
0.00348957
0.00377669
0.00391475
0.00392494
0.00377654
0.0032132
0.00237173
0.001649
0.00183796
0.00270689
0.00331358
0.00352013
0.00354141
0.00333921
0.00285038
0.00198475
0.000718239
0.000668846
0.000759405
0.000813538
0.000844749
0.000860915
0.000865846
0.000859177
0.000841049
0.000814764
0.000774188
0.000718636
0.000720322
0.000776748
0.000814963
0.000841407
0.000847821
0.000835727
0.000802725
0.000741105
0.000638423
0.000718904
0.000816764
0.000880194
0.000909297
0.000895434
0.000865956
0.00089618
0.000967014
0.00103868
0.00110332
0.00115853
0.00117699
0.00116013
0.00112788
0.00108843
0.00104828
0.00100221
0.000949643
0.000883429
0.000789004
0.000826001
0.00279528
0.00374871
0.00411793
0.00390004
0.00332326
0.00300697
0.003281
0.00390871
0.00447539
0.00481767
0.00503044
0.00516543
0.00512362
0.00495332
0.00469055
0.00430491
0.00361773
0.00258291
0.000857214
0.000899742
0.00391708
0.0053476
0.005899
0.00583933
0.00535205
0.00484195
0.00480673
0.00527581
0.00557833
0.00553821
0.00561787
0.00604964
0.00638805
0.00649433
0.00635678
0.00593133
0.00504048
0.00352792
0.000885846
0.00093615
0.00440027
0.0060502
0.00669606
0.00675919
0.00646917
0.00602914
0.0057601
0.00591566
0.00589207
0.00534814
0.00515456
0.00581257
0.00653562
0.00693121
0.00694077
0.00652538
0.00556212
0.0038652
0.000885442
0.000937345
0.0044605
0.00620245
0.00693054
0.00707503
0.00691463
0.00662563
0.00632636
0.00623731
0.00594331
0.00500957
0.0045771
0.00538141
0.00636072
0.00694267
0.00701191
0.00654656
0.00553377
0.00382349
0.000864437
0.000907042
0.0041847
0.00593186
0.00678995
0.00707354
0.00700306
0.00680498
0.00655765
0.00630594
0.00573984
0.00456939
0.00403941
0.00494883
0.0060621
0.00667818
0.00669325
0.00616856
0.00514101
0.00346307
0.000839132
0.000860805
0.00357045
0.00520303
0.00619964
0.00673743
0.00684514
0.00668697
0.006416
0.00602817
0.00523654
0.00395384
0.00344737
0.00444192
0.00558323
0.006095
0.00602057
0.00550762
0.00454689
0.00302132
0.000809841
0.000814539
0.00283922
0.00419968
0.00509747
0.00571479
0.00610428
0.00613977
0.00582932
0.00528318
0.00436545
0.00312476
0.00271497
0.00371771
0.00474227
0.00513023
0.00505213
0.00463146
0.00382394
0.00254695
0.000776674
0.000759408
0.00209158
0.00298737
0.00354812
0.00391475
0.00417926
0.00437556
0.00432323
0.00383394
0.00297404
0.00202675
0.00181229
0.00258013
0.00326835
0.00357797
0.00358241
0.00336733
0.00286602
0.00199608
0.000729731
0.000683672
0.000768375
0.000818981
0.000848973
0.000865846
0.000873407
0.000871818
0.000870731
0.000870316
0.000833157
0.000760306
0.000722809
0.000778956
0.00081622
0.000837136
0.000847342
0.000838439
0.000808714
0.000751742
0.000655907
0.000736922
0.000842512
0.000920563
0.000960186
0.00094022
0.00089618
0.000860198
0.000927334
0.00101197
0.001069
0.00110856
0.00115046
0.00116904
0.00115462
0.00111398
0.00107557
0.00103247
0.000974316
0.00090424
0.000805231
0.000844057
0.00300393
0.0040245
0.00433387
0.00400305
0.00300697
0.00217938
0.00224097
0.0030332
0.0038544
0.00462133
0.00500191
0.0051295
0.00513157
0.00500907
0.00478812
0.00445812
0.00390706
0.00278097
0.000876445
0.00091334
0.00406797
0.00548426
0.00593272
0.00571904
0.00484195
0.0037355
0.00341215
0.00423703
0.00522457
0.00569799
0.00571529
0.00586157
0.00618671
0.00635844
0.00629746
0.00596278
0.00522085
0.00370244
0.000901288
0.000945722
0.00446134
0.00603035
0.00655135
0.00650712
0.00602914
0.00518126
0.0045847
0.00509054
0.00593508
0.0059335
0.00538977
0.00550216
0.00614837
0.00663246
0.00673229
0.00640866
0.00556855
0.0039296
0.000893132
0.000942197
0.00444944
0.00608775
0.00669026
0.00677078
0.00662563
0.00623228
0.00568745
0.00583847
0.00639381
0.00597026
0.00490704
0.00498472
0.00587382
0.00656855
0.00674372
0.00635835
0.00538876
0.00374869
0.000862202
0.000904835
0.00411556
0.00578731
0.00655085
0.0067654
0.00680498
0.00680113
0.00654506
0.00646839
0.00663564
0.00579748
0.00443451
0.00452179
0.00555449
0.00632696
0.00646668
0.0059761
0.00492313
0.00329041
0.000825255
0.000849954
0.00346391
0.00508089
0.00607416
0.00652428
0.00668697
0.00686185
0.0069381
0.00679678
0.00653642
0.00524633
0.00384319
0.00402387
0.00511643
0.00584494
0.00588029
0.00535598
0.00436902
0.00286095
0.000787261
0.000803539
0.00273422
0.00406541
0.0050247
0.00574627
0.00613977
0.00636741
0.00658472
0.00648631
0.00581727
0.00424299
0.00304499
0.00334173
0.00437977
0.00495795
0.00495942
0.00451585
0.00369975
0.00244787
0.000758088
0.000753849
0.0020176
0.00288221
0.00346754
0.00392494
0.00437556
0.00477336
0.00508368
0.00505193
0.0041336
0.00280159
0.00200552
0.00230957
0.00304216
0.00342889
0.00348133
0.00326576
0.00277545
0.00193761
0.000721912
0.000688437
0.000766393
0.000813051
0.000841508
0.000859177
0.000871818
0.000892226
0.000935238
0.00116901
0.00111145
0.00091951
0.000766029
0.000769818
0.000811747
0.000829395
0.000835256
0.000829454
0.00080311
0.000750759
0.000662026
0.000756505
0.00087124
0.000969494
0.00101839
0.000998612
0.000967014
0.000927334
0.00093247
0.00100416
0.00105779
0.00109636
0.00112917
0.00116926
0.00116787
0.00113051
0.0010944
0.0010555
0.000999771
0.00092233
0.000818006
0.000860029
0.00318047
0.00415518
0.00446195
0.00426263
0.003281
0.00224097
0.00180513
0.00215209
0.00294212
0.00385522
0.00472092
0.00490526
0.00495564
0.00492586
0.00476995
0.00450189
0.0040269
0.00293839
0.000890241
0.000917779
0.00410499
0.00542285
0.00584269
0.00570813
0.00480673
0.00341215
0.00260731
0.0030107
0.00419174
0.00525675
0.00564805
0.00556687
0.00576369
0.00600495
0.00603015
0.0057862
0.00517145
0.00377734
0.000908323
0.000938568
0.00434476
0.00576126
0.00623951
0.00624551
0.0057601
0.0045847
0.00350262
0.00376149
0.00508496
0.00593197
0.00564494
0.00519814
0.00556639
0.00608023
0.00625819
0.00601094
0.0052886
0.0038381
0.000887743
0.000922666
0.00419912
0.00567039
0.00623514
0.00637763
0.00632636
0.00568745
0.00459107
0.00452274
0.00577704
0.00633296
0.00541594
0.00468307
0.0051903
0.00590667
0.00616487
0.00582797
0.00491933
0.00343291
0.000843946
0.000870783
0.00374493
0.00530587
0.00601176
0.00628139
0.00655765
0.00654506
0.00579817
0.00541258
0.00636887
0.00651036
0.0050986
0.00422454
0.00481363
0.00563471
0.0058899
0.00544013
0.00439971
0.00287641
0.000787392
0.000806183
0.00301871
0.00463475
0.00557767
0.00599555
0.006416
0.0069381
0.00682717
0.00635882
0.00681415
0.00643061
0.00463991
0.00374237
0.00437666
0.00519817
0.00538762
0.00493255
0.00394678
0.00250697
0.000733409
0.000759118
0.0024155
0.00368559
0.00471433
0.00535895
0.00582932
0.00658472
0.00716925
0.00696635
0.00688104
0.00584047
0.00385474
0.00310555
0.0037306
0.00443517
0.00455546
0.00419887
0.00340993
0.00223113
0.000699779
0.000722898
0.0018393
0.00263827
0.00323112
0.00377654
0.00432323
0.00508368
0.00607346
0.00641075
0.00592011
0.00427986
0.00264955
0.00216955
0.00262735
0.0030617
0.00318651
0.00302995
0.00257525
0.00180791
0.000686301
0.000678871
0.000748942
0.000791908
0.000818643
0.000841049
0.000870731
0.000935238
0.00128781
0.00180546
0.00173318
0.00136444
0.000988924
0.000792299
0.000799402
0.000814901
0.000815804
0.000805165
0.000781387
0.000733248
0.000652798
0.000777125
0.000905437
0.00101071
0.0010665
0.00106927
0.00103868
0.00101197
0.00100416
0.00106781
0.0011092
0.00113432
0.001158
0.00117569
0.00116942
0.00113803
0.00110656
0.0010728
0.0010213
0.000937208
0.000827711
0.00087533
0.00330059
0.00421088
0.00453496
0.00446603
0.00390871
0.0030332
0.00215209
0.0019097
0.00237744
0.00338758
0.00437329
0.00454645
0.00463542
0.00471994
0.00465917
0.00447082
0.00406957
0.00308028
0.000900073
0.000915333
0.00402267
0.00520603
0.00562533
0.00567046
0.00527581
0.00423703
0.0030107
0.00263222
0.00341457
0.00472626
0.00531676
0.00511163
0.00515341
0.00546191
0.00559232
0.00545854
0.00497274
0.0037827
0.000908945
0.000915643
0.00403722
0.00525669
0.00575004
0.0059628
0.00591566
0.00509054
0.00376149
0.00326426
0.00424579
0.00553014
0.00555479
0.00484943
0.00485331
0.00532146
0.00555899
0.00540348
0.00481047
0.00362758
0.000871387
0.000877464
0.00367444
0.00494104
0.00555602
0.0059134
0.00623731
0.00583847
0.00452274
0.00383107
0.00488679
0.00606964
0.00559468
0.00444235
0.00445554
0.00503624
0.00531291
0.00504035
0.00423407
0.00296088
0.000811431
0.000807429
0.00300371
0.00443968
0.00522385
0.00568617
0.00630594
0.00646839
0.00541258
0.00443973
0.00541627
0.00642911
0.00544093
0.00405353
0.00406308
0.00470821
0.00498328
0.00461316
0.00369222
0.00236732
0.00072376
0.000726971
0.00228879
0.00379465
0.00475155
0.00527596
0.00602817
0.00679678
0.00635882
0.00524244
0.00594556
0.00651124
0.00513319
0.0036477
0.00363137
0.00427137
0.00451592
0.0041684
0.00332857
0.00209787
0.000653132
0.000676202
0.00193088
0.00307816
0.00399141
0.00459015
0.00528318
0.00648631
0.00696635
0.00615875
0.00641818
0.00629988
0.00455402
0.00308635
0.00305847
0.00360604
0.00378989
0.00354156
0.0029408
0.00198558
0.000616657
0.000659712
0.00156888
0.0022458
0.00273037
0.0032132
0.00383394
0.00505193
0.00641075
0.00641012
0.00629199
0.00545072
0.00349987
0.00225067
0.00218255
0.00251003
0.00262279
0.00252398
0.0022074
0.0016227
0.000634051
0.000652944
0.000711187
0.00075283
0.000785338
0.000814764
0.000870316
0.00116901
0.00180546
0.00200123
0.00196612
0.00181043
0.00141549
0.000981717
0.000794561
0.000790919
0.000787949
0.00077285
0.000744315
0.000697716
0.000632566
0.000795308
0.000934233
0.00104085
0.00109951
0.00112499
0.00110332
0.001069
0.00105779
0.0011092
0.00115677
0.00117478
0.0011918
0.00118489
0.00116784
0.00113976
0.00111471
0.00108595
0.0010383
0.000948775
0.000834333
0.000888603
0.00333991
0.00420354
0.00454627
0.00462916
0.00447539
0.0038544
0.00294212
0.00237744
0.00248808
0.00336031
0.00415189
0.00420253
0.00430001
0.00447272
0.00450781
0.00440402
0.0040777
0.00321901
0.000906524
0.000910206
0.00387073
0.00488091
0.00527061
0.00546511
0.00557833
0.00522457
0.00419174
0.00341457
0.0036811
0.00466154
0.00483868
0.00446927
0.00447171
0.00483801
0.00508252
0.00507976
0.00473181
0.00373534
0.000904788
0.000885775
0.00362183
0.00455773
0.00503242
0.005413
0.00589207
0.00593508
0.00508496
0.00424579
0.0045746
0.00535471
0.00507629
0.0042414
0.00404945
0.00444571
0.00473474
0.00471503
0.00429298
0.00333555
0.000849705
0.000824516
0.002975
0.00389716
0.00459224
0.00516227
0.00594331
0.00639381
0.00577704
0.00488679
0.00519893
0.00582707
0.00523864
0.00395268
0.00366037
0.00404182
0.00426422
0.00411413
0.00354095
0.00252103
0.000767842
0.000740786
0.00213801
0.00318636
0.0041247
0.00480808
0.00573984
0.00663564
0.00636887
0.00541627
0.0056297
0.00616231
0.00522292
0.00364157
0.00331055
0.00366573
0.00381323
0.00355049
0.00293169
0.00197232
0.000633143
0.000619749
0.00158133
0.00260957
0.00359023
0.00430513
0.00523654
0.00653642
0.00681415
0.00594556
0.00596394
0.00624975
0.00496137
0.0033245
0.00293554
0.00324228
0.00334745
0.00307188
0.00250042
0.00170958
0.000590384
0.000588418
0.00136665
0.00214568
0.0028938
0.00356036
0.00436545
0.00581727
0.00688104
0.00641818
0.00625131
0.00605971
0.00447257
0.00286461
0.00245864
0.00268881
0.00275995
0.00256429
0.00215205
0.00151814
0.000591332
0.000609348
0.00118787
0.00161483
0.00197132
0.00237173
0.00297404
0.0041336
0.00592011
0.00629199
0.00604232
0.0053127
0.00354537
0.00215511
0.00178325
0.00189732
0.00193604
0.00184668
0.00162928
0.0012554
0.000598167
0.000622725
0.000670535
0.000710136
0.000743126
0.000774188
0.000833157
0.00111145
0.00173318
0.00196612
0.00190425
0.001771
0.00143022
0.0010453
0.000790432
0.000754467
0.000748002
0.000731225
0.000703046
0.0006612
0.000606255
0.000806137
0.000948737
0.00105632
0.0011153
0.00115592
0.00115853
0.00110856
0.00109636
0.00113432
0.00117478
0.00119203
0.00121023
0.00119391
0.00117017
0.0011442
0.00112247
0.00109571
0.00104929
0.000957997
0.000837533
0.000897969
0.00335835
0.00420251
0.0045564
0.00473973
0.00481767
0.00462133
0.00385522
0.00338758
0.00336031
0.00397806
0.00404534
0.00401362
0.00414695
0.00436091
0.00443861
0.00437848
0.00408707
0.00328318
0.000909436
0.000910028
0.0038063
0.004719
0.00505311
0.00525286
0.00553821
0.00569799
0.00525675
0.00472626
0.00466154
0.00472841
0.00429664
0.00390962
0.00405437
0.0045102
0.00482827
0.00491483
0.00464032
0.00369939
0.000901355
0.000870899
0.00342667
0.0041723
0.00452099
0.00481584
0.00534814
0.0059335
0.00593197
0.00553014
0.00535471
0.00507695
0.00427222
0.00344188
0.00345268
0.00392225
0.00428406
0.00439207
0.00408924
0.00319307
0.000836619
0.000799968
0.00263059
0.00331169
0.00381505
0.00428312
0.00500957
0.00597026
0.00633296
0.00606964
0.00582707
0.00542553
0.00434379
0.00313549
0.00300226
0.00337693
0.0036339
0.00364202
0.00326336
0.00236021
0.000700206
0.000664478
0.00183316
0.00253349
0.00316096
0.00376384
0.00456939
0.00579748
0.00651036
0.00642911
0.00616231
0.00571775
0.00431716
0.00288112
0.00264882
0.00291374
0.00305179
0.00296299
0.00259294
0.00185273
0.000608626
0.000591984
0.0014062
0.00199387
0.00257505
0.00318378
0.00395384
0.00524633
0.00643061
0.00651124
0.00624975
0.00568462
0.00406993
0.00262897
0.00230778
0.00247326
0.00253736
0.00242368
0.00210632
0.00154816
0.000595917
0.00058515
0.00120276
0.00162204
0.00201266
0.00247783
0.00312476
0.00424299
0.00584047
0.00629988
0.00605971
0.00529534
0.00359654
0.00226312
0.00191393
0.00199924
0.00203159
0.00195076
0.0017213
0.00131504
0.000592363
0.000587096
0.00101714
0.0012492
0.00143034
0.001649
0.00202675
0.00280159
0.00427986
0.00545072
0.0053127
0.00434302
0.00277344
0.00172234
0.0014106
0.00143363
0.00145331
0.00141707
0.00129949
0.00106314
0.000584303
0.000589952
0.000628013
0.000660164
0.000688109
0.000718636
0.000760306
0.00091951
0.00136444
0.00181043
0.001771
0.00159869
0.0012841
0.000950095
0.000741654
0.000703368
0.000694681
0.000680257
0.000657224
0.000623188
0.000576737
0.000805492
0.000936131
0.00104607
0.00111283
0.00115632
0.00117699
0.00115046
0.00112917
0.001158
0.0011918
0.00121023
0.00121256
0.00120433
0.0011842
0.00115639
0.0011275
0.00109232
0.00103802
0.000949272
0.000833234
0.000900793
0.0033543
0.0042774
0.00470236
0.00492348
0.00503044
0.00500191
0.00472092
0.00437329
0.00415189
0.00404534
0.00399852
0.00412605
0.00443335
0.00460132
0.00461837
0.00448933
0.00412309
0.00314173
0.000907322
0.000922284
0.00397363
0.00505195
0.00544569
0.00556896
0.00561787
0.00571529
0.00564805
0.00531676
0.00483868
0.00429664
0.00386093
0.00392542
0.00451382
0.00504072
0.00531779
0.00532537
0.00495212
0.00382598
0.000914077
0.000899372
0.00380189
0.00475431
0.00508899
0.00514171
0.00515456
0.00538977
0.00564494
0.00555479
0.00507629
0.00427222
0.00340587
0.00326743
0.0039347
0.00462921
0.00503865
0.00509462
0.00469976
0.0036441
0.000875885
0.000848558
0.00322469
0.00407314
0.00446066
0.00454814
0.0045771
0.00490704
0.00541594
0.00559468
0.00523864
0.00434379
0.00313462
0.00279071
0.00341107
0.00413854
0.00456556
0.00456719
0.00405629
0.00296574
0.000811037
0.000775889
0.00247856
0.00335922
0.00382427
0.00396742
0.00403941
0.00443451
0.0050986
0.00544093
0.00522292
0.00431716
0.00296447
0.00245726
0.00296058
0.003653
0.0040515
0.00400675
0.00347275
0.00241148
0.000727026
0.000698101
0.00199372
0.00280523
0.00323001
0.00335879
0.00344737
0.00384319
0.00463991
0.00513319
0.00496137
0.00406993
0.00275131
0.00216237
0.00252308
0.00313798
0.00349839
0.00345191
0.00299624
0.00209072
0.000641177
0.000640606
0.00169841
0.00233451
0.00262326
0.00266412
0.00271497
0.00304499
0.00385474
0.00455402
0.00447257
0.00359654
0.00239547
0.00182155
0.00205051
0.00253707
0.00281131
0.00279912
0.00248827
0.00182228
0.000599675
0.000622808
0.00132584
0.00169176
0.00184803
0.00183796
0.00181229
0.00200552
0.00264955
0.00349987
0.00354537
0.00277344
0.00184771
0.00138148
0.00148726
0.00176854
0.00192095
0.00192987
0.0017704
0.00138222
0.000614301
0.000626452
0.000669826
0.000698211
0.000715054
0.000720322
0.000722809
0.000766029
0.000988924
0.00141549
0.00143022
0.0012841
0.00103344
0.000779898
0.00070534
0.000723319
0.000727534
0.000718651
0.000697375
0.000662571
0.000609775
0.000796839
0.000915287
0.00101234
0.00108224
0.00112956
0.00116013
0.00116904
0.00116926
0.00117569
0.00118489
0.00119391
0.00120433
0.00120536
0.00117698
0.00114511
0.00111206
0.00107235
0.00101393
0.0009338
0.000823206
0.00089002
0.00312685
0.00423259
0.00474516
0.00503299
0.00516543
0.0051295
0.00490526
0.00454645
0.00420253
0.00401362
0.00412605
0.00452805
0.00476033
0.00479849
0.00472047
0.00451054
0.00406391
0.00295294
0.000895827
0.000921293
0.00398095
0.00533079
0.00587815
0.0060735
0.00604964
0.00586157
0.00556687
0.00511163
0.00446927
0.00390962
0.00392542
0.00464156
0.00530683
0.00568731
0.00582477
0.00569214
0.00516447
0.00379214
0.000911638
0.000913497
0.0040584
0.00536936
0.00588481
0.00598998
0.00581257
0.00550216
0.00519814
0.00484943
0.0042414
0.00344188
0.00326743
0.00409962
0.00502666
0.00563896
0.00590698
0.00579767
0.00522261
0.00385984
0.000891192
0.00087874
0.0037449
0.00494856
0.00550557
0.00561956
0.00538141
0.00498472
0.00468307
0.00444235
0.00395268
0.00313549
0.00279071
0.00359795
0.00466697
0.00540263
0.00569438
0.00550476
0.00480028
0.00346049
0.00084832
0.000833934
0.00309491
0.00432487
0.00499714
0.00518054
0.00494883
0.00452179
0.00422454
0.00405353
0.00364157
0.00288112
0.00245726
0.00315658
0.00428739
0.00507371
0.00533338
0.00506412
0.00426089
0.00290728
0.000794372
0.000781138
0.00254845
0.00374412
0.00444816
0.00465722
0.00444192
0.00402387
0.00374237
0.0036477
0.0033245
0.00262897
0.00216237
0.00272098
0.00382306
0.00456454
0.00478828
0.00453371
0.00378143
0.00250267
0.000736257
0.00073407
0.00212979
0.00312173
0.00372098
0.00392333
0.00371771
0.00334173
0.00310555
0.00308635
0.00286461
0.00226312
0.00182155
0.00223223
0.00316703
0.00375218
0.00396845
0.0038037
0.00322771
0.00218616
0.000699349
0.000701806
0.00166733
0.00229939
0.00263404
0.00270689
0.00258013
0.00230957
0.00216955
0.00225067
0.00215511
0.00172234
0.00138148
0.00162452
0.00218132
0.00253218
0.00271547
0.00268335
0.00238406
0.00171742
0.000672131
0.000661791
0.000720375
0.000749717
0.000767399
0.000776748
0.000778956
0.000769818
0.000792299
0.000981717
0.0010453
0.000950095
0.000779898
0.000719542
0.000755894
0.000772188
0.000774171
0.000764663
0.000741823
0.000704965
0.000638214
0.000784963
0.000894648
0.000975044
0.00104413
0.00109237
0.00112788
0.00115462
0.00116787
0.00116942
0.00116784
0.00117017
0.0011842
0.00117698
0.00115225
0.00112215
0.00108844
0.00104611
0.00098777
0.000914774
0.000809473
0.000873642
0.00288813
0.00406471
0.00462963
0.00495592
0.00512362
0.00513157
0.00495564
0.00463542
0.00430001
0.00414695
0.00443335
0.00476033
0.00486971
0.00483919
0.00470469
0.00443433
0.00387911
0.0027604
0.000879875
0.000910143
0.00385252
0.005386
0.00607615
0.0063635
0.00638805
0.00618671
0.00576369
0.00515341
0.00447171
0.00405437
0.00451382
0.00530683
0.0058318
0.00609661
0.00612511
0.00587244
0.00517065
0.00367128
0.000901247
0.00091251
0.00411081
0.00571036
0.00641813
0.00664508
0.00653562
0.00614837
0.00556639
0.00485331
0.00404945
0.00345268
0.0039347
0.00502666
0.00586653
0.00635511
0.00649799
0.00625636
0.00550177
0.00391469
0.000892544
0.000889507
0.00398868
0.00552653
0.00627689
0.00651927
0.00636072
0.00587382
0.0051903
0.00445554
0.00366037
0.00300226
0.00341107
0.00466697
0.00571016
0.00631143
0.00646735
0.00615547
0.00531423
0.00376602
0.000862964
0.000860961
0.00351726
0.00501444
0.00585338
0.00618024
0.0060621
0.00555449
0.00481363
0.00406308
0.00331055
0.00264882
0.00296058
0.00428739
0.00544292
0.0060619
0.00616335
0.00577255
0.00485123
0.00331928
0.000829173
0.000826134
0.00298405
0.00435463
0.00520351
0.00561877
0.00558323
0.00511643
0.00437666
0.00363137
0.00293554
0.00230778
0.00252308
0.00382306
0.00494331
0.00550993
0.00557847
0.00516877
0.00428742
0.00287484
0.000791819
0.000789678
0.00245005
0.00358976
0.0043102
0.0047094
0.00474227
0.00437977
0.0037306
0.00305847
0.00245864
0.00191393
0.00205051
0.00316703
0.00409621
0.00460679
0.00469457
0.00435272
0.00361986
0.00243009
0.000757394
0.00074457
0.00187928
0.0026388
0.00308059
0.00331358
0.00326835
0.00304216
0.00262735
0.00218255
0.00178325
0.0014106
0.00148726
0.00218132
0.00276992
0.0031623
0.00331482
0.00313374
0.00269546
0.00190061
0.000716667
0.00068202
0.000754281
0.000793422
0.00081118
0.000814963
0.00081622
0.000811747
0.000799402
0.000794561
0.000790432
0.000741654
0.00070534
0.000755894
0.000788299
0.00080369
0.000807915
0.000804448
0.00078371
0.000738291
0.000657593
0.000770181
0.000873673
0.000946733
0.00100397
0.00105272
0.00108843
0.00111398
0.00113051
0.00113803
0.00113976
0.0011442
0.00115639
0.00114511
0.00112215
0.00109344
0.00105904
0.00101447
0.000962262
0.000892781
0.000791707
0.000853014
0.0026259
0.00367595
0.00438685
0.00475603
0.00495332
0.00500907
0.00492586
0.00471994
0.00447272
0.00436091
0.00460132
0.00479849
0.00483919
0.00476672
0.00459099
0.00425763
0.00355477
0.00253944
0.000857996
0.0008912
0.00360692
0.00512875
0.0060033
0.00639579
0.00649433
0.00635844
0.00600495
0.00546191
0.00483801
0.0045102
0.00504072
0.00568731
0.00609661
0.0062701
0.00620431
0.00583241
0.00494194
0.00345733
0.000882333
0.000899205
0.00397704
0.00566823
0.00657532
0.00693638
0.00693121
0.00663246
0.00608023
0.00532146
0.00444571
0.00392225
0.00462921
0.00563896
0.00635511
0.00673539
0.00677033
0.00639633
0.00546839
0.00381028
0.00088067
0.000884446
0.00395997
0.00566578
0.00658302
0.00697091
0.00694267
0.00656855
0.00590667
0.00503624
0.00404182
0.00337693
0.00413854
0.00540263
0.00631143
0.00678986
0.00684207
0.00642069
0.00547379
0.0038136
0.000860319
0.000862488
0.00363092
0.00525527
0.00617856
0.0066408
0.00667818
0.00632696
0.00563471
0.00470821
0.00366573
0.00291374
0.003653
0.00507371
0.0060619
0.00653017
0.00653095
0.00606187
0.00511015
0.00349113
0.00083744
0.000834912
0.00313753
0.00460886
0.00548629
0.00596492
0.006095
0.00584494
0.00519817
0.00427137
0.00324228
0.00247326
0.00313798
0.00456454
0.00550993
0.00593568
0.00589577
0.00543969
0.00454042
0.00305349
0.000809554
0.000799885
0.00259855
0.00382442
0.00457213
0.00498146
0.00513023
0.00495795
0.00443517
0.00360604
0.00268881
0.00199924
0.00253707
0.00375218
0.00460679
0.00500099
0.00496928
0.00459656
0.00383458
0.00257698
0.000775024
0.000752259
0.0019935
0.00282208
0.00329439
0.00352013
0.00357797
0.00342889
0.0030617
0.00251003
0.00189732
0.00143363
0.00176854
0.00253218
0.0031623
0.0035142
0.00352996
0.00333898
0.00286675
0.00201063
0.000728401
0.000681481
0.000763655
0.00081013
0.00083367
0.000841407
0.000837136
0.000829395
0.000814901
0.000790919
0.000754467
0.000703368
0.000723319
0.000772188
0.00080369
0.000821682
0.000832466
0.000826317
0.000800483
0.00074822
0.000657294
0.000750559
0.000848971
0.000917781
0.000968224
0.00101114
0.00104828
0.00107557
0.0010944
0.00110656
0.00111471
0.00112247
0.0011275
0.00111206
0.00108844
0.00105904
0.0010228
0.000981943
0.000933164
0.000865567
0.000768332
0.000826044
0.00235811
0.00325972
0.00397883
0.00445317
0.00469055
0.00478812
0.00476995
0.00465917
0.00450781
0.00443861
0.00461837
0.00472047
0.00470469
0.00459099
0.00435914
0.00388786
0.0031765
0.00229378
0.000828391
0.000863482
0.00327814
0.00467093
0.00562085
0.00616654
0.00635678
0.00629746
0.00603015
0.00559232
0.00508252
0.00482827
0.00531779
0.00582477
0.00612511
0.00620431
0.00602672
0.00546977
0.00451719
0.00315651
0.000853233
0.00087376
0.00368754
0.00530195
0.00630303
0.00683355
0.00694077
0.00673229
0.00625819
0.00555899
0.00473474
0.00428406
0.00503865
0.00590698
0.00649799
0.00677033
0.00668185
0.00614202
0.00513583
0.00355409
0.000855168
0.000862341
0.00373318
0.00539313
0.00638757
0.00691069
0.00701191
0.00674372
0.00616487
0.00531291
0.00426422
0.0036339
0.00456556
0.00569438
0.00646735
0.00684207
0.00678163
0.00625485
0.0052584
0.003636
0.000840623
0.000843059
0.00349715
0.00509133
0.00603563
0.00654744
0.00669325
0.00646668
0.0058899
0.00498328
0.00381323
0.00305179
0.0040515
0.00533338
0.00616335
0.00653095
0.00644991
0.00594987
0.00499428
0.00340211
0.000823439
0.000818392
0.00308304
0.00453572
0.00539762
0.00586613
0.00602057
0.00588029
0.00538762
0.00451592
0.00334745
0.00253736
0.00349839
0.00478828
0.00557847
0.00589577
0.00582278
0.00537493
0.00449593
0.00302561
0.000798962
0.000785848
0.00259736
0.00381943
0.00454468
0.00492661
0.00505213
0.00495942
0.00455546
0.00378989
0.00275995
0.00203159
0.00281131
0.00396845
0.00469457
0.00496928
0.00493252
0.00457799
0.00383759
0.00258494
0.000765842
0.000739736
0.00201995
0.0028604
0.00332677
0.00354141
0.00358241
0.00348133
0.00318651
0.00262279
0.00193604
0.00145331
0.00192095
0.00271547
0.00331482
0.00352996
0.0035571
0.00337196
0.0029038
0.00203782
0.000718333
0.000668271
0.000757382
0.000808834
0.000836298
0.000847821
0.000847342
0.000835256
0.000815804
0.000787949
0.000748002
0.000694681
0.000727534
0.000774171
0.000807915
0.000832466
0.000839519
0.000829511
0.000799738
0.000742187
0.000643349
0.000723515
0.000817245
0.000883908
0.000931344
0.000968893
0.00100221
0.00103247
0.0010555
0.0010728
0.00108595
0.00109571
0.00109232
0.00107235
0.00104611
0.00101447
0.000981943
0.000944657
0.000897031
0.000830075
0.000736926
0.000789436
0.0020735
0.00281204
0.00344362
0.00396322
0.00430491
0.00445812
0.00450189
0.00447082
0.00440402
0.00437848
0.00448933
0.00451054
0.00443433
0.00425763
0.00388786
0.00336767
0.00274318
0.00201845
0.000788245
0.000823933
0.00287735
0.00406017
0.00496237
0.00559854
0.00593133
0.00596278
0.0057862
0.00545854
0.00507976
0.00491483
0.00532537
0.00569214
0.00587244
0.00583241
0.00546977
0.00482095
0.00392671
0.0027744
0.000811235
0.000833555
0.00326534
0.00467696
0.00565837
0.00627669
0.00652538
0.00640866
0.00601094
0.00540348
0.00471503
0.00439207
0.00509462
0.00579767
0.00625636
0.00639633
0.00614202
0.0055127
0.00453919
0.00316009
0.000814184
0.000823293
0.00334712
0.00481789
0.00578083
0.00635515
0.00654656
0.00635835
0.00582797
0.00504035
0.00411413
0.00364202
0.00456719
0.00550476
0.00615547
0.00642069
0.00625485
0.0056724
0.00470825
0.00325385
0.000804236
0.000805204
0.00318029
0.00460728
0.00549637
0.00600794
0.00616856
0.0059761
0.00544013
0.00461316
0.00355049
0.00296299
0.00400675
0.00506412
0.00577255
0.00606187
0.00594987
0.00544756
0.0045463
0.00310209
0.000789209
0.000782331
0.0028538
0.00416259
0.00494682
0.00537649
0.00550762
0.00535598
0.00493255
0.0041684
0.00307188
0.00242368
0.00345191
0.00453371
0.00516877
0.00543969
0.00537493
0.0049624
0.00415748
0.00281445
0.000767258
0.000752344
0.00245241
0.00356396
0.00420894
0.00453948
0.00463146
0.00451585
0.00419887
0.00354156
0.00256429
0.00195076
0.00279912
0.0038037
0.00435272
0.00459656
0.00457799
0.00427024
0.00360561
0.00245308
0.000736443
0.000710201
0.0019517
0.00273334
0.00315272
0.00333921
0.00336733
0.00326576
0.00302995
0.00252398
0.00184668
0.00141707
0.00192987
0.00268335
0.00313374
0.00333898
0.00337196
0.00321078
0.00278631
0.00197634
0.000691328
0.000644406
0.000737214
0.000791438
0.000821419
0.000835727
0.000838439
0.000829454
0.000805165
0.00077285
0.000731225
0.000680257
0.000718651
0.000764663
0.000804448
0.000826317
0.000829511
0.000816552
0.000784146
0.000723165
0.000618831
0.000685663
0.000774619
0.000840294
0.000886475
0.000921382
0.000949643
0.000974316
0.000999771
0.0010213
0.0010383
0.00104929
0.00103802
0.00101393
0.00098777
0.000962262
0.000933164
0.000897031
0.000849188
0.000782156
0.000693995
0.000739846
0.00176347
0.00232457
0.00281376
0.00325028
0.00361773
0.00390706
0.0040269
0.00406957
0.0040777
0.00408707
0.00412309
0.00406391
0.00387911
0.00355477
0.0031765
0.00274318
0.00226188
0.00171473
0.000734534
0.000768835
0.00240907
0.00332108
0.00406089
0.00464649
0.00504048
0.00522085
0.00517145
0.00497274
0.00473181
0.00464032
0.00495212
0.00516447
0.00517065
0.00494194
0.00451719
0.00392671
0.00320357
0.00232352
0.000753418
0.00077501
0.00273307
0.00383777
0.00467208
0.00525725
0.00556212
0.00556855
0.0052886
0.00481047
0.00429298
0.00408924
0.00469976
0.00522261
0.00550177
0.00546839
0.00513583
0.00453919
0.00372553
0.00265123
0.000755118
0.000764407
0.00281357
0.00397587
0.00479439
0.00532591
0.00553377
0.00538876
0.00491933
0.00423407
0.00354095
0.00326336
0.00405629
0.00480028
0.00531423
0.00547379
0.0052584
0.00470825
0.00388854
0.00272367
0.00074837
0.000747191
0.00268563
0.00381636
0.004559
0.00500967
0.00514101
0.00492313
0.00439971
0.00369222
0.00293169
0.00259294
0.00347275
0.00426089
0.00485123
0.00511015
0.00499428
0.0045463
0.00379171
0.00262664
0.000734666
0.000725737
0.00243809
0.00346991
0.0041007
0.00445427
0.00454689
0.00436902
0.00394678
0.00332857
0.00250042
0.00210632
0.00299624
0.00378143
0.00428742
0.00454042
0.00449593
0.00415748
0.00350617
0.00242341
0.000714448
0.000698396
0.0021345
0.0030108
0.00351055
0.00376498
0.00382394
0.00369975
0.00340993
0.0029408
0.00215205
0.0017213
0.00248827
0.00322771
0.00361986
0.00383458
0.00383759
0.00360561
0.00308641
0.0021578
0.000686447
0.000661925
0.00175284
0.00238463
0.00270985
0.00285038
0.00286602
0.00277545
0.00257525
0.0022074
0.00162928
0.00129949
0.0017704
0.00238406
0.00269546
0.00286675
0.0029038
0.00278631
0.00245506
0.00179166
0.000646277
0.000604953
0.000699709
0.000754292
0.000785797
0.000802725
0.000808714
0.00080311
0.000781387
0.000744315
0.000703046
0.000657224
0.000697375
0.000741823
0.00078371
0.000800483
0.000799738
0.000784146
0.000750308
0.00068831
0.000582219
0.000630861
0.000715893
0.000780214
0.000825041
0.000857994
0.000883429
0.00090424
0.00092233
0.000937208
0.000948775
0.000957997
0.000949272
0.0009338
0.000914774
0.000892781
0.000865567
0.000830075
0.000782156
0.000715458
0.000634021
0.000671531
0.00140173
0.0017632
0.00207162
0.00234617
0.00258291
0.00278097
0.00293839
0.00308028
0.00321901
0.00328318
0.00314173
0.00295294
0.0027604
0.00253944
0.00229378
0.00201845
0.00171473
0.00136371
0.000662624
0.000692427
0.00182554
0.00240463
0.0028684
0.00324785
0.00352792
0.00370244
0.00377734
0.0037827
0.00373534
0.00369939
0.00382598
0.00379214
0.00367128
0.00345733
0.00315651
0.0027744
0.00232352
0.00177624
0.000675699
0.000695239
0.00202108
0.00271702
0.00324728
0.00363398
0.0038652
0.0039296
0.0038381
0.00362758
0.00333555
0.00319307
0.0036441
0.00385984
0.00391469
0.00381028
0.00355409
0.00316009
0.00265123
0.0019789
0.000675502
0.000683535
0.00204221
0.00275919
0.0032871
0.00365392
0.00382349
0.00374869
0.00343291
0.00296088
0.00252103
0.00236021
0.00296574
0.00346049
0.00376602
0.0038136
0.003636
0.00325385
0.00272367
0.00199631
0.000667593
0.000667223
0.00192489
0.00260524
0.00308022
0.00337704
0.00346307
0.00329041
0.00287641
0.00236732
0.00197232
0.00185273
0.00241148
0.00290728
0.00331928
0.00349113
0.00340211
0.00310209
0.00262664
0.0019158
0.000655674
0.000647638
0.00175212
0.00235366
0.00273883
0.00296505
0.00302132
0.00286095
0.00250697
0.00209787
0.00170958
0.00154816
0.00209072
0.00250267
0.00287484
0.00305349
0.00302561
0.00281445
0.00242341
0.00177858
0.000638049
0.000622831
0.00156307
0.00206561
0.00235559
0.00251073
0.00254695
0.00244787
0.00223113
0.00198558
0.00151814
0.00131504
0.00182228
0.00218616
0.00243009
0.00257698
0.00258494
0.00245308
0.0021578
0.00161303
0.000613564
0.0005915
0.00134567
0.0017173
0.00190233
0.00198475
0.00199608
0.00193761
0.00180791
0.0016227
0.0012554
0.00106314
0.00138222
0.00171742
0.00190061
0.00201063
0.00203782
0.00197634
0.00179166
0.00139596
0.000579407
0.000548632
0.000629586
0.000686398
0.000720265
0.000741105
0.000751742
0.000750759
0.000733248
0.000697716
0.0006612
0.000623188
0.000662571
0.000704965
0.000738291
0.00074822
0.000742187
0.000723165
0.00068831
0.000627259
0.000527617
0.000575495
0.000644714
0.000701121
0.000740012
0.000768039
0.000789004
0.000805231
0.000818006
0.000827711
0.000834333
0.000837533
0.000833234
0.000823206
0.000809473
0.000791707
0.000768332
0.000736926
0.000693995
0.000634021
0.000566103
0.000587897
0.000672058
0.000742361
0.000793306
0.000830417
0.000857214
0.000876445
0.000890241
0.000900073
0.000906524
0.000909436
0.000907322
0.000895827
0.000879875
0.000857996
0.000828391
0.000788245
0.000734534
0.000662624
0.000576974
0.000594889
0.000689485
0.000764089
0.000820201
0.000859724
0.000885846
0.000901288
0.000908323
0.000908945
0.000904788
0.000901355
0.000914077
0.000911638
0.000901247
0.000882333
0.000853233
0.000811235
0.000753418
0.000675699
0.000580203
0.00059438
0.000695766
0.000770193
0.000824653
0.000863206
0.000885442
0.000893132
0.000887743
0.000871387
0.000849705
0.000836619
0.000875885
0.000891192
0.000892544
0.00088067
0.000855168
0.000814184
0.000755118
0.000675502
0.000574348
0.00058652
0.000692051
0.000766994
0.000817985
0.000850008
0.000864437
0.000862202
0.000843946
0.000811431
0.000767842
0.000700206
0.000811037
0.00084832
0.000862964
0.000860319
0.000840623
0.000804236
0.00074837
0.000667593
0.000568143
0.000573815
0.000676733
0.000754023
0.000803415
0.000831389
0.000839132
0.000825255
0.000787392
0.00072376
0.000633143
0.000608626
0.000727026
0.000794372
0.000829173
0.00083744
0.000823439
0.000789209
0.000734666
0.000655674
0.000559158
0.000558398
0.000652844
0.000728721
0.000778789
0.000805832
0.000809841
0.000787261
0.000733409
0.000653132
0.000590384
0.000595917
0.000641177
0.000736257
0.000791819
0.000809554
0.000798962
0.000767258
0.000714448
0.000638049
0.000545649
0.000535074
0.000621903
0.000693852
0.000742322
0.000769836
0.000776674
0.000758088
0.000699779
0.000616657
0.000591332
0.000592363
0.000599675
0.000699349
0.000757394
0.000775024
0.000765842
0.000736443
0.000686447
0.000613564
0.000525069
0.000507075
0.000579811
0.000645253
0.00069046
0.000718239
0.000729731
0.000721912
0.000686301
0.000634051
0.000598167
0.000584303
0.000614301
0.000672131
0.000716667
0.000728401
0.000718333
0.000691328
0.000646277
0.000579407
0.000502111
0.000494472
0.000527007
0.000572609
0.000610997
0.000638423
0.000655907
0.000662026
0.000652798
0.000632566
0.000606255
0.000576737
0.000609775
0.000638214
0.000657593
0.000657294
0.000643349
0.000618831
0.000582219
0.000527617
0.000486891
)
;

boundaryField
{
    floor
    {
        type            compressible::alphatWallFunction;
        Prt             0.85;
        value           nonuniform List<scalar> 
400
(
8.2744e-05
9.04694e-05
9.68467e-05
0.000100931
0.000103802
0.000106161
0.00010848
0.000110962
0.000113569
0.000115925
0.000117368
0.000117282
0.000116172
0.000114599
0.000112589
0.000109894
0.000106161
0.000100908
9.33069e-05
8.50641e-05
9.04694e-05
0.000100406
0.000107818
0.000112757
0.000116431
0.000119661
0.000122977
0.000126602
0.000130798
0.000134532
0.000136477
0.000134798
0.000132252
0.000129543
0.000126733
0.000123389
0.000119065
0.00011321
0.000105035
9.49011e-05
9.68467e-05
0.000107818
0.000115391
0.000120327
0.000124199
0.000128272
0.000133479
0.000139665
0.000144904
0.000148779
0.00015079
0.000149368
0.000145081
0.000140276
0.000136532
0.000132655
0.000128086
0.000122151
0.000113864
0.00010275
0.000100931
0.000112757
0.000120327
0.000124796
0.00012806
0.000132426
0.000139081
0.000146282
0.00015225
0.000156395
0.000158472
0.000158058
0.00015419
0.00014934
0.000144134
0.000139361
0.00013442
0.000128361
0.000119955
0.000108105
0.000103802
0.000116431
0.000124199
0.00012806
0.00012912
0.000131052
0.000136558
0.000144223
0.000152973
0.000159904
0.000163618
0.000163643
0.000160272
0.000155558
0.000150466
0.00014503
0.000139385
0.000133011
0.000124392
0.000111929
0.000106161
0.000119661
0.000128272
0.000132426
0.000131052
0.000127138
0.000130274
0.000139039
0.000148356
0.000157202
0.000164384
0.000166535
0.000164298
0.000160046
0.00015503
0.00014984
0.000143768
0.000136746
0.000127788
0.000114764
0.00010848
0.000122977
0.000133479
0.000139081
0.000136558
0.000130274
0.000124784
0.000133023
0.000144361
0.000152356
0.000157974
0.000163733
0.000165644
0.000163412
0.000158265
0.000153353
0.000147718
0.000139985
0.000130547
0.000116939
0.000110962
0.000126602
0.000139665
0.000146282
0.000144223
0.000139039
0.000133023
0.000132494
0.000142488
0.000150207
0.000155595
0.000160189
0.00016556
0.000165154
0.000160313
0.000155782
0.000150727
0.000143313
0.000132937
0.00011864
0.000113569
0.000130798
0.000144904
0.00015225
0.000152973
0.000148356
0.000144361
0.000142488
0.000150737
0.000156728
0.00016022
0.000163414
0.000166182
0.000165355
0.000161269
0.000157357
0.000152988
0.000146149
0.000134898
0.000119925
0.000115925
0.000134532
0.000148779
0.000156395
0.000159904
0.000157202
0.000152356
0.000150207
0.000156728
1.29175e-05
1.3234e-05
0.00016808
0.000167336
0.000165086
0.000161501
0.000158395
0.00015469
0.000148372
0.000136402
0.00012079
0.000117368
0.000136477
0.00015079
0.000158472
0.000163618
0.000164384
0.000157974
0.000155595
0.00016022
1.3234e-05
1.35364e-05
0.00017068
0.0001684
0.000165241
0.00016203
0.000159326
0.000155891
0.000149754
0.000137493
0.000121188
0.000117282
0.000134798
0.000149368
0.000158058
0.000163643
0.000166535
0.000163733
0.000160189
0.000163414
0.00016808
0.00017068
0.000170776
0.000169624
0.000166816
0.000163343
0.000159746
0.000155281
0.000148172
0.000136363
0.000120595
0.000116172
0.000132252
0.000145081
0.00015419
0.000160272
0.000164298
0.000165644
0.00016556
0.000166182
0.000167336
0.0001684
0.000169624
0.000169353
0.000165759
0.000161826
0.000157721
0.000152664
0.000145002
0.000134312
0.000119257
0.000114599
0.000129543
0.000140276
0.00014934
0.000155558
0.000160046
0.000163412
0.000165154
0.000165355
0.000165086
0.000165241
0.000166816
0.000165759
0.000162662
0.000158922
0.000154691
0.000149251
0.000141559
0.000131787
0.000117419
0.000112589
0.000126733
0.000136532
0.000144134
0.000150466
0.00015503
0.000158265
0.000160313
0.000161269
0.000161501
0.00016203
0.000163343
0.000161826
0.000158922
0.000155304
0.00015092
0.000145123
0.000138204
0.000128866
0.000115033
0.000109894
0.000123389
0.000132655
0.000139361
0.00014503
0.00014984
0.000153353
0.000155782
0.000157357
0.000158395
0.000159326
0.000159746
0.000157721
0.000154691
0.00015092
0.000146225
0.000140845
0.000134356
0.000125235
0.000111877
0.000106161
0.000119065
0.000128086
0.00013442
0.000139385
0.000143768
0.000147718
0.000150727
0.000152988
0.00015469
0.000155891
0.000155281
0.000152664
0.000149251
0.000145123
0.000140845
0.000135911
0.000129544
0.000120469
0.000107611
0.000100908
0.00011321
0.000122151
0.000128361
0.000133011
0.000136746
0.000139985
0.000143313
0.000146149
0.000148372
0.000149754
0.000148172
0.000145002
0.000141559
0.000138204
0.000134356
0.000129544
0.00012311
0.00011398
0.000101737
9.33069e-05
0.000105035
0.000113864
0.000119955
0.000124392
0.000127788
0.000130547
0.000132937
0.000134898
0.000136402
0.000137493
0.000136363
0.000134312
0.000131787
0.000128866
0.000125235
0.000120469
0.00011398
0.00010484
9.34467e-05
8.50641e-05
9.49011e-05
0.00010275
0.000108105
0.000111929
0.000114764
0.000116939
0.00011864
0.000119925
0.00012079
0.000121188
0.000120595
0.000119257
0.000117419
0.000115033
0.000111877
0.000107611
0.000101737
9.34467e-05
8.38527e-05
)
;
    }
    ceiling
    {
        type            compressible::alphatWallFunction;
        Prt             0.85;
        value           nonuniform List<scalar> 
400
(
7.44745e-05
8.18839e-05
8.93936e-05
9.44611e-05
9.79292e-05
0.000100018
0.000100684
9.92996e-05
9.55282e-05
9.1073e-05
8.65255e-05
9.18965e-05
9.69202e-05
9.96933e-05
9.95793e-05
9.76975e-05
9.43102e-05
8.8887e-05
8.0751e-05
7.26521e-05
8.18839e-05
9.46354e-05
0.000102802
0.000107721
0.000110559
0.000111822
0.000111547
0.00010907
0.000103659
9.77635e-05
9.18771e-05
9.80916e-05
0.000105209
0.000109836
0.000111076
0.000110161
0.000107321
0.000102076
9.24852e-05
7.77214e-05
8.93936e-05
0.000102802
0.000110946
0.000115639
0.000118088
0.000118872
0.000118064
0.000115093
0.000109439
0.000103267
9.63423e-05
0.000102203
0.000109454
0.000115357
0.000117568
0.000117325
0.000114879
0.000109715
0.000100317
8.44027e-05
9.44611e-05
0.000107721
0.000115639
0.000120158
0.000122446
0.000123072
0.00012207
0.000118888
0.000113905
0.00010777
0.000100076
0.000104698
0.00011195
0.000117963
0.000120913
0.000121177
0.000119067
0.000114122
0.00010505
8.97864e-05
9.79292e-05
0.000110559
0.000118088
0.000122446
0.000124727
0.00012545
0.000124565
0.000121695
0.000117596
0.000111685
0.00010379
0.000105732
0.000113355
0.000118591
0.000122111
0.000122845
0.00012109
0.000116494
0.000107958
9.36271e-05
0.000100018
0.000111822
0.000118872
0.000123072
0.00012545
0.000126515
0.000126221
0.000124844
0.000122485
0.00011687
0.000108168
0.000105846
0.000113774
0.000118781
0.00012167
0.000122867
0.000121508
0.000117341
0.000109437
9.60686e-05
0.000100684
0.000111547
0.000118064
0.00012207
0.000124565
0.000126221
0.000127826
0.000130239
0.000142036
0.000135676
0.000119211
0.000108171
0.000112828
0.00011814
0.000120485
0.000121271
0.000120299
0.000116572
0.000109295
9.69135e-05
9.92996e-05
0.00010907
0.000115093
0.000118888
0.000121695
0.000124844
0.000130239
0.000156838
0.000203234
0.000192874
0.000154142
0.000123373
0.00011273
0.000116406
0.000118376
0.000118429
0.000116924
0.000113535
0.000106823
9.55779e-05
9.55282e-05
0.000103659
0.000109439
0.000113905
0.000117596
0.000122485
0.000142036
0.000203234
0.000248855
0.000245981
0.000213443
0.000162775
0.000124468
0.000114106
0.000114893
0.00011441
0.000112263
0.000108242
0.000101733
9.26071e-05
9.1073e-05
9.77635e-05
0.000103267
0.00010777
0.000111685
0.00011687
0.000135676
0.000192874
0.000245981
0.000243283
0.000215314
0.000168292
0.000128782
0.000111081
0.000109572
0.000108674
0.000106303
0.000102345
9.64844e-05
8.87579e-05
8.65255e-05
9.18771e-05
9.63423e-05
0.000100076
0.00010379
0.000108168
0.000119211
0.000154142
0.000213443
0.000215314
0.00018686
0.00014994
0.000118695
0.000104376
0.000102226
0.000101226
9.92096e-05
9.59524e-05
9.11317e-05
8.45267e-05
9.18965e-05
9.80916e-05
0.000102203
0.000104698
0.000105732
0.000105846
0.000108171
0.000123373
0.000162775
0.000168292
0.00014994
0.000124386
0.000105252
0.00010343
0.000105967
0.000106311
0.000104924
0.000101841
9.68591e-05
8.93558e-05
9.69202e-05
0.000105209
0.000109454
0.00011195
0.000113355
0.000113774
0.000112828
0.00011273
0.000124468
0.000128782
0.000118695
0.000105252
0.000105766
0.000110613
0.000112665
0.000112801
0.000111374
0.000108126
0.000102863
9.34279e-05
9.96933e-05
0.000109836
0.000115357
0.000117963
0.000118591
0.000118781
0.00011814
0.000116406
0.000114106
0.000111081
0.000104376
0.00010343
0.000110613
0.000114938
0.000116974
0.000117463
0.000116907
0.000113908
0.000107524
9.62017e-05
9.95793e-05
0.000111076
0.000117568
0.000120913
0.000122111
0.00012167
0.000120485
0.000118376
0.000114893
0.000109572
0.000102226
0.000105967
0.000112665
0.000116974
0.000119467
0.00012083
0.000119858
0.000116205
0.000108915
9.61939e-05
9.76975e-05
0.000110161
0.000117325
0.000121177
0.000122845
0.000122867
0.000121271
0.000118429
0.00011441
0.000108674
0.000101226
0.000106311
0.000112801
0.000117463
0.00012083
0.000121701
0.000120244
0.000116081
0.000108081
9.42588e-05
9.43102e-05
0.000107321
0.000114879
0.000119067
0.00012109
0.000121508
0.000120299
0.000116924
0.000112263
0.000106303
9.92096e-05
0.000104924
0.000111374
0.000116907
0.000119858
0.000120244
0.000118414
0.000113908
0.000105437
9.08226e-05
8.8887e-05
0.000102076
0.000109715
0.000114122
0.000116494
0.000117341
0.000116572
0.000113535
0.000108242
0.000102345
9.59524e-05
0.000101841
0.000108126
0.000113908
0.000116205
0.000116081
0.000113908
0.000109208
0.000100582
8.57241e-05
8.0751e-05
9.24852e-05
0.000100317
0.00010505
0.000107958
0.000109437
0.000109295
0.000106823
0.000101733
9.64844e-05
9.11317e-05
9.68591e-05
0.000102863
0.000107524
0.000108915
0.000108081
0.000105437
0.000100582
9.21228e-05
7.80199e-05
7.26521e-05
7.77214e-05
8.44027e-05
8.97864e-05
9.36271e-05
9.60686e-05
9.69135e-05
9.55779e-05
9.26071e-05
8.87579e-05
8.45267e-05
8.93558e-05
9.34279e-05
9.62017e-05
9.61939e-05
9.42588e-05
9.08226e-05
8.57241e-05
7.80199e-05
7.16285e-05
)
;
    }
    fixedWalls
    {
        type            compressible::alphatWallFunction;
        Prt             0.85;
        value           nonuniform List<scalar> 
800
(
8.26556e-05
8.62641e-05
8.91261e-05
8.96592e-05
8.85156e-05
8.70485e-05
8.53591e-05
8.28047e-05
7.87026e-05
7.43909e-05
9.03704e-05
9.80718e-05
0.000103686
0.000105704
0.000104692
0.000102324
9.91877e-05
9.52084e-05
8.97695e-05
8.17912e-05
9.67392e-05
0.000107095
0.000114349
0.000117426
0.000116795
0.000114245
0.000110438
0.000105563
9.8978e-05
8.92917e-05
0.000100818
0.000113385
0.000121958
0.000125822
0.000125487
0.000122158
0.000117912
0.000112497
0.000105177
9.43529e-05
0.000103686
0.000117843
0.000127292
0.000131648
0.000131447
0.000127537
0.000122534
0.00011662
0.000108933
9.78166e-05
0.000106042
0.000121045
0.000130783
0.000135243
0.00013491
0.000130459
0.000124349
0.000118093
0.0001105
9.9903e-05
0.000108358
0.000123482
0.000132734
0.000136689
0.000135692
0.000130226
0.000122922
0.000116603
0.00010973
0.000100568
0.000110837
0.000125551
0.000133433
0.000135971
0.000133373
0.000125967
0.000117187
0.000110471
0.000105371
9.91848e-05
0.000113442
0.000127466
0.000133187
0.000133219
0.00012783
0.00011811
0.000106795
9.89343e-05
9.63023e-05
9.54184e-05
0.000115794
0.000129086
0.000132454
0.000129427
0.00012102
0.000109656
9.23164e-05
8.58974e-05
8.88376e-05
9.09696e-05
0.000117236
0.00013017
0.000132223
0.000127378
0.00011783
0.000100049
8.68384e-05
8.53148e-05
8.5886e-05
8.64281e-05
0.000117151
0.00013037
0.000133525
0.00013069
0.000123823
0.000114168
0.000102999
9.4529e-05
9.13646e-05
9.1792e-05
0.000116043
0.000128894
0.000133221
0.000132264
0.000127507
0.000121456
0.000114149
0.000107443
0.000102611
9.68086e-05
0.000114472
0.000126743
0.00013171
0.000132019
0.00012886
0.000124855
0.000119991
0.000114818
0.000108434
9.95785e-05
0.000112465
0.000123959
0.000129149
0.000130182
0.000128099
0.000124994
0.000121111
0.000116182
0.000109474
9.9465e-05
0.000109773
0.000120273
0.000125367
0.000126703
0.000125096
0.000122362
0.000118881
0.000114283
0.000107752
9.75858e-05
0.000106045
0.000115235
0.000119935
0.000121223
0.000119737
0.000117205
0.000113976
0.000109715
0.000103682
9.42027e-05
0.000100799
0.000108366
0.000112343
0.000113164
0.000111628
0.000109231
0.000106209
0.00010231
9.70125e-05
8.87862e-05
9.32068e-05
9.88646e-05
0.000101719
0.000101998
0.000100339
9.80911e-05
9.53472e-05
9.18309e-05
8.72248e-05
8.06602e-05
8.49742e-05
8.67302e-05
8.7675e-05
8.76025e-05
8.65385e-05
8.48183e-05
8.26918e-05
7.95264e-05
7.5158e-05
7.25714e-05
8.49742e-05
8.67302e-05
8.7675e-05
8.76025e-05
8.65385e-05
8.48183e-05
8.26918e-05
7.95264e-05
7.5158e-05
7.25714e-05
9.47997e-05
9.8732e-05
0.000101036
0.000101858
0.000101328
9.92056e-05
9.59063e-05
9.15928e-05
8.56123e-05
7.76346e-05
0.000102639
0.000108536
0.000111546
0.00011227
0.000111773
0.000109951
0.000106435
0.000101561
9.46951e-05
8.43079e-05
0.000107989
0.000115567
0.000119298
0.000119875
0.000118861
0.000116797
0.000113345
0.000108248
0.000100953
8.9685e-05
0.000111808
0.000120654
0.000124733
0.000125202
0.000123304
0.00012069
0.000117108
0.000112056
0.0001048
9.35211e-05
0.00011464
0.000124305
0.000128322
0.000128303
0.000125361
0.00012185
0.000117738
0.000113031
0.000106394
9.59596e-05
0.000116812
0.000126908
0.000130451
0.000129448
0.000125186
0.000120122
0.000114781
0.000110525
0.000105314
9.68033e-05
0.000118512
0.000128753
0.000131432
0.000128844
0.000122875
0.000115192
0.000107522
0.000102508
0.000100311
9.54692e-05
0.000119795
0.000130045
0.000131536
0.00012676
0.000118662
0.000106768
9.62725e-05
9.066e-05
9.26401e-05
9.25025e-05
0.000120659
0.000130867
0.000131001
0.000123827
0.000113001
9.43599e-05
8.62373e-05
8.60958e-05
8.73858e-05
8.86588e-05
0.000121057
0.000131219
0.000130493
0.000121959
0.000104436
8.9061e-05
8.6554e-05
8.61983e-05
8.52777e-05
8.44332e-05
0.000120464
0.00013084
0.000131954
0.000126983
0.000118208
0.000106282
9.40297e-05
8.73424e-05
8.97153e-05
8.92562e-05
0.000119128
0.000129319
0.0001316
0.000128914
0.000123026
0.000115513
0.000107243
0.000101861
9.80235e-05
9.33225e-05
0.000117293
0.000127193
0.000130216
0.00012907
0.000124967
0.000120248
0.000114964
0.000110106
0.000104391
9.60931e-05
0.00011491
0.000124259
0.000127684
0.000127479
0.000124651
0.000121424
0.000117498
0.000112653
0.000106107
9.60858e-05
0.000111758
0.000120261
0.00012376
0.000124042
0.000121999
0.000119582
0.000116143
0.000111481
0.000104776
9.41533e-05
0.000107496
0.000114802
0.000118051
0.000118475
0.000117062
0.000114965
0.000111868
0.000107501
0.000101079
9.07214e-05
0.000101629
0.000107437
0.000110122
0.000110382
0.000109426
0.000107481
0.000104624
0.000100641
9.48609e-05
8.5629e-05
9.3349e-05
9.74578e-05
9.93338e-05
9.92927e-05
9.82031e-05
9.65149e-05
9.40184e-05
9.05416e-05
8.55822e-05
7.7934e-05
8.3766e-05
8.52963e-05
8.57783e-05
8.50218e-05
8.4089e-05
8.28279e-05
8.09591e-05
7.80872e-05
7.44218e-05
7.15502e-05
8.26556e-05
8.62641e-05
8.91261e-05
8.96592e-05
8.85156e-05
8.70485e-05
8.53591e-05
8.28047e-05
7.87026e-05
7.43909e-05
9.03704e-05
9.80718e-05
0.000103686
0.000105704
0.000104692
0.000102324
9.91877e-05
9.52084e-05
8.97695e-05
8.17912e-05
9.67392e-05
0.000107095
0.000114349
0.000117426
0.000116795
0.000114245
0.000110438
0.000105563
9.8978e-05
8.92917e-05
0.000100818
0.000113385
0.000121958
0.000125822
0.000125487
0.000122158
0.000117912
0.000112497
0.000105177
9.43529e-05
0.000103686
0.000117843
0.000127292
0.000131648
0.000131447
0.000127537
0.000122534
0.00011662
0.000108933
9.78166e-05
0.000106042
0.000121045
0.000130783
0.000135243
0.00013491
0.000130459
0.000124349
0.000118093
0.0001105
9.9903e-05
0.000108358
0.000123482
0.000132734
0.000136689
0.000135692
0.000130226
0.000122922
0.000116603
0.00010973
0.000100568
0.000110837
0.000125551
0.000133433
0.000135971
0.000133373
0.000125967
0.000117187
0.000110471
0.000105371
9.91848e-05
0.000113442
0.000127466
0.000133187
0.000133219
0.00012783
0.00011811
0.000106795
9.89343e-05
9.63023e-05
9.54184e-05
0.000115794
0.000129086
0.000132454
0.000129427
0.00012102
0.000109656
9.23164e-05
8.58974e-05
8.88376e-05
9.09696e-05
0.000117236
0.00013017
0.000132223
0.000127378
0.00011783
0.000100049
8.68384e-05
8.53148e-05
8.5886e-05
8.64281e-05
0.000117151
0.00013037
0.000133525
0.00013069
0.000123823
0.000114168
0.000102999
9.4529e-05
9.13646e-05
9.1792e-05
0.000116043
0.000128894
0.000133221
0.000132264
0.000127507
0.000121456
0.000114149
0.000107443
0.000102611
9.68086e-05
0.000114472
0.000126743
0.00013171
0.000132019
0.00012886
0.000124855
0.000119991
0.000114818
0.000108434
9.95785e-05
0.000112465
0.000123959
0.000129149
0.000130182
0.000128099
0.000124994
0.000121111
0.000116182
0.000109474
9.9465e-05
0.000109773
0.000120273
0.000125367
0.000126703
0.000125096
0.000122362
0.000118881
0.000114283
0.000107752
9.75858e-05
0.000106045
0.000115235
0.000119935
0.000121223
0.000119737
0.000117205
0.000113976
0.000109715
0.000103682
9.42027e-05
0.000100799
0.000108366
0.000112343
0.000113164
0.000111628
0.000109231
0.000106209
0.00010231
9.70125e-05
8.87862e-05
9.32068e-05
9.88646e-05
0.000101719
0.000101998
0.000100339
9.80911e-05
9.53472e-05
9.18309e-05
8.72248e-05
8.06602e-05
8.49742e-05
8.67302e-05
8.7675e-05
8.76025e-05
8.65385e-05
8.48183e-05
8.26918e-05
7.95264e-05
7.5158e-05
7.25714e-05
8.49742e-05
8.67302e-05
8.7675e-05
8.76025e-05
8.65385e-05
8.48183e-05
8.26918e-05
7.95264e-05
7.5158e-05
7.25714e-05
9.47997e-05
9.8732e-05
0.000101036
0.000101858
0.000101328
9.92056e-05
9.59063e-05
9.15928e-05
8.56123e-05
7.76346e-05
0.000102639
0.000108536
0.000111546
0.00011227
0.000111773
0.000109951
0.000106435
0.000101561
9.46951e-05
8.43079e-05
0.000107989
0.000115567
0.000119298
0.000119875
0.000118861
0.000116797
0.000113345
0.000108248
0.000100953
8.9685e-05
0.000111808
0.000120654
0.000124733
0.000125202
0.000123304
0.00012069
0.000117108
0.000112056
0.0001048
9.35211e-05
0.00011464
0.000124305
0.000128322
0.000128303
0.000125361
0.00012185
0.000117738
0.000113031
0.000106394
9.59596e-05
0.000116812
0.000126908
0.000130451
0.000129448
0.000125186
0.000120122
0.000114781
0.000110525
0.000105314
9.68033e-05
0.000118512
0.000128753
0.000131432
0.000128844
0.000122875
0.000115192
0.000107522
0.000102508
0.000100311
9.54692e-05
0.000119795
0.000130045
0.000131536
0.00012676
0.000118662
0.000106768
9.62725e-05
9.066e-05
9.26401e-05
9.25025e-05
0.000120659
0.000130867
0.000131001
0.000123827
0.000113001
9.43599e-05
8.62373e-05
8.60958e-05
8.73858e-05
8.86588e-05
0.000121057
0.000131219
0.000130493
0.000121959
0.000104436
8.9061e-05
8.6554e-05
8.61983e-05
8.52777e-05
8.44332e-05
0.000120464
0.00013084
0.000131954
0.000126983
0.000118208
0.000106282
9.40297e-05
8.73424e-05
8.97153e-05
8.92562e-05
0.000119128
0.000129319
0.0001316
0.000128914
0.000123026
0.000115513
0.000107243
0.000101861
9.80235e-05
9.33225e-05
0.000117293
0.000127193
0.000130216
0.00012907
0.000124967
0.000120248
0.000114964
0.000110106
0.000104391
9.60931e-05
0.00011491
0.000124259
0.000127684
0.000127479
0.000124651
0.000121424
0.000117498
0.000112653
0.000106107
9.60858e-05
0.000111758
0.000120261
0.00012376
0.000124042
0.000121999
0.000119582
0.000116143
0.000111481
0.000104776
9.41533e-05
0.000107496
0.000114802
0.000118051
0.000118475
0.000117062
0.000114965
0.000111868
0.000107501
0.000101079
9.07214e-05
0.000101629
0.000107437
0.000110122
0.000110382
0.000109426
0.000107481
0.000104624
0.000100641
9.48609e-05
8.5629e-05
9.3349e-05
9.74578e-05
9.93338e-05
9.92927e-05
9.82031e-05
9.65149e-05
9.40184e-05
9.05416e-05
8.55822e-05
7.7934e-05
8.3766e-05
8.52963e-05
8.57783e-05
8.50218e-05
8.4089e-05
8.28279e-05
8.09591e-05
7.80872e-05
7.44218e-05
7.15502e-05
)
;
    }
}


// ************************************************************************* //
