/*--------------------------------*- C++ -*----------------------------------*\
  =========                 |
  \\      /  F ield         | OpenFOAM: The Open Source CFD Toolbox
   \\    /   O peration     | Website:  https://openfoam.org
    \\  /    A nd           | Version:  8
     \\/     M anipulation  |
\*---------------------------------------------------------------------------*/
FoamFile
{
    version     2.0;
    format      ascii;
    class       volScalarField;
    location    "200";
    object      nut;
}
// * * * * * * * * * * * * * * * * * * * * * * * * * * * * * * * * * * * * * //

dimensions      [0 2 -1 0 0 0 0];

internalField   nonuniform List<scalar> 
4000
(
0.000556041
0.000606433
0.000651865
0.000681051
0.000701963
0.000719745
0.000737786
0.000757394
0.000778039
0.000796243
0.000807084
0.000806434
0.000797767
0.000785874
0.00077107
0.00075142
0.000724337
0.000686434
0.000631557
0.000576115
0.000581702
0.000662941
0.000727003
0.000771904
0.000803847
0.00082701
0.000845091
0.000861082
0.000876399
0.000889686
0.00089906
0.000901882
0.000891092
0.000874689
0.00085403
0.000827022
0.000790362
0.000740705
0.000672299
0.000588558
0.000603113
0.000706252
0.000782594
0.000837415
0.000875868
0.000900858
0.000914474
0.000918918
0.000916466
0.000911329
0.000911147
0.000923414
0.000922417
0.000911249
0.000892278
0.000864519
0.000824915
0.000769741
0.000693231
0.000595569
0.000606787
0.000722545
0.000807642
0.000868869
0.000911388
0.000937317
0.000946902
0.000939737
0.000916781
0.000886872
0.000871974
0.000900479
0.000914619
0.000913627
0.000900301
0.000874818
0.000834557
0.000775931
0.000696053
0.000595066
0.000598119
0.00071557
0.000804758
0.000868917
0.000913069
0.000938515
0.000943374
0.000923816
0.000878555
0.000825538
0.000800955
0.000849605
0.000879823
0.0008906
0.000885529
0.000863391
0.000824287
0.000765321
0.00068434
0.000587201
0.000587459
0.00069848
0.000786048
0.000844541
0.000885969
0.000908174
0.000905965
0.000871868
0.000808432
0.000741702
0.00066529
0.000776847
0.000834965
0.000862022
0.000863548
0.000844089
0.00080618
0.000748087
0.000668012
0.000574484
0.000575504
0.000675744
0.000758305
0.000813518
0.000848162
0.000861878
0.000851015
0.000807187
0.000727871
0.000620507
0.000592695
0.000698959
0.000782104
0.000827155
0.00083594
0.000819394
0.000783281
0.000726609
0.000648405
0.000559052
0.000557063
0.000647209
0.000723144
0.000774181
0.000804624
0.000815554
0.000804541
0.000760063
0.000677038
0.00058913
0.000585844
0.000641393
0.000734979
0.000790655
0.000800872
0.000786811
0.000753258
0.000699236
0.000623571
0.000535702
0.000529718
0.000608997
0.000676376
0.000721635
0.000748975
0.00076035
0.000754786
0.000723795
0.000660527
0.00061008
0.000587787
0.000623573
0.000702674
0.00074549
0.000753184
0.000740641
0.000711063
0.00066272
0.000592202
0.000507667
0.000505085
0.000553555
0.000608719
0.000644944
0.00066964
0.000684488
0.00068926
0.000679683
0.000653718
0.00062345
0.000590631
0.000627184
0.000662578
0.000682833
0.00068229
0.00066906
0.000645163
0.000605655
0.000549257
0.000495023
0.000606433
0.00067667
0.000729955
0.00076578
0.000793066
0.000817741
0.000843521
0.000872284
0.000906522
0.000935353
0.000949872
0.000937244
0.000916371
0.000895703
0.000874697
0.00084996
0.000818189
0.000775504
0.000716698
0.000645424
0.000662941
0.00153854
0.00194547
0.00227254
0.00255472
0.00279876
0.00300768
0.00318443
0.00330469
0.00334404
0.00336248
0.00335842
0.00313067
0.00289165
0.00262908
0.00236095
0.00207598
0.00176555
0.00140336
0.000672825
0.000706252
0.00210896
0.00277705
0.00327435
0.00365547
0.00392201
0.00407309
0.00411014
0.00402769
0.00387553
0.003811
0.00397853
0.00398585
0.00385725
0.00361134
0.00328213
0.00288082
0.00241195
0.00182769
0.000690286
0.000722545
0.0023954
0.00320878
0.00377542
0.00417373
0.00440581
0.00446695
0.00435021
0.00404225
0.00362631
0.00343088
0.00380658
0.00406341
0.00411588
0.00398193
0.00369206
0.00326931
0.00273636
0.00202348
0.000696582
0.00071557
0.00243128
0.00330205
0.0038806
0.00426892
0.0044661
0.00445502
0.00420437
0.003679
0.00297866
0.00263381
0.00322866
0.00374952
0.0039936
0.00396485
0.00373776
0.0033512
0.00281697
0.00204465
0.000692868
0.00069848
0.00223692
0.00308433
0.00365161
0.00402533
0.00418994
0.0041207
0.0037496
0.00300743
0.00214062
0.00183538
0.0024816
0.00309873
0.00352161
0.0036354
0.00350144
0.00318417
0.00268888
0.0019272
0.000677534
0.000675744
0.0019703
0.00270474
0.00316617
0.00345697
0.0035749
0.00346823
0.00302246
0.00229161
0.00158325
0.00140789
0.00199616
0.0025516
0.00298774
0.0031414
0.00308683
0.00285728
0.00244104
0.00175422
0.000653619
0.000647209
0.00169382
0.00227796
0.00261101
0.00279187
0.00284275
0.00273763
0.00241851
0.00193326
0.0013683
0.00120419
0.00170048
0.00213242
0.00245308
0.00260175
0.00260054
0.0024554
0.00213708
0.00156494
0.000622641
0.000608997
0.00140303
0.00180519
0.002004
0.00208885
0.00209417
0.0020201
0.00184157
0.00157081
0.0011893
0.00101833
0.00132744
0.00166938
0.0018816
0.00199595
0.00202241
0.00195407
0.00175495
0.00134728
0.000580498
0.000553555
0.000645382
0.000704436
0.000739925
0.000760302
0.000769286
0.000767303
0.00074983
0.000712024
0.000671313
0.000628733
0.000670604
0.000721224
0.000755174
0.000764556
0.000758273
0.000738076
0.00070052
0.000630308
0.000527602
0.000651865
0.000729955
0.000784442
0.000820317
0.000849445
0.000881264
0.000921683
0.000970674
0.00101194
0.00104211
0.0010576
0.00104732
0.00101356
0.000976204
0.000947852
0.000918859
0.000884939
0.000841264
0.000781102
0.000701902
0.000727003
0.00194547
0.00255188
0.003019
0.00340843
0.00375345
0.00402959
0.00416041
0.00421615
0.00420876
0.0042077
0.00428267
0.0042378
0.0040697
0.00368045
0.00326368
0.00281543
0.00232734
0.00176528
0.000743218
0.000782594
0.00277705
0.00380509
0.00452509
0.00503281
0.00535439
0.00549123
0.00542971
0.00521256
0.00488696
0.00472481
0.00505818
0.00533736
0.00539264
0.00513506
0.00467666
0.00406512
0.00332509
0.0024075
0.000764987
0.000807642
0.00320878
0.00447803
0.00530215
0.00581814
0.00605787
0.00603799
0.00576853
0.00526326
0.00456336
0.00417741
0.00476015
0.00537598
0.00571741
0.00567523
0.00530848
0.00468268
0.00384243
0.00272028
0.000771107
0.000804758
0.00330205
0.00466312
0.00551553
0.00602169
0.00621027
0.00609542
0.00567751
0.00494719
0.00390194
0.00331571
0.00407813
0.00495466
0.00553336
0.00567278
0.00539978
0.0048238
0.00398071
0.00276252
0.000767909
0.000786048
0.00308433
0.0044226
0.00525724
0.00576095
0.0059393
0.00579456
0.0053125
0.00444518
0.00319025
0.00253654
0.00336332
0.0043302
0.00502063
0.00526176
0.0050976
0.00461293
0.00382101
0.00260839
0.000754927
0.000758305
0.00270474
0.00390996
0.00463721
0.00505887
0.00520953
0.00508723
0.00464052
0.00379934
0.00261274
0.00199626
0.00280865
0.00374873
0.00436001
0.00461455
0.0045413
0.00416769
0.00347414
0.0023565
0.000729596
0.000723144
0.00227796
0.00326343
0.00382876
0.00412371
0.0042049
0.00407046
0.00369016
0.00308195
0.00214827
0.00162396
0.00233735
0.00312557
0.00359419
0.00382913
0.00382412
0.00356832
0.00301445
0.00206811
0.000694685
0.000676376
0.00180519
0.00247615
0.00282452
0.00297542
0.00299106
0.00288577
0.00264152
0.00224855
0.00161677
0.00125066
0.00169379
0.0023022
0.00264203
0.00282553
0.00286389
0.00273666
0.00238751
0.00171937
0.000646025
0.000608719
0.000704436
0.00076313
0.000796969
0.000814496
0.000819947
0.000814011
0.00079284
0.00075371
0.000710956
0.000660918
0.000699016
0.000750593
0.000794354
0.000811082
0.000809781
0.000792361
0.000755167
0.000687189
0.000573265
0.000681051
0.00076578
0.000820317
0.000852072
0.000875941
0.000910417
0.00096137
0.00101965
0.00106781
0.00110085
0.00111666
0.00111418
0.00108354
0.00104538
0.00100516
0.000969368
0.000932436
0.000887504
0.000825986
0.000740844
0.000771904
0.00227254
0.003019
0.00352121
0.00385499
0.0041232
0.00433941
0.00446764
0.00454069
0.00455196
0.00456203
0.00470816
0.00475101
0.00463533
0.00439224
0.0039837
0.0034478
0.00281714
0.00207408
0.000794229
0.000837415
0.00327435
0.00452509
0.00528582
0.00571338
0.00590658
0.00594036
0.00585018
0.00563247
0.00527719
0.00505933
0.00545239
0.0058854
0.00608365
0.0060107
0.00562776
0.00496845
0.00406582
0.00287185
0.000821171
0.000868869
0.00377542
0.00530215
0.00616925
0.00660205
0.00670463
0.00655975
0.0062475
0.00575733
0.00503867
0.00452652
0.00509522
0.00589205
0.00642605
0.00658344
0.0063108
0.00566533
0.00467778
0.00325121
0.000825638
0.000868917
0.0038806
0.00551553
0.00643284
0.00687671
0.00693934
0.00669877
0.00624307
0.00556302
0.00459791
0.00381968
0.0044661
0.00551234
0.00628463
0.00659115
0.00639545
0.00578794
0.00480026
0.0032911
0.000818968
0.000844541
0.00365161
0.00525724
0.00620187
0.00669409
0.00679849
0.0065591
0.00601934
0.00523038
0.00412976
0.00316476
0.00382891
0.00500327
0.0058606
0.00618619
0.00604307
0.00550313
0.00456458
0.00308397
0.000804385
0.000813518
0.00316617
0.00463721
0.00551472
0.00601372
0.00620738
0.00608174
0.00558463
0.00475744
0.0035946
0.00257812
0.00323392
0.00445362
0.00520993
0.00549306
0.00540426
0.0049529
0.00410571
0.00274217
0.000779732
0.000774181
0.00261101
0.00382876
0.00455064
0.00494872
0.0051038
0.00503094
0.00472017
0.00399632
0.00289729
0.00201504
0.00262641
0.00372553
0.0043155
0.00457776
0.00455026
0.00421409
0.00351484
0.00235846
0.000743221
0.000721635
0.002004
0.00282452
0.00327641
0.00349386
0.00355249
0.0034718
0.00323508
0.00273369
0.00197367
0.001432
0.00185022
0.00263724
0.00308435
0.00329841
0.00333082
0.00315655
0.00271313
0.00190463
0.000691293
0.000644944
0.000739925
0.000796969
0.000829463
0.000845742
0.000849971
0.000842495
0.0008196
0.00078625
0.000743981
0.000688891
0.000715873
0.000768288
0.000812126
0.000834643
0.000837274
0.000822375
0.00078671
0.0007211
0.000611704
0.000701963
0.000793066
0.000849445
0.000875941
0.000880953
0.000896551
0.000941393
0.000999856
0.00107059
0.00112638
0.00115734
0.00115773
0.00113093
0.00109368
0.00105398
0.00101234
0.000970032
0.000922456
0.000858982
0.000768906
0.000803847
0.00255472
0.00340843
0.00385499
0.00395128
0.00390509
0.00400825
0.00426816
0.00447177
0.00463503
0.00474565
0.00492958
0.00503921
0.00496202
0.00476188
0.00445863
0.00396804
0.0032542
0.00234897
0.000831388
0.000875868
0.00365547
0.00503281
0.00571338
0.00592172
0.00584693
0.00572654
0.00571561
0.00567782
0.00547207
0.00525941
0.00557583
0.00608098
0.00637135
0.00640367
0.00617413
0.00560541
0.00465216
0.00325177
0.000860745
0.000911388
0.00417373
0.00581814
0.00660205
0.00685499
0.00676796
0.00651564
0.00625372
0.00597058
0.00541989
0.0048218
0.00514801
0.00599734
0.00665326
0.00694493
0.00684197
0.0062844
0.00526369
0.0036384
0.000864242
0.000913069
0.00426892
0.00602169
0.00687671
0.00717148
0.00708411
0.00677956
0.00638597
0.0059211
0.0051688
0.00428837
0.00455368
0.00562644
0.00652729
0.0069795
0.00691921
0.00636297
0.00533244
0.00365837
0.000851034
0.000885969
0.00402533
0.00576095
0.00669409
0.00709656
0.0070825
0.00677405
0.00628949
0.00569348
0.0048141
0.00376841
0.00397221
0.00518687
0.00618784
0.00664898
0.00655551
0.00601533
0.00501582
0.00338117
0.000832396
0.000848162
0.00345697
0.00505887
0.00601372
0.00656004
0.00674587
0.00653248
0.00600314
0.00528262
0.00431045
0.0031876
0.00336282
0.0046629
0.00562568
0.00597227
0.00587336
0.0053831
0.00445973
0.00296867
0.000806812
0.000804624
0.00279187
0.00412371
0.00494872
0.00545306
0.00572188
0.0057534
0.00536561
0.00459582
0.00356468
0.00248076
0.00266729
0.00392809
0.00471517
0.00498758
0.00493266
0.00454505
0.00376958
0.0025138
0.000770774
0.000748975
0.00208885
0.00297542
0.00349386
0.00378133
0.00391955
0.00392975
0.00378115
0.00321709
0.00237455
0.00165091
0.00184012
0.00271015
0.0033176
0.00352441
0.00354572
0.00334327
0.00285384
0.00198716
0.00071911
0.00066964
0.000760302
0.000814496
0.000845742
0.000861925
0.000866859
0.00086018
0.000842026
0.000815705
0.000775074
0.00071945
0.000721141
0.000777641
0.000815906
0.000842384
0.000848807
0.000836698
0.000803659
0.000741967
0.000639166
0.000719745
0.000817741
0.000881264
0.000910417
0.000896551
0.000867048
0.000897312
0.000968229
0.00103998
0.00110469
0.00115997
0.00117843
0.00116154
0.00112924
0.00108973
0.00104953
0.00100339
0.000950752
0.000884449
0.000789898
0.00082701
0.00279876
0.00375345
0.0041232
0.00390509
0.0033276
0.00301093
0.00328532
0.00391382
0.00448117
0.00482379
0.00503673
0.00517184
0.00512993
0.0049594
0.00469629
0.00431016
0.00362211
0.002586
0.000858219
0.000900858
0.00392201
0.00535439
0.00590658
0.00584693
0.00535912
0.00484841
0.00481319
0.00528287
0.00558566
0.00554528
0.00562488
0.00605712
0.00639592
0.00650233
0.00636459
0.00593861
0.00504664
0.00353219
0.000886901
0.000937317
0.00440581
0.00605787
0.00670463
0.00676796
0.0064777
0.00603723
0.00576794
0.00592371
0.0058999
0.00535495
0.00516094
0.00581972
0.00654366
0.00693973
0.0069493
0.0065334
0.00556893
0.0038699
0.000886506
0.000938515
0.0044661
0.00621027
0.00693934
0.00708411
0.00692366
0.00663447
0.00633497
0.00624585
0.00595122
0.00501592
0.00458272
0.00538799
0.00636852
0.00695121
0.00702054
0.00655461
0.00554055
0.00382816
0.000865482
0.000908174
0.00418994
0.0059393
0.00679849
0.0070825
0.00701205
0.0068139
0.00656647
0.00631451
0.00574741
0.0045751
0.00404432
0.00495485
0.00606952
0.00668639
0.00670149
0.00617615
0.00514732
0.0034673
0.000840151
0.000861878
0.0035749
0.00520953
0.00620738
0.00674587
0.00685377
0.00669552
0.0064244
0.00603616
0.00524328
0.00395869
0.0034515
0.00444729
0.00559006
0.00610249
0.00602797
0.00551439
0.00455248
0.00302502
0.000810828
0.000815554
0.00284275
0.0042049
0.0051038
0.00572188
0.00611186
0.00614743
0.00583668
0.00528991
0.00437089
0.0031285
0.00271818
0.00372218
0.00474805
0.00513652
0.00505833
0.00463714
0.00382862
0.00255007
0.000777623
0.00076035
0.00209417
0.00299106
0.00355249
0.00391955
0.00418438
0.00438091
0.00432851
0.00383862
0.0029776
0.00202911
0.00181439
0.0025832
0.0032723
0.00358231
0.00358676
0.00337142
0.0028695
0.00199851
0.00073062
0.000684488
0.000769286
0.000819947
0.000849971
0.000866859
0.000874426
0.000872832
0.000871738
0.000871317
0.000834107
0.000761163
0.000723624
0.000779845
0.000817158
0.000838103
0.000848323
0.000839412
0.000809654
0.000752619
0.000656675
0.000737786
0.000843521
0.000921683
0.00096137
0.000941393
0.000897312
0.000861299
0.000928514
0.00101324
0.00107033
0.00110993
0.00115187
0.00117047
0.00115602
0.00111531
0.00107685
0.00103369
0.000975456
0.000905285
0.000806145
0.000845091
0.00300768
0.00402959
0.00433941
0.00400825
0.00301093
0.00218227
0.00224396
0.00303725
0.00385947
0.0046273
0.00500825
0.00513589
0.0051379
0.00501521
0.00479397
0.00446354
0.00391179
0.0027843
0.000877474
0.000914474
0.00407309
0.00549123
0.00594036
0.00572654
0.00484841
0.00374058
0.00341687
0.00424292
0.00523167
0.00570548
0.00572257
0.00586888
0.00619434
0.00636625
0.00630517
0.00597008
0.00522722
0.00370693
0.000902363
0.000946902
0.00446695
0.00603799
0.00655975
0.00651564
0.00603723
0.00518839
0.00459117
0.00509782
0.00594333
0.00594141
0.00539662
0.00550898
0.00615593
0.0066406
0.00674054
0.00641651
0.00557536
0.00393438
0.000894207
0.000943374
0.00445502
0.00609542
0.00669877
0.00677956
0.00663447
0.00624088
0.00569555
0.00584696
0.00640286
0.00597827
0.00491324
0.00499086
0.00588101
0.0065766
0.00675199
0.00636615
0.00539536
0.00375326
0.000863245
0.000905965
0.0041207
0.00579456
0.0065591
0.00677405
0.0068139
0.0068104
0.00655436
0.00647783
0.00664506
0.0058052
0.00444005
0.00452731
0.00556127
0.00633471
0.00647461
0.00598344
0.00492917
0.00329443
0.000826257
0.000851015
0.00346823
0.00508723
0.00608174
0.00653248
0.00669552
0.00687094
0.00694773
0.00680654
0.00654556
0.00525315
0.00384789
0.00402872
0.00512264
0.00585209
0.0058875
0.00536255
0.00437438
0.00286445
0.00078822
0.000804541
0.00273763
0.00407046
0.00503094
0.0057534
0.00614743
0.0063755
0.00659342
0.00649522
0.00582503
0.00424828
0.00304862
0.00334571
0.00438507
0.004964
0.00496549
0.00452138
0.00370428
0.00245086
0.000759015
0.000754786
0.0020201
0.00288577
0.0034718
0.00392975
0.00438091
0.0047792
0.00509
0.00505839
0.00413876
0.00280492
0.00200784
0.00231228
0.0030458
0.00343303
0.00348554
0.00326972
0.00277882
0.00193997
0.000722794
0.00068926
0.000767303
0.000814011
0.000842495
0.00086018
0.000872832
0.000893259
0.000936316
0.00117036
0.00111273
0.000920547
0.000766887
0.000770689
0.000812674
0.000830347
0.000836219
0.000830415
0.000804044
0.000751636
0.000662803
0.000757394
0.000872284
0.000970674
0.00101965
0.000999856
0.000968229
0.000928514
0.00093373
0.00100556
0.00105919
0.00109778
0.00113056
0.00117068
0.00116928
0.00113186
0.0010957
0.00105675
0.00100094
0.000923398
0.000818936
0.000861082
0.00318443
0.00416041
0.00446764
0.00426816
0.00328532
0.00224396
0.00180772
0.00215539
0.0029464
0.0038604
0.00472699
0.00491141
0.00496175
0.00493187
0.00477575
0.00450735
0.00403177
0.00294191
0.000891288
0.000918918
0.00411014
0.00542971
0.00585018
0.00571561
0.00481319
0.00341687
0.00261115
0.00301544
0.004198
0.00526394
0.0056554
0.00557388
0.00577079
0.00601229
0.00603751
0.00579325
0.00517774
0.00378191
0.000909407
0.000939737
0.00435021
0.00576853
0.0062475
0.00625372
0.00576794
0.00459117
0.00350787
0.00376748
0.00509266
0.00594023
0.00565235
0.00520467
0.00557323
0.00608766
0.00626583
0.00601827
0.00529505
0.00384277
0.000888811
0.000923816
0.00420437
0.00567751
0.00624307
0.00638597
0.00633497
0.00569555
0.004598
0.00452998
0.0057859
0.00634193
0.00542307
0.00468891
0.00519665
0.00591387
0.00617239
0.00583508
0.00492533
0.00343709
0.000844966
0.000871868
0.0037496
0.0053125
0.00601934
0.00628949
0.00656647
0.00655436
0.00580692
0.00542122
0.00637871
0.00651969
0.0051053
0.00422978
0.00481949
0.00564156
0.00589709
0.00544677
0.00440508
0.00287991
0.000788347
0.000807187
0.00302246
0.00464052
0.00558463
0.00600314
0.0064244
0.00694773
0.00683729
0.00636883
0.0068246
0.00643977
0.00464591
0.00374694
0.00438195
0.00520448
0.00539419
0.00493858
0.00395161
0.00251003
0.0007343
0.000760063
0.00241851
0.00369016
0.00472017
0.00536561
0.00583668
0.00659342
0.0071794
0.00697693
0.00689126
0.00584848
0.00385955
0.00310926
0.00373507
0.00444053
0.00456101
0.004204
0.0034141
0.00223386
0.000700633
0.000723795
0.00184157
0.00264152
0.00323508
0.00378115
0.00432851
0.00509
0.00608141
0.00641979
0.00592831
0.00428532
0.0026527
0.00217208
0.00263045
0.00306536
0.00319035
0.00303362
0.00257838
0.00181012
0.000687138
0.000679683
0.00074983
0.00079284
0.0008196
0.000842026
0.000871738
0.000936316
0.00128931
0.00180768
0.00173528
0.00136602
0.000990036
0.000793189
0.000800308
0.000815831
0.00081674
0.000806093
0.000782293
0.000734102
0.000653563
0.000778039
0.000906522
0.00101194
0.00106781
0.00107059
0.00103998
0.00101324
0.00100556
0.00107005
0.00111162
0.00113621
0.00115944
0.00117711
0.00117082
0.00113938
0.00110787
0.00107407
0.0010225
0.000938294
0.000828653
0.000876399
0.00330469
0.00421615
0.00454069
0.00447177
0.00391382
0.00303725
0.00215539
0.00191351
0.00238211
0.00339271
0.00437898
0.00455213
0.0046411
0.00472566
0.0046648
0.00447622
0.00407448
0.00308397
0.000901132
0.000916466
0.00402769
0.00521256
0.00563247
0.00567782
0.00528287
0.00424292
0.00301544
0.00263723
0.0034208
0.00473322
0.0053238
0.00511809
0.00515973
0.00546854
0.00559909
0.00546515
0.00497876
0.00378727
0.00091003
0.000916781
0.00404225
0.00526326
0.00575733
0.00597058
0.00592371
0.00509782
0.00376748
0.00327027
0.0042532
0.00553827
0.00556225
0.00485557
0.00485925
0.0053279
0.00556572
0.00541002
0.0048163
0.00363198
0.000872435
0.000878555
0.003679
0.00494719
0.00556302
0.0059211
0.00624585
0.00584696
0.00452998
0.00383795
0.00489516
0.00607865
0.00560228
0.00444796
0.00446097
0.00504233
0.00531934
0.00504645
0.0042392
0.00296446
0.000812411
0.000808432
0.00300743
0.00444518
0.00523038
0.00569348
0.00631451
0.00647783
0.00542122
0.00444757
0.00542548
0.00643879
0.00544837
0.00405863
0.00406801
0.00471388
0.0049893
0.00461875
0.00369669
0.00237019
0.000724634
0.000727871
0.00229161
0.00379934
0.00475744
0.00528262
0.00603616
0.00680654
0.00636883
0.00525152
0.00595559
0.00652114
0.00514021
0.00365225
0.00363574
0.00427651
0.00452137
0.00417345
0.00333261
0.00210041
0.000653921
0.000677038
0.00193326
0.00308195
0.00399632
0.00459582
0.00528991
0.00649522
0.00697693
0.00616907
0.00642878
0.00630936
0.00456011
0.00309012
0.0030621
0.00361034
0.00379445
0.00354584
0.00294436
0.00198799
0.000617404
0.000660527
0.00157081
0.00224855
0.00273369
0.00321709
0.00383862
0.00505839
0.00641979
0.00642023
0.00630186
0.00545855
0.00350433
0.00225333
0.00218509
0.002513
0.00262591
0.002527
0.00221006
0.00162467
0.000634822
0.000653718
0.000712024
0.00075371
0.00078625
0.000815705
0.000871317
0.00117036
0.00180768
0.00200402
0.00196887
0.00181276
0.00141715
0.000982822
0.000795454
0.000791814
0.000788845
0.000773734
0.00074517
0.000698522
0.0006333
0.000796243
0.000935353
0.00104211
0.00110085
0.00112638
0.00110469
0.00107033
0.00105919
0.00111162
0.00116055
0.00117774
0.00119329
0.00118632
0.00116922
0.00114111
0.00111602
0.00108723
0.00103951
0.000949874
0.000835283
0.000889686
0.00334404
0.00420876
0.00455196
0.00463503
0.00448117
0.00385947
0.0029464
0.00238211
0.00249373
0.00336583
0.00415725
0.00420772
0.00430521
0.00447809
0.00451322
0.00440931
0.0040826
0.00322287
0.000907589
0.000911329
0.00387553
0.00488696
0.00527719
0.00547207
0.00558566
0.00523167
0.004198
0.0034208
0.00368808
0.00466844
0.004845
0.00447483
0.00447711
0.00484381
0.00508862
0.00508587
0.00473752
0.00373985
0.000905866
0.000886872
0.00362631
0.00456336
0.00503867
0.00541989
0.0058999
0.00594333
0.00509266
0.0042532
0.00458258
0.00536252
0.00508304
0.00424671
0.00405433
0.00445102
0.00474041
0.0047207
0.00429816
0.00333958
0.000850725
0.000825538
0.00297866
0.00390194
0.00459791
0.0051688
0.00595122
0.00640286
0.0057859
0.00489516
0.0052077
0.00583567
0.00524574
0.00395764
0.00366477
0.00404663
0.00426931
0.00411905
0.0035452
0.00252406
0.000768766
0.000741702
0.00214062
0.00319025
0.00412976
0.0048141
0.00574741
0.00664506
0.00637871
0.00542548
0.00563915
0.0061716
0.00523009
0.00364612
0.00331451
0.00367008
0.00381777
0.00355473
0.00293519
0.00197468
0.000633902
0.000620507
0.00158325
0.00261274
0.0035946
0.00431045
0.00524328
0.00654556
0.0068246
0.00595559
0.00597397
0.00625931
0.0049682
0.00332864
0.00293902
0.0032461
0.00335142
0.00307554
0.0025034
0.00171161
0.000591086
0.00058913
0.0013683
0.00214827
0.00289729
0.00356468
0.00437089
0.00582503
0.00689126
0.00642878
0.00626168
0.00606895
0.00447864
0.00286811
0.00246152
0.00269196
0.00276321
0.00256733
0.0021546
0.00151994
0.000592031
0.00061008
0.0011893
0.00161677
0.00197367
0.00237455
0.0029776
0.00413876
0.00592831
0.00630186
0.00605193
0.00532049
0.00354997
0.00215766
0.0017853
0.00189952
0.00193829
0.00184885
0.0016312
0.00125688
0.000598871
0.00062345
0.000671313
0.000710956
0.000743981
0.000775074
0.000834107
0.00111273
0.00173528
0.00196887
0.00190698
0.00177334
0.00143193
0.00104648
0.000791312
0.000755313
0.000748845
0.000732053
0.000703845
0.000661954
0.000606948
0.000807084
0.000949872
0.0010576
0.00111666
0.00115734
0.00115997
0.00110993
0.00109778
0.00113621
0.00117774
0.00119463
0.00121171
0.00119533
0.00117155
0.00114554
0.00112379
0.001097
0.00105052
0.000959107
0.000838486
0.00089906
0.00336248
0.0042077
0.00456203
0.00474565
0.00482379
0.0046273
0.0038604
0.00339271
0.00336583
0.00398348
0.00405036
0.00401846
0.00415188
0.0043661
0.00444391
0.00438372
0.00409197
0.00328711
0.000910504
0.000911147
0.003811
0.00472481
0.00505933
0.00525941
0.00554528
0.00570548
0.00526394
0.00473322
0.00466844
0.00473469
0.00430203
0.00391433
0.00405918
0.00451555
0.00483402
0.00492071
0.0046459
0.00370384
0.000902428
0.000871974
0.00343088
0.00417741
0.00452652
0.0048218
0.00535495
0.00594141
0.00594023
0.00553827
0.00536252
0.0050838
0.00427765
0.00344603
0.00345675
0.00392687
0.00428914
0.00439731
0.00409414
0.00319691
0.000837622
0.000800955
0.00263381
0.00331571
0.00381968
0.00428837
0.00501592
0.00597827
0.00634193
0.00607865
0.00583567
0.00543305
0.00434941
0.00313928
0.00300578
0.00338088
0.00363818
0.00364634
0.00326725
0.00236303
0.000701044
0.00066529
0.00183538
0.00253654
0.00316476
0.00376841
0.0045751
0.0058052
0.00651969
0.00643879
0.0061716
0.00572591
0.0043228
0.00288459
0.00265191
0.00291713
0.00305537
0.00296649
0.00259601
0.00185493
0.000609346
0.000592695
0.00140789
0.00199626
0.00257812
0.0031876
0.00395869
0.00525315
0.00643977
0.00652114
0.00625931
0.00569286
0.00407526
0.00263212
0.00231044
0.00247612
0.00254032
0.00242652
0.00210879
0.00154998
0.000596614
0.000585844
0.00120419
0.00162396
0.00201504
0.00248076
0.0031285
0.00424828
0.00584848
0.00630936
0.00606895
0.00530294
0.00360117
0.00226579
0.00191611
0.00200153
0.00203393
0.00195303
0.0017233
0.00131657
0.000593051
0.000587787
0.00101833
0.00125066
0.001432
0.00165091
0.00202911
0.00280492
0.00428532
0.00545855
0.00532049
0.00434898
0.00277688
0.00172432
0.00141219
0.00143525
0.00145496
0.0014187
0.00130099
0.00106436
0.000584975
0.000590631
0.000628733
0.000660918
0.000688891
0.00071945
0.000761163
0.000920547
0.00136602
0.00181276
0.00177334
0.00160067
0.00128558
0.00095115
0.00074247
0.000704146
0.000695453
0.000681016
0.00065796
0.000623889
0.000577387
0.000806434
0.000937244
0.00104732
0.00111418
0.00115773
0.00117843
0.00115187
0.00113056
0.00115944
0.00119329
0.00121171
0.001214
0.00120575
0.00118559
0.00115775
0.00112882
0.0010936
0.00103924
0.000950367
0.000834179
0.000901882
0.00335842
0.00428267
0.00470816
0.00492958
0.00503673
0.00500825
0.00472699
0.00437898
0.00415725
0.00405036
0.00400334
0.00413094
0.0044386
0.00460679
0.00462389
0.00449471
0.00412804
0.00314547
0.000908384
0.000923414
0.00397853
0.00505818
0.00545239
0.00557583
0.00562488
0.00572257
0.0056554
0.0053238
0.004845
0.00430203
0.00386559
0.00393005
0.00451914
0.0050467
0.00532415
0.00533176
0.00495809
0.00383058
0.000915162
0.000900479
0.00380658
0.00476015
0.00509522
0.00514801
0.00516094
0.00539662
0.00565235
0.00556225
0.00508304
0.00427765
0.00340998
0.00327126
0.00393931
0.00463469
0.00504466
0.00510073
0.00470543
0.0036485
0.000876933
0.000849605
0.00322866
0.00407813
0.0044661
0.00455368
0.00458272
0.00491324
0.00542307
0.00560228
0.00524574
0.00434941
0.00313842
0.00279396
0.00341504
0.00414342
0.00457099
0.00457266
0.00406117
0.00296932
0.000812012
0.000776847
0.0024816
0.00336332
0.00382891
0.00397221
0.00404432
0.00444005
0.0051053
0.00544837
0.00523009
0.0043228
0.00296806
0.00246011
0.00296401
0.00365728
0.0040563
0.00401154
0.00347692
0.00241438
0.000727901
0.000698959
0.00199616
0.00280865
0.00323392
0.00336282
0.0034515
0.00384789
0.00464591
0.00514021
0.0049682
0.00407526
0.00275463
0.00216486
0.00252598
0.00314164
0.00350253
0.00345602
0.00299982
0.00209323
0.000641948
0.000641393
0.00170048
0.00233735
0.00262641
0.00266729
0.00271818
0.00304862
0.00385955
0.00456011
0.00447864
0.00360117
0.00239832
0.00182362
0.00205284
0.00254
0.0028146
0.00280243
0.00249123
0.00182446
0.000600397
0.000623573
0.00132744
0.00169379
0.00185022
0.00184012
0.00181439
0.00200784
0.0026527
0.00350433
0.00354997
0.00277688
0.00184985
0.00138303
0.00148893
0.00177056
0.00192317
0.00193212
0.00177249
0.00138386
0.000615033
0.000627184
0.000670604
0.000699016
0.000715873
0.000721141
0.000723624
0.000766887
0.000990036
0.00141715
0.00143193
0.00128558
0.00103459
0.00078075
0.000706115
0.000724121
0.000728345
0.000719458
0.000698163
0.000663324
0.000610471
0.000797767
0.000916371
0.00101356
0.00108354
0.00113093
0.00116154
0.00117047
0.00117068
0.00117711
0.00118632
0.00119533
0.00120575
0.00120677
0.00117836
0.00114645
0.00111336
0.0010736
0.0010151
0.000934874
0.000824137
0.000891092
0.00313067
0.0042378
0.00475101
0.00503921
0.00517184
0.00513589
0.00491141
0.00455213
0.00420772
0.00401846
0.00413094
0.00453341
0.00476599
0.00480421
0.00472612
0.00451595
0.00406878
0.00295645
0.000896873
0.000922417
0.00398585
0.00533736
0.0058854
0.00608098
0.00605712
0.00586888
0.00557388
0.00511809
0.00447483
0.00391433
0.00393005
0.00464703
0.00531312
0.0056941
0.00583176
0.005699
0.00517071
0.0037967
0.000912718
0.000914619
0.00406341
0.00537598
0.00589205
0.00599734
0.00581972
0.00550898
0.00520467
0.00485557
0.00424671
0.00344603
0.00327126
0.00410443
0.00503261
0.0056457
0.00591408
0.00580467
0.00522893
0.0038645
0.000892256
0.000879823
0.00374952
0.00495466
0.00551234
0.00562644
0.00538799
0.00499086
0.00468891
0.00444796
0.00395764
0.00313928
0.00279396
0.00360215
0.00467248
0.00540908
0.00570123
0.00551142
0.0048061
0.00346468
0.000849339
0.000834965
0.00309873
0.0043302
0.00500327
0.00518687
0.00495485
0.00452731
0.00422978
0.00405863
0.00364612
0.00288459
0.00246011
0.00316024
0.00429244
0.00507976
0.0053398
0.00507024
0.00426605
0.0029108
0.000795331
0.000782104
0.0025516
0.00374873
0.00445362
0.0046629
0.00444729
0.00402872
0.00374694
0.00365225
0.00332864
0.00263212
0.00216486
0.00272411
0.00382755
0.00456998
0.00479403
0.00453918
0.00378601
0.0025057
0.000737149
0.000734979
0.00213242
0.00312557
0.00372553
0.00392809
0.00372218
0.00334571
0.00310926
0.00309012
0.00286811
0.00226579
0.00182362
0.00223478
0.00317072
0.00375663
0.0039732
0.00380828
0.00323162
0.00218881
0.000700198
0.000702674
0.00166938
0.0023022
0.00263724
0.00271015
0.0025832
0.00231228
0.00217208
0.00225333
0.00215766
0.00172432
0.00138303
0.00162635
0.00218383
0.00253514
0.00271868
0.00268655
0.00238692
0.00171949
0.000672945
0.000662578
0.000721224
0.000750593
0.000768288
0.000777641
0.000779845
0.000770689
0.000793189
0.000982822
0.00104648
0.00095115
0.00078075
0.000720333
0.000756734
0.000773053
0.000775043
0.00076553
0.00074267
0.000705777
0.000638955
0.000785874
0.000895703
0.000976204
0.00104538
0.00109368
0.00112924
0.00115602
0.00116928
0.00117082
0.00116922
0.00117155
0.00118559
0.00117836
0.00115359
0.00112346
0.00108971
0.00104733
0.000988913
0.000915822
0.000810385
0.000874689
0.00289165
0.0040697
0.00463533
0.00496202
0.00512993
0.0051379
0.00496175
0.0046411
0.00430521
0.00415188
0.0044386
0.00476599
0.00487551
0.00484497
0.00471033
0.00443965
0.00388375
0.00276367
0.000880898
0.000911249
0.00385725
0.00539264
0.00608365
0.00637135
0.00639592
0.00619434
0.00577079
0.00515973
0.00447711
0.00405918
0.00451914
0.00531312
0.00583877
0.00610394
0.00613249
0.00587954
0.00517689
0.00367568
0.000902311
0.000913627
0.00411588
0.00571741
0.00642605
0.00665326
0.00654366
0.00615593
0.00557323
0.00485925
0.00405433
0.00345675
0.00393931
0.00503261
0.00587354
0.00636276
0.00650584
0.00626394
0.00550844
0.00391941
0.000893607
0.0008906
0.0039936
0.00553336
0.00628463
0.00652729
0.00636852
0.00588101
0.00519665
0.00446097
0.00366477
0.00300578
0.00341504
0.00467248
0.00571698
0.00631904
0.00647518
0.00616294
0.00532068
0.00377057
0.000863999
0.000862022
0.00352161
0.00502063
0.0058606
0.00618784
0.00606952
0.00556127
0.00481949
0.00406801
0.00331451
0.00265191
0.00296401
0.00429244
0.00544942
0.00606921
0.00617082
0.00577956
0.00485713
0.0033233
0.000830172
0.000827155
0.00298774
0.00436001
0.00520993
0.00562568
0.00559006
0.00512264
0.00438195
0.00363574
0.00293902
0.00231044
0.00252598
0.00382755
0.00494921
0.00551656
0.00558523
0.00517505
0.00429263
0.00287833
0.000792777
0.000790655
0.00245308
0.00359419
0.0043155
0.00471517
0.00474805
0.00438507
0.00373507
0.0030621
0.00246152
0.00191611
0.00205284
0.00317072
0.00410108
0.00461232
0.00470024
0.00435799
0.00362425
0.00243304
0.000758313
0.00074549
0.0018816
0.00264203
0.00308435
0.0033176
0.0032723
0.0030458
0.00263045
0.00218509
0.0017853
0.00141219
0.00148893
0.00218383
0.00277317
0.00316605
0.00331878
0.0031375
0.0026987
0.00190291
0.000717534
0.000682833
0.000755174
0.000794354
0.000812126
0.000815906
0.000817158
0.000812674
0.000800308
0.000795454
0.000791312
0.00074247
0.000706115
0.000756734
0.000789183
0.000804597
0.000808832
0.000805367
0.00078461
0.000739145
0.000658359
0.00077107
0.000874697
0.000947852
0.00100516
0.00105398
0.00108973
0.00111531
0.00113186
0.00113938
0.00114111
0.00114554
0.00115775
0.00114645
0.00112346
0.00109472
0.00106028
0.00101564
0.00096337
0.0008938
0.000792595
0.00085403
0.00262908
0.00368045
0.00439224
0.00476188
0.0049594
0.00501521
0.00493187
0.00472566
0.00447809
0.0043661
0.00460679
0.00480421
0.00484497
0.00477243
0.0045965
0.00426273
0.00355901
0.00254244
0.000858989
0.000892278
0.00361134
0.00513506
0.0060107
0.00640367
0.00650233
0.00636625
0.00601229
0.00546854
0.00484381
0.00451555
0.0050467
0.0056941
0.00610394
0.00627766
0.0062118
0.00583946
0.0049479
0.00346146
0.00088337
0.000900301
0.00398193
0.00567523
0.00658344
0.00694493
0.00693973
0.0066406
0.00608766
0.0053279
0.00445102
0.00392687
0.00463469
0.0056457
0.00636276
0.00674353
0.00677854
0.00640409
0.00547501
0.00381486
0.000881715
0.000885529
0.00396485
0.00567278
0.00659115
0.0069795
0.00695121
0.0065766
0.00591387
0.00504233
0.00404663
0.00338088
0.00414342
0.00540908
0.00631904
0.00679809
0.00685038
0.00642849
0.00548043
0.0038182
0.000861347
0.000863548
0.0036354
0.00526176
0.00618619
0.00664898
0.00668639
0.00633471
0.00564156
0.00471388
0.00367008
0.00291713
0.00365728
0.00507976
0.00606921
0.00653809
0.00653889
0.00606924
0.00511635
0.00349535
0.000838446
0.00083594
0.0031414
0.00461455
0.00549306
0.00597227
0.00610249
0.00585209
0.00520448
0.00427651
0.0032461
0.00247612
0.00314164
0.00456998
0.00551656
0.00594287
0.00590293
0.0054463
0.00454594
0.00305719
0.00081053
0.000800872
0.00260175
0.00382913
0.00457776
0.00498758
0.00513652
0.004964
0.00444053
0.00361034
0.00269196
0.00200153
0.00254
0.00375663
0.00461232
0.00500702
0.0049753
0.00460213
0.00383922
0.0025801
0.00077596
0.000753184
0.00199595
0.00282553
0.00329841
0.00352441
0.00358231
0.00343303
0.00306536
0.002513
0.00189952
0.00143525
0.00177056
0.00253514
0.00316605
0.00351839
0.00353419
0.00334299
0.0028702
0.00201305
0.000729279
0.00068229
0.000764556
0.000811082
0.000834643
0.000842384
0.000838103
0.000830347
0.000815831
0.000791814
0.000755313
0.000704146
0.000724121
0.000773053
0.000804597
0.000822614
0.000833415
0.000827263
0.000801403
0.000749083
0.000658057
0.00075142
0.00084996
0.000918859
0.000969368
0.00101234
0.00104953
0.00107685
0.0010957
0.00110787
0.00111602
0.00112379
0.00112882
0.00111336
0.00108971
0.00106028
0.00102398
0.000983076
0.000934234
0.000866549
0.000769189
0.000827022
0.00236095
0.00326368
0.0039837
0.00445863
0.00469629
0.00479397
0.00477575
0.0046648
0.00451322
0.00444391
0.00462389
0.00472612
0.00471033
0.0045965
0.00436437
0.00389251
0.00318027
0.00229648
0.000829345
0.000864519
0.00328213
0.00467666
0.00562776
0.00617413
0.00636459
0.00630517
0.00603751
0.00559909
0.00508862
0.00483402
0.00532415
0.00583176
0.00613249
0.0062118
0.00603401
0.00547637
0.00452262
0.00316027
0.000854231
0.000874818
0.00369206
0.00530848
0.0063108
0.00684197
0.0069493
0.00674054
0.00626583
0.00556572
0.00474041
0.00428914
0.00504466
0.00591408
0.00650584
0.00677854
0.00668996
0.00614946
0.00514203
0.00355834
0.000856178
0.000863391
0.00373776
0.00539978
0.00639545
0.00691921
0.00702054
0.00675199
0.00617239
0.00531934
0.00426931
0.00363818
0.00457099
0.00570123
0.00647518
0.00685038
0.00678988
0.00626245
0.00526476
0.00364037
0.000841622
0.000844089
0.00350144
0.0050976
0.00604307
0.00655551
0.00670149
0.00647461
0.00589709
0.0049893
0.00381777
0.00305537
0.0040563
0.0053398
0.00617082
0.00653889
0.00645775
0.0059571
0.00500033
0.00340621
0.000824423
0.000819394
0.00308683
0.0045413
0.00540426
0.00587336
0.00602797
0.0058875
0.00539419
0.00452137
0.00335142
0.00254032
0.00350253
0.00479403
0.00558523
0.00590293
0.00582986
0.00538145
0.00450138
0.00302926
0.00079992
0.000786811
0.00260054
0.00382412
0.00455026
0.00493266
0.00505833
0.00496549
0.00456101
0.00379445
0.00276321
0.00203393
0.0028146
0.0039732
0.00470024
0.0049753
0.00493849
0.00458352
0.00384223
0.00258805
0.000766761
0.000740641
0.00202241
0.00286389
0.00333082
0.00354572
0.00358676
0.00348554
0.00319035
0.00262591
0.00193829
0.00145496
0.00192317
0.00271868
0.00331878
0.00353419
0.00356136
0.003376
0.00290728
0.00204027
0.000719194
0.00066906
0.000758273
0.000809781
0.000837274
0.000848807
0.000848323
0.000836219
0.00081674
0.000788845
0.000748845
0.000695453
0.000728345
0.000775043
0.000808832
0.000833415
0.000840479
0.000830461
0.000800655
0.00074304
0.000644091
0.000724337
0.000818189
0.000884939
0.000932436
0.000970032
0.00100339
0.00103369
0.00105675
0.00107407
0.00108723
0.001097
0.0010936
0.0010736
0.00104733
0.00101564
0.000983076
0.000945741
0.000898053
0.000831011
0.000737741
0.000790362
0.00207598
0.00281543
0.0034478
0.00396804
0.00431016
0.00446354
0.00450735
0.00447622
0.00440931
0.00438372
0.00449471
0.00451595
0.00443965
0.00426273
0.00389251
0.00337167
0.00274642
0.00202081
0.000789146
0.000824915
0.00288082
0.00406512
0.00496845
0.00560541
0.00593861
0.00597008
0.00579325
0.00546515
0.00508587
0.00492071
0.00533176
0.005699
0.00587954
0.00583946
0.00547637
0.00482675
0.00393139
0.00277768
0.000812177
0.000834557
0.00326931
0.00468268
0.00566533
0.0062844
0.0065334
0.00641651
0.00601827
0.00541002
0.0047207
0.00439731
0.00510073
0.00580467
0.00626394
0.00640409
0.00614946
0.00551936
0.00454464
0.00316385
0.000815138
0.000824287
0.0033512
0.0048238
0.00578794
0.00636297
0.00655461
0.00636615
0.00583508
0.00504645
0.00411905
0.00364634
0.00457266
0.00551142
0.00616294
0.00642849
0.00626245
0.00567926
0.00471392
0.00325774
0.000805185
0.00080618
0.00318417
0.00461293
0.00550313
0.00601533
0.00617615
0.00598344
0.00544677
0.00461875
0.00355473
0.00296649
0.00401154
0.00507024
0.00577956
0.00606924
0.0059571
0.00545415
0.00455178
0.00310581
0.000790145
0.000783281
0.00285728
0.00416769
0.0049529
0.0053831
0.00551439
0.00536255
0.00493858
0.00417345
0.00307554
0.00242652
0.00345602
0.00453918
0.00517505
0.0054463
0.00538145
0.0049684
0.00416249
0.00281782
0.000768171
0.000753258
0.0024554
0.00356832
0.00421409
0.00454505
0.00463714
0.00452138
0.004204
0.00354584
0.00256733
0.00195303
0.00280243
0.00380828
0.00435799
0.00460213
0.00458352
0.00427539
0.00360994
0.00245602
0.000737321
0.000711063
0.00195407
0.00273666
0.00315655
0.00334327
0.00337142
0.00326972
0.00303362
0.002527
0.00184885
0.0014187
0.00193212
0.00268655
0.0031375
0.00334299
0.003376
0.00321462
0.00278963
0.0019787
0.00069215
0.000645163
0.000738076
0.000792361
0.000822375
0.000836698
0.000839412
0.000830415
0.000806093
0.000773734
0.000732053
0.000681016
0.000719458
0.00076553
0.000805367
0.000827263
0.000830461
0.000817487
0.000785043
0.000723991
0.000619539
0.000686434
0.000775504
0.000841264
0.000887504
0.000922456
0.000950752
0.000975456
0.00100094
0.0010225
0.00103951
0.00105052
0.00103924
0.0010151
0.000988913
0.00096337
0.000934234
0.000898053
0.000850148
0.000783029
0.000694754
0.000740705
0.00176555
0.00232734
0.00281714
0.0032542
0.00362211
0.00391179
0.00403177
0.00407448
0.0040826
0.00409197
0.00412804
0.00406878
0.00388375
0.00355901
0.00318027
0.00274642
0.00226452
0.0017167
0.000735365
0.000769741
0.00241195
0.00332509
0.00406582
0.00465216
0.00504664
0.00522722
0.00517774
0.00497876
0.00473752
0.0046459
0.00495809
0.00517071
0.00517689
0.0049479
0.00452262
0.00393139
0.00320737
0.00232624
0.000754284
0.000775931
0.00273636
0.00384243
0.00467778
0.00526369
0.00556893
0.00557536
0.00529505
0.0048163
0.00429816
0.00409414
0.00470543
0.00522893
0.00550844
0.00547501
0.00514203
0.00454464
0.00372996
0.00265435
0.000755994
0.000765321
0.00281697
0.00398071
0.00480026
0.00533244
0.00554055
0.00539536
0.00492533
0.0042392
0.0035452
0.00326725
0.00406117
0.0048061
0.00532068
0.00548043
0.00526476
0.00471392
0.00389318
0.00272689
0.000749244
0.000748087
0.00268888
0.00382101
0.00456458
0.00501582
0.00514732
0.00492917
0.00440508
0.00369669
0.00293519
0.00259601
0.00347692
0.00426605
0.00485713
0.00511635
0.00500033
0.00455178
0.00379625
0.00262976
0.000735528
0.000726609
0.00244104
0.00347414
0.00410571
0.00445973
0.00455248
0.00437438
0.00395161
0.00333261
0.0025034
0.00210879
0.00299982
0.00378601
0.00429263
0.00454594
0.00450138
0.00416249
0.00351036
0.00242629
0.00071529
0.000699236
0.00213708
0.00301445
0.00351484
0.00376958
0.00382862
0.00370428
0.0034141
0.00294436
0.0021546
0.0017233
0.00249123
0.00323162
0.00362425
0.00383922
0.00384223
0.00360994
0.0030901
0.00216036
0.000687257
0.00066272
0.00175495
0.00238751
0.00271313
0.00285384
0.0028695
0.00277882
0.00257838
0.00221006
0.0016312
0.00130099
0.00177249
0.00238692
0.0026987
0.0028702
0.00290728
0.00278963
0.00245797
0.00179378
0.000647038
0.000605655
0.00070052
0.000755167
0.00078671
0.000803659
0.000809654
0.000804044
0.000782293
0.00074517
0.000703845
0.00065796
0.000698163
0.00074267
0.00078461
0.000801403
0.000800655
0.000785043
0.000751163
0.000689091
0.000582878
0.000631557
0.000716698
0.000781102
0.000825986
0.000858982
0.000884449
0.000905285
0.000923398
0.000938294
0.000949874
0.000959107
0.000950367
0.000934874
0.000915822
0.0008938
0.000866549
0.000831011
0.000783029
0.000716244
0.000634703
0.000672299
0.00140336
0.00176528
0.00207408
0.00234897
0.002586
0.0027843
0.00294191
0.00308397
0.00322287
0.00328711
0.00314547
0.00295645
0.00276367
0.00254244
0.00229648
0.00202081
0.0017167
0.00136526
0.000663363
0.000693231
0.00182769
0.0024075
0.00287185
0.00325177
0.00353219
0.00370693
0.00378191
0.00378727
0.00373985
0.00370384
0.00383058
0.0037967
0.00367568
0.00346146
0.00316027
0.00277768
0.00232624
0.00177829
0.000676465
0.000696053
0.00202348
0.00272028
0.00325121
0.0036384
0.0038699
0.00393438
0.00384277
0.00363198
0.00333958
0.00319691
0.0036485
0.0038645
0.00391941
0.00381486
0.00355834
0.00316385
0.00265435
0.0019812
0.000676276
0.00068434
0.00204465
0.00276252
0.0032911
0.00365837
0.00382816
0.00375326
0.00343709
0.00296446
0.00252406
0.00236303
0.00296932
0.00346468
0.00377057
0.0038182
0.00364037
0.00325774
0.00272689
0.00199864
0.000668363
0.000668012
0.0019272
0.00260839
0.00308397
0.00338117
0.0034673
0.00329443
0.00287991
0.00237019
0.00197468
0.00185493
0.00241438
0.0029108
0.0033233
0.00349535
0.00340621
0.00310581
0.00262976
0.00191805
0.000656433
0.000648405
0.00175422
0.0023565
0.00274217
0.00296867
0.00302502
0.00286445
0.00251003
0.00210041
0.00171161
0.00154998
0.00209323
0.0025057
0.00287833
0.00305719
0.00302926
0.00281782
0.00242629
0.00178067
0.000638791
0.000623571
0.00156494
0.00206811
0.00235846
0.0025138
0.00255007
0.00245086
0.00223386
0.00198799
0.00151994
0.00131657
0.00182446
0.00218881
0.00243304
0.0025801
0.00258805
0.00245602
0.00216036
0.00161493
0.000614279
0.000592202
0.00134728
0.00171937
0.00190463
0.00198716
0.00199851
0.00193997
0.00181012
0.00162467
0.00125688
0.00106436
0.00138386
0.00171949
0.00190291
0.00201305
0.00204027
0.0019787
0.00179378
0.00139759
0.000580082
0.000549257
0.000630308
0.000687189
0.0007211
0.000741967
0.000752619
0.000751636
0.000734102
0.000698522
0.000661954
0.000623889
0.000663324
0.000705777
0.000739145
0.000749083
0.00074304
0.000723991
0.000689091
0.000627965
0.000528204
0.000576115
0.000645424
0.000701902
0.000740844
0.000768906
0.000789898
0.000806145
0.000818936
0.000828653
0.000835283
0.000838486
0.000834179
0.000824137
0.000810385
0.000792595
0.000769189
0.000737741
0.000694754
0.000634703
0.000566698
0.000588558
0.000672825
0.000743218
0.000794229
0.000831388
0.000858219
0.000877474
0.000891288
0.000901132
0.000907589
0.000910504
0.000908384
0.000896873
0.000880898
0.000858989
0.000829345
0.000789146
0.000735365
0.000663363
0.000577607
0.000595569
0.000690286
0.000764987
0.000821171
0.000860745
0.000886901
0.000902363
0.000909407
0.00091003
0.000905866
0.000902428
0.000915162
0.000912718
0.000902311
0.00088337
0.000854231
0.000812177
0.000754284
0.000676465
0.00058085
0.000595066
0.000696582
0.000771107
0.000825638
0.000864242
0.000886506
0.000894207
0.000888811
0.000872435
0.000850725
0.000837622
0.000876933
0.000892256
0.000893607
0.000881715
0.000856178
0.000815138
0.000755994
0.000676276
0.000574995
0.000587201
0.000692868
0.000767909
0.000818968
0.000851034
0.000865482
0.000863245
0.000844966
0.000812411
0.000768766
0.000701044
0.000812012
0.000849339
0.000863999
0.000861347
0.000841622
0.000805185
0.000749244
0.000668363
0.000568787
0.000574484
0.000677534
0.000754927
0.000804385
0.000832396
0.000840151
0.000826257
0.000788347
0.000724634
0.000633902
0.000609346
0.000727901
0.000795331
0.000830172
0.000838446
0.000824423
0.000790145
0.000735528
0.000656433
0.000559796
0.000559052
0.000653619
0.000729596
0.000779732
0.000806812
0.000810828
0.00078822
0.0007343
0.000653921
0.000591086
0.000596614
0.000641948
0.000737149
0.000792777
0.00081053
0.00079992
0.000768171
0.00071529
0.000638791
0.000546275
0.000535702
0.000622641
0.000694685
0.000743221
0.000770774
0.000777623
0.000759015
0.000700633
0.000617404
0.000592031
0.000593051
0.000600397
0.000700198
0.000758313
0.00077596
0.000766761
0.000737321
0.000687257
0.000614279
0.000525675
0.000507667
0.000580498
0.000646025
0.000691293
0.00071911
0.00073062
0.000722794
0.000687138
0.000634822
0.000598871
0.000584975
0.000615033
0.000672945
0.000717534
0.000729279
0.000719194
0.00069215
0.000647038
0.000580082
0.000502687
0.000495023
0.000527602
0.000573265
0.000611704
0.000639166
0.000656675
0.000662803
0.000653563
0.0006333
0.000606948
0.000577387
0.000610471
0.000638955
0.000658359
0.000658057
0.000644091
0.000619539
0.000582878
0.000528204
0.000487424
)
;

boundaryField
{
    floor
    {
        type            nutkWallFunction;
        Cmu             0.09;
        kappa           0.41;
        E               9.8;
        value           nonuniform List<scalar> 
400
(
7.03324e-05
7.6899e-05
8.23197e-05
8.57914e-05
8.82319e-05
9.02369e-05
9.22084e-05
9.43176e-05
9.65339e-05
9.85358e-05
9.97625e-05
9.96899e-05
9.87465e-05
9.74094e-05
9.57006e-05
9.34099e-05
9.02367e-05
8.57721e-05
7.93108e-05
7.23045e-05
7.6899e-05
8.53453e-05
9.16454e-05
9.58431e-05
9.89665e-05
0.000101712
0.000104531
0.000107612
0.000111178
0.000114352
0.000116006
0.000114578
0.000112414
0.000110111
0.000107723
0.000104881
0.000101205
9.62288e-05
8.92795e-05
8.06659e-05
8.23197e-05
9.16454e-05
9.80826e-05
0.000102278
0.000105569
0.000109031
0.000113457
0.000118715
0.000123169
0.000126462
0.000128172
0.000126963
0.000123319
0.000119235
0.000116052
0.000112757
0.000108873
0.000103828
9.67842e-05
8.73373e-05
8.57914e-05
9.58431e-05
0.000102278
0.000106077
0.000108851
0.000112562
0.000118218
0.00012434
0.000129412
0.000132936
0.000134701
0.00013435
0.000131061
0.000126939
0.000122514
0.000118457
0.000114257
0.000109107
0.000101961
9.18894e-05
8.82319e-05
9.89665e-05
0.000105569
0.000108851
0.000109752
0.000111394
0.000116074
0.00012259
0.000130027
0.000135919
0.000139075
0.000139097
0.000136231
0.000132225
0.000127897
0.000123276
0.000118478
0.000113059
0.000105733
9.514e-05
9.02369e-05
0.000101712
0.000109031
0.000112562
0.000111394
0.000108067
0.000110733
0.000118183
0.000126103
0.000133621
0.000139727
0.000141555
0.000139653
0.000136039
0.000131776
0.000127364
0.000122202
0.000116234
0.00010862
9.75492e-05
9.22084e-05
0.000104531
0.000113457
0.000118218
0.000116074
0.000110733
0.000106066
0.00011307
0.000122707
0.000129502
0.000134277
0.000139173
0.000140797
0.0001389
0.000134525
0.00013035
0.000125561
0.000118987
0.000110965
9.93981e-05
9.43176e-05
0.000107612
0.000118715
0.00012434
0.00012259
0.000118183
0.00011307
0.00011262
0.000121115
0.000127676
0.000132255
0.000136161
0.000140726
0.000140381
0.000136266
0.000132415
0.000128118
0.000121816
0.000112996
0.000100844
9.65339e-05
0.000111178
0.000123169
0.000129412
0.000130027
0.000126103
0.000122707
0.000121115
0.000128126
0.000133219
0.000136187
0.000138902
0.000141255
0.000140552
0.000137079
0.000133754
0.00013004
0.000124226
0.000114663
0.000101936
9.85358e-05
0.000114352
0.000126462
0.000132936
0.000135919
0.000133621
0.000129502
0.000127676
0.000133219
0.000109799
0.000112489
0.000142868
0.000142236
0.000140323
0.000137276
0.000134636
0.000131487
0.000126116
0.000115942
0.000102672
9.97625e-05
0.000116006
0.000128172
0.000134701
0.000139075
0.000139727
0.000134277
0.000132255
0.000136187
0.000112489
0.00011506
0.000145078
0.00014314
0.000140455
0.000137726
0.000135427
0.000132508
0.000127291
0.000116869
0.00010301
9.96899e-05
0.000114578
0.000126963
0.00013435
0.000139097
0.000141555
0.000139173
0.000136161
0.000138902
0.000142868
0.000145078
0.00014516
0.00014418
0.000141793
0.000138841
0.000135784
0.000131989
0.000125947
0.000115909
0.000102506
9.87465e-05
0.000112414
0.000123319
0.000131061
0.000136231
0.000139653
0.000140797
0.000140726
0.000141255
0.000142236
0.00014314
0.00014418
0.00014395
0.000140895
0.000137552
0.000134063
0.000129765
0.000123252
0.000114165
0.000101368
9.74094e-05
0.000110111
0.000119235
0.000126939
0.000132225
0.000136039
0.0001389
0.000140381
0.000140552
0.000140323
0.000140455
0.000141793
0.000140895
0.000138263
0.000135084
0.000131487
0.000126863
0.000120325
0.000112019
9.98063e-05
9.57006e-05
0.000107723
0.000116052
0.000122514
0.000127897
0.000131776
0.000134525
0.000136266
0.000137079
0.000137276
0.000137726
0.000138841
0.000137552
0.000135084
0.000132008
0.000128282
0.000123355
0.000117473
0.000109537
9.77779e-05
9.34099e-05
0.000104881
0.000112757
0.000118457
0.000123276
0.000127364
0.00013035
0.000132415
0.000133754
0.000134636
0.000135427
0.000135784
0.000134063
0.000131487
0.000128282
0.000124291
0.000119718
0.000114203
0.00010645
9.50954e-05
9.02367e-05
0.000101205
0.000108873
0.000114257
0.000118478
0.000122202
0.000125561
0.000128118
0.00013004
0.000131487
0.000132508
0.000131989
0.000129765
0.000126863
0.000123355
0.000119718
0.000115525
0.000110112
0.000102398
9.14691e-05
8.57721e-05
9.62288e-05
0.000103828
0.000109107
0.000113059
0.000116234
0.000118987
0.000121816
0.000124226
0.000126116
0.000127291
0.000125947
0.000123252
0.000120325
0.000117473
0.000114203
0.000110112
0.000104644
9.68826e-05
8.64763e-05
7.93108e-05
8.92795e-05
9.67842e-05
0.000101961
0.000105733
0.00010862
0.000110965
0.000112996
0.000114663
0.000115942
0.000116869
0.000115909
0.000114165
0.000112019
0.000109537
0.00010645
0.000102398
9.68826e-05
8.91141e-05
7.94297e-05
7.23045e-05
8.06659e-05
8.73373e-05
9.18894e-05
9.514e-05
9.75492e-05
9.93981e-05
0.000100844
0.000101936
0.000102672
0.00010301
0.000102506
0.000101368
9.98063e-05
9.77779e-05
9.50954e-05
9.14691e-05
8.64763e-05
7.94297e-05
7.12748e-05
)
;
    }
    ceiling
    {
        type            nutkWallFunction;
        Cmu             0.09;
        kappa           0.41;
        E               9.8;
        value           nonuniform List<scalar> 
400
(
6.33033e-05
6.96013e-05
7.59845e-05
8.02919e-05
8.32398e-05
8.50155e-05
8.55815e-05
8.44047e-05
8.1199e-05
7.7412e-05
7.35466e-05
7.8112e-05
8.23822e-05
8.47393e-05
8.46424e-05
8.30429e-05
8.01636e-05
7.55539e-05
6.86384e-05
6.17543e-05
6.96013e-05
8.04401e-05
8.73819e-05
9.15625e-05
9.39751e-05
9.50488e-05
9.48146e-05
9.27094e-05
8.81099e-05
8.3099e-05
7.80955e-05
8.33778e-05
8.94275e-05
9.33609e-05
9.44146e-05
9.36365e-05
9.1223e-05
8.67649e-05
7.86124e-05
6.60632e-05
7.59845e-05
8.73819e-05
9.43038e-05
9.82931e-05
0.000100375
0.000101041
0.000100354
9.78293e-05
9.30234e-05
8.77772e-05
8.18909e-05
8.68722e-05
9.30361e-05
9.80538e-05
9.99332e-05
9.97259e-05
9.76471e-05
9.32579e-05
8.52695e-05
7.17423e-05
8.02919e-05
9.15625e-05
9.82931e-05
0.000102135
0.000104079
0.000104611
0.000103759
0.000101055
9.68191e-05
9.16047e-05
8.50645e-05
8.89935e-05
9.51574e-05
0.000100269
0.000102776
0.000103
0.000101207
9.7004e-05
8.92924e-05
7.63184e-05
8.32398e-05
9.39751e-05
0.000100375
0.000104079
0.000106018
0.000106632
0.00010588
0.00010344
9.99563e-05
9.49326e-05
8.82211e-05
8.98724e-05
9.63513e-05
0.000100802
0.000103794
0.000104418
0.000102926
9.90199e-05
9.17642e-05
7.9583e-05
8.50155e-05
9.50488e-05
0.000101041
0.000104611
0.000106632
0.000107538
0.000107288
0.000106117
0.000104112
9.93391e-05
9.19429e-05
8.99688e-05
9.67076e-05
0.000100964
0.000103419
0.000104437
0.000103282
9.97397e-05
9.30217e-05
8.16583e-05
8.55815e-05
9.48146e-05
0.000100354
0.000103759
0.00010588
0.000107288
0.000108652
0.000110703
0.000120731
0.000115324
0.000101329
9.19452e-05
9.59039e-05
0.000100419
0.000102413
0.000103081
0.000102254
9.90862e-05
9.29012e-05
8.23765e-05
8.44047e-05
9.27094e-05
9.78293e-05
0.000101055
0.00010344
0.000106117
0.000110703
0.000133312
0.000172749
0.000163943
0.000131021
0.000104867
9.58201e-05
9.89455e-05
0.000100619
0.000100665
9.93851e-05
9.65044e-05
9.07992e-05
8.12412e-05
8.1199e-05
8.81099e-05
9.30234e-05
9.68191e-05
9.99563e-05
0.000104112
0.000120731
0.000172749
0.000211527
0.000209084
0.000181427
0.000138359
0.000105798
9.69897e-05
9.76586e-05
9.72486e-05
9.54232e-05
9.2006e-05
8.64733e-05
7.8716e-05
7.7412e-05
8.3099e-05
8.77772e-05
9.16047e-05
9.49326e-05
9.93391e-05
0.000115324
0.000163943
0.000209084
0.00020679
0.000183017
0.000143048
0.000109464
9.44192e-05
9.31361e-05
9.23726e-05
9.03574e-05
8.6993e-05
8.20117e-05
7.54442e-05
7.35466e-05
7.80955e-05
8.18909e-05
8.50645e-05
8.82211e-05
9.19429e-05
0.000101329
0.000131021
0.000181427
0.000183017
0.000158831
0.000127449
0.000100891
8.87194e-05
8.68918e-05
8.60418e-05
8.43281e-05
8.15596e-05
7.7462e-05
7.18477e-05
7.8112e-05
8.33778e-05
8.68722e-05
8.89935e-05
8.98724e-05
8.99688e-05
9.19452e-05
0.000104867
0.000138359
0.000143048
0.000127449
0.000105728
8.94645e-05
8.79158e-05
9.00717e-05
9.03641e-05
8.91851e-05
8.65646e-05
8.23302e-05
7.59525e-05
8.23822e-05
8.94275e-05
9.30361e-05
9.51574e-05
9.63513e-05
9.67076e-05
9.59039e-05
9.58201e-05
0.000105798
0.000109464
0.000100891
8.94645e-05
8.99011e-05
9.40208e-05
9.57648e-05
9.58811e-05
9.46681e-05
9.19075e-05
8.74337e-05
7.94137e-05
8.47393e-05
9.33609e-05
9.80538e-05
0.000100269
0.000100802
0.000100964
0.000100419
9.89455e-05
9.69897e-05
9.44192e-05
8.87194e-05
8.79158e-05
9.40208e-05
9.7697e-05
9.94282e-05
9.98438e-05
9.93706e-05
9.68219e-05
9.13955e-05
8.17714e-05
8.46424e-05
9.44146e-05
9.99332e-05
0.000102776
0.000103794
0.000103419
0.000102413
0.000100619
9.76586e-05
9.31361e-05
8.68918e-05
9.00717e-05
9.57648e-05
9.94282e-05
0.000101547
0.000102706
0.000101879
9.87741e-05
9.25777e-05
8.17648e-05
8.30429e-05
9.36365e-05
9.97259e-05
0.000103
0.000104418
0.000104437
0.000103081
0.000100665
9.72486e-05
9.23726e-05
8.60418e-05
9.03641e-05
9.58811e-05
9.98438e-05
0.000102706
0.000103446
0.000102207
9.8669e-05
9.18689e-05
8.012e-05
8.01636e-05
9.1223e-05
9.76471e-05
0.000101207
0.000102926
0.000103282
0.000102254
9.93851e-05
9.54232e-05
9.03574e-05
8.43281e-05
8.91851e-05
9.46681e-05
9.93706e-05
0.000101879
0.000102207
0.000100652
9.68221e-05
8.96217e-05
7.71992e-05
7.55539e-05
8.67649e-05
9.32579e-05
9.7004e-05
9.90199e-05
9.97397e-05
9.90862e-05
9.65044e-05
9.2006e-05
8.6993e-05
8.15596e-05
8.65646e-05
9.19075e-05
9.68219e-05
9.87741e-05
9.8669e-05
9.68221e-05
9.28268e-05
8.54945e-05
7.28655e-05
6.86384e-05
7.86124e-05
8.52695e-05
8.92924e-05
9.17642e-05
9.30217e-05
9.29012e-05
9.07992e-05
8.64733e-05
8.20117e-05
7.7462e-05
8.23302e-05
8.74337e-05
9.13955e-05
9.25777e-05
9.18689e-05
8.96217e-05
8.54945e-05
7.83044e-05
6.63169e-05
6.17543e-05
6.60632e-05
7.17423e-05
7.63184e-05
7.9583e-05
8.16583e-05
8.23765e-05
8.12412e-05
7.8716e-05
7.54442e-05
7.18477e-05
7.59525e-05
7.94137e-05
8.17714e-05
8.17648e-05
8.012e-05
7.71992e-05
7.28655e-05
6.63169e-05
6.08842e-05
)
;
    }
    fixedWalls
    {
        type            nutkWallFunction;
        Cmu             0.09;
        kappa           0.41;
        E               9.8;
        value           nonuniform List<scalar> 
800
(
7.03336e-05
7.34084e-05
7.58457e-05
7.63e-05
7.53271e-05
7.40788e-05
7.26412e-05
7.04676e-05
6.69765e-05
6.33036e-05
7.69011e-05
8.34589e-05
8.82385e-05
8.99564e-05
8.90955e-05
8.70802e-05
8.44112e-05
8.10247e-05
7.63958e-05
6.96025e-05
8.23225e-05
9.11398e-05
9.73142e-05
9.9934e-05
9.93976e-05
9.72273e-05
9.39869e-05
8.98378e-05
8.42336e-05
7.59866e-05
8.57948e-05
9.64937e-05
0.000103791
0.000107081
0.000106796
0.000103963
0.000100349
9.57401e-05
8.95097e-05
8.02946e-05
8.82356e-05
0.000100289
0.000108332
0.00011204
0.000111869
0.000108541
0.000104284
9.92503e-05
9.27072e-05
8.32428e-05
9.02409e-05
0.000103014
0.000111303
0.0001151
0.000114817
0.000111028
0.000105829
0.000100504
9.40415e-05
8.50188e-05
9.22126e-05
0.000105088
0.000112964
0.000116331
0.000115482
0.00011083
0.000104614
9.92362e-05
9.33862e-05
8.55849e-05
9.43221e-05
0.000106849
0.000113559
0.00011572
0.000113509
0.000107205
9.97334e-05
9.40171e-05
8.96768e-05
8.44079e-05
9.65387e-05
0.000108478
0.000113349
0.000113377
0.00010879
0.000100519
9.08877e-05
8.41982e-05
8.19581e-05
8.12018e-05
9.85409e-05
0.000109857
0.000112725
0.00011015
0.000102995
9.33225e-05
7.85649e-05
7.31011e-05
7.56025e-05
7.74143e-05
9.97677e-05
0.000110779
0.000112528
0.000108405
0.000100279
8.51458e-05
7.39013e-05
7.26036e-05
7.3089e-05
7.35483e-05
9.96951e-05
0.000110948
0.000113635
0.000111223
0.00010538
9.71629e-05
8.76565e-05
8.04484e-05
7.77553e-05
7.81144e-05
9.87516e-05
0.000109692
0.000113376
0.000112562
0.000108514
0.000103365
9.71464e-05
9.144e-05
8.7327e-05
8.23852e-05
9.74143e-05
0.000107861
0.000112089
0.000112354
0.000109666
0.000106258
0.000102119
9.77161e-05
9.22828e-05
8.47426e-05
9.57052e-05
0.000105491
0.000109909
0.000110789
0.000109017
0.000106375
0.000103071
9.88761e-05
9.31672e-05
8.46457e-05
9.34142e-05
0.000102353
0.00010669
0.000107828
0.000106461
0.000104135
0.000101172
9.72597e-05
9.17011e-05
8.30459e-05
9.02406e-05
9.80646e-05
0.000102066
0.000103163
0.0001019
9.97446e-05
9.69969e-05
9.33712e-05
8.82368e-05
8.01662e-05
8.57753e-05
9.22184e-05
9.56041e-05
9.63038e-05
9.49969e-05
9.2958e-05
9.03859e-05
8.70679e-05
8.25597e-05
7.55559e-05
7.93132e-05
8.4131e-05
8.65618e-05
8.67999e-05
8.53884e-05
8.3476e-05
8.11412e-05
7.8149e-05
7.42291e-05
6.86394e-05
7.23059e-05
7.38036e-05
7.4609e-05
7.4548e-05
7.36431e-05
7.21796e-05
7.03702e-05
6.76768e-05
6.3959e-05
6.17544e-05
7.23059e-05
7.38036e-05
7.4609e-05
7.4548e-05
7.36431e-05
7.21796e-05
7.03702e-05
6.76768e-05
6.3959e-05
6.17544e-05
8.06684e-05
8.4018e-05
8.59806e-05
8.66808e-05
8.62305e-05
8.44246e-05
8.16171e-05
7.79463e-05
7.28567e-05
6.60639e-05
8.73407e-05
9.2362e-05
9.49259e-05
9.55426e-05
9.51201e-05
9.35707e-05
9.05786e-05
8.64303e-05
8.05871e-05
7.17438e-05
9.18934e-05
9.8346e-05
0.000101524
0.000102015
0.000101153
9.93971e-05
9.64598e-05
9.21225e-05
8.59139e-05
7.63205e-05
9.51444e-05
0.000102676
0.000106149
0.000106549
0.000104935
0.000102711
9.96627e-05
9.53632e-05
8.91881e-05
7.95856e-05
9.7554e-05
0.000105784
0.000109204
0.000109189
0.000106686
0.000103698
0.000100199
9.61935e-05
9.05452e-05
8.16611e-05
9.94031e-05
0.000107998
0.000111016
0.000110163
0.000106537
0.000102228
9.76832e-05
9.40613e-05
8.96265e-05
8.23794e-05
0.00010085
0.000109569
0.000111851
0.00010965
0.00010457
9.80317e-05
9.15044e-05
8.72379e-05
8.53685e-05
8.12439e-05
0.000101942
0.000110668
0.000111939
0.000107876
0.000100985
9.08628e-05
8.19304e-05
7.71543e-05
7.88399e-05
7.87184e-05
0.000102677
0.000111368
0.000111484
0.000105379
9.61661e-05
8.03021e-05
7.33889e-05
7.3268e-05
7.43653e-05
7.54461e-05
0.000103016
0.000111667
0.000111051
0.00010379
8.88766e-05
7.57913e-05
7.36569e-05
7.33537e-05
7.25695e-05
7.18491e-05
0.000102511
0.000111344
0.000112294
0.000108065
0.000100598
9.04485e-05
8.00214e-05
7.43304e-05
7.63489e-05
7.59545e-05
0.000101374
0.00011005
0.000111993
0.000109708
0.000104697
9.83049e-05
9.12665e-05
8.66871e-05
8.34209e-05
7.94162e-05
9.98113e-05
0.00010824
0.000110814
0.00010984
0.000106349
0.000102334
9.78373e-05
9.37032e-05
8.88401e-05
8.17742e-05
9.77826e-05
0.000105742
0.000108659
0.000108486
0.00010608
0.000103335
9.99935e-05
9.58703e-05
9.02998e-05
8.17676e-05
9.50998e-05
0.00010234
0.000105319
0.00010556
0.000103823
0.000101766
9.88396e-05
9.48725e-05
8.91662e-05
8.01226e-05
9.1473e-05
9.76936e-05
0.00010046
0.000100822
9.96198e-05
9.78363e-05
9.52008e-05
9.1485e-05
8.6019e-05
7.72014e-05
8.64795e-05
9.14246e-05
9.3711e-05
9.39332e-05
9.31204e-05
9.14661e-05
8.90351e-05
8.56458e-05
8.07267e-05
7.28671e-05
7.9432e-05
8.29316e-05
8.45295e-05
8.44954e-05
8.35688e-05
8.21326e-05
8.00085e-05
7.705e-05
7.28296e-05
6.63176e-05
7.1276e-05
7.25815e-05
7.29929e-05
7.23499e-05
7.15567e-05
7.0484e-05
6.88942e-05
6.64506e-05
6.33311e-05
6.08842e-05
7.03336e-05
7.34084e-05
7.58457e-05
7.63e-05
7.53271e-05
7.40788e-05
7.26412e-05
7.04676e-05
6.69765e-05
6.33036e-05
7.69011e-05
8.34589e-05
8.82385e-05
8.99564e-05
8.90955e-05
8.70802e-05
8.44112e-05
8.10247e-05
7.63958e-05
6.96025e-05
8.23225e-05
9.11398e-05
9.73142e-05
9.9934e-05
9.93976e-05
9.72273e-05
9.39869e-05
8.98378e-05
8.42336e-05
7.59866e-05
8.57948e-05
9.64937e-05
0.000103791
0.000107081
0.000106796
0.000103963
0.000100349
9.57401e-05
8.95097e-05
8.02946e-05
8.82356e-05
0.000100289
0.000108332
0.00011204
0.000111869
0.000108541
0.000104284
9.92503e-05
9.27072e-05
8.32428e-05
9.02409e-05
0.000103014
0.000111303
0.0001151
0.000114817
0.000111028
0.000105829
0.000100504
9.40415e-05
8.50188e-05
9.22126e-05
0.000105088
0.000112964
0.000116331
0.000115482
0.00011083
0.000104614
9.92362e-05
9.33862e-05
8.55849e-05
9.43221e-05
0.000106849
0.000113559
0.00011572
0.000113509
0.000107205
9.97334e-05
9.40171e-05
8.96768e-05
8.44079e-05
9.65387e-05
0.000108478
0.000113349
0.000113377
0.00010879
0.000100519
9.08877e-05
8.41982e-05
8.19581e-05
8.12018e-05
9.85409e-05
0.000109857
0.000112725
0.00011015
0.000102995
9.33225e-05
7.85649e-05
7.31011e-05
7.56025e-05
7.74143e-05
9.97677e-05
0.000110779
0.000112528
0.000108405
0.000100279
8.51458e-05
7.39013e-05
7.26036e-05
7.3089e-05
7.35483e-05
9.96951e-05
0.000110948
0.000113635
0.000111223
0.00010538
9.71629e-05
8.76565e-05
8.04484e-05
7.77553e-05
7.81144e-05
9.87516e-05
0.000109692
0.000113376
0.000112562
0.000108514
0.000103365
9.71464e-05
9.144e-05
8.7327e-05
8.23852e-05
9.74143e-05
0.000107861
0.000112089
0.000112354
0.000109666
0.000106258
0.000102119
9.77161e-05
9.22828e-05
8.47426e-05
9.57052e-05
0.000105491
0.000109909
0.000110789
0.000109017
0.000106375
0.000103071
9.88761e-05
9.31672e-05
8.46457e-05
9.34142e-05
0.000102353
0.00010669
0.000107828
0.000106461
0.000104135
0.000101172
9.72597e-05
9.17011e-05
8.30459e-05
9.02406e-05
9.80646e-05
0.000102066
0.000103163
0.0001019
9.97446e-05
9.69969e-05
9.33712e-05
8.82368e-05
8.01662e-05
8.57753e-05
9.22184e-05
9.56041e-05
9.63038e-05
9.49969e-05
9.2958e-05
9.03859e-05
8.70679e-05
8.25597e-05
7.55559e-05
7.93132e-05
8.4131e-05
8.65618e-05
8.67999e-05
8.53884e-05
8.3476e-05
8.11412e-05
7.8149e-05
7.42291e-05
6.86394e-05
7.23059e-05
7.38036e-05
7.4609e-05
7.4548e-05
7.36431e-05
7.21796e-05
7.03702e-05
6.76768e-05
6.3959e-05
6.17544e-05
7.23059e-05
7.38036e-05
7.4609e-05
7.4548e-05
7.36431e-05
7.21796e-05
7.03702e-05
6.76768e-05
6.3959e-05
6.17544e-05
8.06684e-05
8.4018e-05
8.59806e-05
8.66808e-05
8.62305e-05
8.44246e-05
8.16171e-05
7.79463e-05
7.28567e-05
6.60639e-05
8.73407e-05
9.2362e-05
9.49259e-05
9.55426e-05
9.51201e-05
9.35707e-05
9.05786e-05
8.64303e-05
8.05871e-05
7.17438e-05
9.18934e-05
9.8346e-05
0.000101524
0.000102015
0.000101153
9.93971e-05
9.64598e-05
9.21225e-05
8.59139e-05
7.63205e-05
9.51444e-05
0.000102676
0.000106149
0.000106549
0.000104935
0.000102711
9.96627e-05
9.53632e-05
8.91881e-05
7.95856e-05
9.7554e-05
0.000105784
0.000109204
0.000109189
0.000106686
0.000103698
0.000100199
9.61935e-05
9.05452e-05
8.16611e-05
9.94031e-05
0.000107998
0.000111016
0.000110163
0.000106537
0.000102228
9.76832e-05
9.40613e-05
8.96265e-05
8.23794e-05
0.00010085
0.000109569
0.000111851
0.00010965
0.00010457
9.80317e-05
9.15044e-05
8.72379e-05
8.53685e-05
8.12439e-05
0.000101942
0.000110668
0.000111939
0.000107876
0.000100985
9.08628e-05
8.19304e-05
7.71543e-05
7.88399e-05
7.87184e-05
0.000102677
0.000111368
0.000111484
0.000105379
9.61661e-05
8.03021e-05
7.33889e-05
7.3268e-05
7.43653e-05
7.54461e-05
0.000103016
0.000111667
0.000111051
0.00010379
8.88766e-05
7.57913e-05
7.36569e-05
7.33537e-05
7.25695e-05
7.18491e-05
0.000102511
0.000111344
0.000112294
0.000108065
0.000100598
9.04485e-05
8.00214e-05
7.43304e-05
7.63489e-05
7.59545e-05
0.000101374
0.00011005
0.000111993
0.000109708
0.000104697
9.83049e-05
9.12665e-05
8.66871e-05
8.34209e-05
7.94162e-05
9.98113e-05
0.00010824
0.000110814
0.00010984
0.000106349
0.000102334
9.78373e-05
9.37032e-05
8.88401e-05
8.17742e-05
9.77826e-05
0.000105742
0.000108659
0.000108486
0.00010608
0.000103335
9.99935e-05
9.58703e-05
9.02998e-05
8.17676e-05
9.50998e-05
0.00010234
0.000105319
0.00010556
0.000103823
0.000101766
9.88396e-05
9.48725e-05
8.91662e-05
8.01226e-05
9.1473e-05
9.76936e-05
0.00010046
0.000100822
9.96198e-05
9.78363e-05
9.52008e-05
9.1485e-05
8.6019e-05
7.72014e-05
8.64795e-05
9.14246e-05
9.3711e-05
9.39332e-05
9.31204e-05
9.14661e-05
8.90351e-05
8.56458e-05
8.07267e-05
7.28671e-05
7.9432e-05
8.29316e-05
8.45295e-05
8.44954e-05
8.35688e-05
8.21326e-05
8.00085e-05
7.705e-05
7.28296e-05
6.63176e-05
7.1276e-05
7.25815e-05
7.29929e-05
7.23499e-05
7.15567e-05
7.0484e-05
6.88942e-05
6.64506e-05
6.33311e-05
6.08842e-05
)
;
    }
}


// ************************************************************************* //
