/*--------------------------------*- C++ -*----------------------------------*\
  =========                 |
  \\      /  F ield         | OpenFOAM: The Open Source CFD Toolbox
   \\    /   O peration     | Website:  https://openfoam.org
    \\  /    A nd           | Version:  8
     \\/     M anipulation  |
\*---------------------------------------------------------------------------*/
FoamFile
{
    version     2.0;
    format      ascii;
    class       volScalarField;
    location    "200";
    object      p_rgh;
}
// * * * * * * * * * * * * * * * * * * * * * * * * * * * * * * * * * * * * * //

dimensions      [1 -1 -2 0 0 0 0];

internalField   nonuniform List<scalar> 
4000
(
-1.10117e-05
-0.000230711
-0.000423939
-0.000605425
-0.000753783
-0.000859487
-0.000911883
-0.00090322
-0.000834041
-0.000717396
-0.000580128
-0.0004358
-0.000288819
-0.000136858
2.19165e-05
0.000190515
0.000367922
0.000552906
0.000721622
0.000878129
-5.098e-05
-0.000326724
-0.000550553
-0.000756612
-0.000926242
-0.00105017
-0.00111999
-0.00113154
-0.00108741
-0.00100017
-0.000881834
-0.000737214
-0.000570345
-0.000395738
-0.000209471
-8.65058e-06
0.000204879
0.000429813
0.000639503
0.00082556
-3.31435e-05
-0.000355753
-0.000636722
-0.000874091
-0.00105903
-0.00119016
-0.00126456
-0.00128211
-0.00124922
-0.00117392
-0.00106855
-0.000961794
-0.00082637
-0.000669272
-0.000483038
-0.000266495
-2.37658e-05
0.000249518
0.000523964
0.000777528
0.000166384
-0.000289783
-0.000655055
-0.000934481
-0.00113579
-0.00126968
-0.001342
-0.00135749
-0.001322
-0.00124456
-0.00113127
-0.00108928
-0.00101044
-0.000890659
-0.00072005
-0.000496447
-0.000226597
9.8097e-05
0.000456196
0.00078844
0.000420746
-0.000154303
-0.000609135
-0.000937292
-0.00116018
-0.00129783
-0.00136272
-0.00136291
-0.00130427
-0.0011997
-0.00102854
-0.00111305
-0.00110985
-0.00103078
-0.000881036
-0.000647789
-0.000351397
2.31572e-05
0.000457167
0.000861816
0.000687596
4.46806e-05
-0.000502256
-0.000877486
-0.00112844
-0.00127804
-0.00133966
-0.00131883
-0.00121073
-0.000998817
-0.000562949
-0.00103953
-0.00115577
-0.00111598
-0.000967157
-0.000724985
-0.000398954
2.1956e-05
0.000516614
0.000980316
0.00094087
0.000286779
-0.00031181
-0.000741078
-0.00103405
-0.00120956
-0.00128952
-0.00126863
-0.00110556
-0.000522366
0.000157616
-0.000920812
-0.00118891
-0.00116596
-0.000988677
-0.00072489
-0.000370363
8.47865e-05
0.000616391
0.00110766
0.00118578
0.000562845
-4.15058e-05
-0.000500794
-0.000834103
-0.00106124
-0.00120165
-0.00122771
-0.00109545
-4.39242e-05
0.000816461
-0.000868611
-0.00122197
-0.0011503
-0.000931247
-0.000635991
-0.000262219
0.000200414
0.000734189
0.00123599
0.00155105
0.000913183
0.000368952
-6.98455e-05
-0.000422746
-0.000704582
-0.000927603
-0.00106608
-0.00100405
0.000496708
0.00151783
-0.000777727
-0.00109373
-0.000947925
-0.000684553
-0.000370527
-8.83546e-06
0.000414659
0.00091533
0.00165493
0.0042466
0.00332808
0.00264923
0.0022329
0.00189992
0.00160351
0.00133429
0.00116405
0.00143095
0.00237923
0.00309722
0.00216502
0.00119055
0.00119472
0.00142385
0.00169539
0.00199267
0.00239901
0.00316524
0.00426824
-0.000230711
-0.000451555
-0.000639725
-0.000829517
-0.000987518
-0.00110158
-0.0011591
-0.00114778
-0.00106818
-0.000936008
-0.000800561
-0.000687623
-0.000578961
-0.000453679
-0.000301685
-0.000117049
9.27187e-05
0.000316026
0.000513688
0.000710095
-0.000326724
-0.000567537
-0.000800266
-0.00102663
-0.00121518
-0.00135567
-0.00143838
-0.00145655
-0.00139952
-0.00128713
-0.0011633
-0.00106731
-0.000938453
-0.000788502
-0.00060381
-0.000383122
-0.000133091
0.000137527
0.000385063
0.000622858
-0.000355753
-0.000651428
-0.000923664
-0.00116968
-0.00136313
-0.00149815
-0.00156621
-0.00155771
-0.00148356
-0.00135577
-0.00122655
-0.00119101
-0.00112244
-0.00101383
-0.000851718
-0.000635413
-0.000374078
-7.39045e-05
0.000219592
0.00050052
-0.000289783
-0.000654255
-0.000970433
-0.00123508
-0.00142762
-0.00154945
-0.00159783
-0.00156673
-0.00145042
-0.00128157
-0.00112297
-0.00120227
-0.00122141
-0.00117307
-0.00104581
-0.000840066
-0.000567874
-0.000241882
9.3423e-05
0.000418095
-0.000154303
-0.000568011
-0.000927838
-0.00121502
-0.00140933
-0.00151769
-0.00154252
-0.0014769
-0.00131799
-0.00106781
-0.000819046
-0.00110447
-0.00124466
-0.00125933
-0.00115516
-0.000951851
-0.000670298
-0.000321885
4.79197e-05
0.000401032
4.46806e-05
-0.000392682
-0.000788796
-0.00110585
-0.00131694
-0.00142766
-0.00144185
-0.00134908
-0.00113621
-0.000730809
-0.000319967
-0.000924837
-0.00121416
-0.00127117
-0.00117136
-0.000965589
-0.000671935
-0.000304226
9.34303e-05
0.000466139
0.000286779
-0.000150443
-0.000561793
-0.000898407
-0.00113787
-0.00127965
-0.00132267
-0.00123993
-0.000994757
-0.000336645
0.000251298
-0.000750013
-0.00119022
-0.00123508
-0.00111397
-0.000889189
-0.000580368
-0.000201324
0.000209767
0.000595686
0.000562845
0.000162401
-0.000236931
-0.000580914
-0.00084795
-0.00103591
-0.00114368
-0.00114248
-0.000940791
4.56354e-05
0.00089665
-0.000551615
-0.00112412
-0.00112549
-0.000960469
-0.000708087
-0.000389064
-1.49648e-05
0.000386663
0.000764535
0.000913183
0.000620395
0.000283169
-3.43219e-05
-0.000312714
-0.000545815
-0.000729475
-0.000830665
-0.000697418
0.000648906
0.00178718
6.63216e-05
-0.000793233
-0.000776375
-0.000573809
-0.000303562
5.56667e-06
0.000344053
0.000701497
0.00103518
0.00332808
0.00298711
0.0026572
0.00238421
0.00213946
0.00191518
0.00172125
0.00163524
0.00195386
0.00270953
0.00338997
0.00259773
0.00172256
0.00156875
0.00171206
0.00193396
0.00218876
0.00249498
0.00296794
0.00369402
-0.000423939
-0.000639725
-0.000830847
-0.00102072
-0.00117733
-0.00129233
-0.00135195
-0.00133351
-0.00120193
-0.000983328
-0.000787455
-0.000704536
-0.000654129
-0.000587265
-0.000488256
-0.00033296
-0.000130496
0.000102597
0.000320071
0.000546798
-0.000550553
-0.000800266
-0.00103316
-0.00125983
-0.00145129
-0.00160118
-0.0016907
-0.00168602
-0.00158012
-0.00138794
-0.00119765
-0.00111451
-0.00105433
-0.000984233
-0.00084535
-0.000652739
-0.000410266
-0.000129649
0.000141271
0.000424669
-0.000636722
-0.000923664
-0.00117361
-0.00140493
-0.00159394
-0.00173453
-0.00180842
-0.00178844
-0.00165673
-0.00142532
-0.00120987
-0.00119228
-0.00119055
-0.00115312
-0.00105218
-0.000879231
-0.000643821
-0.000357563
-6.78681e-05
0.000251354
-0.000655055
-0.000970433
-0.0012286
-0.00145311
-0.00162644
-0.00174843
-0.00180643
-0.00176464
-0.00158512
-0.00127245
-0.00100803
-0.00112237
-0.00123176
-0.00126487
-0.00120615
-0.00105565
-0.000827823
-0.000538074
-0.000234944
0.000106597
-0.000609135
-0.000927838
-0.00118688
-0.00140205
-0.0015535
-0.00164687
-0.00168085
-0.00161675
-0.00139372
-0.000977134
-0.000650766
-0.000959633
-0.00120855
-0.00131172
-0.00128157
-0.00114148
-0.000917748
-0.00062939
-0.000320128
1.88281e-05
-0.000502256
-0.000788796
-0.00104502
-0.00125699
-0.00140029
-0.00147149
-0.00147545
-0.00139206
-0.00113963
-0.000606778
-0.000173432
-0.00073614
-0.00115376
-0.0013004
-0.0012722
-0.00112983
-0.000903284
-0.000614604
-0.000306465
2.2119e-06
-0.00031181
-0.000561793
-0.000809893
-0.00102578
-0.00117571
-0.00124965
-0.00124748
-0.00115898
-0.000899331
-0.000228362
0.000392096
-0.000475912
-0.00108516
-0.00122759
-0.00117992
-0.00102199
-0.000787095
-0.00049955
-0.000199644
8.03747e-05
-4.15058e-05
-0.000236931
-0.000463745
-0.000679136
-0.000846854
-0.000953474
-0.000993282
-0.000940074
-0.000685309
0.000198562
0.00113288
-8.72322e-05
-0.000908792
-0.00105088
-0.000975765
-0.000796262
-0.000554199
-0.000275564
4.38317e-06
0.000245417
0.000368952
0.000283169
0.000115942
-7.53975e-05
-0.000252005
-0.000394054
-0.00048909
-0.000498418
-0.000249996
0.000940225
0.00216169
0.000747945
-0.000434942
-0.000602068
-0.000505477
-0.000310273
-7.24341e-05
0.000176807
0.000406458
0.000568182
0.00264923
0.0026572
0.00255585
0.00241634
0.00227147
0.00214397
0.00205849
0.0020915
0.00244172
0.00308109
0.00376282
0.00309748
0.00223578
0.00187987
0.00189865
0.00205049
0.00225229
0.00247551
0.0027264
0.00298522
-0.000605425
-0.000829517
-0.00102072
-0.0012057
-0.00135776
-0.00147928
-0.00155642
-0.00154867
-0.00138827
-0.0010719
-0.000749116
-0.000611711
-0.000598186
-0.000597264
-0.000564055
-0.000470018
-0.000307585
-8.82453e-05
0.000139651
0.000405444
-0.000756612
-0.00102663
-0.00125983
-0.00148255
-0.00167385
-0.00183964
-0.00195746
-0.00198198
-0.00186305
-0.00157819
-0.00125059
-0.00109637
-0.00104346
-0.00102339
-0.000967738
-0.000836532
-0.000634529
-0.000369437
-8.53468e-05
0.000250392
-0.000874091
-0.00116968
-0.00140493
-0.00162557
-0.00182171
-0.00199517
-0.00212439
-0.00215823
-0.00202452
-0.00168043
-0.00129456
-0.00118449
-0.00118592
-0.00119494
-0.00115297
-0.00104046
-0.000854601
-0.000601332
-0.000319252
3.93309e-05
-0.000934481
-0.00123508
-0.00145311
-0.00164933
-0.00182708
-0.00199666
-0.00214101
-0.00219504
-0.00203396
-0.0015669
-0.00109251
-0.00108416
-0.00120525
-0.00128595
-0.00128802
-0.00120008
-0.00102936
-0.000787502
-0.000512901
-0.000145158
-0.000937292
-0.00121502
-0.00140205
-0.00155971
-0.00169276
-0.00182664
-0.00196453
-0.00203147
-0.00185911
-0.00127342
-0.000714041
-0.000859799
-0.00114683
-0.0013134
-0.00135187
-0.00127905
-0.00111855
-0.000889352
-0.000625303
-0.000274359
-0.000877486
-0.00110585
-0.00125699
-0.00138523
-0.00146499
-0.00153258
-0.00161887
-0.00166424
-0.00147523
-0.000822661
-0.000175643
-0.000529341
-0.00103596
-0.00127922
-0.00133003
-0.00126073
-0.00110542
-0.000888638
-0.000646206
-0.00033993
-0.000741078
-0.000898407
-0.00102578
-0.0011306
-0.00118244
-0.00118824
-0.00118684
-0.00116279
-0.000941725
-0.000239972
0.000529106
-9.12066e-05
-0.000872596
-0.00116565
-0.00121557
-0.00114146
-0.000986469
-0.000780749
-0.000561113
-0.000324324
-0.000500794
-0.000580914
-0.000679136
-0.000772044
-0.000822185
-0.000818018
-0.000761139
-0.000657741
-0.000361747
0.000452342
0.00143375
0.000516064
-0.000573969
-0.000919067
-0.00097195
-0.000890727
-0.000736996
-0.000546772
-0.000358384
-0.000195754
-6.98455e-05
-3.43219e-05
-7.53975e-05
-0.000142724
-0.000192373
-0.000202632
-0.000162974
-4.51371e-05
0.000341299
0.00136576
0.00259602
0.00148778
5.85135e-05
-0.000376401
-0.000433647
-0.000348675
-0.000203382
-4.41292e-05
8.64467e-05
0.000140541
0.0022329
0.00238421
0.00241634
0.00240039
0.00238322
0.00239445
0.0024596
0.00263891
0.00298444
0.00352867
0.0042061
0.003661
0.00273789
0.00223281
0.00208204
0.00211948
0.00223275
0.00236222
0.00246849
0.00249735
-0.000753783
-0.000987518
-0.00117733
-0.00135776
-0.00149972
-0.00161345
-0.00170674
-0.00174547
-0.00165688
-0.00132468
-0.000869115
-0.000581597
-0.000507369
-0.000511619
-0.000529985
-0.000502355
-0.000400671
-0.000217332
7.32014e-06
0.000310645
-0.000926242
-0.00121518
-0.00145129
-0.00167385
-0.00185926
-0.00202555
-0.0021913
-0.00231571
-0.00225538
-0.0019479
-0.00147156
-0.00114505
-0.00101409
-0.00098649
-0.000972544
-0.000911533
-0.000770342
-0.000542361
-0.000260295
0.000120723
-0.00105903
-0.00136313
-0.00159394
-0.00182171
-0.00204813
-0.00228018
-0.00250913
-0.00266574
-0.0026333
-0.00224167
-0.00163126
-0.00127868
-0.00118267
-0.00118014
-0.00117083
-0.00110647
-0.00097731
-0.000770569
-0.000507394
-0.000120246
-0.00113579
-0.00142762
-0.00162644
-0.00182708
-0.0020571
-0.00233732
-0.00265848
-0.00292574
-0.0029169
-0.00235461
-0.00153257
-0.00118711
-0.00118995
-0.00126405
-0.0012974
-0.00126021
-0.00114532
-0.000955775
-0.000713253
-0.000334277
-0.00116018
-0.00140933
-0.0015535
-0.00169276
-0.00186919
-0.00213322
-0.00250605
-0.00288675
-0.00292916
-0.00220222
-0.00119348
-0.000902363
-0.00108052
-0.00126773
-0.00135557
-0.0013401
-0.00123931
-0.00106506
-0.000842815
-0.000486755
-0.00112844
-0.00131694
-0.00140029
-0.00146499
-0.00153943
-0.00169921
-0.00200548
-0.00241194
-0.0025001
-0.00168598
-0.000546116
-0.000410981
-0.000862807
-0.00119271
-0.00132912
-0.00133016
-0.00124259
-0.00108668
-0.000888449
-0.000583338
-0.00103405
-0.00113787
-0.00117571
-0.00118244
-0.00115225
-0.00114602
-0.00126245
-0.00151108
-0.00155846
-0.000743697
0.000406928
0.00028316
-0.000546519
-0.00102117
-0.00119646
-0.00121532
-0.00114135
-0.00100658
-0.000841773
-0.000619347
-0.000834103
-0.00084795
-0.000846854
-0.000822185
-0.000742893
-0.000614272
-0.000496805
-0.000457878
-0.000308085
0.000493023
0.00162031
0.00118304
-0.000102968
-0.000705867
-0.000918062
-0.000955303
-0.000898773
-0.000791321
-0.000670827
-0.000547129
-0.000422746
-0.000312714
-0.000252005
-0.000192373
-9.15436e-05
6.70397e-05
0.000277636
0.000530085
0.000976497
0.00184406
0.00298496
0.00233438
0.000690019
-8.70496e-05
-0.000323992
-0.000378412
-0.000345016
-0.000279345
-0.000228836
-0.00024125
0.00189992
0.00213946
0.00227147
0.00238322
0.00252178
0.00271189
0.00297003
0.00331501
0.00368454
0.00411166
0.00468076
0.00428139
0.00327367
0.00265813
0.00230366
0.00218387
0.00217322
0.00219531
0.00219316
0.00209223
-0.000859487
-0.00110158
-0.00129233
-0.00147928
-0.00161345
-0.00167006
-0.0017264
-0.00182611
-0.00186658
-0.0016359
-0.00114671
-0.000679257
-0.000456515
-0.000411782
-0.000419045
-0.000437356
-0.000401808
-0.000270125
-6.28674e-05
0.000271328
-0.00105017
-0.00135567
-0.00160118
-0.00183964
-0.00202555
-0.0021333
-0.00225818
-0.00243598
-0.00255942
-0.00237649
-0.00185829
-0.00132969
-0.00103986
-0.000940187
-0.000911148
-0.000886678
-0.000813273
-0.000638659
-0.000373124
4.28773e-05
-0.00119016
-0.00149815
-0.00173453
-0.00199517
-0.00228018
-0.00256328
-0.00284121
-0.00312666
-0.00329213
-0.00301561
-0.00227873
-0.00158729
-0.00125962
-0.00115926
-0.001131
-0.00109408
-0.00101057
-0.000857551
-0.000626257
-0.000225017
-0.00126968
-0.00154945
-0.00174843
-0.00199666
-0.00233732
-0.00278349
-0.00329006
-0.00379135
-0.00409995
-0.00366647
-0.00252487
-0.00160773
-0.00128012
-0.00123895
-0.00125607
-0.00124106
-0.0011724
-0.00103573
-0.000834454
-0.00045968
-0.00129783
-0.00151769
-0.00164687
-0.00182664
-0.00213322
-0.00264168
-0.00336863
-0.00416664
-0.00463867
-0.00396672
-0.00245938
-0.00135852
-0.00111914
-0.00120482
-0.00130371
-0.00132645
-0.00127191
-0.00114757
-0.00097073
-0.000626049
-0.00127804
-0.00142766
-0.00147149
-0.00153258
-0.00169921
-0.00208879
-0.00284401
-0.00389082
-0.00456664
-0.00369185
-0.00182706
-0.000724567
-0.000752102
-0.00105599
-0.0012616
-0.00133089
-0.00129975
-0.0011951
-0.00103584
-0.000744513
-0.00120956
-0.00127965
-0.00124965
-0.00118824
-0.00114602
-0.0012588
-0.00172899
-0.00268869
-0.00346652
-0.0025266
-0.000568912
0.000300313
-0.000194508
-0.000789392
-0.00110586
-0.00122474
-0.00123153
-0.00116044
-0.00103745
-0.000822751
-0.00106124
-0.00103591
-0.000953474
-0.000818018
-0.000614272
-0.000415439
-0.000398505
-0.000823983
-0.00136777
-0.000491902
0.00121423
0.00162534
0.000513365
-0.000379
-0.00079874
-0.000966453
-0.00101428
-0.000987851
-0.000922621
-0.000817811
-0.000704582
-0.000545815
-0.000394054
-0.000202632
6.70397e-05
0.00042097
0.00080109
0.00107987
0.00117287
0.00192811
0.00316512
0.00312513
0.00146997
0.000363782
-0.000157289
-0.000371359
-0.000464956
-0.000498557
-0.000520278
-0.000575593
0.00160351
0.00191518
0.00214397
0.00239445
0.00271189
0.00311718
0.00361664
0.00416009
0.0046081
0.00486477
0.00519848
0.00495249
0.00387191
0.00307924
0.00258343
0.00227606
0.00211468
0.00201576
0.00191528
0.00172082
-0.000911883
-0.0011591
-0.00135195
-0.00155642
-0.00170674
-0.0017264
-0.00163725
-0.00169798
-0.00191143
-0.00184955
-0.00138727
-0.00084193
-0.00046618
-0.000311188
-0.000265297
-0.000280975
-0.000312489
-0.000241341
-6.79201e-05
0.000287785
-0.00111999
-0.00143838
-0.0016907
-0.00195746
-0.0021913
-0.00225818
-0.00218174
-0.00234384
-0.00263388
-0.00263012
-0.00222739
-0.00161449
-0.00113917
-0.000910298
-0.000813066
-0.000785126
-0.000761311
-0.000660817
-0.000423311
1.64147e-05
-0.00126456
-0.00156621
-0.00180842
-0.00212439
-0.00250913
-0.00284121
-0.00304951
-0.00341655
-0.00386686
-0.00368346
-0.00301881
-0.00211866
-0.00145905
-0.0011659
-0.00105471
-0.00101021
-0.00096317
-0.000863175
-0.00067625
-0.000276191
-0.001342
-0.00159783
-0.00180643
-0.00214101
-0.00265848
-0.00329006
-0.00388881
-0.00458364
-0.00530936
-0.00500689
-0.00392924
-0.00246522
-0.00157022
-0.0012531
-0.00117698
-0.00115386
-0.00111169
-0.00102461
-0.00087512
-0.000521285
-0.00136272
-0.00154252
-0.00168085
-0.00196453
-0.00250605
-0.00336863
-0.00440409
-0.00553505
-0.006591
-0.00621235
-0.0045664
-0.00252693
-0.00144915
-0.00118861
-0.00120342
-0.00123605
-0.00121149
-0.00112834
-0.00100115
-0.000691435
-0.00133966
-0.00144185
-0.00147545
-0.00161887
-0.00200548
-0.00284401
-0.00422483
-0.00586754
-0.00731576
-0.0067747
-0.0045064
-0.00202604
-0.00098129
-0.000940728
-0.00112491
-0.00124531
-0.00126229
-0.00119732
-0.00107519
-0.00082301
-0.00128952
-0.00132267
-0.00124748
-0.00118684
-0.00126245
-0.00172899
-0.00299566
-0.00500428
-0.00691207
-0.00616034
-0.00325978
-0.000746695
-0.000126149
-0.000510428
-0.000925574
-0.00114955
-0.0012343
-0.00122271
-0.0011342
-0.000944302
-0.00120165
-0.00114368
-0.000993282
-0.000761139
-0.000496805
-0.000398505
-0.000877412
-0.00257549
-0.00469711
-0.00374938
-0.000835648
0.00118672
0.00102289
7.30743e-05
-0.000566447
-0.000897353
-0.00105313
-0.00111209
-0.00110123
-0.00101795
-0.000927603
-0.000729475
-0.00048909
-0.000162974
0.000277636
0.00080109
0.00120679
0.000856744
-0.000588604
0.0002443
0.00231557
0.00338604
0.00237769
0.000941111
0.000139161
-0.000286144
-0.000521744
-0.000665916
-0.000766319
-0.000862923
0.00133429
0.00172125
0.00205849
0.0024596
0.00297003
0.00361664
0.00438117
0.00515787
0.00536496
0.00536225
0.00561376
0.00555347
0.00454762
0.00354741
0.00289487
0.00244691
0.00211847
0.00188254
0.0016749
0.00139343
-0.00090322
-0.00114778
-0.00133351
-0.00154867
-0.00174547
-0.00182611
-0.00169798
-0.00169774
-0.00207443
-0.00214555
-0.00177997
-0.0010593
-0.000504981
-0.000169434
-3.77976e-05
-3.45396e-05
-0.000129379
-0.00014505
-1.42619e-05
0.000353116
-0.00113154
-0.00145655
-0.00168602
-0.00198198
-0.00231571
-0.00243598
-0.00234384
-0.00260124
-0.0035037
-0.0034001
-0.00265702
-0.00195244
-0.00128471
-0.000862274
-0.00066953
-0.000612382
-0.000630338
-0.000597008
-0.000415249
3.4173e-05
-0.00128211
-0.00155771
-0.00178844
-0.00215823
-0.00266574
-0.00312666
-0.00341655
-0.00425039
-0.00564887
-0.00511336
-0.00375453
-0.00269746
-0.00173818
-0.0011742
-0.000935786
-0.000857557
-0.000838808
-0.000793469
-0.000662487
-0.000277668
-0.00135749
-0.00156673
-0.00176464
-0.00219504
-0.00292574
-0.00379135
-0.00458364
-0.00593731
-0.00782734
-0.00705276
-0.00518035
-0.00349433
-0.00202749
-0.00130046
-0.00105422
-0.000989663
-0.000966823
-0.000924058
-0.000836385
-0.000517009
-0.00136291
-0.0014769
-0.00161675
-0.00203147
-0.00288675
-0.00416664
-0.00553505
-0.00733482
-0.00966451
-0.00891742
-0.00665945
-0.00410375
-0.0020941
-0.00124742
-0.00105456
-0.00105159
-0.00104737
-0.000999712
-0.000923939
-0.000672608
-0.00131883
-0.00134908
-0.00139206
-0.00166424
-0.00241194
-0.00389082
-0.00586754
-0.00817847
-0.010924
-0.0103123
-0.00776031
-0.00431121
-0.00177754
-0.00094101
-0.000918858
-0.00104561
-0.00110182
-0.00107114
-0.000983142
-0.000800245
-0.00126863
-0.00123993
-0.00115898
-0.00116279
-0.00151108
-0.00268869
-0.00500428
-0.00794107
-0.0112101
-0.0107101
-0.00778445
-0.0034756
-0.000820304
-0.000326691
-0.000626625
-0.000938552
-0.00110406
-0.00115165
-0.00109064
-0.000946789
-0.00122771
-0.00114248
-0.000940074
-0.000657741
-0.000457878
-0.000823983
-0.00257549
-0.00581458
-0.00974844
-0.00927876
-0.0057042
-0.00123293
0.000796154
0.000557046
-0.000167418
-0.000658425
-0.000951069
-0.00110602
-0.00116133
-0.00110459
-0.00106608
-0.000830665
-0.000498418
-4.51371e-05
0.000530085
0.00107987
0.000856744
-0.00137032
-0.00547465
-0.00509793
-0.00130575
0.00201045
0.00279786
0.00169191
0.000642863
-7.75003e-06
-0.000426625
-0.000698801
-0.000906396
-0.00106686
0.00116405
0.00163524
0.0020915
0.00263891
0.00331501
0.00416009
0.00515787
0.00541876
0.00323264
0.00327099
0.00473258
0.00551127
0.00516247
0.00406574
0.00327617
0.00273009
0.0023055
0.0019286
0.00160288
0.00123655
-0.000834041
-0.00106818
-0.00120193
-0.00138827
-0.00165688
-0.00186658
-0.00191143
-0.00207443
-0.00434808
-0.00514789
-0.00342674
-0.00137803
-0.000422504
0.000131292
0.000323856
0.000303452
0.000127865
1.07236e-05
8.54234e-05
0.000450515
-0.00108741
-0.00139952
-0.00158012
-0.00186305
-0.00225538
-0.00255942
-0.00263388
-0.0035037
-0.00638519
-0.00678609
-0.00402449
-0.0023011
-0.00132653
-0.000696237
-0.000416046
-0.000363922
-0.000436109
-0.000478846
-0.00036612
8.36006e-05
-0.00124922
-0.00148356
-0.00165673
-0.00202452
-0.0026333
-0.00329213
-0.00386686
-0.00564887
-0.00940629
-0.00893902
-0.00512034
-0.00317137
-0.00190969
-0.00107808
-0.000721319
-0.00062785
-0.000646581
-0.000661335
-0.000594156
-0.000235766
-0.001322
-0.00145042
-0.00158512
-0.00203396
-0.0029169
-0.00409995
-0.00530936
-0.00782734
-0.0120497
-0.0110089
-0.00666425
-0.00425557
-0.00238021
-0.00124487
-0.000829406
-0.000729848
-0.000732712
-0.000737134
-0.000722642
-0.000443945
-0.00130427
-0.00131799
-0.00139372
-0.00185911
-0.00292916
-0.00463867
-0.006591
-0.00966451
-0.0142003
-0.0130194
-0.00844319
-0.00534869
-0.00264904
-0.00121835
-0.000791503
-0.000739585
-0.000757055
-0.000747348
-0.000722788
-0.000544875
-0.00121073
-0.00113621
-0.00113963
-0.00147523
-0.0025001
-0.00456664
-0.00731576
-0.010924
-0.0158043
-0.0148659
-0.0101785
-0.00614396
-0.00261555
-0.00092832
-0.000588361
-0.000670303
-0.000763902
-0.000769022
-0.00071162
-0.000613507
-0.00110556
-0.000994757
-0.000899331
-0.000941725
-0.00155846
-0.00346652
-0.00691207
-0.0112101
-0.0165221
-0.0159756
-0.0113664
-0.00634763
-0.00197748
-0.000240991
-0.000175934
-0.000485513
-0.000724635
-0.000836251
-0.000808262
-0.0007102
-0.00109545
-0.000940791
-0.000685309
-0.000361747
-0.000308085
-0.00136777
-0.00469711
-0.00974844
-0.0157319
-0.0156665
-0.0111568
-0.00506368
-0.000411977
0.00088794
0.000468693
-0.000106494
-0.00050578
-0.000784979
-0.000953956
-0.000909615
-0.00100405
-0.000697418
-0.000249996
0.000341299
0.000976497
0.00117287
-0.000588604
-0.00547465
-0.0121774
-0.012594
-0.00832793
-0.00200058
0.00198839
0.00238412
0.00142914
0.00067207
0.000126759
-0.000315734
-0.000731306
-0.00104513
0.00143095
0.00195386
0.00244172
0.00298444
0.00368454
0.0046081
0.00536496
0.00323264
-0.00302039
-0.00366187
-0.000632532
0.0031289
0.00499578
0.00463609
0.0037848
0.0031716
0.00271601
0.00234274
0.00202909
0.00165508
-0.000717396
-0.000936008
-0.000983328
-0.0010719
-0.00132468
-0.0016359
-0.00184955
-0.00214555
-0.00514789
-0.00883084
-0.00611835
-0.00126305
5.28495e-05
0.000666511
0.000795485
0.00067414
0.000388826
0.000172502
0.000198936
0.00055061
-0.00100017
-0.00128713
-0.00138794
-0.00157819
-0.0019479
-0.00237649
-0.00263012
-0.0034001
-0.00678609
-0.00921775
-0.00490373
-0.00213256
-0.000971266
-0.00028616
-4.48984e-05
-7.10284e-05
-0.000225903
-0.000346763
-0.000302754
0.000146964
-0.00117392
-0.00135577
-0.00142532
-0.00168043
-0.00224167
-0.00301561
-0.00368346
-0.00511336
-0.00893902
-0.0100729
-0.00528632
-0.00296763
-0.00160722
-0.000703403
-0.000366426
-0.000333914
-0.000418721
-0.000496584
-0.000489772
-0.00016298
-0.00124456
-0.00128157
-0.00127245
-0.0015669
-0.00235461
-0.00366647
-0.00500689
-0.00705276
-0.0110089
-0.0112357
-0.00661211
-0.00414512
-0.00215659
-0.000860597
-0.000425448
-0.000368232
-0.000426561
-0.000485071
-0.000535319
-0.000311775
-0.0011997
-0.00106781
-0.000977134
-0.00127342
-0.00220222
-0.00396672
-0.00621235
-0.00891742
-0.0130194
-0.0128734
-0.00848207
-0.00544397
-0.00247966
-0.00078213
-0.000298641
-0.000264263
-0.000327051
-0.000364205
-0.000389564
-0.000305036
-0.000998817
-0.000730809
-0.000606778
-0.000822661
-0.00168598
-0.00369185
-0.0067747
-0.0103123
-0.0148659
-0.0148184
-0.010523
-0.00647197
-0.00246246
-0.000442699
2.17518e-05
-4.30646e-05
-0.000162451
-0.000211835
-0.00020559
-0.000165846
-0.000522366
-0.000336645
-0.000228362
-0.000239972
-0.000743697
-0.0025266
-0.00616034
-0.0107101
-0.0159756
-0.0163761
-0.0120696
-0.00693145
-0.00200863
0.00028933
0.000588271
0.00033359
9.33913e-05
-2.89763e-05
-5.2961e-05
3.16823e-05
-4.39242e-05
4.56354e-05
0.000198562
0.000452342
0.000493023
-0.000491902
-0.00374938
-0.00927876
-0.0156665
-0.0165183
-0.0122946
-0.00610203
-0.000618481
0.00151571
0.00143387
0.000944951
0.000564465
0.000304023
0.000202333
0.000309118
0.000496708
0.000648906
0.000940225
0.00136576
0.00184406
0.00192811
0.0002443
-0.00509793
-0.012594
-0.0139708
-0.00988649
-0.00338451
0.00169464
0.00313047
0.0025551
0.00190448
0.00142808
0.00106317
0.000810111
0.000743534
0.00237923
0.00270953
0.00308109
0.00352867
0.00411166
0.00486477
0.00536225
0.00327099
-0.00366187
-0.00550562
-0.00236629
0.00196018
0.00473243
0.00512487
0.00442717
0.00386516
0.00344909
0.00311077
0.00283285
0.00257677
-0.000580128
-0.000800561
-0.000787455
-0.000749116
-0.000869115
-0.00114671
-0.00138727
-0.00177997
-0.00342674
-0.00611835
-0.00430219
-0.000269819
0.000863025
0.00123982
0.00117182
0.000894076
0.000522238
0.000259203
0.000268818
0.000627396
-0.000881834
-0.0011633
-0.00119765
-0.00125059
-0.00147156
-0.00185829
-0.00222739
-0.00265702
-0.00402449
-0.00490373
-0.00266475
-0.00123191
-0.000236932
0.000251307
0.00029376
0.00013835
-9.5658e-05
-0.000258622
-0.000233137
0.000214072
-0.00106855
-0.00122655
-0.00120987
-0.00129456
-0.00163126
-0.00227873
-0.00301881
-0.00375453
-0.00512034
-0.00528632
-0.00330081
-0.00197554
-0.000773901
-0.000121538
2.75685e-06
-9.60766e-05
-0.000258062
-0.00037819
-0.000392907
-7.91667e-05
-0.00113127
-0.00112297
-0.00100803
-0.00109251
-0.00153257
-0.00252487
-0.00392924
-0.00518035
-0.00666425
-0.00661211
-0.00466981
-0.00289819
-0.00111132
-0.000164676
2.53563e-05
-5.8207e-05
-0.000198372
-0.000299343
-0.000357015
-0.000157293
-0.00102854
-0.000819046
-0.000650766
-0.000714041
-0.00119348
-0.00245938
-0.0045664
-0.00665945
-0.00844319
-0.00848207
-0.00645809
-0.0039125
-0.00124658
4.75896e-05
0.000264644
0.000170207
1.54406e-05
-7.42419e-05
-9.94738e-05
-1.95128e-05
-0.000562949
-0.000319967
-0.000173432
-0.000175643
-0.000546116
-0.00182706
-0.0045064
-0.00776031
-0.0101785
-0.010523
-0.00841547
-0.00465071
-0.00100726
0.000551082
0.000751908
0.000574973
0.000367325
0.000233288
0.000213574
0.000333514
0.000157616
0.000251298
0.000392096
0.000529106
0.000406928
-0.000568912
-0.00325978
-0.00778445
-0.0113664
-0.0120696
-0.00956807
-0.00467279
-0.000340693
0.00142355
0.00151503
0.00120599
0.000894104
0.000664576
0.000588634
0.000728376
0.000816461
0.00089665
0.00113288
0.00143375
0.00162031
0.00121423
-0.000835648
-0.0057042
-0.0111568
-0.0122946
-0.00918672
-0.00350376
0.00110119
0.00272307
0.00257231
0.00210708
0.00168227
0.00135551
0.00118032
0.00120401
0.00151783
0.00178718
0.00216169
0.00259602
0.00298496
0.00316512
0.00231557
-0.00130575
-0.00832793
-0.00988649
-0.00641985
-0.000874384
0.0031726
0.00427422
0.00382247
0.00325581
0.00277663
0.00238562
0.00211266
0.00200892
0.00309722
0.00338997
0.00376282
0.0042061
0.00468076
0.00519848
0.00561376
0.00473258
-0.000632532
-0.00236629
0.000325254
0.00340344
0.00547402
0.00578825
0.00520905
0.00470734
0.00429324
0.00393787
0.0036406
0.00341249
-0.0004358
-0.000687623
-0.000704536
-0.000611711
-0.000581597
-0.000679257
-0.00084193
-0.0010593
-0.00137803
-0.00126305
-0.000269819
0.00090791
0.00143426
0.00147157
0.00123498
0.000845319
0.000475328
0.000266423
0.00032674
0.000718767
-0.000737214
-0.00106731
-0.00111451
-0.00109637
-0.00114505
-0.00132969
-0.00161449
-0.00195244
-0.0023011
-0.00213256
-0.00123191
-0.000244022
0.000366529
0.000517949
0.000382112
0.000129472
-0.00011697
-0.000247887
-0.000155912
0.000319314
-0.000961794
-0.00119101
-0.00119228
-0.00118449
-0.00127868
-0.00158729
-0.00211866
-0.00269746
-0.00317137
-0.00296763
-0.00197554
-0.000825476
-4.50879e-05
0.000156075
5.25073e-05
-0.000142606
-0.000329407
-0.000434635
-0.000394846
-1.88416e-05
-0.00108928
-0.00120227
-0.00112237
-0.00108416
-0.00118711
-0.00160773
-0.00246522
-0.00349433
-0.00425557
-0.00414512
-0.00289819
-0.00124829
-0.000125331
0.000137104
7.77598e-06
-0.000196701
-0.000376512
-0.000481762
-0.000511006
-0.000224643
-0.00111305
-0.00110447
-0.000959633
-0.000859799
-0.000902363
-0.00135852
-0.00252693
-0.00410375
-0.00534869
-0.00544397
-0.0039125
-0.00151864
5.70906e-05
0.000381444
0.00017421
-9.4401e-05
-0.000306194
-0.000425516
-0.000470392
-0.000314241
-0.00103953
-0.000924837
-0.00073614
-0.000529341
-0.000410981
-0.000724567
-0.00202604
-0.00431121
-0.00614396
-0.00647197
-0.00465071
-0.00152479
0.000554898
0.000916412
0.000564647
0.000159434
-0.000135511
-0.000318416
-0.000397292
-0.000364705
-0.000920812
-0.000750013
-0.000475912
-9.12066e-05
0.00028316
0.000300313
-0.000746695
-0.0034756
-0.00634763
-0.00693145
-0.00467279
-0.000924901
0.00148165
0.0017822
0.00119796
0.000601078
0.000173792
-0.000126157
-0.000311786
-0.000396465
-0.000868611
-0.000551615
-8.72322e-05
0.000516064
0.00118304
0.00162534
0.00118672
-0.00123293
-0.00506368
-0.00610203
-0.00350376
0.000535529
0.00293487
0.0029774
0.0020913
0.00131857
0.000732628
0.000274767
-6.82244e-05
-0.000396597
-0.000777727
6.63216e-05
0.000747945
0.00148778
0.00233438
0.00312513
0.00338604
0.00201045
-0.00200058
-0.00338451
-0.000874384
0.00275224
0.00470587
0.00435026
0.00326851
0.00240482
0.0017175
0.0011399
0.000652962
0.000166951
0.00216502
0.00259773
0.00309748
0.003661
0.00428139
0.00495249
0.00555347
0.00551127
0.0031289
0.00196018
0.00340344
0.00534069
0.00632434
0.0058182
0.00504663
0.00442542
0.00391258
0.00346024
0.00303856
0.00265311
-0.000288819
-0.000578961
-0.000654129
-0.000598186
-0.000507369
-0.000456515
-0.00046618
-0.000504981
-0.000422504
5.28495e-05
0.000863025
0.00143426
0.00155741
0.00140455
0.00106401
0.000680692
0.000385747
0.000282771
0.000408116
0.000816016
-0.000570345
-0.000938453
-0.00105433
-0.00104346
-0.00101409
-0.00103986
-0.00113917
-0.00128471
-0.00132653
-0.000971266
-0.000236932
0.000366529
0.000579019
0.000504695
0.000276594
1.83552e-05
-0.000173421
-0.000222646
-4.5682e-05
0.000445696
-0.00082637
-0.00112244
-0.00119055
-0.00118592
-0.00118267
-0.00125962
-0.00145905
-0.00173818
-0.00190969
-0.00160722
-0.000773901
-4.50879e-05
0.000183134
0.000109054
-8.0594e-05
-0.000278115
-0.000417104
-0.000450417
-0.000330329
8.9466e-05
-0.00101044
-0.00122141
-0.00123176
-0.00120525
-0.00118995
-0.00128012
-0.00157022
-0.00202749
-0.00238021
-0.00215659
-0.00111132
-0.000125331
0.000127971
-6.17377e-06
-0.000231036
-0.000427843
-0.000554884
-0.000590391
-0.000518464
-0.000166936
-0.00110985
-0.00124466
-0.00120855
-0.00114683
-0.00108052
-0.00111914
-0.00144915
-0.0020941
-0.00264904
-0.00247966
-0.00124658
5.70906e-05
0.000343581
9.24038e-05
-0.000228478
-0.000467989
-0.000607696
-0.000648578
-0.000604217
-0.00033098
-0.00115577
-0.00121416
-0.00115376
-0.00103596
-0.000862807
-0.000752102
-0.00098129
-0.00177754
-0.00261555
-0.00246246
-0.00100726
0.000554898
0.000856288
0.000413184
-7.40517e-05
-0.000401415
-0.000592906
-0.000671166
-0.00065251
-0.00047318
-0.00118891
-0.00119022
-0.00108516
-0.000872596
-0.000546519
-0.000194508
-0.000126149
-0.000820304
-0.00197748
-0.00200863
-0.000340693
0.00148165
0.00170555
0.000955
0.000271205
-0.000183066
-0.000481336
-0.000657594
-0.000714706
-0.000631927
-0.00122197
-0.00112412
-0.000908792
-0.000573969
-0.000102968
0.000513365
0.00102289
0.000796154
-0.000411977
-0.000618481
0.00110119
0.00293487
0.0028859
0.00173491
0.000849197
0.000237441
-0.00019362
-0.000499835
-0.000687962
-0.000779663
-0.00109373
-0.000793233
-0.000434942
5.85135e-05
0.000690019
0.00146997
0.00237769
0.00279786
0.00198839
0.00169464
0.0031726
0.00470587
0.00423946
0.00282238
0.00179396
0.00104289
0.000472238
8.05468e-06
-0.000323727
-0.000622964
0.00119055
0.00172256
0.00223578
0.00273789
0.00327367
0.00387191
0.00454762
0.00516247
0.00499578
0.00473243
0.00547402
0.00632434
0.00582242
0.00489746
0.00417475
0.00362862
0.00317363
0.0027641
0.0023126
0.00182993
-0.000136858
-0.000453679
-0.000587265
-0.000597264
-0.000511619
-0.000411782
-0.000311188
-0.000169434
0.000131292
0.000666511
0.00123982
0.00147157
0.00140455
0.00112437
0.000761398
0.000452091
0.000277109
0.000290166
0.000477109
0.000886334
-0.000395738
-0.000788502
-0.000984233
-0.00102339
-0.00098649
-0.000940187
-0.000910298
-0.000862274
-0.000696237
-0.00028616
0.000251307
0.000517949
0.000504695
0.000320194
7.52972e-05
-0.0001285
-0.00023118
-0.000179017
6.95414e-05
0.000561028
-0.000669272
-0.00101383
-0.00115312
-0.00119494
-0.00118014
-0.00115926
-0.0011659
-0.0011742
-0.00107808
-0.000703403
-0.000121538
0.000156075
0.000109054
-6.2647e-05
-0.000259273
-0.000410066
-0.000476151
-0.00042715
-0.000233598
0.000209139
-0.000890659
-0.00117307
-0.00126487
-0.00128595
-0.00126405
-0.00123895
-0.0012531
-0.00130046
-0.00124487
-0.000860597
-0.000164676
0.000137104
-6.17377e-06
-0.000243032
-0.000455787
-0.000598585
-0.000656293
-0.000616389
-0.000463608
-7.14093e-05
-0.00103078
-0.00125933
-0.00131172
-0.0013134
-0.00126773
-0.00120482
-0.00118861
-0.00124742
-0.00121835
-0.00078213
4.75896e-05
0.000381444
9.24038e-05
-0.000267768
-0.000538025
-0.000698865
-0.000760141
-0.000726999
-0.000606947
-0.000262918
-0.00111598
-0.00127117
-0.0013004
-0.00127922
-0.00119271
-0.00105599
-0.000940728
-0.00094101
-0.00092832
-0.000442699
0.000551082
0.000916412
0.000413184
-0.000130863
-0.000492781
-0.00069775
-0.000785566
-0.000775122
-0.000684122
-0.000418469
-0.00116596
-0.00123508
-0.00122759
-0.00116565
-0.00102117
-0.000789392
-0.000510428
-0.000326691
-0.000240991
0.00028933
0.00142355
0.0017822
0.000955
0.000193371
-0.00028554
-0.000566767
-0.000712994
-0.000755244
-0.00071798
-0.000556974
-0.0011503
-0.00112549
-0.00105088
-0.000919067
-0.000705867
-0.000379
7.30743e-05
0.000557046
0.00088794
0.00151571
0.00272307
0.0029774
0.00173491
0.000739847
0.000110224
-0.000270545
-0.000488816
-0.0006074
-0.000652293
-0.000616508
-0.000947925
-0.000776375
-0.000602068
-0.000376401
-8.70496e-05
0.000363782
0.000941111
0.00169191
0.00238412
0.00313047
0.00427422
0.00435026
0.00282238
0.00165076
0.000871826
0.000368064
7.80333e-05
-0.000135422
-0.000295819
-0.000440081
0.00119472
0.00156875
0.00187987
0.00223281
0.00265813
0.00307924
0.00354741
0.00406574
0.00463609
0.00512487
0.00578825
0.0058182
0.00489746
0.00413383
0.00357445
0.00314647
0.00275301
0.00242894
0.00213783
0.00179075
2.19165e-05
-0.000301685
-0.000488256
-0.000564055
-0.000529985
-0.000419045
-0.000265297
-3.77976e-05
0.000323856
0.000795485
0.00117182
0.00123498
0.00106401
0.000761398
0.000470959
0.00028155
0.000237068
0.000339801
0.000569224
0.000955826
-0.000209471
-0.00060381
-0.00084535
-0.000967738
-0.000972544
-0.000911148
-0.000813066
-0.00066953
-0.000416046
-4.48984e-05
0.00029376
0.000382112
0.000276594
7.52972e-05
-0.000114939
-0.000229462
-0.000232587
-7.51029e-05
0.000214739
0.000681833
-0.000483038
-0.000851718
-0.00105218
-0.00115297
-0.00117083
-0.001131
-0.00105471
-0.000935786
-0.000721319
-0.000366426
2.75685e-06
5.25073e-05
-8.0594e-05
-0.000259273
-0.000408243
-0.000485167
-0.000468031
-0.000339192
-8.90542e-05
0.000354264
-0.00072005
-0.00104581
-0.00120615
-0.00128802
-0.0012974
-0.00125607
-0.00117698
-0.00105422
-0.000829406
-0.000425448
2.53563e-05
7.77598e-06
-0.000231036
-0.000455787
-0.000611906
-0.000683417
-0.000668624
-0.000551327
-0.000334266
7.78949e-05
-0.000881036
-0.00115516
-0.00128157
-0.00135187
-0.00135557
-0.00130371
-0.00120342
-0.00105456
-0.000791503
-0.000298641
0.000264644
0.00017421
-0.000228478
-0.000538025
-0.000723824
-0.000800784
-0.000785609
-0.000678868
-0.000494159
-0.000114565
-0.000967157
-0.00117136
-0.0012722
-0.00133003
-0.00132912
-0.0012616
-0.00112491
-0.000918858
-0.000588361
2.17518e-05
0.000751908
0.000564647
-7.40517e-05
-0.000492781
-0.000721769
-0.000814718
-0.000805863
-0.000716367
-0.000561618
-0.000255914
-0.000988677
-0.00111397
-0.00117992
-0.00121557
-0.00119646
-0.00110586
-0.000925574
-0.000626625
-0.000175934
0.000588271
0.00151503
0.00119796
0.000271205
-0.00028554
-0.000579699
-0.000705924
-0.000724007
-0.000665765
-0.000554574
-0.000343629
-0.000931247
-0.000960469
-0.000975765
-0.00097195
-0.000918062
-0.00079874
-0.000566447
-0.000167418
0.000468693
0.00143387
0.00257231
0.0020913
0.000849197
0.000110224
-0.000271522
-0.00043905
-0.000497873
-0.000487211
-0.000437977
-0.000342769
-0.000684553
-0.000573809
-0.000505477
-0.000433647
-0.000323992
-0.000157289
0.000139161
0.000642863
0.00142914
0.0025551
0.00382247
0.00326851
0.00179396
0.000871826
0.000379214
0.000171846
6.00936e-05
-4.94663e-08
-4.78236e-05
-0.000120243
0.00142385
0.00171206
0.00189865
0.00208204
0.00230366
0.00258343
0.00289487
0.00327617
0.0037848
0.00442717
0.00520905
0.00504663
0.00417475
0.00357445
0.00316408
0.0028472
0.00263964
0.00248196
0.00232235
0.0020769
0.000190515
-0.000117049
-0.00033296
-0.000470018
-0.000502355
-0.000437356
-0.000280975
-3.45396e-05
0.000303452
0.00067414
0.000894076
0.000845319
0.000680692
0.000452091
0.00028155
0.000222801
0.000280868
0.000453211
0.000699921
0.00104479
-8.65058e-06
-0.000383122
-0.000652739
-0.000836532
-0.000911533
-0.000886678
-0.000785126
-0.000612382
-0.000363922
-7.10284e-05
0.00013835
0.000129472
1.83552e-05
-0.0001285
-0.000229462
-0.000240636
-0.000133684
9.04439e-05
0.000398993
0.000821188
-0.000266495
-0.000635413
-0.000879231
-0.00104046
-0.00110647
-0.00109408
-0.00101021
-0.000857557
-0.00062785
-0.000333914
-9.60766e-05
-0.000142606
-0.000278115
-0.000410066
-0.000485167
-0.000479451
-0.000382378
-0.000179022
0.00010812
0.000530468
-0.000496447
-0.000840066
-0.00105565
-0.00120008
-0.00126021
-0.00124106
-0.00115386
-0.000989663
-0.000729848
-0.000368232
-5.8207e-05
-0.000196701
-0.000427843
-0.000598585
-0.000683417
-0.000682516
-0.000588621
-0.000397963
-0.000132705
0.000277684
-0.000647789
-0.000951851
-0.00114148
-0.00127905
-0.0013401
-0.00132645
-0.00123605
-0.00105159
-0.000739585
-0.000264263
0.000170207
-9.4401e-05
-0.000467989
-0.000698865
-0.000800784
-0.000798869
-0.000704514
-0.000524498
-0.000285877
0.000102504
-0.000724985
-0.000965589
-0.00112983
-0.00126073
-0.00133016
-0.00133089
-0.00124531
-0.00104561
-0.000670303
-4.30646e-05
0.000574973
0.000159434
-0.000401415
-0.00069775
-0.000814718
-0.000808031
-0.000713276
-0.000546986
-0.000333662
-1.2489e-05
-0.00072489
-0.000889189
-0.00102199
-0.00114146
-0.00121532
-0.00122474
-0.00114955
-0.000938552
-0.000485513
0.00033359
0.00120599
0.000601078
-0.000183066
-0.000566767
-0.000705924
-0.00070494
-0.000617705
-0.000471728
-0.000294887
-5.37127e-05
-0.000635991
-0.000708087
-0.000796262
-0.000890727
-0.000955303
-0.000966453
-0.000897353
-0.000658425
-0.000106494
0.000944951
0.00210708
0.00131857
0.000237441
-0.000270545
-0.00043905
-0.00045185
-0.000383033
-0.000269751
-0.000144717
-6.41549e-06
-0.000370527
-0.000303562
-0.000310273
-0.000348675
-0.000378412
-0.000371359
-0.000286144
-7.75003e-06
0.00067207
0.00190448
0.00325581
0.00240482
0.00104289
0.000368064
0.000171846
0.000136392
0.000170031
0.000225187
0.000260963
0.000242055
0.00169539
0.00193396
0.00205049
0.00211948
0.00218387
0.00227606
0.00244691
0.00273009
0.0031716
0.00386516
0.00470734
0.00442542
0.00362862
0.00314647
0.0028472
0.00272889
0.00268641
0.00265565
0.00258863
0.00242072
0.000367922
9.27187e-05
-0.000130496
-0.000307585
-0.000400671
-0.000401808
-0.000312489
-0.000129379
0.000127865
0.000388826
0.000522238
0.000475328
0.000385747
0.000277109
0.000237068
0.000280868
0.000415324
0.000626997
0.000869473
0.00116103
0.000204879
-0.000133091
-0.000410266
-0.000634529
-0.000770342
-0.000813273
-0.000761311
-0.000630338
-0.000436109
-0.000225903
-9.5658e-05
-0.00011697
-0.000173421
-0.00023118
-0.000232587
-0.000133684
5.07613e-05
0.000316874
0.000622654
0.000985729
-2.37658e-05
-0.000374078
-0.000643821
-0.000854601
-0.00097731
-0.00101057
-0.00096317
-0.000838808
-0.000646581
-0.000418721
-0.000258062
-0.000329407
-0.000417104
-0.000476151
-0.000468031
-0.000382378
-0.000207837
5.03426e-05
0.000355366
0.000739628
-0.000226597
-0.000567874
-0.000827823
-0.00102936
-0.00114532
-0.0011724
-0.00111169
-0.000966823
-0.000732712
-0.000426561
-0.000198372
-0.000376512
-0.000554884
-0.000656293
-0.000668624
-0.000588621
-0.000418343
-0.000165807
0.00013428
0.000525233
-0.000351397
-0.000670298
-0.000917748
-0.00111855
-0.00123931
-0.00127191
-0.00121149
-0.00104737
-0.000757055
-0.000327051
1.54406e-05
-0.000306194
-0.000607696
-0.000760141
-0.000785609
-0.000704514
-0.000530898
-0.000281968
6.88486e-06
0.000381371
-0.000398954
-0.000671935
-0.000903284
-0.00110542
-0.00124259
-0.00129975
-0.00126229
-0.00110182
-0.000763902
-0.000162451
0.000367325
-0.000135511
-0.000592906
-0.000785566
-0.000805863
-0.000713276
-0.000535321
-0.00029408
-2.23342e-05
0.000308784
-0.000370363
-0.000580368
-0.000787095
-0.000986469
-0.00114135
-0.00123153
-0.0012343
-0.00110406
-0.000724635
9.33913e-05
0.000894104
0.000173792
-0.000481336
-0.000712994
-0.000724007
-0.000617705
-0.000436649
-0.000207563
3.67824e-05
0.000305943
-0.000262219
-0.000389064
-0.000554199
-0.000736996
-0.000898773
-0.00101428
-0.00105313
-0.000951069
-0.00050578
0.000564465
0.00168227
0.000732628
-0.00019362
-0.000488816
-0.000497873
-0.000383033
-0.000206828
-1.93684e-06
0.000198379
0.000383577
-8.83546e-06
5.56667e-06
-7.24341e-05
-0.000203382
-0.000345016
-0.000464956
-0.000521744
-0.000426625
0.000126759
0.00142808
0.00277663
0.0017175
0.000472238
7.80333e-05
6.00936e-05
0.000170031
0.00032276
0.000475291
0.000589315
0.000629418
0.00199267
0.00218876
0.00225229
0.00223275
0.00217322
0.00211468
0.00211847
0.0023055
0.00271601
0.00344909
0.00429324
0.00391258
0.00317363
0.00275301
0.00263964
0.00268641
0.00277527
0.00284889
0.00286796
0.00278412
0.000552906
0.000316026
0.000102597
-8.82453e-05
-0.000217332
-0.000270125
-0.000241341
-0.00014505
1.07236e-05
0.000172502
0.000259203
0.000266423
0.000282771
0.000290166
0.000339801
0.000453211
0.000626997
0.000846132
0.00106781
0.00130369
0.000429813
0.000137527
-0.000129649
-0.000369437
-0.000542361
-0.000638659
-0.000660817
-0.000597008
-0.000478846
-0.000346763
-0.000258622
-0.000247887
-0.000222646
-0.000179017
-7.51029e-05
9.04439e-05
0.000316874
0.000593916
0.000877046
0.00117446
0.000249518
-7.39045e-05
-0.000357563
-0.000601332
-0.000770569
-0.000857551
-0.000863175
-0.000793469
-0.000661335
-0.000496584
-0.00037819
-0.000434635
-0.000450417
-0.00042715
-0.000339192
-0.000179022
5.03426e-05
0.000339181
0.000646417
0.000982795
9.8097e-05
-0.000241882
-0.000538074
-0.000787502
-0.000955775
-0.00103573
-0.00102461
-0.000924058
-0.000737134
-0.000485071
-0.000299343
-0.000481762
-0.000590391
-0.000616389
-0.000551327
-0.000397963
-0.000165807
0.000134443
0.000461219
0.000824653
2.31572e-05
-0.000321885
-0.00062939
-0.000889352
-0.00106506
-0.00114757
-0.00112834
-0.000999712
-0.000747348
-0.000364205
-7.42419e-05
-0.000425516
-0.000648578
-0.000726999
-0.000678868
-0.000524498
-0.000281968
2.9549e-05
0.000368972
0.000731731
2.1956e-05
-0.000304226
-0.000614604
-0.000888638
-0.00108668
-0.0011951
-0.00119732
-0.00107114
-0.000769022
-0.000211835
0.000233288
-0.000318416
-0.000671166
-0.000775122
-0.000716367
-0.000546986
-0.00029408
2.15597e-05
0.000360901
0.000712334
8.47865e-05
-0.000201324
-0.00049955
-0.000780749
-0.00100658
-0.00116044
-0.00122271
-0.00115165
-0.000836251
-2.89763e-05
0.000664576
-0.000126157
-0.000657594
-0.000755244
-0.000665765
-0.000471728
-0.000207563
0.00010506
0.00043043
0.000750381
0.000200414
-1.49648e-05
-0.000275564
-0.000546772
-0.000791321
-0.000987851
-0.00111209
-0.00110602
-0.000784979
0.000304023
0.00135551
0.000274767
-0.000499835
-0.0006074
-0.000487211
-0.000269751
-1.93684e-06
0.000292032
0.000581113
0.000841854
0.000414659
0.000344053
0.000176807
-4.41292e-05
-0.000279345
-0.000498557
-0.000665916
-0.000698801
-0.000315734
0.00106317
0.00238562
0.0011399
8.05468e-06
-0.000135422
-4.94663e-08
0.000225187
0.000475291
0.000718693
0.000924605
0.00105273
0.00239901
0.00249498
0.00247551
0.00236222
0.00219531
0.00201576
0.00188254
0.0019286
0.00234274
0.00311077
0.00393787
0.00346024
0.0027641
0.00242894
0.00248196
0.00265565
0.00284889
0.00302404
0.00316372
0.00322103
0.000721622
0.000513688
0.000320071
0.000139651
7.32014e-06
-6.28674e-05
-6.79201e-05
-1.42619e-05
8.54234e-05
0.000198936
0.000268818
0.00032674
0.000408116
0.000477109
0.000569224
0.000699921
0.000869473
0.00106781
0.00126058
0.00145421
0.000639503
0.000385063
0.000141271
-8.53468e-05
-0.000260295
-0.000373124
-0.000423311
-0.000415249
-0.00036612
-0.000302754
-0.000233137
-0.000155912
-4.5682e-05
6.95414e-05
0.000214739
0.000398993
0.000622654
0.000877046
0.00112688
0.00136843
0.000523964
0.000219592
-6.78681e-05
-0.000319252
-0.000507394
-0.000626257
-0.00067625
-0.000662487
-0.000594156
-0.000489772
-0.000392907
-0.000394846
-0.000330329
-0.000233598
-8.90542e-05
0.00010812
0.000355366
0.000646417
0.000946619
0.0012451
0.000456196
9.3423e-05
-0.000234944
-0.000512901
-0.000713253
-0.000834454
-0.00087512
-0.000836385
-0.000722642
-0.000535319
-0.000357015
-0.000511006
-0.000518464
-0.000463608
-0.000334266
-0.000132705
0.00013428
0.000461219
0.000813829
0.00116514
0.000457167
4.79197e-05
-0.000320128
-0.000625303
-0.000842815
-0.00097073
-0.00100115
-0.000923939
-0.000722788
-0.000389564
-9.94738e-05
-0.000470392
-0.000604217
-0.000606947
-0.000494159
-0.000285877
6.88486e-06
0.000368972
0.000761769
0.00115349
0.000516614
9.34303e-05
-0.000306465
-0.000646206
-0.000888449
-0.00103584
-0.00107519
-0.000983142
-0.00071162
-0.00020559
0.000213574
-0.000397292
-0.00065251
-0.000684122
-0.000561618
-0.000333662
-2.23342e-05
0.000360901
0.000777513
0.00119002
0.000616391
0.000209767
-0.000199644
-0.000561113
-0.000841773
-0.00103745
-0.0011342
-0.00109064
-0.000808262
-5.2961e-05
0.000588634
-0.000311786
-0.000714706
-0.00071798
-0.000554574
-0.000294887
3.67824e-05
0.00043043
0.000851613
0.00126003
0.000734189
0.000386663
4.38317e-06
-0.000358384
-0.000670827
-0.000922621
-0.00110123
-0.00116133
-0.000953956
0.000202333
0.00118032
-6.82244e-05
-0.000687962
-0.000652293
-0.000437977
-0.000144717
0.000198379
0.000581113
0.000976907
0.00134845
0.00091533
0.000701497
0.000406458
8.64467e-05
-0.000228836
-0.000520278
-0.000766319
-0.000906396
-0.000731306
0.000810111
0.00211266
0.000652962
-0.000323727
-0.000295819
-4.78236e-05
0.000260963
0.000589315
0.000924605
0.00124973
0.00151877
0.00316524
0.00296794
0.0027264
0.00246849
0.00219316
0.00191528
0.0016749
0.00160288
0.00202909
0.00283285
0.0036406
0.00303856
0.0023126
0.00213783
0.00232235
0.00258863
0.00286796
0.00316372
0.00352691
0.00397875
0.000878129
0.000710095
0.000546798
0.000405444
0.000310645
0.000271328
0.000287785
0.000353116
0.000450515
0.00055061
0.000627396
0.000718767
0.000816016
0.000886334
0.000955826
0.00104479
0.00116103
0.00130369
0.00145421
0.001614
0.00082556
0.000622858
0.000424669
0.000250392
0.000120723
4.28773e-05
1.64147e-05
3.4173e-05
8.36006e-05
0.000146964
0.000214072
0.000319314
0.000445696
0.000561028
0.000681833
0.000821188
0.000985729
0.00117446
0.00136843
0.00155507
0.000777528
0.00050052
0.000251354
3.93309e-05
-0.000120246
-0.000225017
-0.000276191
-0.000277668
-0.000235766
-0.00016298
-7.91667e-05
-1.88416e-05
8.9466e-05
0.000209139
0.000354264
0.000530468
0.000739628
0.000982795
0.0012451
0.00150383
0.00078844
0.000418095
0.000106597
-0.000145158
-0.000334277
-0.00045968
-0.000521285
-0.000517009
-0.000443945
-0.000311775
-0.000157293
-0.000224643
-0.000166936
-7.14093e-05
7.78949e-05
0.000277684
0.000525233
0.000824653
0.00116514
0.00151513
0.000861816
0.000401032
1.88281e-05
-0.000274359
-0.000486755
-0.000626049
-0.000691435
-0.000672608
-0.000544875
-0.000305036
-1.95128e-05
-0.000314241
-0.00033098
-0.000262918
-0.000114565
0.000102504
0.000381371
0.000731731
0.00115349
0.00156895
0.000980316
0.000466139
2.2119e-06
-0.00033993
-0.000583338
-0.000744513
-0.00082301
-0.000800245
-0.000613507
-0.000165846
0.000333514
-0.000364705
-0.00047318
-0.000418469
-0.000255914
-1.2489e-05
0.000308784
0.000712334
0.00119002
0.00164911
0.00110766
0.000595686
8.03747e-05
-0.000324324
-0.000619347
-0.000822751
-0.000944302
-0.000946789
-0.0007102
3.16823e-05
0.000728376
-0.000396465
-0.000631927
-0.000556974
-0.000343629
-5.37127e-05
0.000305943
0.000750381
0.00126003
0.00172433
0.00123599
0.000764535
0.000245417
-0.000195754
-0.000547129
-0.000817811
-0.00101795
-0.00110459
-0.000909615
0.000309118
0.00120401
-0.000396597
-0.000779663
-0.000616508
-0.000342769
-6.41549e-06
0.000383577
0.000841854
0.00134845
0.00180852
0.00165493
0.00103518
0.000568182
0.000140541
-0.00024125
-0.000575593
-0.000862923
-0.00106686
-0.00104513
0.000743534
0.00200892
0.000166951
-0.000622964
-0.000440081
-0.000120243
0.000242055
0.000629418
0.00105273
0.00151877
0.00220743
0.00426824
0.00369402
0.00298522
0.00249735
0.00209223
0.00172082
0.00139343
0.00123655
0.00165508
0.00257677
0.00341249
0.00265311
0.00182993
0.00179075
0.0020769
0.00242072
0.00278412
0.00322103
0.00397875
0.00479594
)
;

boundaryField
{
    floor
    {
        type            fixedFluxPressure;
        gradient        uniform 0;
        value           nonuniform List<scalar> 
400
(
-1.10117e-05
-0.000230711
-0.000423939
-0.000605425
-0.000753783
-0.000859487
-0.000911883
-0.00090322
-0.000834041
-0.000717396
-0.000580128
-0.0004358
-0.000288819
-0.000136858
2.19165e-05
0.000190515
0.000367922
0.000552906
0.000721622
0.000878129
-0.000230711
-0.000451555
-0.000639725
-0.000829517
-0.000987518
-0.00110158
-0.0011591
-0.00114778
-0.00106818
-0.000936008
-0.000800561
-0.000687623
-0.000578961
-0.000453679
-0.000301685
-0.000117049
9.27187e-05
0.000316026
0.000513688
0.000710095
-0.000423939
-0.000639725
-0.000830847
-0.00102072
-0.00117733
-0.00129233
-0.00135195
-0.00133351
-0.00120193
-0.000983328
-0.000787455
-0.000704536
-0.000654129
-0.000587265
-0.000488256
-0.00033296
-0.000130496
0.000102597
0.000320071
0.000546798
-0.000605425
-0.000829517
-0.00102072
-0.0012057
-0.00135776
-0.00147928
-0.00155642
-0.00154867
-0.00138827
-0.0010719
-0.000749116
-0.000611711
-0.000598186
-0.000597264
-0.000564055
-0.000470018
-0.000307585
-8.82453e-05
0.000139651
0.000405444
-0.000753783
-0.000987518
-0.00117733
-0.00135776
-0.00149972
-0.00161345
-0.00170674
-0.00174547
-0.00165688
-0.00132468
-0.000869115
-0.000581597
-0.000507369
-0.000511619
-0.000529985
-0.000502355
-0.000400671
-0.000217332
7.32014e-06
0.000310645
-0.000859487
-0.00110158
-0.00129233
-0.00147928
-0.00161345
-0.00167006
-0.0017264
-0.00182611
-0.00186658
-0.0016359
-0.00114671
-0.000679257
-0.000456515
-0.000411782
-0.000419045
-0.000437356
-0.000401808
-0.000270125
-6.28674e-05
0.000271328
-0.000911883
-0.0011591
-0.00135195
-0.00155642
-0.00170674
-0.0017264
-0.00163725
-0.00169798
-0.00191143
-0.00184955
-0.00138727
-0.00084193
-0.00046618
-0.000311188
-0.000265297
-0.000280975
-0.000312489
-0.000241341
-6.79201e-05
0.000287785
-0.00090322
-0.00114778
-0.00133351
-0.00154867
-0.00174547
-0.00182611
-0.00169798
-0.00169774
-0.00207443
-0.00214555
-0.00177997
-0.0010593
-0.000504981
-0.000169434
-3.77976e-05
-3.45396e-05
-0.000129379
-0.00014505
-1.42619e-05
0.000353116
-0.000834041
-0.00106818
-0.00120193
-0.00138827
-0.00165688
-0.00186658
-0.00191143
-0.00207443
-0.00434808
-0.00514789
-0.00342674
-0.00137803
-0.000422504
0.000131292
0.000323856
0.000303452
0.000127865
1.07236e-05
8.54234e-05
0.000450515
-0.000717396
-0.000936008
-0.000983328
-0.0010719
-0.00132468
-0.0016359
-0.00184955
-0.00214555
-0.00514789
-0.00883084
-0.00611835
-0.00126305
5.28495e-05
0.000666511
0.000795485
0.00067414
0.000388826
0.000172502
0.000198936
0.00055061
-0.000580128
-0.000800561
-0.000787455
-0.000749116
-0.000869115
-0.00114671
-0.00138727
-0.00177997
-0.00342674
-0.00611835
-0.00430219
-0.000269819
0.000863025
0.00123982
0.00117182
0.000894076
0.000522238
0.000259203
0.000268818
0.000627396
-0.0004358
-0.000687623
-0.000704536
-0.000611711
-0.000581597
-0.000679257
-0.00084193
-0.0010593
-0.00137803
-0.00126305
-0.000269819
0.00090791
0.00143426
0.00147157
0.00123498
0.000845319
0.000475328
0.000266423
0.00032674
0.000718767
-0.000288819
-0.000578961
-0.000654129
-0.000598186
-0.000507369
-0.000456515
-0.00046618
-0.000504981
-0.000422504
5.28495e-05
0.000863025
0.00143426
0.00155741
0.00140455
0.00106401
0.000680692
0.000385747
0.000282771
0.000408116
0.000816016
-0.000136858
-0.000453679
-0.000587265
-0.000597264
-0.000511619
-0.000411782
-0.000311188
-0.000169434
0.000131292
0.000666511
0.00123982
0.00147157
0.00140455
0.00112437
0.000761398
0.000452091
0.000277109
0.000290166
0.000477109
0.000886334
2.19165e-05
-0.000301685
-0.000488256
-0.000564055
-0.000529985
-0.000419045
-0.000265297
-3.77976e-05
0.000323856
0.000795485
0.00117182
0.00123498
0.00106401
0.000761398
0.000470959
0.00028155
0.000237068
0.000339801
0.000569224
0.000955826
0.000190515
-0.000117049
-0.00033296
-0.000470018
-0.000502355
-0.000437356
-0.000280975
-3.45396e-05
0.000303452
0.00067414
0.000894076
0.000845319
0.000680692
0.000452091
0.00028155
0.000222801
0.000280868
0.000453211
0.000699921
0.00104479
0.000367922
9.27187e-05
-0.000130496
-0.000307585
-0.000400671
-0.000401808
-0.000312489
-0.000129379
0.000127865
0.000388826
0.000522238
0.000475328
0.000385747
0.000277109
0.000237068
0.000280868
0.000415324
0.000626997
0.000869473
0.00116103
0.000552906
0.000316026
0.000102597
-8.82453e-05
-0.000217332
-0.000270125
-0.000241341
-0.00014505
1.07236e-05
0.000172502
0.000259203
0.000266423
0.000282771
0.000290166
0.000339801
0.000453211
0.000626997
0.000846132
0.00106781
0.00130369
0.000721622
0.000513688
0.000320071
0.000139651
7.32014e-06
-6.28674e-05
-6.79201e-05
-1.42619e-05
8.54234e-05
0.000198936
0.000268818
0.00032674
0.000408116
0.000477109
0.000569224
0.000699921
0.000869473
0.00106781
0.00126058
0.00145421
0.000878129
0.000710095
0.000546798
0.000405444
0.000310645
0.000271328
0.000287785
0.000353116
0.000450515
0.00055061
0.000627396
0.000718767
0.000816016
0.000886334
0.000955826
0.00104479
0.00116103
0.00130369
0.00145421
0.001614
)
;
    }
    ceiling
    {
        type            fixedFluxPressure;
        gradient        nonuniform List<scalar> 
400
(
0.221131
0.22547
0.22894
0.231117
0.232629
0.233671
0.23432
0.234293
0.232378
0.22836
0.225336
0.228978
0.233119
0.233541
0.232793
0.231575
0.229914
0.227489
0.22347
0.218306
0.22547
0.227403
0.229189
0.230582
0.231612
0.23231
0.232666
0.232406
0.230527
0.227471
0.224713
0.227686
0.231006
0.23185
0.231412
0.230455
0.229107
0.227306
0.224686
0.221197
0.22894
0.229189
0.22977
0.230385
0.230887
0.231196
0.231226
0.230691
0.22892
0.226419
0.223774
0.226118
0.228862
0.230154
0.230092
0.229473
0.228535
0.227354
0.22595
0.224486
0.231117
0.230582
0.230385
0.230357
0.230358
0.230271
0.229961
0.229136
0.227574
0.225375
0.222765
0.224478
0.226964
0.228444
0.228818
0.228607
0.228139
0.227578
0.227043
0.226708
0.232629
0.231612
0.230887
0.230358
0.229922
0.229468
0.228838
0.227777
0.226337
0.224339
0.221849
0.222769
0.225274
0.226713
0.227557
0.22781
0.227834
0.227832
0.227935
0.228271
0.233671
0.23231
0.231196
0.230271
0.229468
0.228698
0.22781
0.226674
0.225296
0.22341
0.221057
0.220997
0.223641
0.225231
0.226249
0.226996
0.227508
0.227996
0.228585
0.229375
0.23432
0.232666
0.231226
0.229961
0.228838
0.22781
0.22683
0.225916
0.226268
0.224383
0.220975
0.219513
0.221849
0.223775
0.224971
0.225995
0.226975
0.227899
0.228884
0.230024
0.234293
0.232406
0.230691
0.229136
0.227777
0.226674
0.225916
0.228556
0.240974
0.237849
0.22656
0.220248
0.219981
0.222184
0.223588
0.224717
0.225861
0.22714
0.228428
0.229794
0.232378
0.230527
0.22892
0.227574
0.226337
0.225296
0.226268
0.240974
0.273843
0.273812
0.252229
0.230604
0.220672
0.220354
0.221889
0.223077
0.224166
0.225238
0.226278
0.2275
0.22836
0.227471
0.226419
0.225375
0.224339
0.22341
0.224383
0.237849
0.273812
0.280398
0.258781
0.234643
0.221163
0.218408
0.219672
0.220796
0.221769
0.222653
0.223428
0.224067
0.225336
0.224713
0.223774
0.222765
0.221849
0.221057
0.220975
0.22656
0.252229
0.258781
0.243022
0.227051
0.217643
0.21579
0.216838
0.21784
0.218769
0.219646
0.220429
0.220909
0.228978
0.227686
0.226118
0.224478
0.222769
0.220997
0.219513
0.220248
0.230604
0.234643
0.227051
0.218341
0.214111
0.215321
0.217152
0.218646
0.220004
0.221329
0.222674
0.223837
0.233119
0.231006
0.228862
0.226964
0.225274
0.223641
0.221849
0.219981
0.220672
0.221163
0.217643
0.214111
0.215547
0.217779
0.219424
0.220829
0.222223
0.223707
0.225523
0.227409
0.233541
0.23185
0.230154
0.228444
0.226713
0.225231
0.223775
0.222184
0.220354
0.218408
0.21579
0.215321
0.217779
0.219633
0.221044
0.222316
0.223769
0.225191
0.226626
0.228126
0.232793
0.231412
0.230092
0.228818
0.227557
0.226249
0.224971
0.223588
0.221889
0.219672
0.216838
0.217152
0.219424
0.221044
0.222258
0.223396
0.224338
0.225246
0.226213
0.2273
0.231575
0.230455
0.229473
0.228607
0.22781
0.226996
0.225995
0.224717
0.223077
0.220796
0.21784
0.218646
0.220829
0.222316
0.223396
0.223965
0.224355
0.224753
0.225255
0.225939
0.229914
0.229107
0.228535
0.228139
0.227834
0.227508
0.226975
0.225861
0.224166
0.221769
0.218769
0.220004
0.222223
0.223769
0.224338
0.224355
0.224199
0.22404
0.223995
0.224191
0.227489
0.227306
0.227354
0.227578
0.227832
0.227996
0.227899
0.22714
0.225238
0.222653
0.219646
0.221329
0.223707
0.225191
0.225246
0.224753
0.22404
0.223235
0.222439
0.221872
0.22347
0.224686
0.22595
0.227043
0.227935
0.228585
0.228884
0.228428
0.226278
0.223428
0.220429
0.222674
0.225523
0.226626
0.226213
0.225255
0.223995
0.222439
0.220498
0.218128
0.218306
0.221197
0.224486
0.226708
0.228271
0.229375
0.230024
0.229794
0.2275
0.224067
0.220909
0.223837
0.227409
0.228126
0.2273
0.225939
0.224191
0.221872
0.218128
0.214321
)
;
        value           nonuniform List<scalar> 
400
(
0.0595295
0.0596955
0.0598843
0.0600122
0.0600571
0.0600213
0.0599144
0.0597374
0.0595255
0.0594693
0.0594312
0.0594096
0.0594703
0.05958
0.0596222
0.0595892
0.0594711
0.0592712
0.0590326
0.0588447
0.0596955
0.0598378
0.0599544
0.0600298
0.0600425
0.0599927
0.0598878
0.0597367
0.0595857
0.0595772
0.0595683
0.0595192
0.0594742
0.0595312
0.0595651
0.0595478
0.0594656
0.0593215
0.0591395
0.0589932
0.0598843
0.0599544
0.0599985
0.0600125
0.0599933
0.0599431
0.059865
0.0597642
0.0596716
0.0596858
0.0597063
0.0596269
0.0594514
0.0594185
0.0594217
0.0594188
0.059386
0.0593141
0.0592139
0.0591068
0.0600122
0.0600298
0.0600125
0.0599896
0.0599727
0.0599623
0.0599499
0.059923
0.059878
0.0598725
0.0598974
0.0597805
0.0594789
0.0593439
0.0592865
0.0592711
0.0592675
0.0592566
0.0592293
0.0591743
0.0600571
0.0600425
0.0599933
0.0599727
0.0600024
0.0600789
0.0601795
0.0602594
0.0602689
0.0601963
0.0601429
0.0599735
0.0595921
0.0593364
0.059193
0.0591364
0.0591317
0.0591532
0.0591769
0.0591599
0.0600213
0.0599927
0.0599431
0.0599623
0.0600789
0.0602916
0.0605692
0.0608287
0.0609322
0.0607173
0.0604628
0.0602017
0.0597821
0.0593869
0.0591457
0.0590251
0.0589917
0.0590147
0.0590614
0.0590646
0.0599144
0.0598878
0.059865
0.0599499
0.0601795
0.0605692
0.0610887
0.0616368
0.0619319
0.061458
0.0608575
0.0604316
0.0600099
0.0594912
0.0591376
0.0589456
0.0588623
0.0588574
0.058896
0.0588995
0.0597374
0.0597367
0.0597642
0.059923
0.0602594
0.0608287
0.0616368
0.0625579
0.0634761
0.0627333
0.0613727
0.0605731
0.0601577
0.0596116
0.0591733
0.0589093
0.0587708
0.0587135
0.0587098
0.058685
0.0595255
0.0595857
0.0596716
0.059878
0.0602689
0.0609322
0.0619319
0.0634761
0.0654404
0.064791
0.0624247
0.06078
0.0601637
0.0597246
0.059257
0.0589408
0.0587575
0.0586523
0.0585987
0.0585301
0.0594693
0.0595772
0.0596858
0.0598725
0.0601963
0.0607173
0.061458
0.0627333
0.064791
0.0645939
0.062329
0.060621
0.0600231
0.059727
0.0593451
0.0590642
0.0588914
0.0587739
0.0586899
0.0585936
0.0594312
0.0595683
0.0597063
0.0598974
0.0601429
0.0604628
0.0608575
0.0613727
0.0624247
0.062329
0.0610809
0.0601663
0.0598848
0.0597357
0.0594185
0.0591674
0.0589856
0.0588494
0.058748
0.0586398
0.0594096
0.0595192
0.0596269
0.0597805
0.0599735
0.0602017
0.0604316
0.0605731
0.06078
0.060621
0.0601663
0.059926
0.0598521
0.0596485
0.0593346
0.0590869
0.0589135
0.0587924
0.0587072
0.0586123
0.0594703
0.0594742
0.0594514
0.0594789
0.0595921
0.0597821
0.0600099
0.0601577
0.0601637
0.0600231
0.0598848
0.0598521
0.0597091
0.0593423
0.0590306
0.0588359
0.0587293
0.0586908
0.0586935
0.0586823
0.05958
0.0595312
0.0594185
0.0593439
0.0593364
0.0593869
0.0594912
0.0596116
0.0597246
0.059727
0.0597357
0.0596485
0.0593423
0.059042
0.0588353
0.0587255
0.0586952
0.0587266
0.0587944
0.0588223
0.0596222
0.0595651
0.0594217
0.0592865
0.059193
0.0591457
0.0591376
0.0591733
0.059257
0.0593451
0.0594185
0.0593346
0.0590306
0.0588353
0.0587287
0.0586963
0.0587241
0.0587935
0.0588757
0.0589018
0.0595892
0.0595478
0.0594188
0.0592711
0.0591364
0.0590251
0.0589456
0.0589093
0.0589408
0.0590642
0.0591674
0.0590869
0.0588359
0.0587255
0.0586963
0.0587202
0.0587753
0.0588438
0.0589023
0.0589054
0.0594711
0.0594656
0.059386
0.0592675
0.0591317
0.0589917
0.0588623
0.0587708
0.0587575
0.0588914
0.0589856
0.0589135
0.0587293
0.0586952
0.0587241
0.0587753
0.0588249
0.058859
0.0588666
0.058832
0.0592712
0.0593215
0.0593141
0.0592566
0.0591532
0.0590147
0.0588574
0.0587135
0.0586523
0.0587739
0.0588494
0.0587924
0.0586908
0.0587266
0.0587935
0.0588438
0.058859
0.0588328
0.0587735
0.058689
0.0590326
0.0591395
0.0592139
0.0592293
0.0591769
0.0590614
0.058896
0.0587098
0.0585987
0.0586899
0.058748
0.0587072
0.0586935
0.0587944
0.0588757
0.0589023
0.0588666
0.0587735
0.0586515
0.0585107
0.0588447
0.0589932
0.0591068
0.0591743
0.0591599
0.0590646
0.0588995
0.058685
0.0585301
0.0585936
0.0586398
0.0586123
0.0586823
0.0588223
0.0589018
0.0589054
0.058832
0.058689
0.0585107
0.0583761
)
;
    }
    fixedWalls
    {
        type            fixedFluxPressure;
        gradient        uniform 0;
        value           nonuniform List<scalar> 
800
(
-1.10117e-05
-5.098e-05
-3.31435e-05
0.000166384
0.000420746
0.000687596
0.00094087
0.00118578
0.00155105
0.0042466
-0.000230711
-0.000326724
-0.000355753
-0.000289783
-0.000154303
4.46806e-05
0.000286779
0.000562845
0.000913183
0.00332808
-0.000423939
-0.000550553
-0.000636722
-0.000655055
-0.000609135
-0.000502256
-0.00031181
-4.15058e-05
0.000368952
0.00264923
-0.000605425
-0.000756612
-0.000874091
-0.000934481
-0.000937292
-0.000877486
-0.000741078
-0.000500794
-6.98455e-05
0.0022329
-0.000753783
-0.000926242
-0.00105903
-0.00113579
-0.00116018
-0.00112844
-0.00103405
-0.000834103
-0.000422746
0.00189992
-0.000859487
-0.00105017
-0.00119016
-0.00126968
-0.00129783
-0.00127804
-0.00120956
-0.00106124
-0.000704582
0.00160351
-0.000911883
-0.00111999
-0.00126456
-0.001342
-0.00136272
-0.00133966
-0.00128952
-0.00120165
-0.000927603
0.00133429
-0.00090322
-0.00113154
-0.00128211
-0.00135749
-0.00136291
-0.00131883
-0.00126863
-0.00122771
-0.00106608
0.00116405
-0.000834041
-0.00108741
-0.00124922
-0.001322
-0.00130427
-0.00121073
-0.00110556
-0.00109545
-0.00100405
0.00143095
-0.000717396
-0.00100017
-0.00117392
-0.00124456
-0.0011997
-0.000998817
-0.000522366
-4.39242e-05
0.000496708
0.00237923
-0.000580128
-0.000881834
-0.00106855
-0.00113127
-0.00102854
-0.000562949
0.000157616
0.000816461
0.00151783
0.00309722
-0.0004358
-0.000737214
-0.000961794
-0.00108928
-0.00111305
-0.00103953
-0.000920812
-0.000868611
-0.000777727
0.00216502
-0.000288819
-0.000570345
-0.00082637
-0.00101044
-0.00110985
-0.00115577
-0.00118891
-0.00122197
-0.00109373
0.00119055
-0.000136858
-0.000395738
-0.000669272
-0.000890659
-0.00103078
-0.00111598
-0.00116596
-0.0011503
-0.000947925
0.00119472
2.19165e-05
-0.000209471
-0.000483038
-0.00072005
-0.000881036
-0.000967157
-0.000988677
-0.000931247
-0.000684553
0.00142385
0.000190515
-8.65058e-06
-0.000266495
-0.000496447
-0.000647789
-0.000724985
-0.00072489
-0.000635991
-0.000370527
0.00169539
0.000367922
0.000204879
-2.37658e-05
-0.000226597
-0.000351397
-0.000398954
-0.000370363
-0.000262219
-8.83546e-06
0.00199267
0.000552906
0.000429813
0.000249518
9.8097e-05
2.31572e-05
2.1956e-05
8.47865e-05
0.000200414
0.000414659
0.00239901
0.000721622
0.000639503
0.000523964
0.000456196
0.000457167
0.000516614
0.000616391
0.000734189
0.00091533
0.00316524
0.000878129
0.00082556
0.000777528
0.00078844
0.000861816
0.000980316
0.00110766
0.00123599
0.00165493
0.00426824
0.000878129
0.00082556
0.000777528
0.00078844
0.000861816
0.000980316
0.00110766
0.00123599
0.00165493
0.00426824
0.000710095
0.000622858
0.00050052
0.000418095
0.000401032
0.000466139
0.000595686
0.000764535
0.00103518
0.00369402
0.000546798
0.000424669
0.000251354
0.000106597
1.88281e-05
2.2119e-06
8.03747e-05
0.000245417
0.000568182
0.00298522
0.000405444
0.000250392
3.93309e-05
-0.000145158
-0.000274359
-0.00033993
-0.000324324
-0.000195754
0.000140541
0.00249735
0.000310645
0.000120723
-0.000120246
-0.000334277
-0.000486755
-0.000583338
-0.000619347
-0.000547129
-0.00024125
0.00209223
0.000271328
4.28773e-05
-0.000225017
-0.00045968
-0.000626049
-0.000744513
-0.000822751
-0.000817811
-0.000575593
0.00172082
0.000287785
1.64147e-05
-0.000276191
-0.000521285
-0.000691435
-0.00082301
-0.000944302
-0.00101795
-0.000862923
0.00139343
0.000353116
3.4173e-05
-0.000277668
-0.000517009
-0.000672608
-0.000800245
-0.000946789
-0.00110459
-0.00106686
0.00123655
0.000450515
8.36006e-05
-0.000235766
-0.000443945
-0.000544875
-0.000613507
-0.0007102
-0.000909615
-0.00104513
0.00165508
0.00055061
0.000146964
-0.00016298
-0.000311775
-0.000305036
-0.000165846
3.16823e-05
0.000309118
0.000743534
0.00257677
0.000627396
0.000214072
-7.91667e-05
-0.000157293
-1.95128e-05
0.000333514
0.000728376
0.00120401
0.00200892
0.00341249
0.000718767
0.000319314
-1.88416e-05
-0.000224643
-0.000314241
-0.000364705
-0.000396465
-0.000396597
0.000166951
0.00265311
0.000816016
0.000445696
8.9466e-05
-0.000166936
-0.00033098
-0.00047318
-0.000631927
-0.000779663
-0.000622964
0.00182993
0.000886334
0.000561028
0.000209139
-7.14093e-05
-0.000262918
-0.000418469
-0.000556974
-0.000616508
-0.000440081
0.00179075
0.000955826
0.000681833
0.000354264
7.78949e-05
-0.000114565
-0.000255914
-0.000343629
-0.000342769
-0.000120243
0.0020769
0.00104479
0.000821188
0.000530468
0.000277684
0.000102504
-1.2489e-05
-5.37127e-05
-6.41549e-06
0.000242055
0.00242072
0.00116103
0.000985729
0.000739628
0.000525233
0.000381371
0.000308784
0.000305943
0.000383577
0.000629418
0.00278412
0.00130369
0.00117446
0.000982795
0.000824653
0.000731731
0.000712334
0.000750381
0.000841854
0.00105273
0.00322103
0.00145421
0.00136843
0.0012451
0.00116514
0.00115349
0.00119002
0.00126003
0.00134845
0.00151877
0.00397875
0.001614
0.00155507
0.00150383
0.00151513
0.00156895
0.00164911
0.00172433
0.00180852
0.00220743
0.00479594
-1.10117e-05
-5.098e-05
-3.31435e-05
0.000166384
0.000420746
0.000687596
0.00094087
0.00118578
0.00155105
0.0042466
-0.000230711
-0.000326724
-0.000355753
-0.000289783
-0.000154303
4.46806e-05
0.000286779
0.000562845
0.000913183
0.00332808
-0.000423939
-0.000550553
-0.000636722
-0.000655055
-0.000609135
-0.000502256
-0.00031181
-4.15058e-05
0.000368952
0.00264923
-0.000605425
-0.000756612
-0.000874091
-0.000934481
-0.000937292
-0.000877486
-0.000741078
-0.000500794
-6.98455e-05
0.0022329
-0.000753783
-0.000926242
-0.00105903
-0.00113579
-0.00116018
-0.00112844
-0.00103405
-0.000834103
-0.000422746
0.00189992
-0.000859487
-0.00105017
-0.00119016
-0.00126968
-0.00129783
-0.00127804
-0.00120956
-0.00106124
-0.000704582
0.00160351
-0.000911883
-0.00111999
-0.00126456
-0.001342
-0.00136272
-0.00133966
-0.00128952
-0.00120165
-0.000927603
0.00133429
-0.00090322
-0.00113154
-0.00128211
-0.00135749
-0.00136291
-0.00131883
-0.00126863
-0.00122771
-0.00106608
0.00116405
-0.000834041
-0.00108741
-0.00124922
-0.001322
-0.00130427
-0.00121073
-0.00110556
-0.00109545
-0.00100405
0.00143095
-0.000717396
-0.00100017
-0.00117392
-0.00124456
-0.0011997
-0.000998817
-0.000522366
-4.39242e-05
0.000496708
0.00237923
-0.000580128
-0.000881834
-0.00106855
-0.00113127
-0.00102854
-0.000562949
0.000157616
0.000816461
0.00151783
0.00309722
-0.0004358
-0.000737214
-0.000961794
-0.00108928
-0.00111305
-0.00103953
-0.000920812
-0.000868611
-0.000777727
0.00216502
-0.000288819
-0.000570345
-0.00082637
-0.00101044
-0.00110985
-0.00115577
-0.00118891
-0.00122197
-0.00109373
0.00119055
-0.000136858
-0.000395738
-0.000669272
-0.000890659
-0.00103078
-0.00111598
-0.00116596
-0.0011503
-0.000947925
0.00119472
2.19165e-05
-0.000209471
-0.000483038
-0.00072005
-0.000881036
-0.000967157
-0.000988677
-0.000931247
-0.000684553
0.00142385
0.000190515
-8.65058e-06
-0.000266495
-0.000496447
-0.000647789
-0.000724985
-0.00072489
-0.000635991
-0.000370527
0.00169539
0.000367922
0.000204879
-2.37658e-05
-0.000226597
-0.000351397
-0.000398954
-0.000370363
-0.000262219
-8.83546e-06
0.00199267
0.000552906
0.000429813
0.000249518
9.8097e-05
2.31572e-05
2.1956e-05
8.47865e-05
0.000200414
0.000414659
0.00239901
0.000721622
0.000639503
0.000523964
0.000456196
0.000457167
0.000516614
0.000616391
0.000734189
0.00091533
0.00316524
0.000878129
0.00082556
0.000777528
0.00078844
0.000861816
0.000980316
0.00110766
0.00123599
0.00165493
0.00426824
0.000878129
0.00082556
0.000777528
0.00078844
0.000861816
0.000980316
0.00110766
0.00123599
0.00165493
0.00426824
0.000710095
0.000622858
0.00050052
0.000418095
0.000401032
0.000466139
0.000595686
0.000764535
0.00103518
0.00369402
0.000546798
0.000424669
0.000251354
0.000106597
1.88281e-05
2.2119e-06
8.03747e-05
0.000245417
0.000568182
0.00298522
0.000405444
0.000250392
3.93309e-05
-0.000145158
-0.000274359
-0.00033993
-0.000324324
-0.000195754
0.000140541
0.00249735
0.000310645
0.000120723
-0.000120246
-0.000334277
-0.000486755
-0.000583338
-0.000619347
-0.000547129
-0.00024125
0.00209223
0.000271328
4.28773e-05
-0.000225017
-0.00045968
-0.000626049
-0.000744513
-0.000822751
-0.000817811
-0.000575593
0.00172082
0.000287785
1.64147e-05
-0.000276191
-0.000521285
-0.000691435
-0.00082301
-0.000944302
-0.00101795
-0.000862923
0.00139343
0.000353116
3.4173e-05
-0.000277668
-0.000517009
-0.000672608
-0.000800245
-0.000946789
-0.00110459
-0.00106686
0.00123655
0.000450515
8.36006e-05
-0.000235766
-0.000443945
-0.000544875
-0.000613507
-0.0007102
-0.000909615
-0.00104513
0.00165508
0.00055061
0.000146964
-0.00016298
-0.000311775
-0.000305036
-0.000165846
3.16823e-05
0.000309118
0.000743534
0.00257677
0.000627396
0.000214072
-7.91667e-05
-0.000157293
-1.95128e-05
0.000333514
0.000728376
0.00120401
0.00200892
0.00341249
0.000718767
0.000319314
-1.88416e-05
-0.000224643
-0.000314241
-0.000364705
-0.000396465
-0.000396597
0.000166951
0.00265311
0.000816016
0.000445696
8.9466e-05
-0.000166936
-0.00033098
-0.00047318
-0.000631927
-0.000779663
-0.000622964
0.00182993
0.000886334
0.000561028
0.000209139
-7.14093e-05
-0.000262918
-0.000418469
-0.000556974
-0.000616508
-0.000440081
0.00179075
0.000955826
0.000681833
0.000354264
7.78949e-05
-0.000114565
-0.000255914
-0.000343629
-0.000342769
-0.000120243
0.0020769
0.00104479
0.000821188
0.000530468
0.000277684
0.000102504
-1.2489e-05
-5.37127e-05
-6.41549e-06
0.000242055
0.00242072
0.00116103
0.000985729
0.000739628
0.000525233
0.000381371
0.000308784
0.000305943
0.000383577
0.000629418
0.00278412
0.00130369
0.00117446
0.000982795
0.000824653
0.000731731
0.000712334
0.000750381
0.000841854
0.00105273
0.00322103
0.00145421
0.00136843
0.0012451
0.00116514
0.00115349
0.00119002
0.00126003
0.00134845
0.00151877
0.00397875
0.001614
0.00155507
0.00150383
0.00151513
0.00156895
0.00164911
0.00172433
0.00180852
0.00220743
0.00479594
)
;
    }
}


// ************************************************************************* //
