/*--------------------------------*- C++ -*----------------------------------*\
  =========                 |
  \\      /  F ield         | OpenFOAM: The Open Source CFD Toolbox
   \\    /   O peration     | Website:  https://openfoam.org
    \\  /    A nd           | Version:  8
     \\/     M anipulation  |
\*---------------------------------------------------------------------------*/
FoamFile
{
    version     2.0;
    format      ascii;
    class       volScalarField;
    location    "200";
    object      T;
}
// * * * * * * * * * * * * * * * * * * * * * * * * * * * * * * * * * * * * * //

dimensions      [0 0 0 1 0 0 0];

internalField   nonuniform List<scalar> 
4000
(
300.362
300.374
300.381
300.386
300.388
300.39
300.391
300.391
300.391
300.391
300.391
300.389
300.388
300.386
300.384
300.382
300.378
300.374
300.367
300.359
300.381
300.391
300.398
300.402
300.405
300.407
300.408
300.408
300.407
300.406
300.405
300.403
300.401
300.399
300.397
300.394
300.391
300.386
300.381
300.375
300.389
300.397
300.404
300.408
300.411
300.413
300.414
300.413
300.412
300.411
300.409
300.408
300.406
300.404
300.403
300.4
300.397
300.392
300.387
300.381
300.392
300.4
300.407
300.411
300.414
300.415
300.415
300.415
300.414
300.412
300.411
300.41
300.409
300.407
300.406
300.403
300.4
300.396
300.39
300.384
300.393
300.402
300.408
300.412
300.414
300.416
300.416
300.415
300.414
300.412
300.411
300.411
300.41
300.409
300.408
300.405
300.402
300.398
300.392
300.386
300.394
300.402
300.408
300.412
300.414
300.415
300.416
300.415
300.413
300.411
300.407
300.411
300.411
300.411
300.409
300.407
300.404
300.399
300.394
300.388
300.395
300.402
300.408
300.412
300.414
300.415
300.415
300.414
300.412
300.407
300.4
300.409
300.412
300.412
300.41
300.408
300.404
300.4
300.395
300.39
300.395
300.401
300.407
300.411
300.413
300.415
300.415
300.414
300.412
300.403
300.395
300.409
300.412
300.412
300.41
300.408
300.405
300.4
300.396
300.391
300.394
300.4
300.405
300.408
300.411
300.413
300.414
300.414
300.412
300.4
300.392
300.409
300.412
300.411
300.41
300.407
300.404
300.4
300.395
300.389
300.376
300.383
300.389
300.393
300.395
300.397
300.398
300.398
300.395
300.388
300.383
300.389
300.396
300.397
300.396
300.393
300.391
300.386
300.38
300.371
300.374
300.383
300.39
300.395
300.397
300.398
300.399
300.399
300.399
300.399
300.398
300.396
300.394
300.392
300.39
300.388
300.385
300.38
300.374
300.366
300.391
300.398
300.405
300.41
300.413
300.415
300.415
300.415
300.414
300.412
300.41
300.409
300.407
300.405
300.403
300.401
300.397
300.393
300.387
300.38
300.397
300.404
300.41
300.414
300.417
300.419
300.419
300.418
300.415
300.413
300.411
300.411
300.41
300.409
300.408
300.405
300.402
300.398
300.393
300.387
300.4
300.407
300.412
300.416
300.418
300.419
300.419
300.417
300.415
300.412
300.41
300.41
300.411
300.411
300.409
300.408
300.405
300.401
300.396
300.39
300.402
300.407
300.412
300.415
300.417
300.418
300.417
300.416
300.413
300.41
300.407
300.41
300.411
300.411
300.41
300.409
300.406
300.402
300.398
300.393
300.402
300.407
300.411
300.414
300.416
300.417
300.416
300.415
300.412
300.407
300.403
300.409
300.411
300.412
300.411
300.409
300.406
300.403
300.398
300.394
300.402
300.406
300.41
300.413
300.415
300.416
300.415
300.414
300.411
300.405
300.399
300.408
300.411
300.412
300.411
300.409
300.406
300.403
300.399
300.395
300.401
300.405
300.409
300.411
300.413
300.414
300.415
300.414
300.411
300.403
300.395
300.407
300.412
300.412
300.41
300.408
300.406
300.403
300.399
300.395
300.4
300.403
300.406
300.408
300.41
300.411
300.412
300.412
300.41
300.4
300.391
300.403
300.41
300.41
300.409
300.406
300.404
300.401
300.398
300.395
300.383
300.386
300.389
300.392
300.393
300.395
300.395
300.395
300.392
300.386
300.382
300.387
300.392
300.394
300.393
300.392
300.389
300.386
300.382
300.376
300.381
300.39
300.397
300.401
300.404
300.405
300.405
300.405
300.405
300.404
300.403
300.401
300.399
300.396
300.394
300.391
300.388
300.384
300.379
300.371
300.398
300.405
300.411
300.416
300.419
300.421
300.421
300.419
300.417
300.414
300.411
300.41
300.41
300.409
300.407
300.405
300.402
300.397
300.392
300.385
300.404
300.41
300.415
300.419
300.422
300.423
300.423
300.421
300.418
300.413
300.41
300.41
300.411
300.411
300.41
300.408
300.406
300.402
300.397
300.391
300.407
300.412
300.416
300.419
300.421
300.422
300.422
300.42
300.416
300.411
300.407
300.409
300.411
300.411
300.411
300.41
300.408
300.404
300.4
300.395
300.408
300.412
300.415
300.418
300.419
300.42
300.419
300.418
300.414
300.409
300.404
300.408
300.41
300.411
300.411
300.41
300.408
300.405
300.402
300.397
300.408
300.411
300.414
300.416
300.417
300.418
300.417
300.416
300.412
300.406
300.401
300.407
300.41
300.412
300.411
300.41
300.408
300.406
300.402
300.399
300.408
300.41
300.413
300.414
300.415
300.416
300.415
300.414
300.411
300.404
300.398
300.406
300.41
300.412
300.411
300.41
300.408
300.405
300.403
300.4
300.407
300.409
300.411
300.412
300.413
300.414
300.414
300.413
300.41
300.402
300.394
300.404
300.41
300.411
300.41
300.409
300.407
300.405
300.402
300.4
300.405
300.406
300.407
300.409
300.41
300.41
300.411
300.41
300.408
300.399
300.39
300.4
300.407
300.408
300.407
300.406
300.404
300.402
300.4
300.398
300.389
300.389
300.39
300.391
300.392
300.393
300.393
300.392
300.389
300.385
300.38
300.384
300.389
300.391
300.391
300.39
300.388
300.386
300.384
300.381
300.386
300.395
300.401
300.406
300.409
300.41
300.411
300.411
300.409
300.408
300.406
300.404
300.401
300.399
300.396
300.393
300.39
300.387
300.382
300.374
300.402
300.41
300.416
300.42
300.424
300.426
300.426
300.424
300.421
300.416
300.412
300.411
300.41
300.41
300.409
300.407
300.404
300.4
300.395
300.387
300.408
300.414
300.419
300.423
300.426
300.428
300.428
300.427
300.422
300.416
300.41
300.41
300.41
300.411
300.411
300.41
300.408
300.405
300.4
300.394
300.411
300.416
300.419
300.422
300.424
300.426
300.427
300.426
300.422
300.414
300.407
300.408
300.41
300.411
300.411
300.41
300.409
300.407
300.403
300.398
300.412
300.415
300.418
300.42
300.421
300.423
300.424
300.424
300.42
300.411
300.404
300.406
300.409
300.411
300.411
300.411
300.409
300.407
300.405
300.4
300.412
300.414
300.416
300.417
300.418
300.419
300.42
300.42
300.416
300.408
300.401
300.404
300.409
300.411
300.411
300.411
300.409
300.408
300.405
300.402
300.412
300.413
300.414
300.415
300.416
300.416
300.416
300.415
300.413
300.405
300.397
300.403
300.409
300.411
300.411
300.41
300.409
300.407
300.405
300.403
300.411
300.411
300.412
300.413
300.413
300.413
300.413
300.412
300.409
300.402
300.394
300.4
300.408
300.41
300.41
300.409
300.408
300.406
300.405
300.403
300.408
300.408
300.409
300.409
300.409
300.409
300.409
300.408
300.405
300.397
300.388
300.395
300.404
300.406
300.406
300.405
300.404
300.403
300.402
300.402
300.393
300.392
300.391
300.391
300.391
300.391
300.391
300.389
300.387
300.383
300.378
300.381
300.386
300.388
300.389
300.388
300.388
300.387
300.386
300.385
300.388
300.397
300.404
300.409
300.413
300.415
300.416
300.415
300.414
300.411
300.408
300.406
300.403
300.4
300.398
300.395
300.392
300.388
300.383
300.376
300.405
300.413
300.419
300.424
300.428
300.431
300.432
300.432
300.428
300.422
300.416
300.412
300.411
300.41
300.409
300.408
300.405
300.402
300.397
300.389
300.411
300.417
300.422
300.426
300.43
300.434
300.436
300.436
300.432
300.424
300.415
300.411
300.41
300.411
300.41
300.41
300.408
300.406
300.402
300.396
300.414
300.418
300.421
300.424
300.428
300.432
300.436
300.437
300.434
300.424
300.412
300.408
300.409
300.41
300.41
300.41
300.409
300.408
300.405
300.399
300.414
300.417
300.419
300.421
300.424
300.427
300.432
300.435
300.433
300.421
300.408
300.405
300.408
300.41
300.41
300.41
300.41
300.408
300.406
300.402
300.414
300.416
300.417
300.418
300.42
300.422
300.425
300.429
300.428
300.417
300.404
300.402
300.407
300.409
300.41
300.41
300.41
300.409
300.407
300.404
300.414
300.415
300.415
300.416
300.416
300.417
300.419
300.421
300.42
300.411
300.399
300.4
300.406
300.409
300.41
300.41
300.409
300.408
300.407
300.405
300.413
300.413
300.413
300.413
300.413
300.413
300.413
300.413
300.412
300.404
300.394
300.396
300.405
300.408
300.409
300.409
300.408
300.407
300.407
300.405
300.411
300.41
300.41
300.409
300.409
300.409
300.408
300.407
300.403
300.396
300.387
300.391
300.4
300.404
300.405
300.405
300.405
300.404
300.404
300.404
300.395
300.393
300.392
300.391
300.391
300.39
300.389
300.387
300.385
300.381
300.377
300.378
300.383
300.385
300.387
300.387
300.387
300.387
300.387
300.388
300.39
300.398
300.405
300.41
300.415
300.42
300.421
300.418
300.416
300.414
300.411
300.408
300.405
300.401
300.398
300.395
300.392
300.389
300.384
300.377
300.407
300.415
300.421
300.426
300.431
300.435
300.437
300.438
300.435
300.43
300.423
300.416
300.413
300.41
300.409
300.407
300.406
300.403
300.398
300.39
300.413
300.419
300.423
300.428
300.434
300.44
300.445
300.447
300.445
300.437
300.425
300.415
300.412
300.411
300.41
300.409
300.408
300.406
300.403
300.397
300.415
300.419
300.422
300.426
300.432
300.439
300.447
300.453
300.453
300.442
300.424
300.413
300.409
300.409
300.41
300.41
300.409
300.408
300.405
300.4
300.416
300.418
300.42
300.423
300.427
300.435
300.444
300.453
300.456
300.443
300.422
300.409
300.407
300.408
300.409
300.41
300.409
300.408
300.407
300.403
300.415
300.417
300.418
300.419
300.422
300.428
300.437
300.448
300.453
300.439
300.416
300.404
300.405
300.408
300.409
300.41
300.41
300.409
300.407
300.404
300.415
300.416
300.416
300.416
300.417
300.42
300.426
300.436
300.441
300.429
300.408
300.399
300.403
300.407
300.409
300.409
300.409
300.409
300.408
300.406
300.415
300.414
300.414
300.413
300.413
300.413
300.415
300.42
300.424
300.414
300.398
300.393
300.4
300.406
300.408
300.408
300.408
300.408
300.408
300.407
300.413
300.411
300.41
300.409
300.409
300.408
300.407
300.407
300.406
300.399
300.388
300.386
300.396
300.402
300.404
300.404
300.405
300.405
300.405
300.406
300.397
300.395
300.393
300.391
300.39
300.389
300.387
300.385
300.383
300.38
300.376
300.375
300.38
300.383
300.384
300.386
300.387
300.387
300.388
300.39
300.391
300.399
300.405
300.411
300.416
300.421
300.426
300.424
300.419
300.415
300.412
300.409
300.405
300.401
300.398
300.395
300.393
300.389
300.385
300.378
300.408
300.415
300.421
300.426
300.432
300.437
300.442
300.446
300.444
300.438
300.43
300.422
300.415
300.411
300.408
300.406
300.405
300.403
300.399
300.391
300.414
300.419
300.423
300.428
300.436
300.445
300.452
300.46
300.463
300.452
300.438
300.424
300.415
300.411
300.409
300.408
300.407
300.406
300.403
300.397
300.415
300.419
300.422
300.427
300.436
300.447
300.458
300.47
300.476
300.463
300.444
300.423
300.413
300.409
300.409
300.408
300.408
300.407
300.405
300.401
300.416
300.417
300.419
300.424
300.432
300.444
300.459
300.475
300.484
300.471
300.446
300.421
300.41
300.408
300.408
300.408
300.408
300.408
300.406
300.403
300.416
300.416
300.417
300.42
300.425
300.437
300.454
300.473
300.486
300.473
300.443
300.416
300.406
300.406
300.408
300.408
300.409
300.408
300.407
300.404
300.415
300.415
300.415
300.416
300.419
300.426
300.441
300.462
300.478
300.465
300.433
300.407
300.402
300.404
300.407
300.408
300.409
300.408
300.408
300.406
300.415
300.415
300.414
300.413
300.413
300.415
300.423
300.44
300.457
300.444
300.416
300.397
300.397
300.402
300.406
300.407
300.408
300.408
300.408
300.407
300.414
300.412
300.411
300.409
300.408
300.407
300.408
300.414
300.425
300.415
300.396
300.385
300.39
300.398
300.402
300.403
300.404
300.405
300.406
300.406
300.398
300.395
300.393
300.391
300.389
300.387
300.385
300.384
300.384
300.381
300.375
300.373
300.377
300.38
300.382
300.384
300.386
300.387
300.389
300.391
300.391
300.399
300.405
300.411
300.415
300.418
300.424
300.45
300.464
300.443
300.43
300.41
300.405
300.401
300.397
300.395
300.393
300.39
300.385
300.379
300.408
300.415
300.419
300.424
300.432
300.438
300.446
300.476
300.51
300.483
300.447
300.428
300.417
300.41
300.406
300.405
300.404
300.402
300.399
300.391
300.413
300.418
300.421
300.427
300.436
300.447
300.46
300.491
300.524
300.496
300.455
300.434
300.419
300.41
300.407
300.406
300.406
300.405
300.403
300.397
300.415
300.417
300.42
300.426
300.437
300.453
300.47
300.499
300.53
300.504
300.463
300.437
300.418
300.409
300.407
300.406
300.406
300.406
300.405
300.401
300.415
300.416
300.418
300.424
300.435
300.453
300.475
300.503
300.532
300.511
300.471
300.438
300.416
300.408
300.406
300.406
300.406
300.406
300.405
300.402
300.415
300.415
300.416
300.42
300.429
300.448
300.473
300.502
300.531
300.514
300.477
300.438
300.412
300.405
300.405
300.406
300.407
300.406
300.405
300.404
300.414
300.414
300.414
300.415
300.421
300.436
300.462
300.493
300.524
300.511
300.474
300.431
300.406
300.402
300.404
300.406
300.407
300.407
300.406
300.405
300.414
300.414
300.413
300.412
300.413
300.42
300.44
300.471
300.505
300.494
300.457
300.415
300.398
300.399
300.403
300.405
300.406
300.407
300.407
300.406
300.414
300.412
300.41
300.408
300.407
300.407
300.414
300.436
300.47
300.461
300.425
300.396
300.388
300.393
300.398
300.401
300.403
300.404
300.406
300.406
300.398
300.395
300.392
300.389
300.387
300.385
300.384
300.388
300.409
300.404
300.385
300.374
300.374
300.377
300.38
300.382
300.384
300.386
300.388
300.39
300.391
300.399
300.405
300.409
300.414
300.416
300.419
300.464
300.698
300.725
300.554
300.414
300.403
300.399
300.395
300.394
300.393
300.39
300.386
300.379
300.407
300.414
300.417
300.421
300.428
300.435
300.444
300.51
300.664
300.653
300.504
300.433
300.416
300.408
300.403
300.402
300.402
300.401
300.399
300.391
300.412
300.415
300.418
300.422
300.432
300.445
300.463
300.524
300.633
300.607
300.49
300.441
300.42
300.408
300.404
300.403
300.403
300.403
300.402
300.397
300.414
300.415
300.416
300.422
300.434
300.453
300.476
300.53
300.612
300.581
300.489
300.447
300.421
300.408
300.403
300.403
300.403
300.404
300.403
300.4
300.414
300.413
300.414
300.42
300.433
300.456
300.484
300.532
300.598
300.57
300.494
300.452
300.421
300.406
300.403
300.403
300.403
300.403
300.403
300.402
300.413
300.412
300.412
300.416
300.428
300.453
300.486
300.531
300.587
300.566
300.501
300.455
300.419
300.404
300.402
300.402
300.403
300.403
300.403
300.402
300.412
300.411
300.411
300.413
300.42
300.441
300.478
300.524
300.576
300.562
300.506
300.455
300.415
300.401
300.4
300.402
300.403
300.404
300.403
300.402
300.412
300.411
300.41
300.409
300.412
300.424
300.457
300.505
300.558
300.55
300.5
300.445
300.406
300.395
300.398
300.401
300.403
300.404
300.404
300.403
300.412
300.41
300.408
300.405
300.403
300.406
300.425
300.47
300.525
300.523
300.478
300.424
300.393
300.388
300.393
300.396
300.399
300.401
300.403
300.405
300.395
300.392
300.389
300.387
300.385
300.383
300.384
300.409
300.465
300.465
300.429
300.392
300.375
300.374
300.377
300.379
300.381
300.383
300.384
300.387
300.391
300.399
300.404
300.408
300.411
300.414
300.415
300.443
300.725
301.085
300.837
300.417
300.4
300.396
300.393
300.393
300.392
300.39
300.386
300.379
300.406
300.412
300.414
300.416
300.422
300.43
300.438
300.483
300.653
300.755
300.546
300.43
300.411
300.402
300.4
300.4
300.4
300.4
300.399
300.391
300.411
300.413
300.413
300.416
300.424
300.437
300.452
300.496
300.607
300.631
300.493
300.435
300.414
300.402
300.399
300.399
300.401
300.402
300.402
300.397
300.412
300.412
300.411
300.414
300.424
300.442
300.463
300.504
300.581
300.58
300.485
300.443
300.417
300.401
300.398
300.398
300.4
300.401
300.402
300.4
300.412
300.41
300.409
300.411
300.421
300.443
300.471
300.511
300.57
300.561
300.491
300.451
300.417
300.4
300.396
300.397
300.399
300.4
300.401
300.401
300.411
300.407
300.406
300.408
300.417
300.439
300.473
300.514
300.566
300.559
300.502
300.457
300.416
300.398
300.395
300.396
300.398
300.398
300.399
300.399
300.407
300.405
300.404
300.405
300.411
300.429
300.465
300.511
300.562
300.559
300.509
300.458
300.414
300.395
300.393
300.395
300.396
300.397
300.397
300.396
300.403
300.403
300.402
300.402
300.404
300.414
300.444
300.494
300.55
300.552
300.507
300.452
300.407
300.39
300.39
300.393
300.395
300.395
300.395
300.394
300.4
300.4
300.399
300.397
300.396
300.399
300.415
300.461
300.523
300.529
300.488
300.433
300.394
300.383
300.385
300.388
300.39
300.392
300.392
300.392
300.388
300.386
300.385
300.383
300.381
300.38
300.381
300.404
300.465
300.476
300.44
300.399
300.376
300.371
300.373
300.375
300.377
300.378
300.38
300.381
300.391
300.398
300.403
300.406
300.408
300.411
300.412
300.43
300.554
300.837
300.727
300.408
300.395
300.392
300.392
300.392
300.391
300.39
300.386
300.379
300.405
300.41
300.411
300.412
300.416
300.423
300.43
300.447
300.504
300.546
300.454
300.413
300.401
300.396
300.396
300.397
300.399
300.399
300.398
300.391
300.409
300.411
300.41
300.41
300.415
300.425
300.438
300.455
300.49
300.493
300.442
300.417
300.402
300.395
300.395
300.397
300.399
300.4
300.401
300.396
300.411
300.41
300.407
300.407
300.412
300.424
300.444
300.463
300.489
300.485
300.449
300.423
300.402
300.392
300.392
300.395
300.397
300.399
300.4
300.399
300.411
300.407
300.404
300.404
300.408
300.422
300.446
300.471
300.494
300.491
300.461
300.431
300.402
300.39
300.39
300.393
300.395
300.397
300.398
300.398
300.407
300.403
300.401
300.401
300.404
300.416
300.443
300.477
300.501
300.502
300.475
300.436
300.401
300.388
300.388
300.39
300.392
300.394
300.394
300.394
300.4
300.399
300.398
300.397
300.399
300.408
300.433
300.474
300.506
300.509
300.482
300.436
300.398
300.385
300.385
300.387
300.39
300.391
300.391
300.389
300.395
300.395
300.394
300.394
300.394
300.398
300.416
300.457
300.5
300.507
300.478
300.429
300.392
300.38
300.381
300.384
300.386
300.387
300.388
300.387
300.392
300.391
300.39
300.388
300.387
300.388
300.396
300.425
300.478
300.488
300.457
300.412
300.383
300.375
300.377
300.379
300.381
300.383
300.383
300.383
300.383
300.382
300.38
300.378
300.377
300.376
300.375
300.385
300.429
300.44
300.413
300.386
300.37
300.367
300.368
300.37
300.372
300.373
300.374
300.375
300.389
300.396
300.401
300.404
300.406
300.408
300.409
300.41
300.414
300.417
300.408
300.395
300.392
300.39
300.39
300.39
300.39
300.388
300.384
300.378
300.403
300.409
300.41
300.411
300.412
300.416
300.422
300.428
300.433
300.43
300.413
300.401
300.395
300.394
300.396
300.398
300.399
300.399
300.397
300.39
300.408
300.411
300.41
300.41
300.411
300.415
300.424
300.434
300.441
300.435
300.417
300.401
300.393
300.393
300.395
300.398
300.4
300.401
300.401
300.395
300.41
300.41
300.409
300.408
300.408
300.413
300.423
300.437
300.447
300.443
300.423
300.402
300.39
300.39
300.394
300.397
300.4
300.401
300.402
300.398
300.411
300.41
300.408
300.406
300.405
300.409
300.421
300.438
300.452
300.451
300.431
300.403
300.388
300.388
300.392
300.396
300.399
300.401
300.402
300.4
300.411
300.409
300.407
300.404
300.402
300.404
300.416
300.438
300.455
300.457
300.436
300.404
300.386
300.386
300.39
300.395
300.398
300.4
300.401
300.401
300.409
300.408
300.406
300.403
300.4
300.399
300.407
300.431
300.455
300.458
300.436
300.402
300.383
300.383
300.388
300.393
300.396
300.399
300.4
300.401
300.409
300.407
300.404
300.4
300.396
300.393
300.397
300.415
300.445
300.452
300.429
300.396
300.378
300.379
300.385
300.39
300.394
300.396
300.398
300.401
300.409
300.403
300.4
300.395
300.391
300.386
300.385
300.396
300.424
300.433
300.412
300.385
300.372
300.374
300.38
300.385
300.388
300.391
300.394
300.397
300.389
300.387
300.384
300.381
300.378
300.375
300.373
300.374
300.392
300.399
300.386
300.371
300.364
300.366
300.369
300.371
300.374
300.376
300.378
300.38
300.388
300.394
300.399
300.401
300.403
300.405
300.405
300.405
300.403
300.4
300.395
300.392
300.39
300.39
300.39
300.39
300.389
300.387
300.383
300.377
300.401
300.407
300.41
300.41
300.411
300.413
300.415
300.417
300.416
300.411
300.401
300.395
300.394
300.395
300.397
300.399
300.399
300.399
300.396
300.388
300.406
300.41
300.411
300.41
300.41
300.412
300.415
300.419
300.42
300.414
300.402
300.393
300.392
300.395
300.398
300.4
300.401
300.402
300.4
300.394
300.409
300.411
300.411
300.41
300.409
300.409
300.413
300.418
300.421
300.417
300.402
300.39
300.39
300.394
300.398
300.4
300.402
300.403
300.402
300.398
300.41
300.411
300.41
300.409
300.408
300.407
300.41
300.416
300.421
300.417
300.402
300.388
300.388
300.393
300.397
300.4
300.402
300.403
300.403
300.4
300.411
300.411
300.41
300.409
300.407
300.405
300.406
300.412
300.419
300.416
300.401
300.386
300.386
300.392
300.397
300.4
300.402
300.403
300.403
300.402
300.412
300.411
300.41
300.409
300.406
300.403
300.402
300.406
300.415
300.414
300.398
300.383
300.383
300.391
300.396
300.4
300.402
300.403
300.404
300.403
300.412
300.412
300.41
300.408
300.405
300.4
300.397
300.398
300.406
300.407
300.392
300.378
300.38
300.388
300.394
300.398
300.401
300.403
300.404
300.404
300.412
300.41
300.407
300.404
300.4
300.396
300.39
300.388
300.393
300.394
300.383
300.372
300.375
300.383
300.389
300.393
300.397
300.399
300.402
300.403
300.396
300.392
300.389
300.386
300.383
300.38
300.377
300.374
300.375
300.376
300.37
300.364
300.366
300.37
300.373
300.375
300.378
300.38
300.383
300.386
300.386
300.392
300.396
300.399
300.4
300.401
300.401
300.401
300.399
300.396
300.392
300.39
300.39
300.39
300.389
300.389
300.387
300.385
300.381
300.375
300.399
300.405
300.409
300.41
300.41
300.41
300.411
300.41
300.408
300.402
300.396
300.394
300.395
300.397
300.398
300.399
300.399
300.398
300.395
300.387
300.404
300.409
300.411
300.411
300.411
300.411
300.411
300.41
300.408
300.402
300.395
300.393
300.395
300.398
300.4
300.401
300.402
300.402
300.399
300.393
300.407
300.411
300.411
300.411
300.41
300.409
300.409
300.409
300.408
300.401
300.392
300.39
300.394
300.398
300.401
300.402
300.403
300.403
300.402
300.397
300.409
300.411
300.411
300.411
300.41
300.408
300.408
300.408
300.406
300.4
300.39
300.388
300.393
300.398
300.401
300.403
300.404
300.404
300.403
300.399
300.411
300.412
300.412
300.411
300.409
300.408
300.406
300.405
300.404
300.398
300.388
300.386
300.392
300.398
300.401
300.403
300.404
300.405
300.404
300.401
300.412
300.412
300.412
300.411
300.409
300.407
300.404
300.402
300.401
300.395
300.385
300.383
300.391
300.397
300.401
300.403
300.404
300.405
300.404
300.403
300.412
300.412
300.411
300.41
300.408
300.406
300.402
300.399
300.395
300.39
300.38
300.379
300.388
300.395
300.399
300.402
300.403
300.404
300.404
300.404
300.411
300.41
300.408
300.406
300.404
300.402
300.398
300.393
300.388
300.383
300.375
300.374
300.383
300.39
300.395
300.398
300.399
300.401
300.402
300.403
300.397
300.394
300.391
300.388
300.385
300.383
300.38
300.377
300.374
300.371
300.367
300.366
300.37
300.373
300.376
300.378
300.38
300.383
300.385
300.388
300.384
300.39
300.394
300.396
300.398
300.398
300.398
300.397
300.395
300.393
300.392
300.39
300.39
300.389
300.389
300.388
300.386
300.383
300.38
300.373
300.397
300.403
300.407
300.409
300.409
300.409
300.408
300.406
300.403
300.4
300.396
300.396
300.397
300.398
300.399
300.4
300.399
300.397
300.393
300.385
300.403
300.408
300.41
300.411
300.41
300.41
300.409
300.407
300.404
300.399
300.395
300.395
300.398
300.4
300.401
300.402
300.402
300.401
300.398
300.391
300.406
300.409
300.411
300.411
300.41
300.41
300.409
300.407
300.403
300.398
300.392
300.394
300.398
300.401
300.402
300.404
300.404
300.403
300.401
300.395
300.408
300.41
300.411
300.411
300.41
300.409
300.408
300.406
300.403
300.396
300.39
300.392
300.397
300.401
300.403
300.404
300.405
300.404
300.402
300.398
300.409
300.411
300.411
300.411
300.41
300.409
300.408
300.405
300.402
300.395
300.388
300.39
300.397
300.401
300.404
300.405
300.405
300.404
300.403
300.4
300.41
300.411
300.411
300.411
300.41
300.409
300.407
300.404
300.4
300.393
300.385
300.388
300.396
300.401
300.403
300.404
300.405
300.404
300.403
300.401
300.41
300.41
300.41
300.41
300.409
300.408
300.406
300.403
300.398
300.39
300.381
300.385
300.394
300.399
300.402
300.403
300.403
300.403
300.403
300.402
300.41
300.409
300.407
300.406
300.405
300.404
300.402
300.398
300.393
300.385
300.377
300.38
300.389
300.395
300.397
300.399
300.399
300.4
300.401
300.401
300.396
300.393
300.391
300.389
300.387
300.384
300.382
300.38
300.377
300.373
300.368
300.369
300.373
300.376
300.378
300.38
300.381
300.383
300.384
300.386
300.382
300.388
300.391
300.393
300.395
300.395
300.395
300.395
300.394
300.393
300.392
300.39
300.39
300.389
300.388
300.386
300.384
300.382
300.378
300.371
300.394
300.401
300.405
300.407
300.408
300.407
300.406
300.405
300.402
300.4
300.397
300.398
300.399
300.399
300.4
300.399
300.398
300.395
300.391
300.383
300.4
300.405
300.408
300.41
300.41
300.409
300.408
300.406
300.403
300.399
300.397
300.398
300.4
300.401
300.402
300.403
300.402
300.4
300.396
300.389
300.403
300.408
300.41
300.41
300.41
300.41
300.408
300.406
300.403
300.398
300.395
300.397
300.4
300.402
300.404
300.404
300.404
300.402
300.399
300.393
300.405
300.409
300.41
300.411
300.41
300.41
300.408
300.406
300.403
300.397
300.393
300.396
300.4
300.403
300.404
300.405
300.404
300.403
300.4
300.396
300.407
300.409
300.41
300.411
300.41
300.41
300.408
300.406
300.402
300.396
300.39
300.395
300.4
300.403
300.405
300.405
300.404
300.403
300.401
300.398
300.408
300.409
300.41
300.41
300.41
300.409
300.408
300.406
300.402
300.395
300.387
300.393
300.4
300.403
300.404
300.404
300.404
300.403
300.401
300.399
300.408
300.408
300.409
300.409
300.409
300.408
300.407
300.405
300.401
300.393
300.384
300.39
300.398
300.402
300.403
300.403
300.403
300.402
300.401
300.4
300.407
300.406
300.406
300.405
300.405
300.404
300.403
300.401
300.396
300.388
300.379
300.385
300.393
300.398
300.399
300.399
300.399
300.399
300.399
300.399
300.393
300.392
300.39
300.388
300.387
300.386
300.384
300.382
300.379
300.375
300.37
300.371
300.375
300.378
300.38
300.381
300.381
300.382
300.383
300.384
300.378
300.385
300.388
300.39
300.392
300.392
300.393
300.393
300.393
300.392
300.391
300.39
300.389
300.387
300.386
300.384
300.382
300.379
300.375
300.368
300.391
300.397
300.402
300.404
300.405
300.406
300.405
300.404
300.402
300.4
300.399
300.399
300.399
300.399
300.399
300.398
300.396
300.393
300.388
300.38
300.397
300.402
300.406
300.408
300.408
300.408
300.407
300.406
300.403
300.401
300.399
300.4
300.401
300.402
300.402
300.402
300.4
300.398
300.393
300.387
300.4
300.405
300.408
300.409
300.409
300.409
300.408
300.406
300.403
300.4
300.397
300.4
300.402
300.403
300.404
300.404
300.402
300.4
300.396
300.39
300.402
300.406
300.408
300.409
300.41
300.409
300.408
300.406
300.403
300.399
300.395
300.399
300.402
300.404
300.405
300.404
300.403
300.401
300.398
300.393
300.404
300.406
300.408
300.409
300.41
300.41
300.409
300.407
300.403
300.398
300.392
300.398
300.402
300.404
300.405
300.404
300.403
300.401
300.399
300.395
300.404
300.406
300.408
300.409
300.409
300.409
300.409
300.407
300.403
300.396
300.39
300.396
300.402
300.404
300.405
300.404
300.403
300.401
300.399
300.396
300.405
300.406
300.407
300.408
300.408
300.408
300.408
300.406
300.403
300.395
300.386
300.394
300.401
300.403
300.403
300.403
300.401
300.4
300.398
300.397
300.404
300.404
300.404
300.404
300.405
300.405
300.404
300.403
300.399
300.39
300.381
300.388
300.397
300.399
300.399
300.399
300.398
300.397
300.396
300.396
300.391
300.389
300.388
300.388
300.387
300.387
300.386
300.384
300.381
300.377
300.372
300.374
300.378
300.38
300.381
300.381
300.381
300.381
300.381
300.381
300.374
300.38
300.384
300.387
300.388
300.389
300.389
300.39
300.39
300.39
300.39
300.388
300.387
300.385
300.383
300.382
300.379
300.376
300.372
300.364
300.386
300.393
300.397
300.4
300.402
300.403
300.403
300.402
300.401
300.4
300.399
300.399
300.399
300.398
300.397
300.395
300.393
300.389
300.384
300.377
300.392
300.398
300.402
300.405
300.406
300.406
300.406
300.405
300.403
300.402
300.4
300.401
300.402
300.402
300.401
300.4
300.398
300.394
300.389
300.383
300.396
300.401
300.404
300.407
300.408
300.408
300.407
300.406
300.404
300.401
300.399
300.401
300.403
300.403
300.403
300.402
300.4
300.397
300.392
300.386
300.398
300.402
300.405
300.407
300.408
300.408
300.408
300.406
300.403
300.4
300.397
300.401
300.403
300.404
300.404
300.403
300.401
300.398
300.394
300.389
300.399
300.403
300.406
300.408
300.409
300.409
300.408
300.406
300.403
300.398
300.394
300.4
300.403
300.405
300.404
300.403
300.401
300.398
300.395
300.391
300.4
300.403
300.405
300.407
300.408
300.409
300.408
300.407
300.404
300.397
300.391
300.399
300.403
300.405
300.404
300.403
300.401
300.398
300.395
300.392
300.4
300.403
300.405
300.406
300.407
300.408
300.408
300.407
300.404
300.395
300.387
300.396
300.403
300.404
300.403
300.402
300.4
300.398
300.395
300.393
300.4
300.401
300.402
300.403
300.404
300.405
300.405
300.404
300.401
300.392
300.383
300.391
300.399
300.401
300.4
300.399
300.397
300.395
300.394
300.392
300.386
300.386
300.386
300.387
300.387
300.387
300.387
300.386
300.383
300.378
300.373
300.376
300.38
300.383
300.383
300.382
300.381
300.379
300.378
300.377
300.367
300.374
300.379
300.382
300.383
300.384
300.385
300.385
300.386
300.386
300.386
300.384
300.383
300.381
300.38
300.378
300.375
300.372
300.366
300.358
300.381
300.387
300.392
300.395
300.397
300.398
300.399
300.399
300.399
300.399
300.398
300.397
300.396
300.395
300.393
300.391
300.388
300.384
300.378
300.371
300.387
300.393
300.397
300.4
300.402
300.403
300.403
300.403
300.402
300.402
300.401
300.401
300.4
300.399
300.398
300.396
300.393
300.389
300.384
300.377
300.39
300.396
300.4
300.403
300.405
300.405
300.405
300.405
300.403
300.402
300.4
300.402
300.402
300.402
300.401
300.399
300.396
300.392
300.387
300.381
300.392
300.398
300.402
300.405
300.406
300.407
300.406
300.405
300.403
300.401
300.398
300.402
300.403
300.403
300.402
300.4
300.398
300.394
300.389
300.384
300.394
300.398
300.402
300.405
300.407
300.407
300.407
300.405
300.403
300.399
300.394
300.401
300.403
300.404
300.403
300.401
300.399
300.395
300.39
300.385
300.395
300.399
300.403
300.405
300.407
300.408
300.408
300.406
300.403
300.397
300.391
300.4
300.404
300.404
300.403
300.401
300.399
300.395
300.391
300.387
300.396
300.399
300.402
300.405
300.407
300.408
300.408
300.407
300.404
300.395
300.388
300.398
300.404
300.404
300.403
300.401
300.398
300.395
300.392
300.388
300.395
300.398
300.4
300.402
300.404
300.405
300.406
300.406
300.403
300.392
300.383
300.394
300.402
300.402
300.401
300.399
300.396
300.394
300.391
300.388
300.38
300.382
300.384
300.386
300.387
300.388
300.389
300.388
300.384
300.38
300.374
300.378
300.383
300.385
300.384
300.383
300.381
300.378
300.375
300.371
300.359
300.366
300.371
300.374
300.376
300.377
300.378
300.379
300.379
300.379
300.379
300.378
300.377
300.375
300.373
300.371
300.368
300.364
300.358
300.35
300.375
300.38
300.385
300.387
300.389
300.39
300.391
300.391
300.391
300.391
300.391
300.39
300.388
300.387
300.385
300.383
300.38
300.377
300.371
300.365
300.381
300.387
300.391
300.394
300.396
300.397
300.397
300.397
300.397
300.397
300.396
300.395
300.394
300.393
300.391
300.389
300.387
300.383
300.377
300.372
300.384
300.39
300.395
300.398
300.399
300.4
300.401
300.401
300.4
300.4
300.399
300.398
300.398
300.397
300.395
300.393
300.39
300.386
300.381
300.375
300.386
300.393
300.397
300.4
300.402
300.403
300.403
300.402
300.402
300.401
300.398
300.4
300.4
300.399
300.398
300.396
300.393
300.389
300.384
300.378
300.388
300.394
300.399
300.402
300.404
300.404
300.404
300.404
300.402
300.399
300.394
300.401
300.402
300.401
300.4
300.398
300.395
300.391
300.385
300.38
300.39
300.395
300.4
300.403
300.405
300.406
300.406
300.405
300.402
300.396
300.389
300.401
300.403
300.403
300.401
300.399
300.396
300.392
300.387
300.382
300.391
300.395
300.4
300.403
300.405
300.407
300.407
300.406
300.403
300.394
300.387
300.401
300.404
300.404
300.402
300.4
300.397
300.393
300.388
300.384
300.389
300.395
300.398
300.402
300.404
300.406
300.406
300.406
300.405
300.392
300.383
300.397
300.403
300.403
300.401
300.399
300.396
300.392
300.388
300.382
300.371
300.376
300.381
300.385
300.388
300.39
300.391
300.39
300.387
300.381
300.375
300.38
300.386
300.388
300.386
300.384
300.381
300.377
300.371
300.364
)
;

boundaryField
{
    floor
    {
        type            fixedValue;
        value           nonuniform List<scalar> 
400
(
300
300
300
300
300
300
300
300
300
300
300
300
300
300
300
300
300
300
300
300
300
300
300
300
300
300
300
300
300
300
300
300
300
300
300
300
300
300
300
300
300
300
300
300
300
300
300
300
300
300
300
300
300
300
300
300
300
300
300
300
300
300
300
300
300
300
300
300
300
300
300
300
300
300
300
300
300
300
300
300
300
300
300
300
300
300
300
300
300
300
300
300
300
300
300
300
300
300
300
300
300
300
300
300
300
300
300
300
300
300
300
300
300
300
300
300
300
300
300
300
300
300
300
300
300
300
300
300
300
300
300
300
300
300
300
300
300
300
300
300
300
300
300
300
300
300
300
300
300
300
300
300
300
300
300
300
300
300
300
300
300
300
300
300
300
300
300
300
300
300
300
300
300
300
300
300
300
300
300
300
300
300
300
300
300
300
300
300
300
600
600
300
300
300
300
300
300
300
300
300
300
300
300
300
300
300
300
300
300
600
600
300
300
300
300
300
300
300
300
300
300
300
300
300
300
300
300
300
300
300
300
300
300
300
300
300
300
300
300
300
300
300
300
300
300
300
300
300
300
300
300
300
300
300
300
300
300
300
300
300
300
300
300
300
300
300
300
300
300
300
300
300
300
300
300
300
300
300
300
300
300
300
300
300
300
300
300
300
300
300
300
300
300
300
300
300
300
300
300
300
300
300
300
300
300
300
300
300
300
300
300
300
300
300
300
300
300
300
300
300
300
300
300
300
300
300
300
300
300
300
300
300
300
300
300
300
300
300
300
300
300
300
300
300
300
300
300
300
300
300
300
300
300
300
300
300
300
300
300
300
300
300
300
300
300
300
300
300
300
300
300
300
300
300
300
300
300
300
300
300
300
300
300
300
300
300
300
300
300
300
300
300
300
300
300
300
300
300
300
300
)
;
    }
    ceiling
    {
        type            fixedValue;
        value           uniform 300;
    }
    fixedWalls
    {
        type            zeroGradient;
    }
}


// ************************************************************************* //
