/*--------------------------------*- C++ -*----------------------------------*\
  =========                 |
  \\      /  F ield         | OpenFOAM: The Open Source CFD Toolbox
   \\    /   O peration     | Website:  https://openfoam.org
    \\  /    A nd           | Version:  8
     \\/     M anipulation  |
\*---------------------------------------------------------------------------*/
FoamFile
{
    version     2.0;
    format      ascii;
    class       volScalarField;
    location    "2000";
    object      alphat;
}
// * * * * * * * * * * * * * * * * * * * * * * * * * * * * * * * * * * * * * //

dimensions      [1 -1 -1 0 0 0 0];

internalField   nonuniform List<scalar> 
4000
(
0.000311581
0.000302842
0.00028987
0.000275878
0.000257456
0.000203338
0.000101024
9.3261e-05
9.20023e-05
8.93333e-05
8.68394e-05
8.54402e-05
8.58852e-05
0.000121685
0.000235762
0.00026093
0.000273433
0.000284243
0.000295731
0.000305587
0.000324116
0.00031316
0.000290842
0.000261283
0.000239725
0.000199141
0.000144488
0.000113248
0.000117765
0.000112825
0.000106675
9.9546e-05
0.000103114
0.000154937
0.000212482
0.000232568
0.000251392
0.000279219
0.000302736
0.000317412
0.000331354
0.000322675
0.000298809
0.000258343
0.000225943
0.000195291
0.000165763
0.000134267
0.000122564
0.00012454
0.000117327
0.000106877
0.00011513
0.000149849
0.000184475
0.000202329
0.000237193
0.000282995
0.000310752
0.000323957
0.000335405
0.000330454
0.000311536
0.000283561
0.000237418
0.000215219
0.000196866
0.000169969
0.000141233
0.000132361
0.000145108
0.000158872
0.000176377
0.000197705
0.000215174
0.000239208
0.00026722
0.000296451
0.000318348
0.000327251
0.000338494
0.000338122
0.00032786
0.000311609
0.000293036
0.000277427
0.000262958
0.000248218
0.000235115
0.000229193
0.000237719
0.000246639
0.000255431
0.000264473
0.000274302
0.000286019
0.000300317
0.000315447
0.00032707
0.000329679
0.000341609
0.000346526
0.000344401
0.000338588
0.000331194
0.000323324
0.000314882
0.000305597
0.000296014
0.000287307
0.000288996
0.000294302
0.000300451
0.000306813
0.000313211
0.000319752
0.000326278
0.000332233
0.000335591
0.000332002
0.000345152
0.000355296
0.000360063
0.000361703
0.000361327
0.000358846
0.000354074
0.000347268
0.000338547
0.000327221
0.000324474
0.000328462
0.000333707
0.000338734
0.000342957
0.000345868
0.000347202
0.000346863
0.000343735
0.000334498
0.000349564
0.000365086
0.000375724
0.000382941
0.00038746
0.000388926
0.000387099
0.000381939
0.000373179
0.000359247
0.000352934
0.000356853
0.000362011
0.000366234
0.000368721
0.000368755
0.000366106
0.000360937
0.000352342
0.000337729
0.000355734
0.000377553
0.000393936
0.000405727
0.000413975
0.000418496
0.000419091
0.000415545
0.000407047
0.000390748
0.00038066
0.000385335
0.000390571
0.000394035
0.000394892
0.000392314
0.00038632
0.000377052
0.000363271
0.000342544
0.000364817
0.000392385
0.000413864
0.000429147
0.000440375
0.000448068
0.000452208
0.000452505
0.000447939
0.000434888
0.000421083
0.000424873
0.00042706
0.000426616
0.000423569
0.000417586
0.000408404
0.000395424
0.000376407
0.000350069
0.000302842
0.000305771
0.000296951
0.000281307
0.000261249
0.000219678
0.000115659
0.000112762
0.000107017
0.00010258
9.94397e-05
9.97567e-05
0.00010681
0.000169149
0.000244431
0.000268689
0.000282867
0.00029509
0.000304985
0.000303863
0.00031316
0.000417571
0.000431992
0.000389277
0.000324293
0.000257044
0.000218948
0.000223003
0.00027806
0.000284566
0.00024353
0.000201282
0.000181906
0.000210938
0.000271389
0.000321395
0.000359333
0.000400262
0.0004123
0.000316002
0.000322675
0.000461037
0.000496968
0.00046456
0.000369664
0.000295467
0.000254992
0.000245971
0.000296904
0.000341935
0.000311316
0.000236597
0.000209693
0.000229805
0.000263919
0.000300328
0.000361527
0.000447779
0.000458888
0.000324007
0.000330454
0.000486158
0.000530733
0.000491495
0.000386059
0.000318482
0.000273301
0.000243454
0.000248865
0.000298604
0.00028048
0.000225437
0.000214919
0.000240401
0.000269796
0.000301634
0.000381342
0.000493012
0.000493057
0.000329031
0.000338122
0.000503414
0.0005529
0.000518858
0.00041533
0.000346047
0.000296003
0.00025561
0.000235361
0.000241586
0.000237579
0.000228343
0.000237361
0.000263467
0.000296636
0.000340393
0.000432359
0.000522133
0.000512985
0.000333243
0.000346526
0.000513241
0.000565993
0.000554491
0.000488448
0.00040132
0.000343415
0.000299498
0.000274059
0.000271367
0.000275849
0.000280062
0.000293114
0.000317635
0.000355098
0.000423596
0.00049548
0.000541085
0.000517154
0.000337798
0.000355296
0.000516507
0.000569219
0.000587015
0.000577671
0.000534229
0.000458053
0.000390042
0.000352045
0.000338784
0.000345234
0.000357851
0.000382449
0.00042715
0.000482154
0.00052383
0.000545595
0.000545112
0.000510374
0.000343393
0.000365086
0.000513592
0.000563829
0.000605296
0.000636299
0.000642123
0.000625157
0.000592608
0.000548513
0.000512894
0.000509401
0.000522046
0.000544473
0.000565599
0.000581251
0.000583351
0.000565836
0.000535924
0.000495651
0.000350644
0.000377553
0.000494553
0.000549285
0.00059332
0.000624567
0.000636048
0.0006268
0.000598473
0.000551371
0.000487308
0.000463347
0.000487734
0.000524468
0.000558317
0.000578234
0.000574509
0.000551943
0.000517868
0.00047443
0.000360333
0.000392385
0.000422146
0.000446073
0.00046422
0.000478585
0.000489314
0.000495868
0.000497465
0.000492599
0.000478168
0.00046029
0.000465061
0.000466927
0.000465222
0.000460101
0.000451245
0.000438911
0.000422942
0.000401205
0.000372403
0.00028987
0.000296951
0.000290241
0.000276012
0.000255293
0.000212824
0.000123401
0.000123089
0.000117212
0.000110542
0.00010689
0.000109212
0.000119316
0.00018857
0.000247374
0.000270332
0.000284362
0.000295585
0.000302592
0.000296596
0.000290842
0.000431992
0.000464534
0.000408195
0.000333273
0.000266029
0.00024829
0.000267483
0.000326361
0.000324141
0.000265346
0.000227924
0.000211494
0.000236509
0.000295285
0.000357019
0.000411314
0.00044791
0.000438065
0.000304596
0.000298809
0.000496968
0.000567629
0.000528524
0.000416123
0.0003322
0.000300764
0.000311712
0.00037122
0.000409563
0.000342714
0.000276306
0.000257174
0.000270947
0.00030745
0.000369892
0.000448354
0.000519393
0.000499841
0.000312802
0.000311536
0.000530733
0.000605942
0.00058086
0.000468512
0.000381055
0.000333703
0.000315222
0.000342254
0.000399708
0.000391917
0.00030912
0.000276406
0.000286193
0.000314726
0.000366894
0.000471966
0.000578891
0.000546396
0.00032036
0.00032786
0.0005529
0.000624804
0.000599215
0.000490461
0.000401209
0.000341406
0.000300709
0.00029185
0.000319621
0.00031286
0.000268804
0.000259715
0.00028177
0.000313515
0.000367131
0.000495065
0.000613119
0.00057566
0.000328903
0.000344401
0.000565993
0.000635695
0.000616753
0.000520137
0.000422731
0.000352494
0.000299419
0.00027139
0.000273618
0.000271568
0.000259031
0.000264915
0.000290536
0.000327833
0.000391714
0.00051659
0.000625038
0.000585964
0.000338199
0.000360063
0.000569219
0.000638089
0.000633891
0.000566636
0.000485834
0.000409235
0.000344316
0.000305122
0.000294643
0.000293815
0.000293858
0.000308911
0.000343186
0.00038744
0.000441743
0.000527502
0.000611627
0.000580225
0.000348187
0.000375724
0.000563829
0.000644343
0.000679777
0.000666974
0.0006196
0.000556334
0.000486921
0.000427628
0.00038889
0.000376619
0.000388287
0.000419939
0.000467347
0.000513693
0.000549231
0.000588279
0.000600724
0.000558766
0.000359854
0.000393936
0.000549285
0.000681273
0.00080159
0.000872385
0.000896261
0.000869719
0.000804262
0.00070691
0.00059285
0.000555583
0.000611396
0.000687757
0.000758783
0.000800865
0.000786815
0.000737176
0.0006444
0.000534716
0.000374346
0.000413864
0.000446073
0.000472042
0.000492577
0.000509611
0.000523029
0.000531928
0.000535013
0.000530255
0.00051402
0.000492647
0.00049862
0.000500211
0.000497333
0.000490227
0.000478625
0.000463514
0.000445124
0.000421322
0.000390379
0.000275878
0.000281307
0.000276012
0.000262556
0.00023913
0.000181377
0.000132322
0.000128953
0.000125911
0.000118116
0.000114575
0.000119666
0.000133226
0.000192481
0.000243846
0.000265911
0.000279356
0.000288736
0.000293259
0.000285415
0.000261283
0.000389277
0.000408195
0.000360778
0.000300621
0.00025643
0.000257344
0.000296868
0.000369547
0.000354566
0.000288224
0.000247394
0.000228816
0.000245396
0.00029605
0.000356241
0.000415747
0.000451318
0.000428156
0.000285513
0.000258343
0.00046456
0.000528524
0.000477155
0.000385088
0.000332407
0.000325132
0.000351986
0.000426823
0.000451021
0.00036115
0.000301819
0.000284051
0.000292428
0.000327383
0.000400324
0.00048672
0.000541252
0.000502246
0.000293232
0.000283561
0.000491495
0.00058086
0.000555306
0.000463628
0.000398111
0.000369447
0.000369365
0.000413429
0.000469836
0.000434242
0.000354646
0.000321255
0.000323033
0.000351755
0.000421146
0.000529284
0.000609359
0.00056323
0.000305652
0.000311609
0.000518858
0.000599215
0.000589565
0.000508339
0.000435596
0.000387199
0.000358849
0.000368489
0.000423132
0.000427245
0.000344921
0.000315308
0.000326854
0.000357958
0.000422937
0.000548114
0.000650115
0.000609193
0.000321129
0.000338588
0.000554491
0.000616753
0.000608375
0.000536669
0.000458516
0.000395549
0.000347424
0.000328748
0.000353096
0.000360254
0.000314792
0.000302206
0.000322723
0.00035763
0.000420771
0.000549562
0.000668347
0.000637512
0.000335874
0.000361703
0.000587015
0.000633891
0.000629653
0.000575283
0.000505836
0.000438823
0.000378879
0.000340967
0.000337671
0.000340058
0.00032178
0.000328522
0.000360004
0.000393562
0.000440829
0.000547531
0.000665215
0.000643034
0.000350315
0.000382941
0.000605296
0.000679777
0.000712262
0.000688825
0.000640829
0.000580713
0.000511942
0.000445742
0.000394204
0.000377972
0.00039313
0.000439184
0.000498432
0.000538325
0.000561824
0.000620461
0.000665196
0.000610765
0.000366019
0.000405727
0.00059332
0.00080159
0.000969916
0.00100523
0.00102321
0.00100965
0.000948881
0.000840183
0.00069383
0.000639567
0.000721361
0.000826009
0.000907508
0.000937664
0.000907444
0.000880814
0.000766274
0.000585069
0.000384295
0.000429147
0.00046422
0.000492577
0.000515866
0.000536514
0.000553585
0.000565749
0.00057154
0.000568902
0.000554646
0.000529846
0.000533906
0.000533468
0.000528155
0.000517926
0.000502539
0.00048373
0.000462562
0.000436332
0.000402889
0.000257456
0.000261249
0.000255293
0.00023913
0.000209811
0.000148893
0.000137725
0.000133508
0.000133824
0.0001266
0.000122635
0.00013024
0.000143399
0.00018656
0.000233188
0.000255295
0.000268848
0.000276824
0.000279193
0.000271723
0.000239725
0.000324293
0.000333273
0.000300621
0.000262629
0.00025693
0.000266881
0.000313945
0.000405565
0.000390302
0.000310094
0.000264859
0.000242061
0.000246119
0.000280656
0.000328095
0.000376829
0.000409155
0.000387383
0.000259106
0.000225943
0.000369664
0.000416123
0.000385088
0.000341241
0.000328669
0.000336783
0.000373533
0.000470015
0.000480658
0.000380844
0.00032308
0.000302555
0.000303213
0.000324418
0.000383743
0.000461316
0.000507018
0.000464494
0.000265506
0.000237418
0.000386059
0.000468512
0.000463628
0.000420638
0.000394583
0.000390369
0.000405943
0.000466153
0.000522887
0.000453965
0.000377474
0.00034872
0.000346614
0.000367041
0.00042975
0.000523545
0.000584491
0.000531486
0.00028743
0.000293036
0.00041533
0.000490461
0.000508339
0.000475088
0.000439425
0.000414388
0.000404072
0.000433696
0.000504266
0.000489052
0.000401862
0.000364437
0.000367686
0.00039352
0.000455435
0.00056136
0.00064144
0.000604036
0.000311374
0.000331194
0.000488448
0.000520137
0.000536669
0.000510999
0.00046936
0.000428189
0.000396049
0.000397001
0.000451732
0.000466333
0.000387316
0.000358529
0.000371933
0.000404184
0.000463602
0.000574133
0.000679551
0.000672145
0.000331994
0.000361327
0.000577671
0.000566636
0.000575283
0.000558625
0.000519998
0.000472099
0.000425043
0.000399661
0.000420872
0.000442738
0.000396213
0.000388851
0.000410986
0.000438876
0.000483021
0.00058008
0.000698944
0.000705221
0.000350485
0.00038746
0.000636299
0.000666974
0.000688825
0.000678016
0.000644168
0.000595022
0.000532584
0.000465104
0.000412181
0.000402337
0.000420536
0.000478089
0.000537298
0.000568565
0.000587768
0.000654179
0.000729806
0.000659751
0.000369582
0.000413975
0.000624567
0.000872385
0.00100523
0.00108143
0.0011275
0.00112572
0.00105496
0.000908657
0.000715279
0.000655368
0.000781887
0.000927049
0.00102354
0.00104535
0.000990568
0.000932088
0.000848018
0.000620864
0.000390666
0.000440375
0.000478585
0.000509611
0.000536514
0.000561497
0.000582363
0.000598105
0.000607397
0.000608294
0.00059802
0.000570477
0.000571104
0.00056697
0.00055792
0.00054388
0.000524603
0.000501548
0.000476837
0.000447894
0.000411725
0.000203338
0.000219678
0.000212824
0.000181377
0.000148893
0.000143569
0.000139394
0.000135572
0.000138253
0.000134638
0.000129251
0.000137019
0.000148097
0.000172198
0.000210998
0.000235417
0.000251396
0.000260161
0.000261853
0.000255836
0.000199141
0.000257044
0.000266029
0.00025643
0.00025693
0.000260744
0.000278612
0.000324671
0.000420849
0.000420856
0.000331049
0.00028208
0.000256861
0.000248766
0.000260109
0.000289348
0.000322398
0.000342145
0.000324171
0.000234992
0.000195291
0.000295467
0.0003322
0.000332407
0.000328669
0.000333649
0.000345645
0.000385694
0.000488689
0.000497918
0.000397604
0.00034136
0.000319482
0.000314133
0.000315246
0.000343585
0.00038936
0.000414842
0.000368191
0.000225783
0.000215219
0.000318482
0.000381055
0.000398111
0.000394583
0.000396518
0.000404508
0.000425515
0.000495468
0.000537643
0.000461922
0.000394759
0.000368383
0.000363203
0.000368358
0.000401278
0.000454887
0.000478558
0.000418453
0.000265761
0.000277427
0.000346047
0.000401209
0.000435596
0.000439425
0.000434004
0.000429286
0.000434676
0.000478849
0.000541494
0.000510138
0.00043629
0.000399076
0.000395323
0.000409511
0.000448018
0.00051081
0.000548176
0.000510926
0.000299523
0.000323324
0.00040132
0.000422731
0.000458516
0.00046936
0.000460149
0.000442742
0.000430311
0.000451928
0.000512301
0.000516304
0.000443999
0.000406771
0.000411215
0.000435822
0.000480237
0.000554572
0.000623959
0.000644137
0.000326298
0.000358846
0.000534229
0.000485834
0.000505836
0.000519998
0.000509962
0.000483382
0.000453961
0.000448086
0.000487709
0.000511924
0.00046244
0.000442518
0.00045446
0.000478915
0.000518712
0.000592793
0.00068639
0.000744879
0.000348575
0.000388926
0.000642123
0.0006196
0.000640829
0.000644168
0.000627836
0.00059202
0.000536963
0.00047274
0.000429532
0.000434101
0.000450953
0.000507125
0.000561433
0.000590894
0.000614092
0.000675018
0.000755014
0.000693686
0.000370246
0.000418496
0.000636048
0.000896261
0.00102321
0.0011275
0.0011884
0.00118103
0.00108392
0.000889868
0.000670644
0.00062001
0.000782453
0.000962333
0.00107912
0.00110562
0.00104635
0.000966509
0.000891374
0.000634772
0.000393194
0.000448068
0.000489314
0.000523029
0.000553585
0.000582363
0.000607046
0.000626985
0.000641329
0.000648715
0.000646787
0.000617061
0.000610185
0.00059928
0.000584744
0.000566127
0.000542927
0.000516022
0.000487644
0.000456079
0.000417332
0.000101024
0.000115659
0.000123401
0.000132322
0.000137725
0.000139394
0.000137245
0.000135732
0.000141895
0.000144261
0.000136058
0.00014076
0.000148744
0.000160115
0.000171792
0.00018736
0.000215969
0.000230941
0.000229657
0.000211329
0.000144488
0.000218948
0.00024829
0.000257344
0.000266881
0.000278612
0.0002956
0.000336699
0.0004311
0.000450528
0.000355215
0.000301618
0.000278957
0.000264671
0.000255936
0.000260418
0.000272053
0.000280375
0.000265482
0.000204292
0.000165763
0.000254992
0.000300764
0.000325132
0.000336783
0.000345645
0.000358296
0.000396987
0.000492483
0.000479724
0.000395153
0.000358572
0.000340476
0.000331309
0.000322803
0.000323702
0.000333685
0.000336082
0.000301345
0.000200349
0.000196866
0.000273301
0.000333703
0.000369447
0.000390369
0.000404508
0.000413526
0.000435692
0.000498178
0.00047505
0.000422041
0.000405773
0.000389052
0.000381589
0.000376572
0.000382273
0.000395465
0.000390726
0.000344172
0.000247384
0.000262958
0.000296003
0.000341406
0.000387199
0.000414388
0.000429286
0.000439168
0.00045438
0.000491249
0.000465579
0.000442232
0.000447766
0.000427058
0.000418471
0.000419393
0.000431967
0.000450256
0.000447129
0.000409846
0.000287696
0.000314882
0.000343415
0.000352494
0.000395549
0.000428189
0.000442742
0.000446393
0.000452374
0.000474756
0.00044882
0.00044567
0.000463338
0.00044482
0.000440116
0.000452156
0.000475219
0.000507348
0.000531133
0.000546624
0.000318672
0.000354074
0.000458053
0.000409235
0.000438823
0.000472099
0.000483382
0.000476944
0.00046773
0.000474351
0.000455744
0.000468338
0.000492667
0.000482106
0.000484603
0.000502355
0.000531337
0.000575338
0.000633339
0.000732772
0.00034404
0.000387099
0.000625157
0.000556334
0.000580713
0.000595022
0.00059202
0.00056593
0.000518131
0.000466579
0.000436106
0.000438175
0.000465009
0.000511125
0.000560229
0.000593249
0.000621087
0.0006718
0.000733332
0.000695652
0.000367553
0.000419091
0.0006268
0.000869719
0.00100965
0.00112572
0.00118103
0.00114497
0.00100606
0.000805499
0.000661988
0.000612507
0.000724825
0.000912915
0.00105774
0.001106
0.00105905
0.000970959
0.000875929
0.000624227
0.000391977
0.000452208
0.000495868
0.000531928
0.000565749
0.000598105
0.000626985
0.000652279
0.000674355
0.000693481
0.000707482
0.000675434
0.00065321
0.000630825
0.000608399
0.000584203
0.000556758
0.000526199
0.000494449
0.00046059
0.000419805
9.3261e-05
0.000112762
0.000123089
0.000128953
0.000133508
0.000135572
0.000135732
0.000137536
0.000147346
0.000155553
0.000145409
0.000145301
0.000148815
0.000153183
0.000152585
0.000150761
0.000157208
0.000175755
0.000169188
0.000129004
0.000113248
0.000223003
0.000267483
0.000296868
0.000313945
0.000324671
0.000336699
0.000370583
0.000436933
0.000410194
0.000335108
0.000331825
0.000323446
0.000309159
0.00028855
0.00027773
0.000268568
0.000246387
0.000230032
0.000170107
0.000134267
0.000245971
0.000311712
0.000351986
0.000373533
0.000385694
0.000396987
0.000423989
0.000449035
0.000330972
0.000279745
0.000355139
0.000379461
0.000370354
0.000351933
0.000340263
0.000326425
0.000306128
0.000271051
0.000185146
0.000169969
0.000243454
0.000315222
0.000369365
0.000405943
0.000425515
0.000435692
0.000447438
0.000418591
0.000321712
0.000283777
0.000360274
0.000415006
0.000412093
0.000398765
0.000385539
0.00037219
0.000346361
0.000302492
0.000234067
0.000248218
0.00025561
0.000300709
0.000358849
0.000404072
0.000434676
0.00045438
0.000460956
0.000399832
0.000359816
0.000328294
0.000371601
0.000446912
0.000446177
0.000432703
0.000422987
0.000410246
0.000382732
0.000350131
0.000277338
0.000305597
0.000299498
0.000299419
0.000347424
0.000396049
0.000430311
0.000452374
0.000457518
0.000385628
0.000412714
0.000379117
0.000373141
0.000461523
0.000467507
0.00046255
0.000462486
0.000460919
0.000453013
0.000462918
0.00031013
0.000347268
0.000390042
0.000344316
0.000378879
0.000425043
0.000453961
0.00046773
0.000469752
0.000411085
0.000472469
0.000447815
0.000419087
0.000498505
0.000507915
0.000513241
0.000525235
0.000540393
0.000565948
0.000668301
0.000336879
0.000381939
0.000592608
0.000486921
0.000511942
0.000532584
0.000536963
0.000518131
0.0004832
0.000453003
0.000533603
0.000497648
0.000445461
0.000494207
0.000535754
0.000571966
0.000602541
0.000642238
0.000678842
0.000670001
0.000361378
0.000415545
0.000598473
0.000804262
0.000948881
0.00105496
0.00108392
0.00100606
0.000858607
0.000767342
0.000832955
0.000773024
0.000682138
0.000787365
0.000948935
0.00103284
0.00101151
0.000929025
0.000819633
0.000591302
0.000386829
0.000452505
0.000497465
0.000535013
0.00057154
0.000607397
0.000641329
0.000674355
0.000708961
0.000747191
0.000786183
0.000751587
0.000703471
0.000662754
0.000628779
0.000597415
0.000565118
0.000530896
0.000496241
0.000460924
0.000419026
9.20023e-05
0.000107017
0.000117212
0.000125911
0.000133824
0.000138253
0.000141895
0.000147346
0.000156548
0.000163677
0.000157711
0.000158399
0.000157554
0.000153631
0.000148337
0.000145026
0.000145086
0.000146032
0.000138382
0.000125739
0.000117765
0.00027806
0.000326361
0.000369547
0.000405565
0.000420849
0.0004311
0.000436933
0.000381739
0.000424309
0.000379253
0.000357558
0.000413292
0.000399491
0.000366078
0.000330995
0.000304465
0.000269073
0.000240795
0.000150653
0.000122564
0.000296904
0.00037122
0.000426823
0.000470015
0.000488689
0.000492483
0.000449035
0.000330491
0.000537075
0.000492158
0.000318278
0.000416759
0.00045325
0.000419003
0.000384384
0.000353288
0.000312065
0.00026018
0.000171779
0.000141233
0.000248865
0.000342254
0.000413429
0.000466153
0.000495468
0.000498178
0.000418591
0.000344356
0.000708033
0.000664557
0.000331514
0.000385848
0.000464341
0.000436614
0.00040339
0.000368203
0.00032222
0.000271276
0.000222023
0.000235115
0.000235361
0.00029185
0.000368489
0.000433696
0.000478849
0.000491249
0.000399832
0.000405489
0.000907477
0.000857859
0.00038813
0.000371891
0.000475136
0.000451832
0.000418928
0.000381527
0.000336338
0.000306197
0.00026823
0.000296014
0.000274059
0.00027139
0.000328748
0.000397001
0.000451928
0.000474756
0.000385628
0.000481574
0.00110012
0.00103376
0.000453299
0.000366506
0.000486959
0.000472376
0.000446261
0.000416923
0.000388667
0.00040069
0.000301499
0.000338547
0.000352045
0.000305122
0.000340967
0.000399661
0.000448086
0.000474351
0.000411085
0.000561804
0.00124975
0.00116081
0.00053203
0.000401738
0.000519732
0.000516897
0.000505419
0.000493044
0.000493694
0.000590093
0.000328106
0.000373179
0.000548513
0.000427628
0.000445742
0.000465104
0.00047274
0.000466579
0.000453003
0.000647094
0.00134371
0.00122292
0.000584508
0.000440841
0.000501559
0.000533783
0.000561594
0.000589266
0.000605792
0.000634972
0.000352314
0.000407047
0.000551371
0.00070691
0.000840183
0.000908657
0.000889868
0.000805499
0.000767342
0.000936928
0.00129
0.00119929
0.000820469
0.000681311
0.000782012
0.000894704
0.000905133
0.000840833
0.000728567
0.000540347
0.000377683
0.000447939
0.000492599
0.000530255
0.000568902
0.000608294
0.000648715
0.000693481
0.000747191
0.000812368
0.000879202
0.000840409
0.000762729
0.000696359
0.000645912
0.000605114
0.000567048
0.000529018
0.000491733
0.000456191
0.000414399
8.93333e-05
0.00010258
0.000110542
0.000118116
0.0001266
0.000134638
0.000144261
0.000155553
0.000163677
0.000242139
0.000253783
0.000175853
0.00017161
0.000162212
0.000155078
0.000149853
0.000145801
0.000141889
0.000133573
0.000119235
0.000112825
0.000284566
0.000324141
0.000354566
0.000390302
0.000420856
0.000450528
0.000410194
0.000424309
0.000288904
0.000285975
0.000435044
0.000366647
0.000407033
0.000403449
0.000390244
0.000354926
0.000308486
0.000264837
0.000144208
0.00012454
0.000341935
0.000409563
0.000451021
0.000480658
0.000497918
0.000479724
0.000330972
0.000537075
0.000423839
0.000412905
0.000577941
0.0003444
0.000467474
0.000477964
0.000448896
0.000395984
0.00033563
0.000260125
0.000158315
0.000132361
0.000298604
0.000399708
0.000469836
0.000522887
0.000537643
0.00047505
0.000321712
0.000708033
0.000563573
0.00053733
0.000722063
0.000321474
0.000479102
0.000487032
0.000434032
0.000375055
0.000309951
0.000251887
0.000216068
0.000229193
0.000241586
0.000319621
0.000423132
0.000504266
0.000541494
0.000465579
0.000359816
0.000907477
0.000713406
0.000665386
0.000864364
0.000314864
0.000467012
0.000478151
0.000421485
0.000361691
0.000305277
0.000282429
0.000262709
0.000287307
0.000271367
0.000273618
0.000353096
0.000451732
0.000512301
0.00044882
0.000412714
0.00110012
0.0008696
0.00079672
0.000996011
0.000324776
0.000460569
0.000484095
0.000432
0.00037948
0.000343613
0.000369561
0.00029478
0.000327221
0.000338784
0.000294643
0.000337671
0.000420872
0.000487709
0.000455744
0.000472469
0.00124975
0.00101656
0.00092182
0.00109142
0.00036491
0.000486124
0.000519043
0.000481293
0.000443961
0.000434877
0.000543858
0.00031995
0.000359247
0.000512894
0.00038889
0.000394204
0.000412181
0.000429532
0.000436106
0.000533603
0.00134371
0.0011283
0.00102148
0.00111177
0.000408923
0.000467093
0.000502023
0.000516213
0.000528588
0.000535801
0.000609592
0.000342517
0.000390748
0.000487308
0.00059285
0.00069383
0.000715279
0.000670644
0.000661988
0.000832955
0.00129
0.00121047
0.00109713
0.00110275
0.000696469
0.000660072
0.000768983
0.000786522
0.000735867
0.000632151
0.000489427
0.000366121
0.000434888
0.000478168
0.00051402
0.000554646
0.00059802
0.000646787
0.000707482
0.000786183
0.000879202
0.00090301
0.000847218
0.000817868
0.000729364
0.00065944
0.000607431
0.000562404
0.000520009
0.000480039
0.000445816
0.000405297
8.68394e-05
9.94397e-05
0.00010689
0.000114575
0.000122635
0.000129251
0.000136058
0.000145409
0.000157711
0.000253783
0.000336622
0.000193198
0.000181293
0.000168745
0.00016077
0.000156226
0.000151187
0.000143237
0.000131552
0.000117108
0.000106675
0.00024353
0.000265346
0.000288224
0.000310094
0.000331049
0.000355215
0.000335108
0.000379253
0.000285975
0.000329813
0.000359172
0.000297483
0.000304174
0.000313414
0.000327859
0.000342601
0.000327177
0.000276013
0.000139998
0.000117327
0.000311316
0.000342714
0.00036115
0.000380844
0.000397604
0.000395153
0.000279745
0.000492158
0.000412905
0.000452336
0.000431728
0.000336066
0.000385987
0.000404697
0.000424023
0.000421508
0.000355397
0.000259384
0.000154716
0.000145108
0.00028048
0.000391917
0.000434242
0.000453965
0.000461922
0.000422041
0.000283777
0.000664557
0.00053733
0.000584585
0.000506294
0.000335052
0.000435262
0.000451126
0.000439388
0.000381898
0.000303959
0.000244747
0.000223251
0.000237719
0.000237579
0.00031286
0.000427245
0.000489052
0.000510138
0.000442232
0.000328294
0.000857859
0.000665386
0.000730852
0.000585191
0.000320131
0.000455271
0.000459809
0.000419603
0.000348392
0.000288497
0.000278937
0.000267491
0.000288996
0.000275849
0.000271568
0.000360254
0.000466333
0.000516304
0.00044567
0.000379117
0.00103376
0.00079672
0.00088858
0.000663966
0.000310841
0.000468694
0.000470208
0.000420285
0.00035385
0.000321492
0.000370602
0.000298054
0.000324474
0.000345234
0.000293815
0.000340058
0.000442738
0.000511924
0.000468338
0.000447815
0.00116081
0.00092182
0.00104441
0.000729199
0.000340191
0.000494851
0.000501281
0.000461229
0.000410109
0.000405725
0.000550259
0.000322453
0.000352934
0.000509401
0.000376619
0.000377972
0.000402337
0.000434101
0.000438175
0.000497648
0.00122292
0.00102148
0.00118427
0.00074709
0.000406176
0.000468024
0.000487065
0.000487808
0.000488442
0.000498076
0.000579373
0.000344816
0.00038066
0.000463347
0.000555583
0.000639567
0.000655368
0.00062001
0.000612507
0.000773024
0.00119929
0.00109713
0.00124873
0.000901501
0.00066676
0.000734708
0.00080975
0.0007844
0.000712166
0.00060983
0.000478612
0.000369855
0.000421083
0.00046029
0.000492647
0.000529846
0.000570477
0.000617061
0.000675434
0.000751587
0.000840409
0.000847218
0.0009268
0.000821545
0.00073138
0.000666873
0.000616004
0.000569893
0.000526364
0.00048632
0.000451478
0.000410466
8.54402e-05
9.97567e-05
0.000109212
0.000119666
0.00013024
0.000137019
0.00014076
0.000145301
0.000158399
0.000175853
0.000193198
0.000202347
0.000204935
0.000201013
0.000193714
0.000183911
0.00017121
0.000153568
0.000136767
0.000119705
9.9546e-05
0.000201282
0.000227924
0.000247394
0.000264859
0.00028208
0.000301618
0.000331825
0.000357558
0.000435044
0.000359172
0.00027512
0.000271575
0.000269837
0.000270722
0.000273024
0.000274896
0.000275335
0.000259639
0.000135373
0.000106877
0.000236597
0.000276306
0.000301819
0.00032308
0.00034136
0.000358572
0.000355139
0.000318278
0.000577941
0.000431728
0.000302171
0.000327872
0.000331881
0.000336435
0.000339555
0.000336037
0.00031586
0.000239548
0.000161453
0.000158872
0.000225437
0.00030912
0.000354646
0.000377474
0.000394759
0.000405773
0.000360274
0.000331514
0.000722063
0.000506294
0.000301983
0.000371055
0.000380018
0.000380275
0.000368272
0.00033663
0.000280785
0.000238694
0.000232663
0.000246639
0.000228343
0.000268804
0.000344921
0.000401862
0.00043629
0.000447766
0.000371601
0.00038813
0.000864364
0.000585191
0.00029472
0.00040037
0.000414863
0.000406111
0.000374681
0.0003223
0.000275959
0.000282531
0.000274513
0.000294302
0.000280062
0.000259031
0.000314792
0.000387316
0.000443999
0.000463338
0.000373141
0.000453299
0.000996011
0.000663966
0.000293532
0.000420227
0.000444261
0.000430316
0.00039019
0.000335827
0.000316071
0.000385944
0.000304368
0.000328462
0.000357851
0.000293858
0.00032178
0.000396213
0.00046244
0.000492667
0.000419087
0.00053203
0.00109142
0.000729199
0.000327184
0.000446203
0.000477485
0.000469841
0.000438737
0.000397264
0.000402925
0.000582717
0.00032885
0.000356853
0.000522046
0.000388287
0.00039313
0.000420536
0.000450953
0.000465009
0.000445461
0.000584508
0.00111177
0.00074709
0.000422718
0.000464656
0.000485242
0.00049359
0.000487979
0.000484089
0.000500733
0.000566815
0.000351805
0.000385335
0.000487734
0.000611396
0.000721361
0.000781887
0.000782453
0.000724825
0.000682138
0.000820469
0.00110275
0.000901501
0.000716802
0.000884893
0.000963765
0.000935185
0.000865835
0.000774561
0.000661327
0.000508091
0.000378908
0.000424873
0.000465061
0.00049862
0.000533906
0.000571104
0.000610185
0.00065321
0.000703471
0.000762729
0.000817868
0.000821545
0.000757331
0.000705825
0.000659852
0.000615827
0.000573571
0.000533113
0.000495395
0.000459583
0.000417798
8.58852e-05
0.00010681
0.000119316
0.000133226
0.000143399
0.000148097
0.000148744
0.000148815
0.000157554
0.00017161
0.000181293
0.000204935
0.000222986
0.000231222
0.000235306
0.000236164
0.000233134
0.000224316
0.000204292
0.000170902
0.000103114
0.000181906
0.000211494
0.000228816
0.000242061
0.000256861
0.000278957
0.000323446
0.000413292
0.000366647
0.000297483
0.000271575
0.000279992
0.000290719
0.000296106
0.000296459
0.000289334
0.000270741
0.000234373
0.000151613
0.00011513
0.000209693
0.000257174
0.000284051
0.000302555
0.000319482
0.000340476
0.000379461
0.000416759
0.0003444
0.000336066
0.000327872
0.000325005
0.00033212
0.000334921
0.000329162
0.000312034
0.000280917
0.00023429
0.000180553
0.000176377
0.000214919
0.000276406
0.000321255
0.00034872
0.000368383
0.000389052
0.000415006
0.000385848
0.000321474
0.000335052
0.000371055
0.000365212
0.000369197
0.000368349
0.000351671
0.000316977
0.000273573
0.000251069
0.00024298
0.000255431
0.000237361
0.000259715
0.000315308
0.000364437
0.000399076
0.000427058
0.000446912
0.000371891
0.000314864
0.000320131
0.00040037
0.000400598
0.000402628
0.00039704
0.000368234
0.000319658
0.000283271
0.000301379
0.000281732
0.000300451
0.000293114
0.000264915
0.000302206
0.000358529
0.000406771
0.00044482
0.000461523
0.000366506
0.000324776
0.000310841
0.000420227
0.000433663
0.000436037
0.000427469
0.000392517
0.000342782
0.000332783
0.00042
0.000310394
0.000333707
0.000382449
0.000308911
0.000328522
0.000388851
0.000442518
0.000482106
0.000498505
0.000401738
0.00036491
0.000340191
0.000446203
0.000467585
0.000475912
0.000472465
0.000443917
0.000405974
0.00041911
0.000618052
0.000334361
0.000362011
0.000544473
0.000419939
0.000439184
0.000478089
0.000507125
0.000511125
0.000494207
0.000440841
0.000408923
0.000406176
0.000464656
0.00048748
0.000504585
0.000513537
0.00050733
0.000502346
0.00052326
0.000572995
0.000356918
0.000390571
0.000524468
0.000687757
0.000826009
0.000927049
0.000962333
0.000912915
0.000787365
0.000681311
0.000696469
0.00066676
0.000884893
0.00104503
0.0010269
0.000961094
0.000888052
0.000809157
0.000709613
0.000537097
0.000384189
0.00042706
0.000466927
0.000500211
0.000533468
0.00056697
0.00059928
0.000630825
0.000662754
0.000696359
0.000729364
0.00073138
0.000705825
0.000675892
0.000640072
0.000602097
0.000564633
0.000528533
0.000494561
0.000460333
0.000419719
0.000121685
0.000169149
0.00018857
0.000192481
0.00018656
0.000172198
0.000160115
0.000153183
0.000153631
0.000162212
0.000168745
0.000201013
0.000231222
0.000245944
0.000254508
0.00025932
0.000260831
0.000258725
0.000252413
0.00024221
0.000154937
0.000210938
0.000236509
0.000245396
0.000246119
0.000248766
0.000264671
0.000309159
0.000399491
0.000407033
0.000304174
0.000269837
0.000290719
0.000319581
0.000339737
0.000350708
0.000349379
0.000329421
0.000284177
0.000194386
0.000149849
0.000229805
0.000270947
0.000292428
0.000303213
0.000314133
0.000331309
0.000370354
0.00045325
0.000467474
0.000385987
0.000331881
0.00033212
0.000355063
0.000372792
0.000374544
0.000354749
0.000313755
0.000261946
0.000198559
0.000197705
0.000240401
0.000286193
0.000323033
0.000346614
0.000363203
0.000381589
0.000412093
0.000464341
0.000479102
0.000435262
0.000380018
0.000369197
0.000385996
0.000401298
0.00039298
0.000354798
0.00030455
0.000279507
0.000253718
0.000264473
0.000263467
0.00028177
0.000326854
0.000367686
0.000395323
0.000418471
0.000446177
0.000475136
0.000467012
0.000455271
0.000414863
0.000402628
0.000415721
0.000427627
0.000409785
0.000359747
0.000318115
0.000339606
0.000289197
0.000306813
0.000317635
0.000290536
0.000322723
0.000371933
0.000411215
0.000440116
0.000467507
0.000486959
0.000460569
0.000468694
0.000444261
0.000436037
0.000448334
0.000457359
0.000434645
0.000385736
0.000376846
0.000485195
0.000316069
0.000338734
0.00042715
0.000343186
0.000360004
0.000410986
0.00045446
0.000484603
0.000507915
0.000519732
0.000486124
0.000494851
0.000477485
0.000475912
0.00049205
0.000502549
0.000482698
0.000442683
0.000459196
0.000663019
0.000338558
0.000366234
0.000565599
0.000467347
0.000498432
0.000537298
0.000561433
0.000560229
0.000535754
0.000501559
0.000467093
0.000468024
0.000485242
0.000504585
0.00052565
0.000545298
0.000545668
0.000537392
0.000562135
0.000591725
0.000359411
0.000394035
0.000558317
0.000758783
0.000907508
0.00102354
0.00107912
0.00105774
0.000948935
0.000782012
0.000660072
0.000734708
0.000963765
0.0010269
0.000981537
0.00091859
0.000857525
0.000795423
0.000726774
0.000550421
0.000384711
0.000426616
0.000465222
0.000497333
0.000528155
0.00055792
0.000584744
0.000608399
0.000628779
0.000645912
0.00065944
0.000666873
0.000659852
0.000640072
0.000611333
0.000578801
0.000545958
0.000514173
0.000484757
0.000454059
0.000416637
0.000235762
0.000244431
0.000247374
0.000243846
0.000233188
0.000210998
0.000171792
0.000152585
0.000148337
0.000155078
0.00016077
0.000193714
0.000235306
0.000254508
0.000265493
0.000272124
0.000275468
0.000275406
0.000271091
0.000261591
0.000212482
0.000271389
0.000295285
0.00029605
0.000280656
0.000260109
0.000255936
0.00028855
0.000366078
0.000403449
0.000313414
0.000270722
0.000296106
0.000339737
0.0003756
0.000400278
0.000408488
0.000390275
0.000336641
0.000219
0.000184475
0.000263919
0.00030745
0.000327383
0.000324418
0.000315246
0.000322803
0.000351933
0.000419003
0.000477964
0.000404697
0.000336435
0.000334921
0.000372792
0.000413596
0.000436214
0.00042579
0.000376789
0.000301615
0.000223105
0.000215174
0.000269796
0.000314726
0.000351755
0.000367041
0.000368358
0.000376572
0.000398765
0.000436614
0.000487032
0.000451126
0.000380275
0.000368349
0.000401298
0.000447767
0.000469759
0.00044086
0.000371473
0.000318339
0.000266251
0.000274302
0.000296636
0.000313515
0.000357958
0.00039352
0.000409511
0.000419393
0.000432703
0.000451832
0.000478151
0.000459809
0.000406111
0.00039704
0.000427627
0.000475092
0.00049453
0.000457269
0.000397648
0.00040616
0.000297235
0.000313211
0.000355098
0.000327833
0.00035763
0.000404184
0.000435822
0.000452156
0.00046255
0.000472376
0.000484095
0.000470208
0.000430316
0.000427469
0.000457359
0.000502378
0.00051942
0.0004876
0.000469493
0.000583344
0.00032122
0.000342957
0.000482154
0.00038744
0.000393562
0.000438876
0.000478915
0.000502355
0.000513241
0.000516897
0.000519043
0.000501281
0.000469841
0.000472465
0.000502549
0.000543709
0.000558708
0.000534138
0.000540524
0.000698281
0.000341022
0.000368721
0.000581251
0.000513693
0.000538325
0.000568565
0.000590894
0.000593249
0.000571966
0.000533783
0.000502023
0.000487065
0.00049359
0.000513537
0.000545298
0.00058696
0.00061019
0.000612349
0.000623536
0.000610285
0.000359536
0.000394892
0.000578234
0.000800865
0.000937664
0.00104535
0.00110562
0.001106
0.00103284
0.000894704
0.000768983
0.00080975
0.000935185
0.000961094
0.00091859
0.000876316
0.000838469
0.000794097
0.000741427
0.000555541
0.0003819
0.000423569
0.000460101
0.000490227
0.000517926
0.00054388
0.000566127
0.000584203
0.000597415
0.000605114
0.000607431
0.000616004
0.000615827
0.000602097
0.000578801
0.000551123
0.000522835
0.000495343
0.000470368
0.000443554
0.000410108
0.00026093
0.000268689
0.000270332
0.000265911
0.000255295
0.000235417
0.00018736
0.000150761
0.000145026
0.000149853
0.000156226
0.000183911
0.000236164
0.00025932
0.000272124
0.000280086
0.000284874
0.000286405
0.000283102
0.00027199
0.000232568
0.000321395
0.000357019
0.000356241
0.000328095
0.000289348
0.000260418
0.00027773
0.000330995
0.000390244
0.000327859
0.000273024
0.000296459
0.000350708
0.000400278
0.000437326
0.000451926
0.000429831
0.000371104
0.000249705
0.000202329
0.000300328
0.000369892
0.000400324
0.000383743
0.000343585
0.000323702
0.000340263
0.000384384
0.000448896
0.000424023
0.000339555
0.000329162
0.000374544
0.000436214
0.000483809
0.000495043
0.000459471
0.000379668
0.000251946
0.000239208
0.000301634
0.000366894
0.000421146
0.00042975
0.000401278
0.000382273
0.000385539
0.00040339
0.000434032
0.000439388
0.000368272
0.000351671
0.00039298
0.000469759
0.000541664
0.000559824
0.00051148
0.000417645
0.000281361
0.000286019
0.000340393
0.000367131
0.000422937
0.000455435
0.000448018
0.000431967
0.000422987
0.000418928
0.000421485
0.000419603
0.000374681
0.000368234
0.000409785
0.00049453
0.000581746
0.000607441
0.00057337
0.000523508
0.000305673
0.000319752
0.000423596
0.000391714
0.000420771
0.000463602
0.000480237
0.000475219
0.000462486
0.000446261
0.000432
0.000420285
0.00039019
0.000392517
0.000434645
0.00051942
0.000607214
0.000637392
0.00062506
0.00065004
0.000325051
0.000345868
0.00052383
0.000441743
0.000440829
0.000483021
0.000518712
0.000531337
0.000525235
0.000505419
0.000481293
0.000461229
0.000438737
0.000443917
0.000482698
0.000558708
0.000635087
0.000662266
0.000659071
0.000701195
0.000341335
0.000368755
0.000583351
0.000549231
0.000561824
0.000587768
0.000614092
0.000621087
0.000602541
0.000561594
0.000516213
0.000487808
0.000487979
0.00050733
0.000545668
0.00061019
0.000669679
0.000694735
0.000688395
0.000609985
0.000357411
0.000392314
0.000574509
0.000786815
0.000907444
0.000990568
0.00104635
0.00105905
0.00101151
0.000905133
0.000786522
0.0007844
0.000865835
0.000888052
0.000857525
0.000838469
0.000826076
0.000800171
0.000747642
0.000551429
0.000376805
0.000417586
0.000451245
0.000478625
0.000502539
0.000524603
0.000542927
0.000556758
0.000565118
0.000567048
0.000562404
0.000569893
0.000573571
0.000564633
0.000545958
0.000522835
0.00049908
0.000475871
0.000454797
0.000431114
0.000401337
0.000273433
0.000282867
0.000284362
0.000279356
0.000268848
0.000251396
0.000215969
0.000157208
0.000145086
0.000145801
0.000151187
0.00017121
0.000233134
0.000260831
0.000275468
0.000284874
0.000291606
0.000295464
0.000294116
0.00028363
0.000251392
0.000359333
0.000411314
0.000415747
0.000376829
0.000322398
0.000272053
0.000268568
0.000304465
0.000354926
0.000342601
0.000274896
0.000289334
0.000349379
0.000408488
0.000451926
0.00046953
0.000463755
0.000411661
0.000276319
0.000237193
0.000361527
0.000448354
0.00048672
0.000461316
0.00038936
0.000333685
0.000326425
0.000353288
0.000395984
0.000421508
0.000336037
0.000312034
0.000354749
0.00042579
0.000495043
0.000539304
0.000536262
0.000467366
0.000281278
0.00026722
0.000381342
0.000471966
0.000529284
0.000523545
0.000454887
0.000395465
0.00037219
0.000368203
0.000375055
0.000381898
0.00033663
0.000316977
0.000354798
0.00044086
0.000559824
0.00062864
0.000623383
0.000539128
0.000297029
0.000300317
0.000432359
0.000495065
0.000548114
0.00056136
0.00051081
0.000450256
0.000410246
0.000381527
0.000361691
0.000348392
0.0003223
0.000319658
0.000359747
0.000457269
0.000607441
0.000695199
0.000690713
0.00060605
0.000313508
0.000326278
0.00049548
0.00051659
0.000549562
0.000574133
0.000554572
0.000507348
0.000460919
0.000416923
0.00037948
0.00035385
0.000335827
0.000342782
0.000385736
0.0004876
0.000637392
0.000730123
0.000732978
0.000659584
0.000327494
0.000347202
0.000545595
0.000527502
0.000547531
0.00058008
0.000592793
0.000575338
0.000540393
0.000493044
0.000443961
0.000410109
0.000397264
0.000405974
0.000442683
0.000534138
0.000662266
0.000742669
0.000738872
0.000659464
0.000340019
0.000366106
0.000565836
0.000588279
0.000620461
0.000654179
0.000675018
0.0006718
0.000642238
0.000589266
0.000528588
0.000488442
0.000484089
0.000502346
0.000537392
0.000612349
0.000694735
0.000732456
0.00069821
0.000582565
0.000353359
0.00038632
0.000551943
0.000737176
0.000880814
0.000932088
0.000966509
0.000970959
0.000929025
0.000840833
0.000735867
0.000712166
0.000774561
0.000809157
0.000795423
0.000794097
0.000800171
0.000788641
0.000697794
0.000531401
0.000369708
0.000408404
0.000438911
0.000463514
0.00048373
0.000501548
0.000516022
0.000526199
0.000530896
0.000529018
0.000520009
0.000526364
0.000533113
0.000528533
0.000514173
0.000495343
0.000475871
0.000456887
0.000438669
0.000417292
0.000390523
0.000284243
0.00029509
0.000295585
0.000288736
0.000276824
0.000260161
0.000230941
0.000175755
0.000146032
0.000141889
0.000143237
0.000153568
0.000224316
0.000258725
0.000275406
0.000286405
0.000295464
0.00030181
0.000302753
0.000293629
0.000279219
0.000400262
0.00044791
0.000451318
0.000409155
0.000342145
0.000280375
0.000246387
0.000269073
0.000308486
0.000327177
0.000275335
0.000270741
0.000329421
0.000390275
0.000429831
0.000463755
0.000474212
0.000434087
0.000295974
0.000282995
0.000447779
0.000519393
0.000541252
0.000507018
0.000414842
0.000336082
0.000306128
0.000312065
0.00033563
0.000355397
0.00031586
0.000280917
0.000313755
0.000376789
0.000459471
0.000536262
0.000554768
0.000497704
0.000302521
0.000296451
0.000493012
0.000578891
0.000609359
0.000584491
0.000478558
0.000390726
0.000346361
0.00032222
0.000309951
0.000303959
0.000280785
0.000273573
0.00030455
0.000371473
0.00051148
0.000623383
0.000636252
0.000558572
0.000310648
0.000315447
0.000522133
0.000613119
0.000650115
0.00064144
0.000548176
0.000447129
0.000382732
0.000336338
0.000305277
0.000288497
0.000275959
0.000283271
0.000318115
0.000397648
0.00057337
0.000690713
0.000695216
0.00060219
0.000320337
0.000332233
0.000541085
0.000625038
0.000668347
0.000679551
0.000623959
0.000531133
0.000453013
0.000388667
0.000343613
0.000321492
0.000316071
0.000332783
0.000376846
0.000469493
0.00062506
0.000732978
0.000719917
0.000616811
0.000329224
0.000346863
0.000545112
0.000611627
0.000665215
0.000698944
0.00068639
0.000633339
0.000565948
0.000493694
0.000434877
0.000405725
0.000402925
0.00041911
0.000459196
0.000540524
0.000659071
0.000738872
0.00070476
0.000597381
0.000337927
0.000360937
0.000535924
0.000600724
0.000665196
0.000729806
0.000755014
0.000733332
0.000678842
0.000605792
0.000535801
0.000498076
0.000500733
0.00052326
0.000562135
0.000623536
0.000688395
0.00069821
0.000640335
0.000543806
0.000347864
0.000377052
0.000517868
0.0006444
0.000766274
0.000848018
0.000891374
0.000875929
0.000819633
0.000728567
0.000632151
0.00060983
0.000661327
0.000709613
0.000726774
0.000741427
0.000747642
0.000697794
0.000603887
0.000498071
0.000360551
0.000395424
0.000422942
0.000445124
0.000462562
0.000476837
0.000487644
0.000494449
0.000496241
0.000491733
0.000480039
0.00048632
0.000495395
0.000494561
0.000484757
0.000470368
0.000454797
0.000438669
0.000421942
0.000401961
0.000377281
0.000295731
0.000304985
0.000302592
0.000293259
0.000279193
0.000261853
0.000229657
0.000169188
0.000138382
0.000133573
0.000131552
0.000136767
0.000204292
0.000252413
0.000271091
0.000283102
0.000294116
0.000302753
0.000306577
0.000301435
0.000302736
0.0004123
0.000438065
0.000428156
0.000387383
0.000324171
0.000265482
0.000230032
0.000240795
0.000264837
0.000276013
0.000259639
0.000234373
0.000284177
0.000336641
0.000371104
0.000411661
0.000434087
0.000415099
0.000309586
0.000310752
0.000458888
0.000499841
0.000502246
0.000464494
0.000368191
0.000301345
0.000271051
0.00026018
0.000260125
0.000259384
0.000239548
0.00023429
0.000261946
0.000301615
0.000379668
0.000467366
0.000497704
0.000461636
0.000316292
0.000318348
0.000493057
0.000546396
0.00056323
0.000531486
0.000418453
0.000344172
0.000302492
0.000271276
0.000251887
0.000244747
0.000238694
0.000251069
0.000279507
0.000318339
0.000417645
0.000539128
0.000558572
0.00049888
0.000320893
0.00032707
0.000512985
0.00057566
0.000609193
0.000604036
0.000510926
0.000409846
0.000350131
0.000306197
0.000282429
0.000278937
0.000282531
0.000301379
0.000339606
0.00040616
0.000523508
0.00060605
0.00060219
0.000523816
0.000325121
0.000335591
0.000517154
0.000585964
0.000637512
0.000672145
0.000644137
0.000546624
0.000462918
0.00040069
0.000369561
0.000370602
0.000385944
0.00042
0.000485195
0.000583344
0.00065004
0.000659584
0.000616811
0.000531405
0.0003294
0.000343735
0.000510374
0.000580225
0.000643034
0.000705221
0.000744879
0.000732772
0.000668301
0.000590093
0.000543858
0.000550259
0.000582717
0.000618052
0.000663019
0.000698281
0.000701195
0.000659464
0.000597381
0.000521886
0.000334047
0.000352342
0.000495651
0.000558766
0.000610765
0.000659751
0.000693686
0.000695652
0.000670001
0.000634972
0.000609592
0.000579373
0.000566815
0.000572995
0.000591725
0.000610285
0.000609985
0.000582565
0.000543806
0.00049039
0.000340014
0.000363271
0.00047443
0.000534716
0.000585069
0.000620864
0.000634772
0.000624227
0.000591302
0.000540347
0.000489427
0.000478612
0.000508091
0.000537097
0.000550421
0.000555541
0.000551429
0.000531401
0.000498071
0.000454953
0.000348193
0.000376407
0.000401205
0.000421322
0.000436332
0.000447894
0.000456079
0.00046059
0.000460924
0.000456191
0.000445816
0.000451478
0.000459583
0.000460333
0.000454059
0.000443554
0.000431114
0.000417292
0.000401961
0.000382898
0.00035955
0.000305587
0.000303863
0.000296596
0.000285415
0.000271723
0.000255836
0.000211329
0.000129004
0.000125739
0.000119235
0.000117108
0.000119705
0.000170902
0.00024221
0.000261591
0.00027199
0.00028363
0.000293629
0.000301435
0.000306848
0.000317412
0.000316002
0.000304596
0.000285513
0.000259106
0.000234992
0.000204292
0.000170107
0.000150653
0.000144208
0.000139998
0.000135373
0.000151613
0.000194386
0.000219
0.000249705
0.000276319
0.000295974
0.000309586
0.000316298
0.000323957
0.000324007
0.000312802
0.000293232
0.000265506
0.000225783
0.000200349
0.000185146
0.000171779
0.000158315
0.000154716
0.000161453
0.000180553
0.000198559
0.000223105
0.000251946
0.000281278
0.000302521
0.000316292
0.000321103
0.000327251
0.000329031
0.00032036
0.000305652
0.00028743
0.000265761
0.000247384
0.000234067
0.000222023
0.000216068
0.000223251
0.000232663
0.00024298
0.000253718
0.000266251
0.000281361
0.000297029
0.000310648
0.000320893
0.000322868
0.000329679
0.000333243
0.000328903
0.000321129
0.000311374
0.000299523
0.000287696
0.000277338
0.00026823
0.000262709
0.000267491
0.000274513
0.000281732
0.000289197
0.000297235
0.000305673
0.000313508
0.000320337
0.000325121
0.000323697
0.000332002
0.000337798
0.000338199
0.000335874
0.000331994
0.000326298
0.000318672
0.00031013
0.000301499
0.00029478
0.000298054
0.000304368
0.000310394
0.000316069
0.00032122
0.000325051
0.000327494
0.000329224
0.0003294
0.000324468
0.000334498
0.000343393
0.000348187
0.000350315
0.000350485
0.000348575
0.00034404
0.000336879
0.000328106
0.00031995
0.000322453
0.00032885
0.000334361
0.000338558
0.000341022
0.000341335
0.000340019
0.000337927
0.000334047
0.00032556
0.000337729
0.000350644
0.000359854
0.000366019
0.000369582
0.000370246
0.000367553
0.000361378
0.000352314
0.000342517
0.000344816
0.000351805
0.000356918
0.000359411
0.000359536
0.000357411
0.000353359
0.000347864
0.000340014
0.000327432
0.000342544
0.000360333
0.000374346
0.000384295
0.000390666
0.000393194
0.000391977
0.000386829
0.000377683
0.000366121
0.000369855
0.000378908
0.000384189
0.000384711
0.0003819
0.000376805
0.000369708
0.000360551
0.000348193
0.000330897
0.000350069
0.000372403
0.000390379
0.000402889
0.000411725
0.000417332
0.000419805
0.000419026
0.000414399
0.000405297
0.000410466
0.000417798
0.000419719
0.000416637
0.000410108
0.000401337
0.000390523
0.000377281
0.00035955
0.000337202
)
;

boundaryField
{
    floor
    {
        type            compressible::alphatWallFunction;
        Prt             0.85;
        value           nonuniform List<scalar> 
400
(
4.37227e-05
4.23879e-05
4.04127e-05
3.82714e-05
3.54223e-05
2.68631e-05
9.88848e-06
8.56421e-06
8.34052e-06
7.8658e-06
7.42817e-06
7.18017e-06
7.24813e-06
1.31965e-05
3.19823e-05
3.59446e-05
3.78846e-05
3.95418e-05
4.12985e-05
4.2799e-05
4.23879e-05
4.28335e-05
4.14929e-05
3.91017e-05
3.60073e-05
2.9462e-05
1.24385e-05
1.19616e-05
1.09864e-05
1.02045e-05
9.6645e-06
9.71963e-06
1.0949e-05
2.12296e-05
3.33521e-05
3.71452e-05
3.93331e-05
4.12022e-05
4.27142e-05
4.25468e-05
4.04127e-05
4.14929e-05
4.04671e-05
3.82868e-05
3.508e-05
2.83437e-05
1.38176e-05
1.37317e-05
1.27469e-05
1.15832e-05
1.09642e-05
1.1377e-05
1.3122e-05
2.44291e-05
3.3822e-05
3.74016e-05
3.95648e-05
4.12834e-05
4.23589e-05
4.14504e-05
3.82714e-05
3.91017e-05
3.82868e-05
3.621e-05
3.25584e-05
2.32561e-05
1.53203e-05
1.47431e-05
1.42284e-05
1.28756e-05
1.23091e-05
1.32165e-05
1.55004e-05
2.50961e-05
3.32781e-05
3.67209e-05
3.87997e-05
4.02435e-05
4.09451e-05
3.97498e-05
3.54223e-05
3.60073e-05
3.508e-05
3.25584e-05
2.79362e-05
1.80183e-05
1.62244e-05
1.55226e-05
1.55817e-05
1.43218e-05
1.37148e-05
1.5039e-05
1.72249e-05
2.41729e-05
3.16054e-05
3.5072e-05
3.71809e-05
3.84194e-05
3.87943e-05
3.76505e-05
2.68631e-05
2.9462e-05
2.83437e-05
2.32561e-05
1.80183e-05
1.71798e-05
1.64969e-05
1.58684e-05
1.63357e-05
1.56817e-05
1.48373e-05
1.61706e-05
1.79915e-05
2.18407e-05
2.80367e-05
3.19407e-05
3.4463e-05
3.58456e-05
3.6121e-05
3.51945e-05
9.88848e-06
1.24385e-05
1.38176e-05
1.53203e-05
1.62244e-05
1.64969e-05
1.61368e-05
1.58947e-05
1.69522e-05
1.73015e-05
1.5972e-05
1.67751e-05
1.8078e-05
1.98926e-05
2.16889e-05
2.41267e-05
2.87873e-05
3.12741e-05
3.11016e-05
2.82241e-05
8.56421e-06
1.19616e-05
1.37317e-05
1.47431e-05
1.55226e-05
1.58684e-05
1.58947e-05
1.62084e-05
1.78705e-05
1.91915e-05
1.75314e-05
1.75221e-05
1.80847e-05
1.87722e-05
1.86351e-05
1.83491e-05
1.93681e-05
2.24538e-05
2.14521e-05
1.47646e-05
8.34052e-06
1.09864e-05
1.27469e-05
1.42284e-05
1.55817e-05
1.63357e-05
1.69522e-05
1.78705e-05
1.94082e-05
2.05466e-05
1.95824e-05
1.97046e-05
1.95557e-05
1.88826e-05
1.79968e-05
1.74617e-05
1.74737e-05
1.76426e-05
1.63628e-05
1.42276e-05
7.8658e-06
1.02045e-05
1.15832e-05
1.28756e-05
1.43218e-05
1.56817e-05
1.73015e-05
1.91915e-05
2.05466e-05
0
0
2.25511e-05
2.18549e-05
2.0324e-05
1.91682e-05
1.83217e-05
1.76348e-05
1.69755e-05
1.55675e-05
1.31269e-05
7.42817e-06
9.6645e-06
1.09642e-05
1.23091e-05
1.37148e-05
1.48373e-05
1.5972e-05
1.75314e-05
1.95824e-05
0
0
2.54213e-05
2.34796e-05
2.14346e-05
2.01112e-05
1.93532e-05
1.85204e-05
1.72173e-05
1.52237e-05
1.27541e-05
7.18017e-06
9.71963e-06
1.1377e-05
1.32165e-05
1.5039e-05
1.61706e-05
1.67751e-05
1.75221e-05
1.97046e-05
2.25511e-05
2.54213e-05
2.69241e-05
2.73482e-05
2.67737e-05
2.56619e-05
2.41145e-05
2.20588e-05
1.91395e-05
1.61617e-05
1.32361e-05
7.24813e-06
1.0949e-05
1.3122e-05
1.55004e-05
1.72249e-05
1.79915e-05
1.8078e-05
1.80847e-05
1.95557e-05
2.18549e-05
2.34796e-05
2.73482e-05
3.01636e-05
3.14588e-05
3.21085e-05
3.22541e-05
3.17947e-05
3.0435e-05
2.73178e-05
2.19622e-05
1.31965e-05
2.12296e-05
2.44291e-05
2.50961e-05
2.41729e-05
2.18407e-05
1.98926e-05
1.87722e-05
1.88826e-05
2.0324e-05
2.14346e-05
2.67737e-05
3.14588e-05
3.37349e-05
3.50579e-05
3.57998e-05
3.60319e-05
3.57061e-05
3.47277e-05
3.31378e-05
3.19823e-05
3.33521e-05
3.3822e-05
3.32781e-05
3.16054e-05
2.80367e-05
2.16889e-05
1.86351e-05
1.79968e-05
1.91682e-05
2.01112e-05
2.56619e-05
3.21085e-05
3.50579e-05
3.67419e-05
3.77556e-05
3.82653e-05
3.82532e-05
3.75869e-05
3.61178e-05
3.59446e-05
3.71452e-05
3.74016e-05
3.67209e-05
3.5072e-05
3.19407e-05
2.41267e-05
1.83491e-05
1.74617e-05
1.83217e-05
1.93532e-05
2.41145e-05
3.22541e-05
3.57998e-05
3.77556e-05
3.89692e-05
3.96981e-05
3.99296e-05
3.94228e-05
3.77162e-05
3.78846e-05
3.93331e-05
3.95648e-05
3.87997e-05
3.71809e-05
3.4463e-05
2.87873e-05
1.93681e-05
1.74737e-05
1.76348e-05
1.85204e-05
2.20588e-05
3.17947e-05
3.60319e-05
3.82653e-05
3.96981e-05
4.07228e-05
4.13077e-05
4.11019e-05
3.95019e-05
3.95418e-05
4.12022e-05
4.12834e-05
4.02435e-05
3.84194e-05
3.58456e-05
3.12741e-05
2.24538e-05
1.76426e-05
1.69755e-05
1.72173e-05
1.91395e-05
3.0435e-05
3.57061e-05
3.82532e-05
3.99296e-05
4.13077e-05
4.22692e-05
4.2412e-05
4.10259e-05
4.12985e-05
4.27142e-05
4.23589e-05
4.09451e-05
3.87943e-05
3.6121e-05
3.11016e-05
2.14521e-05
1.63628e-05
1.55675e-05
1.52237e-05
1.61617e-05
2.73178e-05
3.47277e-05
3.75869e-05
3.94228e-05
4.11019e-05
4.2412e-05
4.29915e-05
4.22112e-05
4.2799e-05
4.25468e-05
4.14504e-05
3.97498e-05
3.76505e-05
3.51945e-05
2.82241e-05
1.47646e-05
1.42276e-05
1.31269e-05
1.27541e-05
1.32361e-05
2.19622e-05
3.31378e-05
3.61178e-05
3.77162e-05
3.95019e-05
4.10259e-05
4.22112e-05
4.30293e-05
)
;
    }
    ceiling
    {
        type            compressible::alphatWallFunction;
        Prt             0.85;
        value           nonuniform List<scalar> 
400
(
5.16869e-05
5.57585e-05
5.89086e-05
6.11399e-05
6.27746e-05
6.38934e-05
6.44966e-05
6.45442e-05
6.38894e-05
6.20024e-05
6.00182e-05
6.05612e-05
6.0875e-05
6.08091e-05
6.0365e-05
5.94914e-05
5.8147e-05
5.62398e-05
5.3432e-05
4.95127e-05
5.57585e-05
6.01151e-05
6.35932e-05
6.62185e-05
6.82895e-05
6.9833e-05
7.07754e-05
7.1008e-05
7.03168e-05
6.82524e-05
6.57028e-05
6.63801e-05
6.66453e-05
6.64e-05
6.56621e-05
6.43819e-05
6.25914e-05
6.02635e-05
5.70785e-05
5.28258e-05
5.89086e-05
6.35932e-05
6.73431e-05
7.02928e-05
7.27305e-05
7.46449e-05
7.59125e-05
7.63532e-05
7.5682e-05
7.33787e-05
7.03492e-05
7.11925e-05
7.14177e-05
7.10083e-05
6.99931e-05
6.83278e-05
6.61479e-05
6.34835e-05
6.00175e-05
5.54774e-05
6.11399e-05
6.62185e-05
7.02928e-05
7.36201e-05
7.65565e-05
7.89751e-05
8.06932e-05
8.15105e-05
8.11419e-05
7.91361e-05
7.56455e-05
7.62114e-05
7.61479e-05
7.5397e-05
7.39456e-05
7.17503e-05
6.90513e-05
6.60001e-05
6.2199e-05
5.73142e-05
6.27746e-05
6.82895e-05
7.27305e-05
7.65565e-05
8.00907e-05
8.30284e-05
8.52361e-05
8.65357e-05
8.6662e-05
8.52287e-05
8.13818e-05
8.14594e-05
8.08753e-05
7.96024e-05
7.76215e-05
7.48866e-05
7.15957e-05
6.80503e-05
6.38725e-05
5.86071e-05
6.38934e-05
6.9833e-05
7.46449e-05
7.89751e-05
8.30284e-05
8.64859e-05
8.92657e-05
9.12583e-05
9.22829e-05
9.20177e-05
8.79015e-05
8.69295e-05
8.54014e-05
8.33668e-05
8.07528e-05
7.74771e-05
7.36536e-05
6.9597e-05
6.50536e-05
5.94259e-05
6.44966e-05
7.07754e-05
7.59125e-05
8.06932e-05
8.52361e-05
8.92657e-05
9.27759e-05
9.58266e-05
9.84618e-05
0.000100386
9.59955e-05
9.29074e-05
8.97939e-05
8.66691e-05
8.32848e-05
7.94238e-05
7.50954e-05
7.05678e-05
6.57029e-05
5.97863e-05
6.45442e-05
7.1008e-05
7.63532e-05
8.15105e-05
8.65357e-05
9.12583e-05
9.58266e-05
0.000100587
0.000105816
0.000111115
0.000106438
9.98363e-05
9.42166e-05
8.95034e-05
8.51294e-05
8.05963e-05
7.57582e-05
7.08216e-05
6.57501e-05
5.96732e-05
6.38894e-05
7.03168e-05
7.5682e-05
8.11419e-05
8.6662e-05
9.22829e-05
9.84618e-05
0.000105816
0.000114659
0.000123642
0.000118465
0.000107932
9.88457e-05
9.18789e-05
8.62018e-05
8.08648e-05
7.54903e-05
7.01762e-05
6.50678e-05
5.89995e-05
6.20024e-05
6.82524e-05
7.33787e-05
7.91361e-05
8.52287e-05
9.20177e-05
0.000100386
0.000111115
0.000123642
0.000126851
0.000119368
0.00011538
0.000103358
9.3747e-05
8.65215e-05
8.0209e-05
7.42115e-05
6.8504e-05
6.35707e-05
5.7671e-05
6.00182e-05
6.57028e-05
7.03492e-05
7.56455e-05
8.13818e-05
8.79015e-05
9.59955e-05
0.000106438
0.000118465
0.000119368
0.000130094
0.000115943
0.000103679
9.48001e-05
8.77309e-05
8.12691e-05
7.51161e-05
6.94041e-05
6.43882e-05
5.84257e-05
6.05612e-05
6.63801e-05
7.11925e-05
7.62114e-05
8.14594e-05
8.69295e-05
9.29074e-05
9.98363e-05
0.000107932
0.00011538
0.000115943
0.000107223
0.000100161
9.38121e-05
8.76937e-05
8.17772e-05
7.60652e-05
7.06939e-05
6.55508e-05
5.94897e-05
6.0875e-05
6.66453e-05
7.14177e-05
7.61479e-05
8.08753e-05
8.54014e-05
8.97939e-05
9.42166e-05
9.88457e-05
0.000103358
0.000103679
0.000100161
9.60244e-05
9.10615e-05
8.57729e-05
8.05184e-05
7.54144e-05
7.05726e-05
6.56569e-05
5.97679e-05
6.08091e-05
6.64e-05
7.10083e-05
7.5397e-05
7.96024e-05
8.33668e-05
8.66691e-05
8.95034e-05
9.18789e-05
9.3747e-05
9.48001e-05
9.38121e-05
9.10615e-05
8.70627e-05
8.25148e-05
7.78918e-05
7.33828e-05
6.91768e-05
6.47572e-05
5.93218e-05
6.0365e-05
6.56621e-05
6.99931e-05
7.39456e-05
7.76215e-05
8.07528e-05
8.32848e-05
8.51294e-05
8.62018e-05
8.65215e-05
8.77309e-05
8.76937e-05
8.57729e-05
8.25148e-05
7.86281e-05
7.46307e-05
7.07148e-05
6.71273e-05
6.32501e-05
5.83761e-05
5.94914e-05
6.43819e-05
6.83278e-05
7.17503e-05
7.48866e-05
7.74771e-05
7.94238e-05
8.05963e-05
8.08648e-05
8.0209e-05
8.12691e-05
8.17772e-05
8.05184e-05
7.78918e-05
7.46307e-05
7.12587e-05
6.79383e-05
6.48966e-05
6.14571e-05
5.71005e-05
5.8147e-05
6.25914e-05
6.61479e-05
6.90513e-05
7.15957e-05
7.36536e-05
7.50954e-05
7.57582e-05
7.54903e-05
7.42115e-05
7.51161e-05
7.60652e-05
7.54144e-05
7.33828e-05
7.07148e-05
6.79383e-05
6.52107e-05
6.25705e-05
5.94528e-05
5.55198e-05
5.62398e-05
6.02635e-05
6.34835e-05
6.60001e-05
6.80503e-05
6.9597e-05
7.05678e-05
7.08216e-05
7.01762e-05
6.8504e-05
6.94041e-05
7.06939e-05
7.05726e-05
6.91768e-05
6.71273e-05
6.48966e-05
6.25705e-05
6.01393e-05
5.72143e-05
5.35724e-05
5.3432e-05
5.70785e-05
6.00175e-05
6.2199e-05
6.38725e-05
6.50536e-05
6.57029e-05
6.57501e-05
6.50678e-05
6.35707e-05
6.43882e-05
6.55508e-05
6.56569e-05
6.47572e-05
6.32501e-05
6.14571e-05
5.94528e-05
5.72143e-05
5.44103e-05
5.09469e-05
4.95127e-05
5.28258e-05
5.54774e-05
5.73142e-05
5.86071e-05
5.94259e-05
5.97863e-05
5.96732e-05
5.89995e-05
5.7671e-05
5.84257e-05
5.94897e-05
5.97679e-05
5.93218e-05
5.83761e-05
5.71005e-05
5.55198e-05
5.35724e-05
5.09469e-05
4.76097e-05
)
;
    }
    fixedWalls
    {
        type            compressible::alphatWallFunction;
        Prt             0.85;
        value           nonuniform List<scalar> 
800
(
4.367e-05
4.5548e-05
4.66343e-05
4.72413e-05
4.77039e-05
4.817e-05
4.86995e-05
4.93581e-05
5.02775e-05
5.16271e-05
4.23363e-05
4.38953e-05
4.53282e-05
4.64965e-05
4.76451e-05
4.89008e-05
5.02076e-05
5.16617e-05
5.35068e-05
5.56944e-05
4.0363e-05
4.05077e-05
4.17178e-05
4.36459e-05
4.61052e-05
4.85827e-05
5.09153e-05
5.32356e-05
5.59189e-05
5.8841e-05
3.8224e-05
3.59745e-05
3.55033e-05
3.93847e-05
4.36558e-05
4.77142e-05
5.11599e-05
5.43017e-05
5.76492e-05
6.10697e-05
3.53781e-05
3.26302e-05
3.0477e-05
3.22619e-05
4.08383e-05
4.66075e-05
5.11059e-05
5.49695e-05
5.88578e-05
6.27025e-05
2.68285e-05
2.61735e-05
2.55911e-05
2.87787e-05
3.84553e-05
4.54273e-05
5.07399e-05
5.51884e-05
5.95215e-05
6.38199e-05
9.87049e-06
1.71903e-05
2.07927e-05
2.58458e-05
3.62295e-05
4.41571e-05
5.00336e-05
5.4923e-05
5.96124e-05
6.44223e-05
8.54723e-06
1.20635e-05
1.55376e-05
2.1477e-05
3.39444e-05
4.27546e-05
4.90231e-05
5.41674e-05
5.91004e-05
6.44696e-05
8.32379e-06
1.28324e-05
1.36666e-05
1.67351e-05
3.18937e-05
4.13008e-05
4.77248e-05
5.28805e-05
5.78657e-05
6.38154e-05
7.84949e-06
1.19776e-05
1.39878e-05
1.52209e-05
3.09575e-05
3.99767e-05
4.60339e-05
5.0825e-05
5.54842e-05
6.19304e-05
7.41224e-06
1.09183e-05
1.2742e-05
1.73479e-05
3.23092e-05
4.02525e-05
4.56408e-05
4.99084e-05
5.40232e-05
5.99483e-05
7.16448e-06
9.6849e-06
1.09334e-05
1.96472e-05
3.37165e-05
4.10693e-05
4.62428e-05
5.04892e-05
5.47059e-05
6.04908e-05
7.23233e-06
1.02378e-05
1.23231e-05
2.25187e-05
3.50929e-05
4.20086e-05
4.70301e-05
5.12531e-05
5.54727e-05
6.08043e-05
1.31755e-05
1.89479e-05
1.81605e-05
2.5999e-05
3.64982e-05
4.29756e-05
4.77831e-05
5.1879e-05
5.59817e-05
6.07387e-05
3.1942e-05
2.82683e-05
2.37905e-05
2.88148e-05
3.80133e-05
4.39431e-05
4.84138e-05
5.22471e-05
5.61082e-05
6.02952e-05
3.58998e-05
3.14935e-05
2.67203e-05
3.25558e-05
3.98035e-05
4.49269e-05
4.88461e-05
5.22507e-05
5.57279e-05
5.94228e-05
3.78376e-05
3.44224e-05
3.21659e-05
3.68944e-05
4.19743e-05
4.5904e-05
4.90413e-05
5.18547e-05
5.48419e-05
5.808e-05
3.94931e-05
3.87167e-05
3.92964e-05
4.13669e-05
4.42588e-05
4.67923e-05
4.89853e-05
5.10826e-05
5.34698e-05
5.61751e-05
4.12481e-05
4.23125e-05
4.35303e-05
4.4684e-05
4.60048e-05
4.72892e-05
4.85116e-05
4.97979e-05
5.14242e-05
5.33705e-05
4.27473e-05
4.45382e-05
4.55271e-05
4.60256e-05
4.63942e-05
4.6746e-05
4.71225e-05
4.76086e-05
4.83306e-05
4.94553e-05
4.27473e-05
4.45382e-05
4.55271e-05
4.60256e-05
4.63942e-05
4.6746e-05
4.71225e-05
4.76086e-05
4.83306e-05
4.94553e-05
4.24952e-05
4.43356e-05
4.55424e-05
4.62972e-05
4.69288e-05
4.76102e-05
4.84479e-05
4.95302e-05
5.09733e-05
5.2765e-05
4.13998e-05
4.26254e-05
4.38693e-05
4.50064e-05
4.62834e-05
4.76724e-05
4.91622e-05
5.0898e-05
5.30464e-05
5.54136e-05
3.97008e-05
3.97357e-05
4.09184e-05
4.27975e-05
4.51238e-05
4.73305e-05
4.9483e-05
5.18139e-05
5.45137e-05
5.72482e-05
3.76037e-05
3.5693e-05
3.66977e-05
4.00434e-05
4.3663e-05
4.67567e-05
4.95136e-05
5.23446e-05
5.54518e-05
5.85396e-05
3.51504e-05
3.1937e-05
3.0535e-05
3.67296e-05
4.18759e-05
4.59088e-05
4.92351e-05
5.24477e-05
5.58254e-05
5.93573e-05
2.8188e-05
2.70901e-05
2.64909e-05
3.38751e-05
4.00761e-05
4.47656e-05
4.85644e-05
5.20547e-05
5.56494e-05
5.97172e-05
1.47422e-05
2.1616e-05
2.4052e-05
3.18008e-05
3.84899e-05
4.3478e-05
4.74979e-05
5.11443e-05
5.48957e-05
5.96041e-05
1.42056e-05
1.84357e-05
2.18855e-05
2.99014e-05
3.7086e-05
4.21708e-05
4.61854e-05
4.98014e-05
5.35519e-05
5.8931e-05
1.31059e-05
1.73484e-05
1.9695e-05
2.8964e-05
3.62362e-05
4.11491e-05
4.4958e-05
4.83408e-05
5.18455e-05
5.76039e-05
1.27335e-05
1.66156e-05
1.90987e-05
3.00903e-05
3.6973e-05
4.16463e-05
4.53339e-05
4.86821e-05
5.23954e-05
5.83578e-05
1.32151e-05
1.58282e-05
2.02209e-05
3.15749e-05
3.80528e-05
4.25995e-05
4.62873e-05
4.97136e-05
5.37224e-05
5.94208e-05
2.19327e-05
1.86742e-05
2.33084e-05
3.31894e-05
3.91599e-05
4.35113e-05
4.71125e-05
5.04721e-05
5.44987e-05
5.96989e-05
3.3096e-05
2.55423e-05
2.62181e-05
3.48621e-05
4.03026e-05
4.43701e-05
4.77427e-05
5.08457e-05
5.45813e-05
5.92534e-05
3.60727e-05
2.94104e-05
3.01264e-05
3.68051e-05
4.15296e-05
4.51487e-05
4.81148e-05
5.08707e-05
5.41773e-05
5.83089e-05
3.76694e-05
3.42536e-05
3.46163e-05
3.91225e-05
4.28105e-05
4.57283e-05
4.81674e-05
5.0563e-05
5.3436e-05
5.70348e-05
3.94533e-05
3.83461e-05
3.91116e-05
4.15048e-05
4.39956e-05
4.60995e-05
4.79767e-05
4.9968e-05
5.2395e-05
5.5456e-05
4.09759e-05
4.13384e-05
4.23351e-05
4.35658e-05
4.50269e-05
4.63632e-05
4.76685e-05
4.91543e-05
5.10421e-05
5.35108e-05
4.21601e-05
4.33988e-05
4.44139e-05
4.5109e-05
4.57461e-05
4.63899e-05
4.70879e-05
4.79824e-05
4.92034e-05
5.08882e-05
4.29777e-05
4.44078e-05
4.51333e-05
4.54003e-05
4.55263e-05
4.56434e-05
4.58087e-05
4.60907e-05
4.66112e-05
4.75546e-05
4.367e-05
4.5548e-05
4.66343e-05
4.72413e-05
4.77039e-05
4.817e-05
4.86995e-05
4.93581e-05
5.02775e-05
5.16271e-05
4.23363e-05
4.38953e-05
4.53282e-05
4.64965e-05
4.76451e-05
4.89008e-05
5.02076e-05
5.16617e-05
5.35068e-05
5.56944e-05
4.0363e-05
4.05077e-05
4.17178e-05
4.36459e-05
4.61052e-05
4.85827e-05
5.09153e-05
5.32356e-05
5.59189e-05
5.8841e-05
3.8224e-05
3.59745e-05
3.55033e-05
3.93847e-05
4.36558e-05
4.77142e-05
5.11599e-05
5.43017e-05
5.76492e-05
6.10697e-05
3.53781e-05
3.26302e-05
3.0477e-05
3.22619e-05
4.08383e-05
4.66075e-05
5.11059e-05
5.49695e-05
5.88578e-05
6.27025e-05
2.68285e-05
2.61735e-05
2.55911e-05
2.87787e-05
3.84553e-05
4.54273e-05
5.07399e-05
5.51884e-05
5.95215e-05
6.38199e-05
9.87049e-06
1.71903e-05
2.07927e-05
2.58458e-05
3.62295e-05
4.41571e-05
5.00336e-05
5.4923e-05
5.96124e-05
6.44223e-05
8.54723e-06
1.20635e-05
1.55376e-05
2.1477e-05
3.39444e-05
4.27546e-05
4.90231e-05
5.41674e-05
5.91004e-05
6.44696e-05
8.32379e-06
1.28324e-05
1.36666e-05
1.67351e-05
3.18937e-05
4.13008e-05
4.77248e-05
5.28805e-05
5.78657e-05
6.38154e-05
7.84949e-06
1.19776e-05
1.39878e-05
1.52209e-05
3.09575e-05
3.99767e-05
4.60339e-05
5.0825e-05
5.54842e-05
6.19304e-05
7.41224e-06
1.09183e-05
1.2742e-05
1.73479e-05
3.23092e-05
4.02525e-05
4.56408e-05
4.99084e-05
5.40232e-05
5.99483e-05
7.16448e-06
9.6849e-06
1.09334e-05
1.96472e-05
3.37165e-05
4.10693e-05
4.62428e-05
5.04892e-05
5.47059e-05
6.04908e-05
7.23233e-06
1.02378e-05
1.23231e-05
2.25187e-05
3.50929e-05
4.20086e-05
4.70301e-05
5.12531e-05
5.54727e-05
6.08043e-05
1.31755e-05
1.89479e-05
1.81605e-05
2.5999e-05
3.64982e-05
4.29756e-05
4.77831e-05
5.1879e-05
5.59817e-05
6.07387e-05
3.1942e-05
2.82683e-05
2.37905e-05
2.88148e-05
3.80133e-05
4.39431e-05
4.84138e-05
5.22471e-05
5.61082e-05
6.02952e-05
3.58998e-05
3.14935e-05
2.67203e-05
3.25558e-05
3.98035e-05
4.49269e-05
4.88461e-05
5.22507e-05
5.57279e-05
5.94228e-05
3.78376e-05
3.44224e-05
3.21659e-05
3.68944e-05
4.19743e-05
4.5904e-05
4.90413e-05
5.18547e-05
5.48419e-05
5.808e-05
3.94931e-05
3.87167e-05
3.92964e-05
4.13669e-05
4.42588e-05
4.67923e-05
4.89853e-05
5.10826e-05
5.34698e-05
5.61751e-05
4.12481e-05
4.23125e-05
4.35303e-05
4.4684e-05
4.60048e-05
4.72892e-05
4.85116e-05
4.97979e-05
5.14242e-05
5.33705e-05
4.27473e-05
4.45382e-05
4.55271e-05
4.60256e-05
4.63942e-05
4.6746e-05
4.71225e-05
4.76086e-05
4.83306e-05
4.94553e-05
4.27473e-05
4.45382e-05
4.55271e-05
4.60256e-05
4.63942e-05
4.6746e-05
4.71225e-05
4.76086e-05
4.83306e-05
4.94553e-05
4.24952e-05
4.43356e-05
4.55424e-05
4.62972e-05
4.69288e-05
4.76102e-05
4.84479e-05
4.95302e-05
5.09733e-05
5.2765e-05
4.13998e-05
4.26254e-05
4.38693e-05
4.50064e-05
4.62834e-05
4.76724e-05
4.91622e-05
5.0898e-05
5.30464e-05
5.54136e-05
3.97008e-05
3.97357e-05
4.09184e-05
4.27975e-05
4.51238e-05
4.73305e-05
4.9483e-05
5.18139e-05
5.45137e-05
5.72482e-05
3.76037e-05
3.5693e-05
3.66977e-05
4.00434e-05
4.3663e-05
4.67567e-05
4.95136e-05
5.23446e-05
5.54518e-05
5.85396e-05
3.51504e-05
3.1937e-05
3.0535e-05
3.67296e-05
4.18759e-05
4.59088e-05
4.92351e-05
5.24477e-05
5.58254e-05
5.93573e-05
2.8188e-05
2.70901e-05
2.64909e-05
3.38751e-05
4.00761e-05
4.47656e-05
4.85644e-05
5.20547e-05
5.56494e-05
5.97172e-05
1.47422e-05
2.1616e-05
2.4052e-05
3.18008e-05
3.84899e-05
4.3478e-05
4.74979e-05
5.11443e-05
5.48957e-05
5.96041e-05
1.42056e-05
1.84357e-05
2.18855e-05
2.99014e-05
3.7086e-05
4.21708e-05
4.61854e-05
4.98014e-05
5.35519e-05
5.8931e-05
1.31059e-05
1.73484e-05
1.9695e-05
2.8964e-05
3.62362e-05
4.11491e-05
4.4958e-05
4.83408e-05
5.18455e-05
5.76039e-05
1.27335e-05
1.66156e-05
1.90987e-05
3.00903e-05
3.6973e-05
4.16463e-05
4.53339e-05
4.86821e-05
5.23954e-05
5.83578e-05
1.32151e-05
1.58282e-05
2.02209e-05
3.15749e-05
3.80528e-05
4.25995e-05
4.62873e-05
4.97136e-05
5.37224e-05
5.94208e-05
2.19327e-05
1.86742e-05
2.33084e-05
3.31894e-05
3.91599e-05
4.35113e-05
4.71125e-05
5.04721e-05
5.44987e-05
5.96989e-05
3.3096e-05
2.55423e-05
2.62181e-05
3.48621e-05
4.03026e-05
4.43701e-05
4.77427e-05
5.08457e-05
5.45813e-05
5.92534e-05
3.60727e-05
2.94104e-05
3.01264e-05
3.68051e-05
4.15296e-05
4.51487e-05
4.81148e-05
5.08707e-05
5.41773e-05
5.83089e-05
3.76694e-05
3.42536e-05
3.46163e-05
3.91225e-05
4.28105e-05
4.57283e-05
4.81674e-05
5.0563e-05
5.3436e-05
5.70348e-05
3.94533e-05
3.83461e-05
3.91116e-05
4.15048e-05
4.39956e-05
4.60995e-05
4.79767e-05
4.9968e-05
5.2395e-05
5.5456e-05
4.09759e-05
4.13384e-05
4.23351e-05
4.35658e-05
4.50269e-05
4.63632e-05
4.76685e-05
4.91543e-05
5.10421e-05
5.35108e-05
4.21601e-05
4.33988e-05
4.44139e-05
4.5109e-05
4.57461e-05
4.63899e-05
4.70879e-05
4.79824e-05
4.92034e-05
5.08882e-05
4.29777e-05
4.44078e-05
4.51333e-05
4.54003e-05
4.55263e-05
4.56434e-05
4.58087e-05
4.60907e-05
4.66112e-05
4.75546e-05
)
;
    }
}


// ************************************************************************* //
