/*--------------------------------*- C++ -*----------------------------------*\
  =========                 |
  \\      /  F ield         | OpenFOAM: The Open Source CFD Toolbox
   \\    /   O peration     | Website:  https://openfoam.org
    \\  /    A nd           | Version:  8
     \\/     M anipulation  |
\*---------------------------------------------------------------------------*/
FoamFile
{
    version     2.0;
    format      ascii;
    class       volScalarField;
    location    "2000";
    object      nut;
}
// * * * * * * * * * * * * * * * * * * * * * * * * * * * * * * * * * * * * * //

dimensions      [0 2 -1 0 0 0 0];

internalField   nonuniform List<scalar> 
4000
(
0.000311995
0.000303182
0.000290196
0.000276187
0.000257742
0.000203555
0.000101126
9.33567e-05
9.20964e-05
8.94246e-05
8.69281e-05
8.55274e-05
8.59732e-05
0.000121809
0.00023602
0.00026122
0.000273739
0.000284562
0.000296063
0.000305928
0.00032448
0.000313515
0.000291173
0.00026158
0.000239995
0.000199359
0.000144646
0.000113372
0.000117893
0.000112948
0.000106791
9.96548e-05
0.000103227
0.000155106
0.000212716
0.000232829
0.000251678
0.000279536
0.000303078
0.000317767
0.000331726
0.00032304
0.000299151
0.000258639
0.000226199
0.000195508
0.000165947
0.000134417
0.000122701
0.000124679
0.000117458
0.000106996
0.000115259
0.000150015
0.000184679
0.000202556
0.000237464
0.000283319
0.000311103
0.00032432
0.000335781
0.000330828
0.000311893
0.000283888
0.000237689
0.000215464
0.00019709
0.000170161
0.000141392
0.00013251
0.000145272
0.000159051
0.000176578
0.00019793
0.00021542
0.000239484
0.000267527
0.00029679
0.000318708
0.000327617
0.000338873
0.000338505
0.000328235
0.000311968
0.000293375
0.000277748
0.000263262
0.000248505
0.000235387
0.000229458
0.000237994
0.000246924
0.000255726
0.000264778
0.000274619
0.000286349
0.000300662
0.000315808
0.00032744
0.000330047
0.000341991
0.000346918
0.000344795
0.000338977
0.000331576
0.000323698
0.000315247
0.000305951
0.000296358
0.000287641
0.00028933
0.000294643
0.000300798
0.000307168
0.000313572
0.00032012
0.000326652
0.000332612
0.00033597
0.000332372
0.000345537
0.000355697
0.000360473
0.000362118
0.000361743
0.00035926
0.000354484
0.00034767
0.00033894
0.0003276
0.000324849
0.000328841
0.000334092
0.000339125
0.000343352
0.000346265
0.000347599
0.000347257
0.000344123
0.00033487
0.000349953
0.000365497
0.00037615
0.000383379
0.000387904
0.000389374
0.000387546
0.00038238
0.000373611
0.000359662
0.000353341
0.000357264
0.000362428
0.000366656
0.000369144
0.000369178
0.000366523
0.000361346
0.000352738
0.000338104
0.00035613
0.000377976
0.000394382
0.000406188
0.000414448
0.000418976
0.000419573
0.000416024
0.000407517
0.000391199
0.000381098
0.000385779
0.000391019
0.000394487
0.000395344
0.000392761
0.000386758
0.000377477
0.000363678
0.000342923
0.00036522
0.000392822
0.000414327
0.00042963
0.000440873
0.000448577
0.000452723
0.000453021
0.000448451
0.000435384
0.000421563
0.000425357
0.000427546
0.0004271
0.000424049
0.000418057
0.000408862
0.000395865
0.000376824
0.000350454
0.000303182
0.000306116
0.000297285
0.000281621
0.000261538
0.000219915
0.000115776
0.000112878
0.000107126
0.000102685
9.95413e-05
9.98586e-05
0.00010692
0.000169325
0.000244698
0.000268988
0.000283183
0.000295421
0.000305328
0.000304204
0.000313515
0.000418045
0.000432484
0.00038972
0.000324657
0.000257326
0.000219186
0.000223246
0.000278364
0.000284877
0.000243796
0.000201502
0.000182104
0.000211167
0.000271689
0.000321757
0.000359741
0.000400717
0.000412767
0.000316357
0.00032304
0.000461561
0.000497536
0.000465093
0.000370082
0.000295796
0.000255275
0.000246245
0.000297236
0.000342316
0.000311664
0.000236862
0.000209926
0.00023006
0.000264213
0.000300668
0.000361941
0.000448291
0.000459408
0.000324371
0.000330828
0.000486711
0.00053134
0.00049206
0.0003865
0.000318843
0.000273609
0.000243728
0.000249145
0.00029894
0.000280796
0.000225691
0.000215162
0.000240673
0.000270101
0.000301979
0.00038178
0.000493576
0.000493616
0.0003294
0.000338505
0.000503987
0.000553534
0.000519456
0.000415809
0.000346444
0.000296343
0.000255903
0.00023563
0.000241862
0.00023785
0.000228604
0.000237633
0.00026377
0.000296976
0.000340785
0.000432856
0.000522732
0.000513567
0.000333617
0.000346918
0.000513825
0.000566643
0.00055513
0.000489013
0.000401784
0.000343811
0.000299844
0.000274375
0.00027168
0.000276166
0.000280385
0.000293452
0.000318002
0.000355508
0.000424084
0.000496051
0.000541705
0.000517741
0.000338177
0.000355697
0.000517094
0.000569872
0.000587693
0.00057834
0.000534849
0.000458584
0.000390494
0.000352453
0.000339176
0.000345634
0.000358265
0.000382892
0.000427644
0.000482712
0.000524436
0.000546225
0.000545737
0.000510954
0.000343778
0.000365497
0.000514177
0.000564476
0.000605995
0.000637037
0.000642869
0.000625884
0.000593297
0.00054915
0.000513488
0.000509991
0.000522652
0.000545105
0.000566256
0.000581925
0.000584027
0.000566489
0.000536539
0.000496213
0.000351036
0.000377976
0.000495114
0.000549914
0.000594004
0.000625291
0.000636788
0.000627532
0.000599173
0.000552017
0.000487879
0.000463889
0.000488304
0.00052508
0.000558968
0.000578906
0.000575173
0.000552578
0.00051846
0.000474966
0.000360735
0.000392822
0.000422619
0.000446576
0.000464747
0.000479131
0.000489876
0.00049644
0.00049804
0.000493169
0.000478721
0.000460821
0.000465597
0.000467465
0.000465756
0.000460627
0.000451759
0.000439408
0.000423418
0.000401652
0.000372815
0.000290196
0.000297285
0.000290566
0.000276319
0.000255574
0.000213051
0.000123527
0.000123216
0.000117332
0.000110655
0.000107
0.000109324
0.000119438
0.000188768
0.000247644
0.000270631
0.000284679
0.000295916
0.000302931
0.000296929
0.000291173
0.000432484
0.000465063
0.000408657
0.000333645
0.00026632
0.00024856
0.000267775
0.000326719
0.000324496
0.000265636
0.000228173
0.000211724
0.000236765
0.000295612
0.000357421
0.00041178
0.000448419
0.000438562
0.000304941
0.000299151
0.000497536
0.000568279
0.000529127
0.000416593
0.000332569
0.000301098
0.000312058
0.000371634
0.000410021
0.000343097
0.000276614
0.00025746
0.000271247
0.000307793
0.000370312
0.000448867
0.000519986
0.00050041
0.000313157
0.000311893
0.00053134
0.000606637
0.000581527
0.000469046
0.000381485
0.000334079
0.000315576
0.000342639
0.000400158
0.000392359
0.000309468
0.000276717
0.000286515
0.000315081
0.000367312
0.000472507
0.000579554
0.000547018
0.000320723
0.000328235
0.000553534
0.000625522
0.000599905
0.000491025
0.000401668
0.000341795
0.000301051
0.000292182
0.000319984
0.000313216
0.00026911
0.000260011
0.000282091
0.000313872
0.000367552
0.000495635
0.000613822
0.000576316
0.000329276
0.000344795
0.000566643
0.000636427
0.000617464
0.000520738
0.000423218
0.000352899
0.000299763
0.000271701
0.000273931
0.000271879
0.000259328
0.000265219
0.000290869
0.000328209
0.000392165
0.000517185
0.000625756
0.000586632
0.000338582
0.000360473
0.000569872
0.000638824
0.000634624
0.000567292
0.000486396
0.000409708
0.000344714
0.000305474
0.000294982
0.000294154
0.000294196
0.000309267
0.000343582
0.000387887
0.000442253
0.000528111
0.00061233
0.000580888
0.000348581
0.00037615
0.000564476
0.000645087
0.000680563
0.000667745
0.000620316
0.000556976
0.000487483
0.000428121
0.000389338
0.000377053
0.000388735
0.000420422
0.000467886
0.000514285
0.000549864
0.000588957
0.000601416
0.000559405
0.000360259
0.000394382
0.000549914
0.000682059
0.000802522
0.000873402
0.000897308
0.000870737
0.000805205
0.000707739
0.000593544
0.000556233
0.000612112
0.000688562
0.000759671
0.0008018
0.000787731
0.000738031
0.000645143
0.000535325
0.000374767
0.000414327
0.000446576
0.000472579
0.00049314
0.000510198
0.000523634
0.000532547
0.000535638
0.000530876
0.000514622
0.000493222
0.000499202
0.000500794
0.00049791
0.000490793
0.000479174
0.000464042
0.000445628
0.000421795
0.000390813
0.000276187
0.000281621
0.000276319
0.000262846
0.00023939
0.000181567
0.000132458
0.000129087
0.000126041
0.000118237
0.000114693
0.000119789
0.000133363
0.000192683
0.000244111
0.000266205
0.000279667
0.000289059
0.000293588
0.000285736
0.00026158
0.00038972
0.000408657
0.000361182
0.000300952
0.000256708
0.000257623
0.000297193
0.000369952
0.000354955
0.000288539
0.000247664
0.000229064
0.000245662
0.000296377
0.000356641
0.000416218
0.000451831
0.000428642
0.000285837
0.000258639
0.000465093
0.000529127
0.000477696
0.000385519
0.000332776
0.000325492
0.000352378
0.000427298
0.000451525
0.000361553
0.000302155
0.000284366
0.000292752
0.000327748
0.000400777
0.000487276
0.000541871
0.00050282
0.000293566
0.000283888
0.00049206
0.000581527
0.000555941
0.000464154
0.000398559
0.000369862
0.00036978
0.000413894
0.000470366
0.000434732
0.000355045
0.000321616
0.000323396
0.000352152
0.000421626
0.00052989
0.000610057
0.000563874
0.000306001
0.000311968
0.000519456
0.000599905
0.000590243
0.000508921
0.000436092
0.000387639
0.000359256
0.000368908
0.000423612
0.00042773
0.000345314
0.000315666
0.000327225
0.000358365
0.000423421
0.000548744
0.000650861
0.000609891
0.000321495
0.000338977
0.00055513
0.000617464
0.000609077
0.000537287
0.000459042
0.000396002
0.000347821
0.000329123
0.000353499
0.000360665
0.000315151
0.000302552
0.000323092
0.000358039
0.000421254
0.000550195
0.000669115
0.000638243
0.000336257
0.000362118
0.000587693
0.000634624
0.000630381
0.000575948
0.000506419
0.000439328
0.000379315
0.000341359
0.000338058
0.000340449
0.00032215
0.0003289
0.000360418
0.000394014
0.000441337
0.000548163
0.000665981
0.000643772
0.000350713
0.000383379
0.000605995
0.000680563
0.000713085
0.000689621
0.000641569
0.000581382
0.000512532
0.000446255
0.000394657
0.000378406
0.000393582
0.000439689
0.000499005
0.000538945
0.000562471
0.000621176
0.000665962
0.000611466
0.000366434
0.000406188
0.000594004
0.000802522
0.000971045
0.0010064
0.0010244
0.00101083
0.000949993
0.000841169
0.000694642
0.000640315
0.000722206
0.000826976
0.00090857
0.000938758
0.0009085
0.000881838
0.000767161
0.00058574
0.000384729
0.00042963
0.000464747
0.00049314
0.000516461
0.000537136
0.000554232
0.000566414
0.000572215
0.000569576
0.000555303
0.000530473
0.000534538
0.000534097
0.000528774
0.000518529
0.00050312
0.000484286
0.000463089
0.000436825
0.00040334
0.000257742
0.000261538
0.000255574
0.00023939
0.000210033
0.000149046
0.000137868
0.000133647
0.000133962
0.00012673
0.000122761
0.000130375
0.000143548
0.000186754
0.00023344
0.000255575
0.000269146
0.000277132
0.000279505
0.000272028
0.000239995
0.000324657
0.000333645
0.000300952
0.000262914
0.000257208
0.000267171
0.000314289
0.00040601
0.00039073
0.000310434
0.000265149
0.000242324
0.000246385
0.000280965
0.000328461
0.000377253
0.000409619
0.000387823
0.000259401
0.000226199
0.000370082
0.000416593
0.000385519
0.000341619
0.000329032
0.000337156
0.000373948
0.000470539
0.000481196
0.00038127
0.00032344
0.00030289
0.000303548
0.000324778
0.000384175
0.000461841
0.000507598
0.000465026
0.00026581
0.000237689
0.0003865
0.000469046
0.000464154
0.000421111
0.000395025
0.000390807
0.000406399
0.000466678
0.000523476
0.000454477
0.000377899
0.000349111
0.000347003
0.000367454
0.000430238
0.000524143
0.000585161
0.000532095
0.00028776
0.000293375
0.000415809
0.000491025
0.000508921
0.00047563
0.000439924
0.000414858
0.000404531
0.000434188
0.000504839
0.000489607
0.000402319
0.000364851
0.000368102
0.000393967
0.000455955
0.000562005
0.000642177
0.00060473
0.000311731
0.000331576
0.000489013
0.000520738
0.000537287
0.000511585
0.000469897
0.000428679
0.000396501
0.000397453
0.000452247
0.000466865
0.000387758
0.000358938
0.000372357
0.000404645
0.000464133
0.000574793
0.000680332
0.000672918
0.000332374
0.000361743
0.00057834
0.000567292
0.000575948
0.000559269
0.000520597
0.000472641
0.000425531
0.00040012
0.000421355
0.000443247
0.000396668
0.000389298
0.000411457
0.00043938
0.000483576
0.000580749
0.00069975
0.000706033
0.000350885
0.000387904
0.000637037
0.000667745
0.000689621
0.000678799
0.00064491
0.000595707
0.000533197
0.000465639
0.000412654
0.000402799
0.000421019
0.000478638
0.000537916
0.000569219
0.000588444
0.000654932
0.000730646
0.000660511
0.000370003
0.000414448
0.000625291
0.000873402
0.0010064
0.00108269
0.00112882
0.00112704
0.0010562
0.000909727
0.000716119
0.000656137
0.000782805
0.000928139
0.00102474
0.00104657
0.000991721
0.000933171
0.000849003
0.000621579
0.00039111
0.000440873
0.000479131
0.000510198
0.000537136
0.000562154
0.000583049
0.000598816
0.000608123
0.000609025
0.000598739
0.000571162
0.000571788
0.000567646
0.00055858
0.000544519
0.000525214
0.000502128
0.000477384
0.000448403
0.000412187
0.000203555
0.000219915
0.000213051
0.000181567
0.000149046
0.000143717
0.000139539
0.000135713
0.000138396
0.000134776
0.000129384
0.000137161
0.000148251
0.000172376
0.000211221
0.000235672
0.000251672
0.000260449
0.000262144
0.000256121
0.000199359
0.000257326
0.00026632
0.000256708
0.000257208
0.000261026
0.000278916
0.000325027
0.000421311
0.000421318
0.000331413
0.000282389
0.000257141
0.000249035
0.000260392
0.000289667
0.000322757
0.000342529
0.000324536
0.000235257
0.000195508
0.000295796
0.000332569
0.000332776
0.000329032
0.000334018
0.000346029
0.000386124
0.000489235
0.000498475
0.000398049
0.000341741
0.000319837
0.00031448
0.000315595
0.000343969
0.000389799
0.000415312
0.00036861
0.000226041
0.000215464
0.000318843
0.000381485
0.000398559
0.000395025
0.000396962
0.000404962
0.000425993
0.000496026
0.00053825
0.000462444
0.000395204
0.000368797
0.00036361
0.000368771
0.000401731
0.000455405
0.000479105
0.000418933
0.000266067
0.000277748
0.000346444
0.000401668
0.000436092
0.000439924
0.000434496
0.000429772
0.000435169
0.000479392
0.000542109
0.000510718
0.000436786
0.000399529
0.000395771
0.000409975
0.000448528
0.000511394
0.000548805
0.000511513
0.000299867
0.000323698
0.000401784
0.000423218
0.000459042
0.000469897
0.000460675
0.000443248
0.000430802
0.000452443
0.000512884
0.000516893
0.000444505
0.000407235
0.000411683
0.000436319
0.000480786
0.000555209
0.000624677
0.000644878
0.000326673
0.00035926
0.000534849
0.000486396
0.000506419
0.000520597
0.000510548
0.000483937
0.000454482
0.0004486
0.000488268
0.000512511
0.000462971
0.000443026
0.000454981
0.000479463
0.000519307
0.000593475
0.000687182
0.000745738
0.000348974
0.000389374
0.000642869
0.000620316
0.000641569
0.00064491
0.00062856
0.000592702
0.000537581
0.000473283
0.000430026
0.000434599
0.000451471
0.000507708
0.000562078
0.000591573
0.000614798
0.000675795
0.000755884
0.000694487
0.000370669
0.000418976
0.000636788
0.000897308
0.0010244
0.00112882
0.0011898
0.00118242
0.0010852
0.000890921
0.000671436
0.000620741
0.000783377
0.000963469
0.00108039
0.00110691
0.00104757
0.000967633
0.00089241
0.000635506
0.000393641
0.000448577
0.000489876
0.000523634
0.000554232
0.000583049
0.000607768
0.000627739
0.000642106
0.000649507
0.000647579
0.000617815
0.000610928
0.000600004
0.000585444
0.000566798
0.000543564
0.000516621
0.000488206
0.000456599
0.000417803
0.000101126
0.000115776
0.000123527
0.000132458
0.000137868
0.000139539
0.000137388
0.000135873
0.000142042
0.00014441
0.000136198
0.000140906
0.000148899
0.000160281
0.00017197
0.000187556
0.0002162
0.000231191
0.000229907
0.000211557
0.000144646
0.000219186
0.00024856
0.000257623
0.000267171
0.000278916
0.000295923
0.000337069
0.000431574
0.000451023
0.000355605
0.000301949
0.000279262
0.000264959
0.000256213
0.000260701
0.000272351
0.000280684
0.000265776
0.000204517
0.000165947
0.000255275
0.000301098
0.000325492
0.000337156
0.000346029
0.000358694
0.00039743
0.000493033
0.000480261
0.000395595
0.000358973
0.000340855
0.000331676
0.00032316
0.000324061
0.000334056
0.000336458
0.000301683
0.000200574
0.00019709
0.000273609
0.000334079
0.000369862
0.000390807
0.000404962
0.00041399
0.000436183
0.000498739
0.000475587
0.000422517
0.00040623
0.000389489
0.000382017
0.000376994
0.000382702
0.000395911
0.000391169
0.000344564
0.000247669
0.000263262
0.000296343
0.000341795
0.000387639
0.000414858
0.000429772
0.000439666
0.000454895
0.000491807
0.000466108
0.000442735
0.000448275
0.000427542
0.000418945
0.000419868
0.000432457
0.00045077
0.00044764
0.000410317
0.000288027
0.000315247
0.000343811
0.000352899
0.000396002
0.000428679
0.000443248
0.000446902
0.000452889
0.000475297
0.000449332
0.000446179
0.000463867
0.000445327
0.000440617
0.000452671
0.000475762
0.00050793
0.000531744
0.000547253
0.000319038
0.000354484
0.000458584
0.000409708
0.000439328
0.000472641
0.000483937
0.000477491
0.000468266
0.000474895
0.000456267
0.000468875
0.000493233
0.000482659
0.000485158
0.00050293
0.000531946
0.000575999
0.000634069
0.000733617
0.000344435
0.000387546
0.000625884
0.000556976
0.000581382
0.000595707
0.000592702
0.000566581
0.000518726
0.000467115
0.000436607
0.000438679
0.000465543
0.000511712
0.000560872
0.000593931
0.000621801
0.000672573
0.000734176
0.000696456
0.000367974
0.000419573
0.000627532
0.000870737
0.00101083
0.00112704
0.00118242
0.00114633
0.00100725
0.000806458
0.000662777
0.000613237
0.000725685
0.000913997
0.00105899
0.00110729
0.00106029
0.00097209
0.000876949
0.000624951
0.000392425
0.000452723
0.00049644
0.000532547
0.000566414
0.000598816
0.000627739
0.000653072
0.000675184
0.000694342
0.000708367
0.000676278
0.00065402
0.000631598
0.000609135
0.000584901
0.000557416
0.000526814
0.000495021
0.000461118
0.000420279
9.33567e-05
0.000112878
0.000123216
0.000129087
0.000133647
0.000135713
0.000135873
0.000137679
0.000147499
0.000155714
0.000145559
0.000145453
0.00014897
0.000153343
0.000152743
0.000150917
0.000157371
0.000175938
0.000169364
0.000129136
0.000113372
0.000223246
0.000267775
0.000297193
0.000314289
0.000325027
0.000337069
0.00037099
0.000437413
0.000410646
0.000335477
0.00033219
0.000323801
0.000309498
0.000288865
0.000278032
0.00026886
0.000246654
0.000230282
0.000170293
0.000134417
0.000246245
0.000312058
0.000352378
0.000373948
0.000386124
0.00039743
0.000424463
0.000449537
0.000331343
0.000280059
0.000355536
0.000379884
0.000370766
0.000352324
0.00034064
0.000326787
0.000306468
0.000271353
0.000185354
0.000170161
0.000243728
0.000315576
0.00036978
0.000406399
0.000425993
0.000436183
0.000447942
0.000419064
0.000322076
0.000284098
0.000360681
0.000415473
0.000412556
0.000399213
0.000385972
0.000372609
0.000346752
0.000302836
0.000234337
0.000248505
0.000255903
0.000301051
0.000359256
0.000404531
0.000435169
0.000454895
0.000461479
0.000400286
0.000360226
0.000328668
0.000372024
0.000447419
0.000446682
0.000433193
0.000423467
0.000410713
0.00038317
0.000350533
0.000277657
0.000305951
0.000299844
0.000299763
0.000347821
0.000396501
0.000430802
0.000452889
0.00045804
0.000386067
0.000413186
0.000379551
0.000373566
0.000462049
0.000468039
0.000463077
0.000463014
0.000461446
0.000453533
0.000463452
0.000310487
0.00034767
0.000390494
0.000344714
0.000379315
0.000425531
0.000454482
0.000468266
0.00047029
0.000411556
0.000473013
0.000448331
0.000419568
0.000499077
0.000508497
0.000513829
0.000525837
0.000541013
0.0005666
0.000669073
0.000337266
0.00038238
0.000593297
0.000487483
0.000512532
0.000533197
0.000537581
0.000518726
0.000483755
0.000453524
0.000534223
0.000498226
0.000445973
0.000494774
0.000536369
0.000572623
0.000603233
0.000642976
0.000679624
0.000670776
0.000361792
0.000416024
0.000599173
0.000805205
0.000949993
0.0010562
0.0010852
0.00100725
0.000859632
0.000768264
0.00083397
0.000773966
0.000682956
0.000788301
0.000950058
0.00103406
0.0010127
0.000930108
0.000820588
0.000591988
0.000387272
0.000453021
0.00049804
0.000535638
0.000572215
0.000608123
0.000642106
0.000675184
0.000709847
0.000748139
0.000787197
0.000752556
0.000704361
0.000663578
0.000629548
0.000598135
0.000565789
0.000531519
0.000496817
0.000461453
0.000419501
9.20964e-05
0.000107126
0.000117332
0.000126041
0.000133962
0.000138396
0.000142042
0.000147499
0.000156711
0.000163849
0.000157877
0.000158564
0.000157719
0.000153791
0.000148491
0.000145177
0.000145236
0.000146183
0.000138525
0.000125868
0.000117893
0.000278364
0.000326719
0.000369952
0.00040601
0.000421311
0.000431574
0.000437413
0.00038216
0.000424786
0.000379679
0.000357952
0.000413746
0.00039993
0.00036648
0.000331357
0.000304797
0.000269366
0.000241056
0.000150817
0.000122701
0.000297236
0.000371634
0.000427298
0.000470539
0.000489235
0.000493033
0.000449537
0.000330862
0.00053769
0.000492721
0.000318635
0.000417225
0.000453756
0.00041947
0.000384812
0.000353681
0.000312412
0.000260471
0.000171972
0.000141392
0.000249145
0.000342639
0.000413894
0.000466678
0.000496026
0.000498739
0.000419064
0.000344746
0.000708854
0.000665327
0.00033189
0.000386283
0.000464865
0.000437106
0.000403844
0.000368618
0.000322584
0.000271585
0.000222278
0.000235387
0.00023563
0.000292182
0.000368908
0.000434188
0.000479392
0.000491807
0.000400286
0.000405951
0.000908541
0.000858864
0.000388574
0.000372314
0.000475675
0.000452344
0.000419404
0.000381961
0.000336723
0.000306549
0.00026854
0.000296358
0.000274375
0.000271701
0.000329123
0.000397453
0.000452443
0.000475297
0.000386067
0.000482126
0.00110142
0.00103498
0.00045382
0.000366924
0.000487514
0.000472914
0.00044677
0.0004174
0.000389113
0.000401151
0.000301846
0.00033894
0.000352453
0.000305474
0.000341359
0.00040012
0.0004486
0.000474895
0.000411556
0.000562452
0.00125124
0.0011622
0.000532645
0.000402199
0.000520328
0.000517489
0.000505999
0.00049361
0.000494263
0.000590774
0.000328483
0.000373611
0.00054915
0.000428121
0.000446255
0.000465639
0.000473283
0.000467115
0.000453524
0.000647848
0.00134536
0.00122442
0.000585188
0.000441347
0.000502135
0.000534395
0.000562239
0.000589943
0.00060649
0.000635707
0.000352719
0.000407517
0.000552017
0.000707739
0.000841169
0.000909727
0.000890921
0.000806458
0.000768264
0.000938079
0.00129166
0.00120084
0.00082147
0.000682125
0.000782938
0.000895757
0.000906193
0.000841814
0.000729416
0.000540975
0.000378116
0.000448451
0.000493169
0.000530876
0.000569576
0.000609025
0.000649507
0.000694342
0.000748139
0.000813426
0.000880385
0.000841541
0.00076372
0.00069724
0.000646711
0.000605849
0.000567725
0.000529641
0.000492305
0.000456716
0.000414869
8.94246e-05
0.000102685
0.000110655
0.000118237
0.00012673
0.000134776
0.00014441
0.000155714
0.000163849
0.000242622
0.000254295
0.000176039
0.000171789
0.000162381
0.000155239
0.000150008
0.000145952
0.000142035
0.00013371
0.000119358
0.000112948
0.000284877
0.000324496
0.000354955
0.00039073
0.000421318
0.000451023
0.000410646
0.000424786
0.000289407
0.000286483
0.000435532
0.000367049
0.000407479
0.000403892
0.000390673
0.000355315
0.000308823
0.000265126
0.000144366
0.000124679
0.000342316
0.000410021
0.000451525
0.000481196
0.000498475
0.000480261
0.000331343
0.00053769
0.00042453
0.000413593
0.000578601
0.000344784
0.000467995
0.000478498
0.000449398
0.000396426
0.000336004
0.000260416
0.000158493
0.00013251
0.00029894
0.000400158
0.000470366
0.000523476
0.00053825
0.000475587
0.000322076
0.000708854
0.000564457
0.00053819
0.000722899
0.000321836
0.000479643
0.000487582
0.000434522
0.000375479
0.000310302
0.000252174
0.000216317
0.000229458
0.000241862
0.000319984
0.000423612
0.000504839
0.000542109
0.000466108
0.000360226
0.000908541
0.000714498
0.000666422
0.000865374
0.000315222
0.000467543
0.000478694
0.000421964
0.000362103
0.000305626
0.000282754
0.000263012
0.000287641
0.00027168
0.000273931
0.000353499
0.000452247
0.000512884
0.000449332
0.000413186
0.00110142
0.000870907
0.000797934
0.000997184
0.000325147
0.000461094
0.000484648
0.000432493
0.000379914
0.000344008
0.000369987
0.00029512
0.0003276
0.000339176
0.000294982
0.000338058
0.000421355
0.000488268
0.000456267
0.000473013
0.00125124
0.00101807
0.000923202
0.00109272
0.000365329
0.000486681
0.000519638
0.000481845
0.000444471
0.000435378
0.000544486
0.000320318
0.000359662
0.000513488
0.000389338
0.000394657
0.000412654
0.000430026
0.000436607
0.000534223
0.00134536
0.00112997
0.001023
0.0011131
0.000409395
0.000467629
0.000502599
0.000516806
0.000529195
0.000536418
0.000610297
0.00034291
0.000391199
0.000487879
0.000593544
0.000694642
0.000716119
0.000671436
0.000662777
0.00083397
0.00129166
0.00121225
0.00109875
0.00110416
0.00069731
0.000660853
0.000769886
0.000787441
0.000736725
0.000632888
0.000489996
0.000366539
0.000435384
0.000478721
0.000514622
0.000555303
0.000598739
0.000647579
0.000708367
0.000787197
0.000880385
0.000904313
0.000848447
0.00081897
0.000730303
0.000660262
0.000608172
0.000563077
0.000520622
0.000480598
0.000446328
0.000405756
8.69281e-05
9.95413e-05
0.000107
0.000114693
0.000122761
0.000129384
0.000136198
0.000145559
0.000157877
0.000254295
0.000337296
0.000193402
0.000181482
0.00016892
0.000160936
0.000156387
0.000151344
0.000143384
0.000131687
0.000117228
0.000106791
0.000243796
0.000265636
0.000288539
0.000310434
0.000331413
0.000355605
0.000335477
0.000379679
0.000286483
0.000330382
0.000359569
0.000297807
0.000304505
0.000313756
0.000328216
0.000342976
0.000327535
0.000276315
0.000140151
0.000117458
0.000311664
0.000343097
0.000361553
0.00038127
0.000398049
0.000395595
0.000280059
0.000492721
0.000413593
0.000453059
0.000432214
0.000336439
0.000386416
0.000405148
0.000424497
0.00042198
0.000355795
0.000259674
0.00015489
0.000145272
0.000280796
0.000392359
0.000434732
0.000454477
0.000462444
0.000422517
0.000284098
0.000665327
0.00053819
0.000585474
0.000506872
0.000335429
0.000435752
0.000451635
0.000439884
0.00038233
0.000304303
0.000245026
0.000223508
0.000237994
0.00023785
0.000313216
0.00042773
0.000489607
0.000510718
0.000442735
0.000328668
0.000858864
0.000666422
0.000731926
0.000585865
0.000320494
0.000455787
0.000460331
0.00042008
0.000348789
0.000288826
0.000279258
0.000267799
0.00028933
0.000276166
0.000271879
0.000360665
0.000466865
0.000516893
0.000446179
0.000379551
0.00103498
0.000797934
0.000889853
0.000664736
0.000311195
0.000469228
0.000470744
0.000420765
0.000354254
0.000321861
0.000371029
0.000298397
0.000324849
0.000345634
0.000294154
0.000340449
0.000443247
0.000512511
0.000468875
0.000448331
0.0011622
0.000923202
0.00104588
0.000730051
0.000340581
0.000495418
0.000501855
0.000461758
0.00041058
0.000406193
0.000550895
0.000322823
0.000353341
0.000509991
0.000377053
0.000378406
0.000402799
0.000434599
0.000438679
0.000498226
0.00122442
0.001023
0.00118592
0.00074797
0.000406644
0.000468561
0.000487624
0.000488369
0.000489004
0.00049865
0.000580042
0.000345211
0.000381098
0.000463889
0.000556233
0.000640315
0.000656137
0.000620741
0.000613237
0.000773966
0.00120084
0.00109875
0.00125047
0.000902627
0.000667561
0.000735576
0.0008107
0.000785316
0.000712996
0.00061054
0.000479168
0.000370278
0.000421563
0.000460821
0.000493222
0.000530473
0.000571162
0.000617815
0.000676278
0.000752556
0.000841541
0.000848447
0.000928085
0.000822625
0.000732309
0.000667698
0.000616751
0.000570572
0.000526982
0.000486885
0.000451995
0.000410931
8.55274e-05
9.98586e-05
0.000109324
0.000119789
0.000130375
0.000137161
0.000140906
0.000145453
0.000158564
0.000176039
0.000193402
0.000202558
0.00020515
0.000201223
0.000193917
0.000184103
0.000171387
0.000153726
0.000136907
0.000119827
9.96548e-05
0.000201502
0.000228173
0.000247664
0.000265149
0.000282389
0.000301949
0.00033219
0.000357952
0.000435532
0.000359569
0.000275418
0.000271869
0.00027013
0.000271016
0.00027332
0.000275194
0.000275634
0.000259923
0.000135521
0.000106996
0.000236862
0.000276614
0.000302155
0.00032344
0.000341741
0.000358973
0.000355536
0.000318635
0.000578601
0.000432214
0.000302506
0.000328234
0.000332248
0.000336808
0.000339932
0.000336411
0.000316214
0.000239817
0.000161635
0.000159051
0.000225691
0.000309468
0.000355045
0.000377899
0.000395204
0.00040623
0.000360681
0.00033189
0.000722899
0.000506872
0.000302321
0.00037147
0.000380444
0.000380702
0.000368687
0.00033701
0.000281103
0.000238966
0.00023293
0.000246924
0.000228604
0.00026911
0.000345314
0.000402319
0.000436786
0.000448275
0.000372024
0.000388574
0.000865374
0.000585865
0.000295054
0.000400822
0.000415332
0.000406571
0.000375106
0.000322667
0.000276275
0.000282856
0.000274829
0.000294643
0.000280385
0.000259328
0.000315151
0.000387758
0.000444505
0.000463867
0.000373566
0.00045382
0.000997184
0.000664736
0.000293866
0.000420705
0.000444767
0.000430806
0.000390636
0.000336211
0.000316434
0.000386389
0.000304717
0.000328841
0.000358265
0.000294196
0.00032215
0.000396668
0.000462971
0.000493233
0.000419568
0.000532645
0.00109272
0.000730051
0.000327558
0.000446713
0.000478032
0.000470379
0.00043924
0.000397721
0.000403389
0.000583389
0.000329228
0.000357264
0.000522652
0.000388735
0.000393582
0.000421019
0.000451471
0.000465543
0.000445973
0.000585188
0.0011131
0.00074797
0.000423204
0.000465188
0.000485798
0.000494157
0.00048854
0.000484646
0.000501309
0.00056747
0.000352208
0.000385779
0.000488304
0.000612112
0.000722206
0.000782805
0.000783377
0.000725685
0.000682956
0.00082147
0.00110416
0.000902627
0.000717667
0.000885946
0.000964902
0.000936283
0.000866848
0.000775464
0.000662098
0.000508681
0.000379341
0.000425357
0.000465597
0.000499202
0.000534538
0.000571788
0.000610928
0.00065402
0.000704361
0.00076372
0.00081897
0.000822625
0.000758301
0.000706709
0.000660661
0.00061657
0.000574253
0.000533738
0.00049597
0.00046011
0.000418271
8.59732e-05
0.00010692
0.000119438
0.000133363
0.000143548
0.000148251
0.000148899
0.00014897
0.000157719
0.000171789
0.000181482
0.00020515
0.000223223
0.00023147
0.000235559
0.000236419
0.000233386
0.000224558
0.00020451
0.000171082
0.000103227
0.000182104
0.000211724
0.000229064
0.000242324
0.000257141
0.000279262
0.000323801
0.000413746
0.000367049
0.000297807
0.000271869
0.000280297
0.000291037
0.000296431
0.000296785
0.000289652
0.000271037
0.000234628
0.000151778
0.000115259
0.000209926
0.00025746
0.000284366
0.00030289
0.000319837
0.000340855
0.000379884
0.000417225
0.000344784
0.000336439
0.000328234
0.000325364
0.000332489
0.000335294
0.000329529
0.000312381
0.000281229
0.000234551
0.000180757
0.000176578
0.000215162
0.000276717
0.000321616
0.000349111
0.000368797
0.000389489
0.000415473
0.000386283
0.000321836
0.000335429
0.00037147
0.000365621
0.000369611
0.000368763
0.000352067
0.000317334
0.000273882
0.000251355
0.00024326
0.000255726
0.000237633
0.000260011
0.000315666
0.000364851
0.000399529
0.000427542
0.000447419
0.000372314
0.000315222
0.000320494
0.000400822
0.000401051
0.000403084
0.00039749
0.000368652
0.000320022
0.000283595
0.000301726
0.000282056
0.000300798
0.000293452
0.000265219
0.000302552
0.000358938
0.000407235
0.000445327
0.000462049
0.000366924
0.000325147
0.000311195
0.000420705
0.000434156
0.000436533
0.000427956
0.000392965
0.000343174
0.000333165
0.000420483
0.000310751
0.000334092
0.000382892
0.000309267
0.0003289
0.000389298
0.000443026
0.000482659
0.000499077
0.000402199
0.000365329
0.000340581
0.000446713
0.000468119
0.000476456
0.000473007
0.000444426
0.00040644
0.000419593
0.000618766
0.000334744
0.000362428
0.000545105
0.000420422
0.000439689
0.000478638
0.000507708
0.000511712
0.000494774
0.000441347
0.000409395
0.000406644
0.000465188
0.000488039
0.000505164
0.000514127
0.000507913
0.000502923
0.000523862
0.000573658
0.000357327
0.000391019
0.00052508
0.000688562
0.000826976
0.000928139
0.000963469
0.000913997
0.000788301
0.000682125
0.00069731
0.000667561
0.000885946
0.00104627
0.00102811
0.000962218
0.000889088
0.0008101
0.000710439
0.000537719
0.000384627
0.000427546
0.000467465
0.000500794
0.000534097
0.000567646
0.000600004
0.000631598
0.000663578
0.00069724
0.000730303
0.000732309
0.000706709
0.000676725
0.000640849
0.000602818
0.0005653
0.00052915
0.000495133
0.000460859
0.000420193
0.000121809
0.000169325
0.000188768
0.000192683
0.000186754
0.000172376
0.000160281
0.000153343
0.000153791
0.000162381
0.00016892
0.000201223
0.00023147
0.000246211
0.000254786
0.000259605
0.000261117
0.000259011
0.000252692
0.000242478
0.000155106
0.000211167
0.000236765
0.000245662
0.000246385
0.000249035
0.000264959
0.000309498
0.00039993
0.000407479
0.000304505
0.00027013
0.000291037
0.000319934
0.000340115
0.000351099
0.000349769
0.000329789
0.000284493
0.000194599
0.000150015
0.00023006
0.000271247
0.000292752
0.000303548
0.00031448
0.000331676
0.000370766
0.000453756
0.000467995
0.000386416
0.000332248
0.000332489
0.00035546
0.000373212
0.000374967
0.000355149
0.000314108
0.000262241
0.000198784
0.00019793
0.000240673
0.000286515
0.000323396
0.000347003
0.00036361
0.000382017
0.000412556
0.000464865
0.000479643
0.000435752
0.000380444
0.000369611
0.000386432
0.000401753
0.000393426
0.000355201
0.000304896
0.000279826
0.00025401
0.000264778
0.00026377
0.000282091
0.000327225
0.000368102
0.000395771
0.000418945
0.000446682
0.000475675
0.000467543
0.000455787
0.000415332
0.000403084
0.000416193
0.000428114
0.000410253
0.000360158
0.000318478
0.000339996
0.000289529
0.000307168
0.000318002
0.000290869
0.000323092
0.000372357
0.000411683
0.000440617
0.000468039
0.000487514
0.000461094
0.000469228
0.000444767
0.000436533
0.000448846
0.000457882
0.000435142
0.000386178
0.000377279
0.000485753
0.000316432
0.000339125
0.000427644
0.000343582
0.000360418
0.000411457
0.000454981
0.000485158
0.000508497
0.000520328
0.000486681
0.000495418
0.000478032
0.000476456
0.000492614
0.000503125
0.000483252
0.000443192
0.000459724
0.000663784
0.000338946
0.000366656
0.000566256
0.000467886
0.000499005
0.000537916
0.000562078
0.000560872
0.000536369
0.000502135
0.000467629
0.000468561
0.000485798
0.000505164
0.000526253
0.000545924
0.000546296
0.00053801
0.000562782
0.000592408
0.000359822
0.000394487
0.000558968
0.000759671
0.00090857
0.00102474
0.00108039
0.00105899
0.000950058
0.000782938
0.000660853
0.000735576
0.000964902
0.00102811
0.000982685
0.00091966
0.000858522
0.000796347
0.000727618
0.000551057
0.000385149
0.0004271
0.000465756
0.00049791
0.000528774
0.00055858
0.000585444
0.000609135
0.000629548
0.000646711
0.000660262
0.000667698
0.000660661
0.000640849
0.000612066
0.000579487
0.000546598
0.00051477
0.000485314
0.000454577
0.000417106
0.00023602
0.000244698
0.000247644
0.000244111
0.00023344
0.000211221
0.00017197
0.000152743
0.000148491
0.000155239
0.000160936
0.000193917
0.000235559
0.000254786
0.000265785
0.000272424
0.000275773
0.000275712
0.000271393
0.000261883
0.000212716
0.000271689
0.000295612
0.000296377
0.000280965
0.000260392
0.000256213
0.000288865
0.00036648
0.000403892
0.000313756
0.000271016
0.000296431
0.000340115
0.000376022
0.000400729
0.00040895
0.000390717
0.000337022
0.000219248
0.000184679
0.000264213
0.000307793
0.000327748
0.000324778
0.000315595
0.00032316
0.000352324
0.00041947
0.000478498
0.000405148
0.000336808
0.000335294
0.000373212
0.000414065
0.000436711
0.000426276
0.00037722
0.000301959
0.000223361
0.00021542
0.000270101
0.000315081
0.000352152
0.000367454
0.000368771
0.000376994
0.000399213
0.000437106
0.000487582
0.000451635
0.000380702
0.000368763
0.000401753
0.000448278
0.000470296
0.000441365
0.000371899
0.000318704
0.000266557
0.000274619
0.000296976
0.000313872
0.000358365
0.000393967
0.000409975
0.000419868
0.000433193
0.000452344
0.000478694
0.000460331
0.000406571
0.00039749
0.000428114
0.000475636
0.000495097
0.000457794
0.000398105
0.000406627
0.000297576
0.000313572
0.000355508
0.000328209
0.000358039
0.000404645
0.000436319
0.000452671
0.000463077
0.000472914
0.000484648
0.000470744
0.000430806
0.000427956
0.000457882
0.000502954
0.000520017
0.000488161
0.000470033
0.000584015
0.000321588
0.000343352
0.000482712
0.000387887
0.000394014
0.00043938
0.000479463
0.00050293
0.000513829
0.000517489
0.000519638
0.000501855
0.000470379
0.000473007
0.000503125
0.000544334
0.000559351
0.000534753
0.000541147
0.000699086
0.000341412
0.000369144
0.000581925
0.000514285
0.000538945
0.000569219
0.000591573
0.000593931
0.000572623
0.000534395
0.000502599
0.000487624
0.000494157
0.000514127
0.000545924
0.000587636
0.000610893
0.000613054
0.000624254
0.000610989
0.000359946
0.000395344
0.000578906
0.0008018
0.000938758
0.00104657
0.00110691
0.00110729
0.00103406
0.000895757
0.000769886
0.0008107
0.000936283
0.000962218
0.00091966
0.000877335
0.000839442
0.000795018
0.000742287
0.000556182
0.000382333
0.000424049
0.000460627
0.000490793
0.000518529
0.000544519
0.000566798
0.000584901
0.000598135
0.000605849
0.000608172
0.000616751
0.00061657
0.000602818
0.000579487
0.00055177
0.000523444
0.000495915
0.000470907
0.000444058
0.000410569
0.00026122
0.000268988
0.000270631
0.000266205
0.000255575
0.000235672
0.000187556
0.000150917
0.000145177
0.000150008
0.000156387
0.000184103
0.000236419
0.000259605
0.000272424
0.000280396
0.000285191
0.000286725
0.000283418
0.000272295
0.000232829
0.000321757
0.000357421
0.000356641
0.000328461
0.000289667
0.000260701
0.000278032
0.000331357
0.000390673
0.000328216
0.00027332
0.000296785
0.000351099
0.000400729
0.000437822
0.00045244
0.00043032
0.000371527
0.00024999
0.000202556
0.000300668
0.000370312
0.000400777
0.000384175
0.000343969
0.000324061
0.00034064
0.000384812
0.000449398
0.000424497
0.000339932
0.000329529
0.000374967
0.000436711
0.000484363
0.000495611
0.000459997
0.000380104
0.000252234
0.000239484
0.000301979
0.000367312
0.000421626
0.000430238
0.000401731
0.000382702
0.000385972
0.000403844
0.000434522
0.000439884
0.000368687
0.000352067
0.000393426
0.000470296
0.000542286
0.000560466
0.000512067
0.000418124
0.000281684
0.000286349
0.000340785
0.000367552
0.000423421
0.000455955
0.000448528
0.000432457
0.000423467
0.000419404
0.000421964
0.00042008
0.000375106
0.000368652
0.000410253
0.000495097
0.000582415
0.000608139
0.000574029
0.00052411
0.000306023
0.00032012
0.000424084
0.000392165
0.000421254
0.000464133
0.000480786
0.000475762
0.000463014
0.00044677
0.000432493
0.000420765
0.000390636
0.000392965
0.000435142
0.000520017
0.000607913
0.000638125
0.00062578
0.000650788
0.000325423
0.000346265
0.000524436
0.000442253
0.000441337
0.000483576
0.000519307
0.000531946
0.000525837
0.000505999
0.000481845
0.000461758
0.00043924
0.000444426
0.000483252
0.000559351
0.000635819
0.000663029
0.000659831
0.000702002
0.000341724
0.000369178
0.000584027
0.000549864
0.000562471
0.000588444
0.000614798
0.000621801
0.000603233
0.000562239
0.000516806
0.000488369
0.00048854
0.000507913
0.000546296
0.000610893
0.00067045
0.000695536
0.000689188
0.000610687
0.000357818
0.000392761
0.000575173
0.000787731
0.0009085
0.000991721
0.00104757
0.00106029
0.0010127
0.000906193
0.000787441
0.000785316
0.000866848
0.000889088
0.000858522
0.000839442
0.000827033
0.000801098
0.000748508
0.000552062
0.000377231
0.000418057
0.000451759
0.000479174
0.00050312
0.000525214
0.000543564
0.000557416
0.000565789
0.000567725
0.000563077
0.000570572
0.000574253
0.0005653
0.000546598
0.000523444
0.000499656
0.000476416
0.000455314
0.000431601
0.000401786
0.000273739
0.000283183
0.000284679
0.000279667
0.000269146
0.000251672
0.0002162
0.000157371
0.000145236
0.000145952
0.000151344
0.000171387
0.000233386
0.000261117
0.000275773
0.000285191
0.000291932
0.000295795
0.000294446
0.000283948
0.000251678
0.000359741
0.00041178
0.000416218
0.000377253
0.000322757
0.000272351
0.00026886
0.000304797
0.000355315
0.000342976
0.000275194
0.000289652
0.000349769
0.00040895
0.00045244
0.000470064
0.000464282
0.000412129
0.000276633
0.000237464
0.000361941
0.000448867
0.000487276
0.000461841
0.000389799
0.000334056
0.000326787
0.000353681
0.000396426
0.00042198
0.000336411
0.000312381
0.000355149
0.000426276
0.000495611
0.000539921
0.000536875
0.000467899
0.000281599
0.000267527
0.00038178
0.000472507
0.00052989
0.000524143
0.000455405
0.000395911
0.000372609
0.000368618
0.000375479
0.00038233
0.00033701
0.000317334
0.000355201
0.000441365
0.000560466
0.000629361
0.000624097
0.000539745
0.000297368
0.000300662
0.000432856
0.000495635
0.000548744
0.000562005
0.000511394
0.00045077
0.000410713
0.000381961
0.000362103
0.000348789
0.000322667
0.000320022
0.000360158
0.000457794
0.000608139
0.000695998
0.000691506
0.000606745
0.000313866
0.000326652
0.000496051
0.000517185
0.000550195
0.000574793
0.000555209
0.00050793
0.000461446
0.0004174
0.000379914
0.000354254
0.000336211
0.000343174
0.000386178
0.000488161
0.000638125
0.000730964
0.00073382
0.000660341
0.000327866
0.000347599
0.000546225
0.000528111
0.000548163
0.000580749
0.000593475
0.000575999
0.000541013
0.00049361
0.000444471
0.00041058
0.000397721
0.00040644
0.000443192
0.000534753
0.000663029
0.000743525
0.000739723
0.000660221
0.000340405
0.000366523
0.000566489
0.000588957
0.000621176
0.000654932
0.000675795
0.000672573
0.000642976
0.000589943
0.000529195
0.000489004
0.000484646
0.000502923
0.00053801
0.000613054
0.000695536
0.0007333
0.000699013
0.000583233
0.000353758
0.000386758
0.000552578
0.000738031
0.000881838
0.000933171
0.000967633
0.00097209
0.000930108
0.000841814
0.000736725
0.000712996
0.000775464
0.0008101
0.000796347
0.000795018
0.000801098
0.000789553
0.0006986
0.000532009
0.000370125
0.000408862
0.000439408
0.000464042
0.000484286
0.000502128
0.000516621
0.000526814
0.000531519
0.000529641
0.000520622
0.000526982
0.000533738
0.00052915
0.00051477
0.000495915
0.000476416
0.000457408
0.000439165
0.00041776
0.000390958
0.000284562
0.000295421
0.000295916
0.000289059
0.000277132
0.000260449
0.000231191
0.000175938
0.000146183
0.000142035
0.000143384
0.000153726
0.000224558
0.000259011
0.000275712
0.000286725
0.000295795
0.000302148
0.000303092
0.000293957
0.000279536
0.000400717
0.000448419
0.000451831
0.000409619
0.000342529
0.000280684
0.000246654
0.000269366
0.000308823
0.000327535
0.000275634
0.000271037
0.000329789
0.000390717
0.00043032
0.000464282
0.00047475
0.000434578
0.000296308
0.000283319
0.000448291
0.000519986
0.000541871
0.000507598
0.000415312
0.000336458
0.000306468
0.000312412
0.000336004
0.000355795
0.000316214
0.000281229
0.000314108
0.00037722
0.000459997
0.000536875
0.0005554
0.000498269
0.000302864
0.00029679
0.000493576
0.000579554
0.000610057
0.000585161
0.000479105
0.000391169
0.000346752
0.000322584
0.000310302
0.000304303
0.000281103
0.000273882
0.000304896
0.000371899
0.000512067
0.000624097
0.000636978
0.000559207
0.000311
0.000315808
0.000522732
0.000613822
0.000650861
0.000642177
0.000548805
0.00044764
0.00038317
0.000336723
0.000305626
0.000288826
0.000276275
0.000283595
0.000318478
0.000398105
0.000574029
0.000691506
0.000696011
0.000602876
0.0003207
0.000332612
0.000541705
0.000625756
0.000669115
0.000680332
0.000624677
0.000531744
0.000453533
0.000389113
0.000344008
0.000321861
0.000316434
0.000333165
0.000377279
0.000470033
0.00062578
0.00073382
0.000720741
0.000617514
0.000329596
0.000347257
0.000545737
0.00061233
0.000665981
0.00069975
0.000687182
0.000634069
0.0005666
0.000494263
0.000435378
0.000406193
0.000403389
0.000419593
0.000459724
0.000541147
0.000659831
0.000739723
0.000705569
0.000598063
0.000338308
0.000361346
0.000536539
0.000601416
0.000665962
0.000730646
0.000755884
0.000734176
0.000679624
0.00060649
0.000536418
0.00049865
0.000501309
0.000523862
0.000562782
0.000624254
0.000689188
0.000699013
0.00064107
0.000544425
0.000348256
0.000377477
0.00051846
0.000645143
0.000767161
0.000849003
0.00089241
0.000876949
0.000820588
0.000729416
0.000632888
0.00061054
0.000662098
0.000710439
0.000727618
0.000742287
0.000748508
0.0006986
0.00060458
0.000498637
0.000360954
0.000395865
0.000423418
0.000445628
0.000463089
0.000477384
0.000488206
0.000495021
0.000496817
0.000492305
0.000480598
0.000486885
0.00049597
0.000495133
0.000485314
0.000470907
0.000455314
0.000439165
0.000422416
0.00040241
0.000377698
0.000296063
0.000305328
0.000302931
0.000293588
0.000279505
0.000262144
0.000229907
0.000169364
0.000138525
0.00013371
0.000131687
0.000136907
0.00020451
0.000252692
0.000271393
0.000283418
0.000294446
0.000303092
0.00030692
0.000301771
0.000303078
0.000412767
0.000438562
0.000428642
0.000387823
0.000324536
0.000265776
0.000230282
0.000241056
0.000265126
0.000276315
0.000259923
0.000234628
0.000284493
0.000337022
0.000371527
0.000412129
0.000434578
0.000415567
0.000309933
0.000311103
0.000459408
0.00050041
0.00050282
0.000465026
0.00036861
0.000301683
0.000271353
0.000260471
0.000260416
0.000259674
0.000239817
0.000234551
0.000262241
0.000301959
0.000380104
0.000467899
0.000498269
0.000462157
0.000316647
0.000318708
0.000493616
0.000547018
0.000563874
0.000532095
0.000418933
0.000344564
0.000302836
0.000271585
0.000252174
0.000245026
0.000238966
0.000251355
0.000279826
0.000318704
0.000418124
0.000539745
0.000559207
0.000499443
0.000321253
0.00032744
0.000513567
0.000576316
0.000609891
0.00060473
0.000511513
0.000410317
0.000350533
0.000306549
0.000282754
0.000279258
0.000282856
0.000301726
0.000339996
0.000406627
0.00052411
0.000606745
0.000602876
0.000524408
0.000325485
0.00033597
0.000517741
0.000586632
0.000638243
0.000672918
0.000644878
0.000547253
0.000463452
0.000401151
0.000369987
0.000371029
0.000386389
0.000420483
0.000485753
0.000584015
0.000650788
0.000660341
0.000617514
0.000532005
0.000329768
0.000344123
0.000510954
0.000580888
0.000643772
0.000706033
0.000745738
0.000733617
0.000669073
0.000590774
0.000544486
0.000550895
0.000583389
0.000618766
0.000663784
0.000699086
0.000702002
0.000660221
0.000598063
0.000522476
0.00033442
0.000352738
0.000496213
0.000559405
0.000611466
0.000660511
0.000694487
0.000696456
0.000670776
0.000635707
0.000610297
0.000580042
0.00056747
0.000573658
0.000592408
0.000610989
0.000610687
0.000583233
0.000544425
0.000490943
0.000340393
0.000363678
0.000474966
0.000535325
0.00058574
0.000621579
0.000635506
0.000624951
0.000591988
0.000540975
0.000489996
0.000479168
0.000508681
0.000537719
0.000551057
0.000556182
0.000552062
0.000532009
0.000498637
0.000455465
0.000348579
0.000376824
0.000401652
0.000421795
0.000436825
0.000448403
0.000456599
0.000461118
0.000461453
0.000456716
0.000446328
0.000451995
0.00046011
0.000460859
0.000454577
0.000444058
0.000431601
0.00041776
0.00040241
0.000383322
0.000359945
0.000305928
0.000304204
0.000296929
0.000285736
0.000272028
0.000256121
0.000211557
0.000129136
0.000125868
0.000119358
0.000117228
0.000119827
0.000171082
0.000242478
0.000261883
0.000272295
0.000283948
0.000293957
0.000301771
0.000307189
0.000317767
0.000316357
0.000304941
0.000285837
0.000259401
0.000235257
0.000204517
0.000170293
0.000150817
0.000144366
0.000140151
0.000135521
0.000151778
0.000194599
0.000219248
0.00024999
0.000276633
0.000296308
0.000309933
0.00031665
0.00032432
0.000324371
0.000313157
0.000293566
0.00026581
0.000226041
0.000200574
0.000185354
0.000171972
0.000158493
0.00015489
0.000161635
0.000180757
0.000198784
0.000223361
0.000252234
0.000281599
0.000302864
0.000316647
0.00032146
0.000327617
0.0003294
0.000320723
0.000306001
0.00028776
0.000266067
0.000247669
0.000234337
0.000222278
0.000216317
0.000223508
0.00023293
0.00024326
0.00025401
0.000266557
0.000281684
0.000297368
0.000311
0.000321253
0.000323226
0.000330047
0.000333617
0.000329276
0.000321495
0.000311731
0.000299867
0.000288027
0.000277657
0.00026854
0.000263012
0.000267799
0.000274829
0.000282056
0.000289529
0.000297576
0.000306023
0.000313866
0.0003207
0.000325485
0.000324056
0.000332372
0.000338177
0.000338582
0.000336257
0.000332374
0.000326673
0.000319038
0.000310487
0.000301846
0.00029512
0.000298397
0.000304717
0.000310751
0.000316432
0.000321588
0.000325423
0.000327866
0.000329596
0.000329768
0.000324827
0.00033487
0.000343778
0.000348581
0.000350713
0.000350885
0.000348974
0.000344435
0.000337266
0.000328483
0.000320318
0.000322823
0.000329228
0.000334744
0.000338946
0.000341412
0.000341724
0.000340405
0.000338308
0.00033442
0.00032592
0.000338104
0.000351036
0.000360259
0.000366434
0.000370003
0.000370669
0.000367974
0.000361792
0.000352719
0.00034291
0.000345211
0.000352208
0.000357327
0.000359822
0.000359946
0.000357818
0.000353758
0.000348256
0.000340393
0.000327793
0.000342923
0.000360735
0.000374767
0.000384729
0.00039111
0.000393641
0.000392425
0.000387272
0.000378116
0.000366539
0.000370278
0.000379341
0.000384627
0.000385149
0.000382333
0.000377231
0.000370125
0.000360954
0.000348579
0.000331261
0.000350454
0.000372815
0.000390813
0.00040334
0.000412187
0.000417803
0.000420279
0.000419501
0.000414869
0.000405756
0.000410931
0.000418271
0.000420193
0.000417106
0.000410569
0.000401786
0.000390958
0.000377698
0.000359945
0.00033757
)
;

boundaryField
{
    floor
    {
        type            nutkWallFunction;
        Cmu             0.09;
        kappa           0.41;
        E               9.8;
        value           nonuniform List<scalar> 
400
(
3.71643e-05
3.60297e-05
3.43508e-05
3.25307e-05
3.01089e-05
2.28336e-05
8.40521e-06
7.27958e-06
7.08944e-06
6.68593e-06
6.31394e-06
6.10314e-06
6.16091e-06
1.1217e-05
2.71849e-05
3.05529e-05
3.22019e-05
3.36106e-05
3.51037e-05
3.63792e-05
3.60297e-05
3.64085e-05
3.5269e-05
3.32365e-05
3.06062e-05
2.50427e-05
1.05728e-05
1.01673e-05
9.33844e-06
8.67385e-06
8.21483e-06
8.26168e-06
9.30668e-06
1.80452e-05
2.83493e-05
3.15734e-05
3.34331e-05
3.50219e-05
3.63071e-05
3.61648e-05
3.43508e-05
3.5269e-05
3.4397e-05
3.25438e-05
2.9818e-05
2.40921e-05
1.1745e-05
1.16719e-05
1.08348e-05
9.84574e-06
9.31957e-06
9.67043e-06
1.11537e-05
2.07647e-05
2.87487e-05
3.17914e-05
3.363e-05
3.50909e-05
3.60051e-05
3.52328e-05
3.25307e-05
3.32365e-05
3.25438e-05
3.07785e-05
2.76747e-05
1.97677e-05
1.30223e-05
1.25316e-05
1.20941e-05
1.09443e-05
1.04628e-05
1.1234e-05
1.31753e-05
2.13317e-05
2.82864e-05
3.12128e-05
3.29798e-05
3.42069e-05
3.48033e-05
3.37873e-05
3.01089e-05
3.06062e-05
2.9818e-05
2.76747e-05
2.37458e-05
1.53156e-05
1.37907e-05
1.31942e-05
1.32444e-05
1.21735e-05
1.16576e-05
1.27831e-05
1.46412e-05
2.0547e-05
2.68646e-05
2.98112e-05
3.16038e-05
3.26565e-05
3.29752e-05
3.20029e-05
2.28336e-05
2.50427e-05
2.40921e-05
1.97677e-05
1.53156e-05
1.46028e-05
1.40224e-05
1.34882e-05
1.38853e-05
1.33294e-05
1.26117e-05
1.3745e-05
1.52928e-05
1.85646e-05
2.38312e-05
2.71496e-05
2.92935e-05
3.04688e-05
3.07029e-05
2.99153e-05
8.40521e-06
1.05728e-05
1.1745e-05
1.30223e-05
1.37907e-05
1.40224e-05
1.37163e-05
1.35105e-05
1.44093e-05
1.47063e-05
1.35762e-05
1.42588e-05
1.53663e-05
1.69087e-05
1.84356e-05
2.05077e-05
2.44692e-05
2.6583e-05
2.64364e-05
2.39905e-05
7.27958e-06
1.01673e-05
1.16719e-05
1.25316e-05
1.31942e-05
1.34882e-05
1.35105e-05
1.37771e-05
1.51899e-05
1.63128e-05
1.49017e-05
1.48938e-05
1.5372e-05
1.59563e-05
1.58398e-05
1.55968e-05
1.64629e-05
1.90857e-05
1.82343e-05
1.25499e-05
7.08944e-06
9.33844e-06
1.08348e-05
1.20941e-05
1.32444e-05
1.38853e-05
1.44093e-05
1.51899e-05
1.6497e-05
1.74646e-05
1.6645e-05
1.6749e-05
1.66223e-05
1.60502e-05
1.52972e-05
1.48424e-05
1.48527e-05
1.49962e-05
1.39084e-05
1.20935e-05
6.68593e-06
8.67385e-06
9.84574e-06
1.09443e-05
1.21735e-05
1.33294e-05
1.47063e-05
1.63128e-05
1.74646e-05
0
0
1.91684e-05
1.85767e-05
1.72754e-05
1.6293e-05
1.55734e-05
1.49896e-05
1.44292e-05
1.32324e-05
1.11579e-05
6.31394e-06
8.21483e-06
9.31957e-06
1.04628e-05
1.16576e-05
1.26117e-05
1.35762e-05
1.49017e-05
1.6645e-05
0
0
2.16081e-05
1.99576e-05
1.82194e-05
1.70945e-05
1.64502e-05
1.57423e-05
1.46347e-05
1.29401e-05
1.0841e-05
6.10314e-06
8.26168e-06
9.67043e-06
1.1234e-05
1.27831e-05
1.3745e-05
1.42588e-05
1.48938e-05
1.6749e-05
1.91684e-05
2.16081e-05
2.28855e-05
2.3246e-05
2.27576e-05
2.18126e-05
2.04973e-05
1.87499e-05
1.62686e-05
1.37374e-05
1.12507e-05
6.16091e-06
9.30668e-06
1.11537e-05
1.31753e-05
1.46412e-05
1.52928e-05
1.53663e-05
1.5372e-05
1.66223e-05
1.85767e-05
1.99576e-05
2.3246e-05
2.56391e-05
2.674e-05
2.72923e-05
2.7416e-05
2.70255e-05
2.58697e-05
2.32201e-05
1.86679e-05
1.1217e-05
1.80452e-05
2.07647e-05
2.13317e-05
2.0547e-05
1.85646e-05
1.69087e-05
1.59563e-05
1.60502e-05
1.72754e-05
1.82194e-05
2.27576e-05
2.674e-05
2.86747e-05
2.97992e-05
3.04298e-05
3.06271e-05
3.03502e-05
2.95186e-05
2.81671e-05
2.71849e-05
2.83493e-05
2.87487e-05
2.82864e-05
2.68646e-05
2.38312e-05
1.84356e-05
1.58398e-05
1.52972e-05
1.6293e-05
1.70945e-05
2.18126e-05
2.72923e-05
2.97992e-05
3.12306e-05
3.20922e-05
3.25255e-05
3.25152e-05
3.19488e-05
3.07001e-05
3.05529e-05
3.15734e-05
3.17914e-05
3.12128e-05
2.98112e-05
2.71496e-05
2.05077e-05
1.55968e-05
1.48424e-05
1.55734e-05
1.64502e-05
2.04973e-05
2.7416e-05
3.04298e-05
3.20922e-05
3.31238e-05
3.37434e-05
3.39402e-05
3.35094e-05
3.20588e-05
3.22019e-05
3.34331e-05
3.363e-05
3.29798e-05
3.16038e-05
2.92935e-05
2.44692e-05
1.64629e-05
1.48527e-05
1.49896e-05
1.57423e-05
1.87499e-05
2.70255e-05
3.06271e-05
3.25255e-05
3.37434e-05
3.46144e-05
3.51116e-05
3.49366e-05
3.35766e-05
3.36106e-05
3.50219e-05
3.50909e-05
3.42069e-05
3.26565e-05
3.04688e-05
2.6583e-05
1.90857e-05
1.49962e-05
1.44292e-05
1.46347e-05
1.62686e-05
2.58697e-05
3.03502e-05
3.25152e-05
3.39402e-05
3.51116e-05
3.59288e-05
3.60502e-05
3.48721e-05
3.51037e-05
3.63071e-05
3.60051e-05
3.48033e-05
3.29752e-05
3.07029e-05
2.64364e-05
1.82343e-05
1.39084e-05
1.32324e-05
1.29401e-05
1.37374e-05
2.32201e-05
2.95186e-05
3.19488e-05
3.35094e-05
3.49366e-05
3.60502e-05
3.65428e-05
3.58795e-05
3.63792e-05
3.61648e-05
3.52328e-05
3.37873e-05
3.20029e-05
2.99153e-05
2.39905e-05
1.25499e-05
1.20935e-05
1.11579e-05
1.0841e-05
1.12507e-05
1.86679e-05
2.81671e-05
3.07001e-05
3.20588e-05
3.35766e-05
3.48721e-05
3.58795e-05
3.65749e-05
)
;
    }
    ceiling
    {
        type            nutkWallFunction;
        Cmu             0.09;
        kappa           0.41;
        E               9.8;
        value           nonuniform List<scalar> 
400
(
4.39338e-05
4.73947e-05
5.00723e-05
5.19689e-05
5.33584e-05
5.43094e-05
5.48221e-05
5.48625e-05
5.4306e-05
5.2702e-05
5.10154e-05
5.1477e-05
5.17438e-05
5.16878e-05
5.13102e-05
5.05677e-05
4.94249e-05
4.78039e-05
4.54172e-05
4.20858e-05
4.73947e-05
5.10978e-05
5.40543e-05
5.62857e-05
5.80461e-05
5.9358e-05
6.01591e-05
6.03568e-05
5.97693e-05
5.80146e-05
5.58474e-05
5.6423e-05
5.66485e-05
5.644e-05
5.58128e-05
5.47246e-05
5.32027e-05
5.12239e-05
4.85167e-05
4.4902e-05
5.00723e-05
5.40543e-05
5.72416e-05
5.97489e-05
6.18209e-05
6.34481e-05
6.45256e-05
6.49002e-05
6.43297e-05
6.23719e-05
5.97969e-05
6.05136e-05
6.0705e-05
6.03571e-05
5.94942e-05
5.80787e-05
5.62257e-05
5.3961e-05
5.10149e-05
4.71558e-05
5.19689e-05
5.62857e-05
5.97489e-05
6.25771e-05
6.5073e-05
6.71288e-05
6.85892e-05
6.92839e-05
6.89706e-05
6.72657e-05
6.42987e-05
6.47797e-05
6.47257e-05
6.40874e-05
6.28538e-05
6.09877e-05
5.86936e-05
5.61001e-05
5.28692e-05
4.87171e-05
5.33584e-05
5.80461e-05
6.18209e-05
6.5073e-05
6.80771e-05
7.05741e-05
7.24506e-05
7.35553e-05
7.36627e-05
7.24444e-05
6.91745e-05
6.92405e-05
6.8744e-05
6.7662e-05
6.59783e-05
6.36536e-05
6.08563e-05
5.78428e-05
5.42916e-05
4.9816e-05
5.43094e-05
5.9358e-05
6.34481e-05
6.71288e-05
7.05741e-05
7.3513e-05
7.58758e-05
7.75695e-05
7.84404e-05
7.8215e-05
7.47163e-05
7.38901e-05
7.25912e-05
7.08618e-05
6.86399e-05
6.58555e-05
6.26056e-05
5.91575e-05
5.52956e-05
5.0512e-05
5.48221e-05
6.01591e-05
6.45256e-05
6.85892e-05
7.24506e-05
7.58758e-05
7.88595e-05
8.14526e-05
8.36925e-05
8.53281e-05
8.15962e-05
7.89713e-05
7.63248e-05
7.36687e-05
7.07921e-05
6.75102e-05
6.38311e-05
5.99826e-05
5.58474e-05
5.08184e-05
5.48625e-05
6.03568e-05
6.49002e-05
6.92839e-05
7.35553e-05
7.75695e-05
8.14526e-05
8.5499e-05
8.99436e-05
9.44479e-05
9.04719e-05
8.48608e-05
8.00842e-05
7.60779e-05
7.236e-05
6.85068e-05
6.43945e-05
6.01984e-05
5.58876e-05
5.07222e-05
5.4306e-05
5.97693e-05
6.43297e-05
6.89706e-05
7.36627e-05
7.84404e-05
8.36925e-05
8.99436e-05
9.74605e-05
0.000105096
0.000100695
9.17424e-05
8.40189e-05
7.80971e-05
7.32716e-05
6.8735e-05
6.41667e-05
5.96498e-05
5.53076e-05
5.01496e-05
5.2702e-05
5.80146e-05
6.23719e-05
6.72657e-05
7.24444e-05
7.8215e-05
8.53281e-05
9.44479e-05
0.000105096
0.000107823
0.000101463
9.80731e-05
8.78546e-05
7.9685e-05
7.35433e-05
6.81777e-05
6.30797e-05
5.82284e-05
5.40351e-05
4.90204e-05
5.10154e-05
5.58474e-05
5.97969e-05
6.42987e-05
6.91745e-05
7.47163e-05
8.15962e-05
9.04719e-05
0.000100695
0.000101463
0.00011058
9.85512e-05
8.81274e-05
8.05801e-05
7.45712e-05
6.90787e-05
6.38486e-05
5.89935e-05
5.473e-05
4.96618e-05
5.1477e-05
5.6423e-05
6.05136e-05
6.47797e-05
6.92405e-05
7.38901e-05
7.89713e-05
8.48608e-05
9.17424e-05
9.80731e-05
9.85512e-05
9.11396e-05
8.51364e-05
7.97403e-05
7.45397e-05
6.95107e-05
6.46554e-05
6.00898e-05
5.57182e-05
5.05662e-05
5.17438e-05
5.66485e-05
6.0705e-05
6.47257e-05
6.8744e-05
7.25912e-05
7.63248e-05
8.00842e-05
8.40189e-05
8.78546e-05
8.81274e-05
8.51364e-05
8.16207e-05
7.74023e-05
7.29069e-05
6.84407e-05
6.41022e-05
5.99867e-05
5.58084e-05
5.08027e-05
5.16878e-05
5.644e-05
6.03571e-05
6.40874e-05
6.7662e-05
7.08618e-05
7.36687e-05
7.60779e-05
7.80971e-05
7.9685e-05
8.05801e-05
7.97403e-05
7.74023e-05
7.40033e-05
7.01375e-05
6.6208e-05
6.23754e-05
5.88003e-05
5.50437e-05
5.04236e-05
5.13102e-05
5.58128e-05
5.94942e-05
6.28538e-05
6.59783e-05
6.86399e-05
7.07921e-05
7.236e-05
7.32716e-05
7.35433e-05
7.45712e-05
7.45397e-05
7.29069e-05
7.01375e-05
6.68339e-05
6.34361e-05
6.01076e-05
5.70582e-05
5.37626e-05
4.96197e-05
5.05677e-05
5.47246e-05
5.80787e-05
6.09877e-05
6.36536e-05
6.58555e-05
6.75102e-05
6.85068e-05
6.8735e-05
6.81777e-05
6.90787e-05
6.95107e-05
6.84407e-05
6.6208e-05
6.34361e-05
6.05699e-05
5.77475e-05
5.51621e-05
5.22385e-05
4.85355e-05
4.94249e-05
5.32027e-05
5.62257e-05
5.86936e-05
6.08563e-05
6.26056e-05
6.38311e-05
6.43945e-05
6.41667e-05
6.30797e-05
6.38486e-05
6.46554e-05
6.41022e-05
6.23754e-05
6.01076e-05
5.77475e-05
5.54291e-05
5.31849e-05
5.05349e-05
4.71918e-05
4.78039e-05
5.12239e-05
5.3961e-05
5.61001e-05
5.78428e-05
5.91575e-05
5.99826e-05
6.01984e-05
5.96498e-05
5.82284e-05
5.89935e-05
6.00898e-05
5.99867e-05
5.88003e-05
5.70582e-05
5.51621e-05
5.31849e-05
5.11184e-05
4.86322e-05
4.55366e-05
4.54172e-05
4.85167e-05
5.10149e-05
5.28692e-05
5.42916e-05
5.52956e-05
5.58474e-05
5.58876e-05
5.53076e-05
5.40351e-05
5.473e-05
5.57182e-05
5.58084e-05
5.50437e-05
5.37626e-05
5.22385e-05
5.05349e-05
4.86322e-05
4.62488e-05
4.33048e-05
4.20858e-05
4.4902e-05
4.71558e-05
4.87171e-05
4.9816e-05
5.0512e-05
5.08184e-05
5.07222e-05
5.01496e-05
4.90204e-05
4.96618e-05
5.05662e-05
5.08027e-05
5.04236e-05
4.96197e-05
4.85355e-05
4.71918e-05
4.55366e-05
4.33048e-05
4.04683e-05
)
;
    }
    fixedWalls
    {
        type            nutkWallFunction;
        Cmu             0.09;
        kappa           0.41;
        E               9.8;
        value           nonuniform List<scalar> 
800
(
3.71611e-05
3.87592e-05
3.96836e-05
4.02001e-05
4.05937e-05
4.09903e-05
4.14409e-05
4.20012e-05
4.27834e-05
4.39316e-05
3.60263e-05
3.73532e-05
3.85726e-05
3.95668e-05
4.05442e-05
4.16127e-05
4.27247e-05
4.39619e-05
4.55318e-05
4.73929e-05
3.43472e-05
3.44708e-05
3.55007e-05
3.71415e-05
3.92343e-05
4.13424e-05
4.33273e-05
4.53016e-05
4.75848e-05
5.00708e-05
3.25268e-05
3.06131e-05
3.02125e-05
3.35156e-05
3.71502e-05
4.06037e-05
4.35357e-05
4.62092e-05
4.90576e-05
5.19677e-05
3.01047e-05
2.77668e-05
2.59348e-05
2.7454e-05
3.47527e-05
3.96621e-05
4.349e-05
4.67777e-05
5.00863e-05
5.33574e-05
2.28286e-05
2.22718e-05
2.17766e-05
2.44897e-05
3.27248e-05
3.86579e-05
4.31787e-05
4.69641e-05
5.06513e-05
5.43085e-05
8.39845e-06
1.46277e-05
1.76934e-05
2.19939e-05
3.08307e-05
3.75771e-05
4.25777e-05
4.67385e-05
5.07288e-05
5.48213e-05
7.2726e-06
1.02652e-05
1.32217e-05
1.82761e-05
2.88861e-05
3.63836e-05
4.17179e-05
4.60955e-05
5.02932e-05
5.48617e-05
7.08245e-06
1.09194e-05
1.16296e-05
1.42408e-05
2.7141e-05
3.51464e-05
4.06131e-05
4.50004e-05
4.92426e-05
5.43051e-05
6.67889e-06
1.01921e-05
1.19029e-05
1.29523e-05
2.63443e-05
3.40196e-05
3.91741e-05
4.32512e-05
4.72159e-05
5.27009e-05
6.30685e-06
9.29068e-06
1.08428e-05
1.47623e-05
2.74946e-05
3.42543e-05
3.88396e-05
4.24711e-05
4.59725e-05
5.10141e-05
6.09602e-06
8.24116e-06
9.30375e-06
1.6719e-05
2.86922e-05
3.49493e-05
3.93518e-05
4.29653e-05
4.65535e-05
5.14757e-05
6.15378e-06
8.71162e-06
1.04863e-05
1.91626e-05
2.98635e-05
3.57487e-05
4.00218e-05
4.36154e-05
4.72059e-05
5.17425e-05
1.12106e-05
1.61233e-05
1.54536e-05
2.21244e-05
3.10594e-05
3.65715e-05
4.06625e-05
4.41479e-05
4.7639e-05
5.16865e-05
2.71804e-05
2.40546e-05
2.02443e-05
2.45206e-05
3.23486e-05
3.73948e-05
4.11991e-05
4.4461e-05
4.77465e-05
5.13089e-05
3.05488e-05
2.67996e-05
2.27377e-05
2.77043e-05
3.3872e-05
3.82318e-05
4.15669e-05
4.44639e-05
4.74227e-05
5.05663e-05
3.2198e-05
2.92923e-05
2.73723e-05
3.13964e-05
3.57192e-05
3.90632e-05
4.17328e-05
4.41267e-05
4.66685e-05
4.94234e-05
3.36068e-05
3.29466e-05
3.34401e-05
3.52021e-05
3.7663e-05
3.98188e-05
4.16849e-05
4.34694e-05
4.55006e-05
4.78021e-05
3.51002e-05
3.60062e-05
3.70427e-05
3.80244e-05
3.91484e-05
4.02412e-05
4.12813e-05
4.23757e-05
4.37594e-05
4.54152e-05
3.63758e-05
3.78998e-05
3.87413e-05
3.91655e-05
3.9479e-05
3.97784e-05
4.00986e-05
4.05122e-05
4.11265e-05
4.20833e-05
3.63758e-05
3.78998e-05
3.87413e-05
3.91655e-05
3.9479e-05
3.97784e-05
4.00986e-05
4.05122e-05
4.11265e-05
4.20833e-05
3.61614e-05
3.77276e-05
3.87545e-05
3.93968e-05
3.99343e-05
4.05141e-05
4.12268e-05
4.21477e-05
4.33756e-05
4.48998e-05
3.52293e-05
3.62726e-05
3.73311e-05
3.82988e-05
3.93855e-05
4.05674e-05
4.18351e-05
4.33121e-05
4.51401e-05
4.71539e-05
3.37836e-05
3.38137e-05
3.48203e-05
3.64194e-05
3.8399e-05
4.02768e-05
4.21083e-05
4.40918e-05
4.6389e-05
4.87154e-05
3.1999e-05
3.03736e-05
3.12288e-05
3.40759e-05
3.71561e-05
3.97886e-05
4.21346e-05
4.45436e-05
4.71876e-05
4.98145e-05
2.99111e-05
2.7177e-05
2.59843e-05
3.1256e-05
3.56354e-05
3.90672e-05
4.18978e-05
4.46315e-05
4.75057e-05
5.05106e-05
2.39856e-05
2.30519e-05
2.25426e-05
2.8827e-05
3.41039e-05
3.80945e-05
4.13271e-05
4.42971e-05
4.7356e-05
5.0817e-05
1.25437e-05
1.83936e-05
2.04671e-05
2.70618e-05
3.27541e-05
3.69988e-05
4.04196e-05
4.35225e-05
4.67147e-05
5.07209e-05
1.20872e-05
1.56874e-05
1.86236e-05
2.54455e-05
3.15594e-05
3.58864e-05
3.93027e-05
4.23797e-05
4.55712e-05
5.01481e-05
1.11515e-05
1.47623e-05
1.67595e-05
2.46477e-05
3.08363e-05
3.5017e-05
3.82582e-05
4.11368e-05
4.41191e-05
4.90187e-05
1.08345e-05
1.41387e-05
1.62521e-05
2.56062e-05
3.14633e-05
3.54401e-05
3.8578e-05
4.14273e-05
4.4587e-05
4.96603e-05
1.12443e-05
1.34687e-05
1.72072e-05
2.68696e-05
3.23821e-05
3.62512e-05
3.93893e-05
4.2305e-05
4.57162e-05
5.05648e-05
1.86624e-05
1.58902e-05
1.98345e-05
2.82435e-05
3.33242e-05
3.70271e-05
4.00916e-05
4.29504e-05
4.63768e-05
5.08014e-05
2.81627e-05
2.17348e-05
2.23106e-05
2.96668e-05
3.42966e-05
3.77579e-05
4.06278e-05
4.32682e-05
4.64469e-05
5.04221e-05
3.0696e-05
2.50271e-05
2.56367e-05
3.13203e-05
3.53407e-05
3.84203e-05
4.09444e-05
4.32894e-05
4.6103e-05
4.96182e-05
3.20549e-05
2.91488e-05
2.94576e-05
3.32922e-05
3.64306e-05
3.89134e-05
4.0989e-05
4.30274e-05
4.5472e-05
4.85338e-05
3.35729e-05
3.26312e-05
3.32828e-05
3.53193e-05
3.74389e-05
3.92292e-05
4.08265e-05
4.25208e-05
4.45859e-05
4.719e-05
3.48685e-05
3.51774e-05
3.60256e-05
3.70729e-05
3.83162e-05
3.94532e-05
4.05639e-05
4.18282e-05
4.34343e-05
4.55345e-05
3.58761e-05
3.69303e-05
3.77942e-05
3.83857e-05
3.89278e-05
3.94756e-05
4.00695e-05
4.08305e-05
4.18693e-05
4.33025e-05
3.65717e-05
3.77885e-05
3.84059e-05
3.86331e-05
3.87403e-05
3.88398e-05
3.89804e-05
3.92203e-05
3.96631e-05
4.04656e-05
3.71611e-05
3.87592e-05
3.96836e-05
4.02001e-05
4.05937e-05
4.09903e-05
4.14409e-05
4.20012e-05
4.27834e-05
4.39316e-05
3.60263e-05
3.73532e-05
3.85726e-05
3.95668e-05
4.05442e-05
4.16127e-05
4.27247e-05
4.39619e-05
4.55318e-05
4.73929e-05
3.43472e-05
3.44708e-05
3.55007e-05
3.71415e-05
3.92343e-05
4.13424e-05
4.33273e-05
4.53016e-05
4.75848e-05
5.00708e-05
3.25268e-05
3.06131e-05
3.02125e-05
3.35156e-05
3.71502e-05
4.06037e-05
4.35357e-05
4.62092e-05
4.90576e-05
5.19677e-05
3.01047e-05
2.77668e-05
2.59348e-05
2.7454e-05
3.47527e-05
3.96621e-05
4.349e-05
4.67777e-05
5.00863e-05
5.33574e-05
2.28286e-05
2.22718e-05
2.17766e-05
2.44897e-05
3.27248e-05
3.86579e-05
4.31787e-05
4.69641e-05
5.06513e-05
5.43085e-05
8.39845e-06
1.46277e-05
1.76934e-05
2.19939e-05
3.08307e-05
3.75771e-05
4.25777e-05
4.67385e-05
5.07288e-05
5.48213e-05
7.2726e-06
1.02652e-05
1.32217e-05
1.82761e-05
2.88861e-05
3.63836e-05
4.17179e-05
4.60955e-05
5.02932e-05
5.48617e-05
7.08245e-06
1.09194e-05
1.16296e-05
1.42408e-05
2.7141e-05
3.51464e-05
4.06131e-05
4.50004e-05
4.92426e-05
5.43051e-05
6.67889e-06
1.01921e-05
1.19029e-05
1.29523e-05
2.63443e-05
3.40196e-05
3.91741e-05
4.32512e-05
4.72159e-05
5.27009e-05
6.30685e-06
9.29068e-06
1.08428e-05
1.47623e-05
2.74946e-05
3.42543e-05
3.88396e-05
4.24711e-05
4.59725e-05
5.10141e-05
6.09602e-06
8.24116e-06
9.30375e-06
1.6719e-05
2.86922e-05
3.49493e-05
3.93518e-05
4.29653e-05
4.65535e-05
5.14757e-05
6.15378e-06
8.71162e-06
1.04863e-05
1.91626e-05
2.98635e-05
3.57487e-05
4.00218e-05
4.36154e-05
4.72059e-05
5.17425e-05
1.12106e-05
1.61233e-05
1.54536e-05
2.21244e-05
3.10594e-05
3.65715e-05
4.06625e-05
4.41479e-05
4.7639e-05
5.16865e-05
2.71804e-05
2.40546e-05
2.02443e-05
2.45206e-05
3.23486e-05
3.73948e-05
4.11991e-05
4.4461e-05
4.77465e-05
5.13089e-05
3.05488e-05
2.67996e-05
2.27377e-05
2.77043e-05
3.3872e-05
3.82318e-05
4.15669e-05
4.44639e-05
4.74227e-05
5.05663e-05
3.2198e-05
2.92923e-05
2.73723e-05
3.13964e-05
3.57192e-05
3.90632e-05
4.17328e-05
4.41267e-05
4.66685e-05
4.94234e-05
3.36068e-05
3.29466e-05
3.34401e-05
3.52021e-05
3.7663e-05
3.98188e-05
4.16849e-05
4.34694e-05
4.55006e-05
4.78021e-05
3.51002e-05
3.60062e-05
3.70427e-05
3.80244e-05
3.91484e-05
4.02412e-05
4.12813e-05
4.23757e-05
4.37594e-05
4.54152e-05
3.63758e-05
3.78998e-05
3.87413e-05
3.91655e-05
3.9479e-05
3.97784e-05
4.00986e-05
4.05122e-05
4.11265e-05
4.20833e-05
3.63758e-05
3.78998e-05
3.87413e-05
3.91655e-05
3.9479e-05
3.97784e-05
4.00986e-05
4.05122e-05
4.11265e-05
4.20833e-05
3.61614e-05
3.77276e-05
3.87545e-05
3.93968e-05
3.99343e-05
4.05141e-05
4.12268e-05
4.21477e-05
4.33756e-05
4.48998e-05
3.52293e-05
3.62726e-05
3.73311e-05
3.82988e-05
3.93855e-05
4.05674e-05
4.18351e-05
4.33121e-05
4.51401e-05
4.71539e-05
3.37836e-05
3.38137e-05
3.48203e-05
3.64194e-05
3.8399e-05
4.02768e-05
4.21083e-05
4.40918e-05
4.6389e-05
4.87154e-05
3.1999e-05
3.03736e-05
3.12288e-05
3.40759e-05
3.71561e-05
3.97886e-05
4.21346e-05
4.45436e-05
4.71876e-05
4.98145e-05
2.99111e-05
2.7177e-05
2.59843e-05
3.1256e-05
3.56354e-05
3.90672e-05
4.18978e-05
4.46315e-05
4.75057e-05
5.05106e-05
2.39856e-05
2.30519e-05
2.25426e-05
2.8827e-05
3.41039e-05
3.80945e-05
4.13271e-05
4.42971e-05
4.7356e-05
5.0817e-05
1.25437e-05
1.83936e-05
2.04671e-05
2.70618e-05
3.27541e-05
3.69988e-05
4.04196e-05
4.35225e-05
4.67147e-05
5.07209e-05
1.20872e-05
1.56874e-05
1.86236e-05
2.54455e-05
3.15594e-05
3.58864e-05
3.93027e-05
4.23797e-05
4.55712e-05
5.01481e-05
1.11515e-05
1.47623e-05
1.67595e-05
2.46477e-05
3.08363e-05
3.5017e-05
3.82582e-05
4.11368e-05
4.41191e-05
4.90187e-05
1.08345e-05
1.41387e-05
1.62521e-05
2.56062e-05
3.14633e-05
3.54401e-05
3.8578e-05
4.14273e-05
4.4587e-05
4.96603e-05
1.12443e-05
1.34687e-05
1.72072e-05
2.68696e-05
3.23821e-05
3.62512e-05
3.93893e-05
4.2305e-05
4.57162e-05
5.05648e-05
1.86624e-05
1.58902e-05
1.98345e-05
2.82435e-05
3.33242e-05
3.70271e-05
4.00916e-05
4.29504e-05
4.63768e-05
5.08014e-05
2.81627e-05
2.17348e-05
2.23106e-05
2.96668e-05
3.42966e-05
3.77579e-05
4.06278e-05
4.32682e-05
4.64469e-05
5.04221e-05
3.0696e-05
2.50271e-05
2.56367e-05
3.13203e-05
3.53407e-05
3.84203e-05
4.09444e-05
4.32894e-05
4.6103e-05
4.96182e-05
3.20549e-05
2.91488e-05
2.94576e-05
3.32922e-05
3.64306e-05
3.89134e-05
4.0989e-05
4.30274e-05
4.5472e-05
4.85338e-05
3.35729e-05
3.26312e-05
3.32828e-05
3.53193e-05
3.74389e-05
3.92292e-05
4.08265e-05
4.25208e-05
4.45859e-05
4.719e-05
3.48685e-05
3.51774e-05
3.60256e-05
3.70729e-05
3.83162e-05
3.94532e-05
4.05639e-05
4.18282e-05
4.34343e-05
4.55345e-05
3.58761e-05
3.69303e-05
3.77942e-05
3.83857e-05
3.89278e-05
3.94756e-05
4.00695e-05
4.08305e-05
4.18693e-05
4.33025e-05
3.65717e-05
3.77885e-05
3.84059e-05
3.86331e-05
3.87403e-05
3.88398e-05
3.89804e-05
3.92203e-05
3.96631e-05
4.04656e-05
)
;
    }
}


// ************************************************************************* //
