/*--------------------------------*- C++ -*----------------------------------*\
  =========                 |
  \\      /  F ield         | OpenFOAM: The Open Source CFD Toolbox
   \\    /   O peration     | Website:  https://openfoam.org
    \\  /    A nd           | Version:  8
     \\/     M anipulation  |
\*---------------------------------------------------------------------------*/
FoamFile
{
    version     2.0;
    format      ascii;
    class       volScalarField;
    location    "2000";
    object      p;
}
// * * * * * * * * * * * * * * * * * * * * * * * * * * * * * * * * * * * * * //

dimensions      [1 -1 -2 0 0 0 0];

internalField   nonuniform List<scalar> 
4000
(
-2.44976
-2.45
-2.45031
-2.45045
-2.45039
-2.45027
-2.45022
-2.45023
-2.45022
-2.45022
-2.45022
-2.45022
-2.45023
-2.45021
-2.45031
-2.45046
-2.4505
-2.45033
-2.44997
-2.44966
-7.3497
-7.34984
-7.35003
-7.35013
-7.35009
-7.35003
-7.35005
-7.35004
-7.35003
-7.35003
-7.35004
-7.35004
-7.35004
-7.35004
-7.35005
-7.35015
-7.35018
-7.35007
-7.34984
-7.34964
-12.2494
-12.2494
-12.2495
-12.2496
-12.2496
-12.2496
-12.2496
-12.2496
-12.2496
-12.2496
-12.2496
-12.2496
-12.2496
-12.2496
-12.2496
-12.2496
-12.2497
-12.2496
-12.2495
-12.2493
-17.1489
-17.149
-17.149
-17.1491
-17.1491
-17.1491
-17.1491
-17.1491
-17.1491
-17.1491
-17.1491
-17.1491
-17.1491
-17.1491
-17.1491
-17.1491
-17.1491
-17.149
-17.149
-17.1489
-22.0483
-22.0484
-22.0484
-22.0485
-22.0485
-22.0485
-22.0485
-22.0485
-22.0486
-22.0486
-22.0485
-22.0485
-22.0485
-22.0485
-22.0485
-22.0485
-22.0485
-22.0484
-22.0484
-22.0483
-26.9477
-26.9478
-26.9478
-26.9479
-26.9479
-26.9479
-26.9479
-26.9479
-26.9479
-26.9479
-26.9479
-26.9479
-26.9479
-26.9479
-26.9479
-26.9479
-26.9479
-26.9478
-26.9478
-26.9477
-31.847
-31.8471
-31.8472
-31.8472
-31.8473
-31.8473
-31.8473
-31.8473
-31.8473
-31.8473
-31.8473
-31.8473
-31.8473
-31.8473
-31.8473
-31.8473
-31.8473
-31.8472
-31.8471
-31.847
-36.7462
-36.7464
-36.7465
-36.7465
-36.7466
-36.7466
-36.7466
-36.7467
-36.7467
-36.7467
-36.7467
-36.7467
-36.7467
-36.7467
-36.7466
-36.7466
-36.7466
-36.7465
-36.7464
-36.7463
-41.6454
-41.6456
-41.6457
-41.6458
-41.6458
-41.6458
-41.6458
-41.6458
-41.6459
-41.6459
-41.6459
-41.6459
-41.6459
-41.6459
-41.6459
-41.6459
-41.6458
-41.6457
-41.6456
-41.6455
-46.5448
-46.5449
-46.545
-46.545
-46.545
-46.5449
-46.5449
-46.5448
-46.5448
-46.5449
-46.5449
-46.5449
-46.5449
-46.5449
-46.545
-46.545
-46.5451
-46.5451
-46.545
-46.5449
-2.45
-2.45013
-2.45033
-2.45042
-2.45037
-2.45027
-2.45022
-2.45023
-2.45022
-2.45022
-2.45022
-2.45022
-2.45023
-2.45023
-2.45031
-2.45044
-2.45048
-2.45034
-2.45003
-2.44981
-7.34984
-7.34991
-7.35004
-7.35011
-7.35006
-7.35002
-7.35005
-7.35004
-7.35003
-7.35003
-7.35004
-7.35004
-7.35004
-7.35003
-7.35004
-7.35013
-7.35016
-7.35007
-7.34988
-7.34973
-12.2494
-12.2495
-12.2496
-12.2496
-12.2496
-12.2496
-12.2496
-12.2496
-12.2496
-12.2496
-12.2496
-12.2496
-12.2496
-12.2496
-12.2496
-12.2496
-12.2496
-12.2496
-12.2495
-12.2494
-17.149
-17.149
-17.149
-17.1491
-17.1491
-17.1491
-17.1491
-17.1491
-17.1491
-17.1491
-17.1491
-17.1491
-17.1491
-17.1491
-17.1491
-17.1491
-17.1491
-17.149
-17.149
-17.1489
-22.0484
-22.0484
-22.0485
-22.0485
-22.0485
-22.0486
-22.0486
-22.0486
-22.0486
-22.0486
-22.0486
-22.0486
-22.0486
-22.0486
-22.0486
-22.0485
-22.0485
-22.0485
-22.0484
-22.0484
-26.9478
-26.9478
-26.9479
-26.9479
-26.948
-26.948
-26.948
-26.948
-26.948
-26.948
-26.948
-26.948
-26.948
-26.948
-26.948
-26.948
-26.9479
-26.9479
-26.9479
-26.9478
-31.8471
-31.8472
-31.8473
-31.8473
-31.8474
-31.8474
-31.8474
-31.8474
-31.8474
-31.8474
-31.8474
-31.8474
-31.8474
-31.8474
-31.8474
-31.8474
-31.8474
-31.8473
-31.8472
-31.8471
-36.7464
-36.7466
-36.7466
-36.7467
-36.7467
-36.7468
-36.7468
-36.7468
-36.7468
-36.7468
-36.7468
-36.7468
-36.7468
-36.7468
-36.7468
-36.7467
-36.7467
-36.7467
-36.7466
-36.7464
-41.6456
-41.6458
-41.6459
-41.646
-41.6461
-41.6461
-41.6461
-41.6461
-41.6461
-41.6461
-41.6461
-41.6461
-41.6461
-41.6461
-41.6461
-41.6461
-41.646
-41.646
-41.6458
-41.6456
-46.5449
-46.5451
-46.5452
-46.5452
-46.5452
-46.5452
-46.5452
-46.5451
-46.5451
-46.5452
-46.5452
-46.5452
-46.5452
-46.5452
-46.5452
-46.5453
-46.5453
-46.5452
-46.5452
-46.545
-2.45031
-2.45033
-2.45041
-2.45041
-2.45034
-2.45026
-2.45022
-2.45023
-2.45022
-2.45022
-2.45022
-2.45023
-2.45023
-2.45024
-2.45032
-2.45044
-2.45049
-2.45041
-2.45021
-2.4501
-7.35003
-7.35004
-7.35007
-7.35008
-7.35004
-7.35002
-7.35004
-7.35003
-7.35003
-7.35003
-7.35004
-7.35004
-7.35004
-7.35002
-7.35003
-7.35011
-7.35015
-7.35009
-7.34997
-7.3499
-12.2495
-12.2496
-12.2496
-12.2496
-12.2496
-12.2496
-12.2496
-12.2496
-12.2496
-12.2496
-12.2496
-12.2496
-12.2496
-12.2496
-12.2496
-12.2496
-12.2496
-12.2496
-12.2495
-12.2495
-17.149
-17.149
-17.149
-17.1491
-17.1491
-17.1491
-17.1491
-17.1491
-17.1491
-17.1491
-17.1491
-17.1491
-17.1491
-17.1491
-17.1491
-17.1491
-17.1491
-17.1491
-17.149
-17.149
-22.0484
-22.0485
-22.0485
-22.0485
-22.0485
-22.0486
-22.0486
-22.0486
-22.0486
-22.0486
-22.0486
-22.0486
-22.0486
-22.0486
-22.0486
-22.0486
-22.0485
-22.0485
-22.0485
-22.0484
-26.9478
-26.9479
-26.9479
-26.9479
-26.948
-26.948
-26.948
-26.948
-26.948
-26.948
-26.948
-26.948
-26.948
-26.948
-26.948
-26.948
-26.948
-26.9479
-26.9479
-26.9478
-31.8472
-31.8473
-31.8473
-31.8474
-31.8474
-31.8474
-31.8474
-31.8474
-31.8474
-31.8474
-31.8474
-31.8474
-31.8474
-31.8474
-31.8474
-31.8474
-31.8474
-31.8473
-31.8473
-31.8472
-36.7465
-36.7466
-36.7467
-36.7467
-36.7467
-36.7467
-36.7467
-36.7467
-36.7467
-36.7467
-36.7467
-36.7467
-36.7467
-36.7467
-36.7467
-36.7467
-36.7467
-36.7467
-36.7466
-36.7465
-41.6457
-41.6459
-41.646
-41.6461
-41.6461
-41.6461
-41.6461
-41.6461
-41.6461
-41.6461
-41.6461
-41.6461
-41.6461
-41.6461
-41.6461
-41.6461
-41.6461
-41.646
-41.6459
-41.6457
-46.545
-46.5452
-46.5453
-46.5453
-46.5453
-46.5453
-46.5452
-46.5452
-46.5452
-46.5452
-46.5452
-46.5452
-46.5452
-46.5453
-46.5453
-46.5453
-46.5453
-46.5453
-46.5452
-46.5451
-2.45045
-2.45042
-2.45041
-2.45037
-2.45029
-2.45024
-2.45023
-2.45023
-2.45023
-2.45022
-2.45023
-2.45023
-2.45024
-2.45024
-2.45031
-2.45042
-2.45049
-2.45048
-2.4504
-2.45036
-7.35013
-7.35011
-7.35008
-7.35005
-7.35001
-7.35002
-7.35003
-7.35002
-7.35002
-7.35003
-7.35003
-7.35003
-7.35004
-7.35002
-7.35002
-7.35009
-7.35014
-7.35013
-7.35008
-7.35006
-12.2496
-12.2496
-12.2496
-12.2496
-12.2496
-12.2496
-12.2496
-12.2496
-12.2496
-12.2496
-12.2496
-12.2496
-12.2496
-12.2496
-12.2496
-12.2496
-12.2496
-12.2496
-12.2496
-12.2496
-17.1491
-17.1491
-17.1491
-17.1491
-17.1491
-17.1491
-17.1491
-17.1491
-17.1491
-17.1491
-17.1491
-17.1491
-17.1491
-17.1491
-17.1491
-17.1491
-17.1491
-17.1491
-17.1491
-17.149
-22.0485
-22.0485
-22.0485
-22.0485
-22.0486
-22.0486
-22.0486
-22.0486
-22.0486
-22.0486
-22.0486
-22.0486
-22.0486
-22.0486
-22.0486
-22.0486
-22.0485
-22.0485
-22.0485
-22.0485
-26.9479
-26.9479
-26.9479
-26.948
-26.948
-26.948
-26.948
-26.948
-26.948
-26.948
-26.948
-26.948
-26.948
-26.948
-26.948
-26.948
-26.948
-26.9479
-26.9479
-26.9479
-31.8472
-31.8473
-31.8474
-31.8474
-31.8474
-31.8474
-31.8474
-31.8474
-31.8474
-31.8474
-31.8474
-31.8474
-31.8474
-31.8474
-31.8474
-31.8474
-31.8474
-31.8474
-31.8474
-31.8473
-36.7465
-36.7467
-36.7467
-36.7467
-36.7467
-36.7467
-36.7467
-36.7467
-36.7467
-36.7468
-36.7467
-36.7467
-36.7467
-36.7467
-36.7467
-36.7467
-36.7467
-36.7467
-36.7467
-36.7466
-41.6458
-41.646
-41.6461
-41.6461
-41.6461
-41.6461
-41.6461
-41.6461
-41.6461
-41.6461
-41.6461
-41.6461
-41.6461
-41.6461
-41.6461
-41.6461
-41.6461
-41.6461
-41.646
-41.6458
-46.545
-46.5452
-46.5453
-46.5453
-46.5453
-46.5452
-46.5452
-46.5452
-46.5452
-46.5452
-46.5452
-46.5452
-46.5452
-46.5452
-46.5453
-46.5453
-46.5454
-46.5453
-46.5453
-46.5451
-2.45039
-2.45037
-2.45034
-2.45029
-2.45025
-2.45023
-2.45023
-2.45023
-2.45023
-2.45023
-2.45023
-2.45024
-2.45024
-2.45024
-2.45029
-2.45037
-2.45045
-2.45048
-2.45048
-2.4505
-7.35009
-7.35006
-7.35004
-7.35001
-7.35001
-7.35003
-7.35002
-7.35002
-7.35002
-7.35002
-7.35003
-7.35003
-7.35003
-7.35002
-7.35001
-7.35005
-7.35011
-7.35014
-7.35014
-7.35015
-12.2496
-12.2496
-12.2496
-12.2496
-12.2496
-12.2496
-12.2496
-12.2496
-12.2496
-12.2496
-12.2496
-12.2496
-12.2496
-12.2496
-12.2496
-12.2496
-12.2496
-12.2496
-12.2496
-12.2496
-17.1491
-17.1491
-17.1491
-17.1491
-17.1491
-17.1491
-17.1491
-17.1491
-17.1491
-17.1491
-17.1491
-17.1491
-17.1491
-17.1491
-17.1491
-17.1491
-17.1491
-17.1491
-17.1491
-17.1491
-22.0485
-22.0485
-22.0485
-22.0486
-22.0486
-22.0486
-22.0486
-22.0486
-22.0486
-22.0486
-22.0486
-22.0486
-22.0486
-22.0486
-22.0486
-22.0486
-22.0485
-22.0485
-22.0485
-22.0485
-26.9479
-26.948
-26.948
-26.948
-26.948
-26.948
-26.948
-26.948
-26.948
-26.948
-26.948
-26.948
-26.948
-26.948
-26.948
-26.948
-26.948
-26.948
-26.948
-26.9479
-31.8473
-31.8474
-31.8474
-31.8474
-31.8474
-31.8474
-31.8474
-31.8474
-31.8474
-31.8474
-31.8474
-31.8474
-31.8474
-31.8474
-31.8474
-31.8474
-31.8474
-31.8474
-31.8474
-31.8473
-36.7466
-36.7467
-36.7467
-36.7467
-36.7467
-36.7467
-36.7467
-36.7467
-36.7467
-36.7468
-36.7468
-36.7467
-36.7467
-36.7467
-36.7467
-36.7467
-36.7467
-36.7467
-36.7467
-36.7466
-41.6458
-41.6461
-41.6461
-41.6461
-41.6461
-41.6461
-41.6461
-41.6461
-41.6461
-41.6461
-41.6461
-41.6461
-41.6461
-41.6461
-41.6461
-41.6461
-41.6461
-41.6461
-41.6461
-41.6459
-46.545
-46.5452
-46.5453
-46.5453
-46.5452
-46.5452
-46.5451
-46.5451
-46.5451
-46.5451
-46.5451
-46.5451
-46.5451
-46.5452
-46.5452
-46.5453
-46.5453
-46.5453
-46.5453
-46.5451
-2.45027
-2.45027
-2.45026
-2.45024
-2.45023
-2.45023
-2.45023
-2.45023
-2.45024
-2.45023
-2.45024
-2.45024
-2.45025
-2.45024
-2.45027
-2.45031
-2.45037
-2.45042
-2.45044
-2.45047
-7.35003
-7.35002
-7.35002
-7.35002
-7.35003
-7.35002
-7.35001
-7.35001
-7.35001
-7.35002
-7.35003
-7.35002
-7.35002
-7.35002
-7.35001
-7.35002
-7.35006
-7.3501
-7.35013
-7.35015
-12.2496
-12.2496
-12.2496
-12.2496
-12.2496
-12.2496
-12.2496
-12.2496
-12.2496
-12.2496
-12.2496
-12.2496
-12.2496
-12.2496
-12.2496
-12.2496
-12.2496
-12.2496
-12.2496
-12.2496
-17.1491
-17.1491
-17.1491
-17.1491
-17.1491
-17.1491
-17.1491
-17.1491
-17.1491
-17.1491
-17.1491
-17.1491
-17.1491
-17.1491
-17.1491
-17.1491
-17.1491
-17.1491
-17.1491
-17.1491
-22.0485
-22.0486
-22.0486
-22.0486
-22.0486
-22.0486
-22.0486
-22.0486
-22.0486
-22.0486
-22.0486
-22.0486
-22.0486
-22.0486
-22.0486
-22.0486
-22.0486
-22.0485
-22.0485
-22.0485
-26.9479
-26.948
-26.948
-26.948
-26.948
-26.948
-26.948
-26.948
-26.948
-26.948
-26.948
-26.948
-26.948
-26.948
-26.948
-26.948
-26.948
-26.948
-26.948
-26.9479
-31.8473
-31.8474
-31.8474
-31.8474
-31.8474
-31.8474
-31.8474
-31.8474
-31.8474
-31.8474
-31.8474
-31.8474
-31.8474
-31.8474
-31.8474
-31.8474
-31.8474
-31.8474
-31.8474
-31.8473
-36.7466
-36.7468
-36.7467
-36.7467
-36.7467
-36.7467
-36.7467
-36.7467
-36.7468
-36.7468
-36.7468
-36.7467
-36.7467
-36.7467
-36.7467
-36.7467
-36.7467
-36.7467
-36.7467
-36.7466
-41.6458
-41.6461
-41.6461
-41.6461
-41.6461
-41.6461
-41.6461
-41.6461
-41.6461
-41.6461
-41.6461
-41.6461
-41.6461
-41.6461
-41.6461
-41.6461
-41.6461
-41.6461
-41.6461
-41.6459
-46.5449
-46.5452
-46.5453
-46.5452
-46.5452
-46.5451
-46.5451
-46.545
-46.545
-46.545
-46.545
-46.545
-46.545
-46.5451
-46.5452
-46.5452
-46.5453
-46.5453
-46.5453
-46.545
-2.45022
-2.45022
-2.45022
-2.45023
-2.45023
-2.45023
-2.45024
-2.45025
-2.45025
-2.45025
-2.45026
-2.45026
-2.45025
-2.45024
-2.45025
-2.45027
-2.4503
-2.45033
-2.45035
-2.45035
-7.35005
-7.35005
-7.35004
-7.35003
-7.35002
-7.35001
-7.35001
-7.35002
-7.35002
-7.35003
-7.35003
-7.35003
-7.35002
-7.35002
-7.35002
-7.35003
-7.35003
-7.35005
-7.35007
-7.35009
-12.2496
-12.2496
-12.2496
-12.2496
-12.2496
-12.2496
-12.2496
-12.2496
-12.2496
-12.2496
-12.2496
-12.2496
-12.2496
-12.2496
-12.2496
-12.2496
-12.2496
-12.2496
-12.2496
-12.2496
-17.1491
-17.1491
-17.1491
-17.1491
-17.1491
-17.1491
-17.1491
-17.1491
-17.1491
-17.1491
-17.1491
-17.1491
-17.1491
-17.1491
-17.1491
-17.1491
-17.1491
-17.1491
-17.1491
-17.1491
-22.0485
-22.0486
-22.0486
-22.0486
-22.0486
-22.0486
-22.0486
-22.0486
-22.0486
-22.0486
-22.0486
-22.0486
-22.0486
-22.0486
-22.0486
-22.0486
-22.0486
-22.0486
-22.0486
-22.0485
-26.9479
-26.948
-26.948
-26.948
-26.948
-26.948
-26.948
-26.948
-26.948
-26.948
-26.948
-26.948
-26.948
-26.948
-26.948
-26.948
-26.948
-26.948
-26.948
-26.9479
-31.8473
-31.8474
-31.8474
-31.8474
-31.8474
-31.8474
-31.8474
-31.8474
-31.8474
-31.8474
-31.8474
-31.8474
-31.8474
-31.8474
-31.8474
-31.8474
-31.8474
-31.8474
-31.8474
-31.8473
-36.7466
-36.7468
-36.7467
-36.7467
-36.7467
-36.7467
-36.7467
-36.7468
-36.7468
-36.7468
-36.7468
-36.7468
-36.7467
-36.7467
-36.7467
-36.7467
-36.7467
-36.7467
-36.7468
-36.7467
-41.6458
-41.6461
-41.6461
-41.6461
-41.6461
-41.6461
-41.6461
-41.6461
-41.6462
-41.6461
-41.6461
-41.6462
-41.6462
-41.6461
-41.6461
-41.6461
-41.6461
-41.6461
-41.6461
-41.6459
-46.5449
-46.5452
-46.5452
-46.5452
-46.5451
-46.5451
-46.545
-46.5449
-46.5448
-46.5447
-46.5447
-46.5448
-46.5449
-46.545
-46.5451
-46.5452
-46.5453
-46.5453
-46.5453
-46.545
-2.45023
-2.45023
-2.45023
-2.45023
-2.45023
-2.45023
-2.45025
-2.45026
-2.45028
-2.4503
-2.45031
-2.45028
-2.45026
-2.45025
-2.45025
-2.45026
-2.45026
-2.45028
-2.45029
-2.45028
-7.35004
-7.35004
-7.35003
-7.35002
-7.35002
-7.35001
-7.35002
-7.35002
-7.35003
-7.35004
-7.35004
-7.35004
-7.35002
-7.35002
-7.35002
-7.35004
-7.35005
-7.35006
-7.35008
-7.3501
-12.2496
-12.2496
-12.2496
-12.2496
-12.2496
-12.2496
-12.2496
-12.2496
-12.2496
-12.2496
-12.2496
-12.2496
-12.2496
-12.2496
-12.2496
-12.2496
-12.2496
-12.2496
-12.2496
-12.2496
-17.1491
-17.1491
-17.1491
-17.1491
-17.1491
-17.1491
-17.1491
-17.1491
-17.1491
-17.1491
-17.1491
-17.1491
-17.1491
-17.1491
-17.1491
-17.1491
-17.1491
-17.1491
-17.1491
-17.1491
-22.0485
-22.0486
-22.0486
-22.0486
-22.0486
-22.0486
-22.0486
-22.0486
-22.0486
-22.0486
-22.0486
-22.0486
-22.0486
-22.0486
-22.0486
-22.0486
-22.0486
-22.0486
-22.0486
-22.0485
-26.9479
-26.948
-26.948
-26.948
-26.948
-26.948
-26.948
-26.948
-26.948
-26.948
-26.948
-26.948
-26.948
-26.948
-26.948
-26.948
-26.948
-26.948
-26.948
-26.9479
-31.8473
-31.8474
-31.8474
-31.8474
-31.8474
-31.8474
-31.8474
-31.8474
-31.8474
-31.8474
-31.8474
-31.8474
-31.8474
-31.8474
-31.8474
-31.8474
-31.8474
-31.8474
-31.8474
-31.8473
-36.7467
-36.7468
-36.7467
-36.7467
-36.7467
-36.7467
-36.7468
-36.7468
-36.7468
-36.7468
-36.7468
-36.7468
-36.7468
-36.7467
-36.7467
-36.7467
-36.7467
-36.7467
-36.7468
-36.7467
-41.6458
-41.6461
-41.6461
-41.6461
-41.6461
-41.6461
-41.6461
-41.6462
-41.6461
-41.6461
-41.6461
-41.6462
-41.6462
-41.6462
-41.6461
-41.6461
-41.6461
-41.6461
-41.6461
-41.6459
-46.5448
-46.5451
-46.5452
-46.5452
-46.5451
-46.545
-46.5449
-46.5447
-46.5443
-46.544
-46.544
-46.5444
-46.5447
-46.5449
-46.5451
-46.5451
-46.5452
-46.5453
-46.5452
-46.545
-2.45022
-2.45022
-2.45022
-2.45023
-2.45023
-2.45024
-2.45025
-2.45028
-2.45033
-2.45044
-2.45043
-2.45032
-2.45028
-2.45025
-2.45025
-2.45026
-2.45026
-2.45027
-2.45028
-2.45028
-7.35003
-7.35003
-7.35003
-7.35002
-7.35002
-7.35001
-7.35002
-7.35003
-7.35006
-7.3501
-7.3501
-7.35005
-7.35002
-7.35002
-7.35002
-7.35003
-7.35005
-7.35006
-7.35008
-7.35008
-12.2496
-12.2496
-12.2496
-12.2496
-12.2496
-12.2496
-12.2496
-12.2496
-12.2496
-12.2496
-12.2496
-12.2496
-12.2496
-12.2496
-12.2496
-12.2496
-12.2496
-12.2496
-12.2496
-12.2497
-17.1491
-17.1491
-17.1491
-17.1491
-17.1491
-17.1491
-17.1491
-17.1491
-17.1491
-17.1491
-17.1491
-17.1491
-17.1491
-17.1491
-17.1491
-17.1491
-17.1491
-17.1491
-17.1491
-17.1491
-22.0486
-22.0486
-22.0486
-22.0486
-22.0486
-22.0486
-22.0486
-22.0486
-22.0486
-22.0486
-22.0486
-22.0486
-22.0486
-22.0486
-22.0486
-22.0486
-22.0486
-22.0486
-22.0486
-22.0485
-26.9479
-26.948
-26.948
-26.948
-26.948
-26.948
-26.948
-26.948
-26.948
-26.948
-26.948
-26.948
-26.948
-26.948
-26.948
-26.948
-26.948
-26.948
-26.948
-26.9479
-31.8473
-31.8474
-31.8474
-31.8474
-31.8474
-31.8474
-31.8474
-31.8474
-31.8474
-31.8474
-31.8475
-31.8474
-31.8474
-31.8474
-31.8474
-31.8474
-31.8474
-31.8474
-31.8474
-31.8473
-36.7467
-36.7468
-36.7467
-36.7467
-36.7467
-36.7468
-36.7468
-36.7468
-36.7468
-36.7468
-36.7468
-36.7468
-36.7468
-36.7467
-36.7467
-36.7467
-36.7467
-36.7467
-36.7468
-36.7467
-41.6459
-41.6461
-41.6461
-41.6461
-41.6461
-41.6461
-41.6462
-41.6461
-41.646
-41.6456
-41.6456
-41.6461
-41.6461
-41.6462
-41.6461
-41.6461
-41.6461
-41.6461
-41.6461
-41.6459
-46.5448
-46.5451
-46.5452
-46.5452
-46.5451
-46.545
-46.5448
-46.5443
-46.5434
-46.5421
-46.5421
-46.5436
-46.5445
-46.5448
-46.545
-46.5451
-46.5452
-46.5452
-46.5452
-46.545
-2.45022
-2.45022
-2.45022
-2.45022
-2.45023
-2.45023
-2.45025
-2.4503
-2.45044
-2.45102
-2.45103
-2.45042
-2.45029
-2.45026
-2.45025
-2.45025
-2.45026
-2.45026
-2.45026
-2.45025
-7.35003
-7.35003
-7.35003
-7.35003
-7.35002
-7.35002
-7.35003
-7.35004
-7.3501
-7.34991
-7.3499
-7.35007
-7.35002
-7.35002
-7.35002
-7.35003
-7.35004
-7.35006
-7.35007
-7.35007
-12.2496
-12.2496
-12.2496
-12.2496
-12.2496
-12.2496
-12.2496
-12.2496
-12.2496
-12.2495
-12.2495
-12.2496
-12.2496
-12.2496
-12.2496
-12.2496
-12.2496
-12.2496
-12.2496
-12.2496
-17.1491
-17.1491
-17.1491
-17.1491
-17.1491
-17.1491
-17.1491
-17.1491
-17.1491
-17.149
-17.149
-17.1491
-17.1491
-17.1491
-17.1491
-17.1491
-17.1491
-17.1491
-17.1491
-17.1491
-22.0486
-22.0486
-22.0486
-22.0486
-22.0486
-22.0486
-22.0486
-22.0486
-22.0486
-22.0484
-22.0484
-22.0486
-22.0485
-22.0485
-22.0485
-22.0486
-22.0486
-22.0486
-22.0486
-22.0485
-26.9479
-26.948
-26.948
-26.948
-26.948
-26.948
-26.948
-26.948
-26.948
-26.9478
-26.9478
-26.948
-26.948
-26.948
-26.948
-26.948
-26.948
-26.948
-26.948
-26.9479
-31.8473
-31.8474
-31.8474
-31.8474
-31.8474
-31.8474
-31.8474
-31.8474
-31.8474
-31.8472
-31.8472
-31.8474
-31.8474
-31.8474
-31.8474
-31.8474
-31.8474
-31.8474
-31.8474
-31.8473
-36.7467
-36.7468
-36.7467
-36.7468
-36.7468
-36.7468
-36.7468
-36.7468
-36.7468
-36.7462
-36.7463
-36.7468
-36.7468
-36.7467
-36.7467
-36.7467
-36.7467
-36.7467
-36.7467
-36.7467
-41.6459
-41.6461
-41.6461
-41.6461
-41.6461
-41.6461
-41.6461
-41.6461
-41.6456
-41.6441
-41.6443
-41.6459
-41.6461
-41.6462
-41.6461
-41.6461
-41.6461
-41.6461
-41.6461
-41.6459
-46.5449
-46.5452
-46.5452
-46.5452
-46.5451
-46.545
-46.5447
-46.544
-46.5421
-46.5389
-46.5391
-46.5425
-46.5442
-46.5448
-46.545
-46.5451
-46.5452
-46.5453
-46.5452
-46.545
-2.45022
-2.45022
-2.45022
-2.45023
-2.45023
-2.45024
-2.45026
-2.45031
-2.45043
-2.45103
-2.45098
-2.45039
-2.45028
-2.45025
-2.45025
-2.45025
-2.45026
-2.45026
-2.45026
-2.45026
-7.35004
-7.35004
-7.35004
-7.35003
-7.35003
-7.35003
-7.35003
-7.35004
-7.3501
-7.3499
-7.34985
-7.35006
-7.35002
-7.35002
-7.35003
-7.35004
-7.35005
-7.35006
-7.35007
-7.35007
-12.2496
-12.2496
-12.2496
-12.2496
-12.2496
-12.2496
-12.2496
-12.2496
-12.2496
-12.2495
-12.2494
-12.2496
-12.2496
-12.2496
-12.2496
-12.2496
-12.2496
-12.2496
-12.2496
-12.2496
-17.1491
-17.1491
-17.1491
-17.1491
-17.1491
-17.1491
-17.1491
-17.1491
-17.1491
-17.149
-17.1489
-17.1491
-17.1491
-17.1491
-17.1491
-17.1491
-17.1491
-17.1491
-17.1491
-17.1491
-22.0485
-22.0486
-22.0486
-22.0486
-22.0486
-22.0486
-22.0486
-22.0486
-22.0486
-22.0484
-22.0484
-22.0486
-22.0485
-22.0485
-22.0485
-22.0485
-22.0486
-22.0486
-22.0486
-22.0485
-26.9479
-26.948
-26.948
-26.948
-26.948
-26.948
-26.948
-26.948
-26.948
-26.9478
-26.9478
-26.948
-26.948
-26.948
-26.948
-26.948
-26.948
-26.948
-26.948
-26.9479
-31.8473
-31.8474
-31.8474
-31.8474
-31.8474
-31.8474
-31.8474
-31.8474
-31.8475
-31.8472
-31.8472
-31.8474
-31.8474
-31.8474
-31.8474
-31.8474
-31.8474
-31.8474
-31.8474
-31.8473
-36.7467
-36.7468
-36.7467
-36.7467
-36.7468
-36.7468
-36.7468
-36.7468
-36.7468
-36.7463
-36.7463
-36.7468
-36.7468
-36.7467
-36.7467
-36.7467
-36.7467
-36.7467
-36.7467
-36.7467
-41.6459
-41.6461
-41.6461
-41.6461
-41.6461
-41.6461
-41.6461
-41.6461
-41.6456
-41.6443
-41.6447
-41.646
-41.6461
-41.6461
-41.6461
-41.6461
-41.6461
-41.6461
-41.6461
-41.6459
-46.5449
-46.5452
-46.5452
-46.5452
-46.5451
-46.545
-46.5447
-46.544
-46.5421
-46.5391
-46.5403
-46.5431
-46.5444
-46.5449
-46.545
-46.5451
-46.5452
-46.5453
-46.5452
-46.545
-2.45022
-2.45022
-2.45023
-2.45023
-2.45024
-2.45024
-2.45026
-2.45028
-2.45032
-2.45042
-2.45039
-2.45029
-2.45026
-2.45025
-2.45025
-2.45025
-2.45025
-2.45025
-2.45025
-2.45026
-7.35004
-7.35004
-7.35004
-7.35003
-7.35003
-7.35002
-7.35003
-7.35004
-7.35005
-7.35007
-7.35006
-7.35003
-7.35
-7.35
-7.35001
-7.35003
-7.35004
-7.35006
-7.35007
-7.35007
-12.2496
-12.2496
-12.2496
-12.2496
-12.2496
-12.2496
-12.2496
-12.2496
-12.2496
-12.2496
-12.2496
-12.2496
-12.2496
-12.2496
-12.2496
-12.2496
-12.2496
-12.2496
-12.2496
-12.2496
-17.1491
-17.1491
-17.1491
-17.1491
-17.1491
-17.1491
-17.1491
-17.1491
-17.1491
-17.1491
-17.1491
-17.1491
-17.1491
-17.1491
-17.1491
-17.1491
-17.1491
-17.1491
-17.1491
-17.1491
-22.0485
-22.0486
-22.0486
-22.0486
-22.0486
-22.0486
-22.0486
-22.0486
-22.0486
-22.0486
-22.0486
-22.0486
-22.0486
-22.0485
-22.0485
-22.0485
-22.0485
-22.0486
-22.0486
-22.0485
-26.9479
-26.948
-26.948
-26.948
-26.948
-26.948
-26.948
-26.948
-26.948
-26.948
-26.948
-26.948
-26.948
-26.948
-26.948
-26.948
-26.948
-26.948
-26.948
-26.9479
-31.8473
-31.8474
-31.8474
-31.8474
-31.8474
-31.8474
-31.8474
-31.8474
-31.8474
-31.8474
-31.8474
-31.8474
-31.8474
-31.8474
-31.8474
-31.8474
-31.8474
-31.8474
-31.8474
-31.8473
-36.7467
-36.7468
-36.7467
-36.7467
-36.7467
-36.7467
-36.7468
-36.7468
-36.7468
-36.7468
-36.7468
-36.7468
-36.7467
-36.7467
-36.7467
-36.7467
-36.7467
-36.7467
-36.7467
-36.7467
-41.6459
-41.6461
-41.6461
-41.6461
-41.6461
-41.6461
-41.6462
-41.6462
-41.6461
-41.6459
-41.646
-41.6462
-41.6462
-41.6461
-41.6461
-41.6461
-41.6461
-41.6461
-41.6461
-41.6459
-46.5449
-46.5452
-46.5452
-46.5452
-46.5451
-46.545
-46.5448
-46.5444
-46.5436
-46.5425
-46.5431
-46.5441
-46.5447
-46.5449
-46.545
-46.5451
-46.5452
-46.5452
-46.5452
-46.545
-2.45023
-2.45023
-2.45023
-2.45024
-2.45024
-2.45025
-2.45025
-2.45026
-2.45028
-2.45029
-2.45028
-2.45026
-2.45026
-2.45027
-2.45029
-2.4503
-2.4503
-2.45029
-2.45028
-2.45026
-7.35004
-7.35004
-7.35004
-7.35004
-7.35003
-7.35002
-7.35002
-7.35002
-7.35002
-7.35002
-7.35002
-7.35
-7.34998
-7.34998
-7.35
-7.35001
-7.35002
-7.35004
-7.35005
-7.35006
-12.2496
-12.2496
-12.2496
-12.2496
-12.2496
-12.2496
-12.2496
-12.2496
-12.2496
-12.2496
-12.2496
-12.2496
-12.2496
-12.2496
-12.2496
-12.2496
-12.2496
-12.2496
-12.2496
-12.2496
-17.1491
-17.1491
-17.1491
-17.1491
-17.1491
-17.1491
-17.1491
-17.1491
-17.1491
-17.1491
-17.1491
-17.1491
-17.1491
-17.1491
-17.1491
-17.1491
-17.1491
-17.1491
-17.1491
-17.1491
-22.0485
-22.0486
-22.0486
-22.0486
-22.0486
-22.0486
-22.0486
-22.0486
-22.0486
-22.0485
-22.0485
-22.0486
-22.0485
-22.0485
-22.0485
-22.0485
-22.0485
-22.0486
-22.0486
-22.0485
-26.9479
-26.948
-26.948
-26.948
-26.948
-26.948
-26.948
-26.948
-26.948
-26.948
-26.948
-26.948
-26.948
-26.948
-26.948
-26.948
-26.948
-26.948
-26.948
-26.9479
-31.8473
-31.8474
-31.8474
-31.8474
-31.8474
-31.8474
-31.8474
-31.8474
-31.8474
-31.8474
-31.8474
-31.8474
-31.8474
-31.8474
-31.8473
-31.8473
-31.8473
-31.8473
-31.8474
-31.8473
-36.7467
-36.7468
-36.7467
-36.7467
-36.7467
-36.7467
-36.7467
-36.7468
-36.7468
-36.7468
-36.7468
-36.7467
-36.7467
-36.7467
-36.7467
-36.7467
-36.7467
-36.7467
-36.7467
-36.7466
-41.6459
-41.6461
-41.6461
-41.6461
-41.6461
-41.6461
-41.6462
-41.6462
-41.6461
-41.6461
-41.6461
-41.6462
-41.6461
-41.6461
-41.6461
-41.6461
-41.6461
-41.6461
-41.6461
-41.6459
-46.5449
-46.5452
-46.5452
-46.5452
-46.5451
-46.545
-46.5449
-46.5447
-46.5445
-46.5442
-46.5444
-46.5447
-46.5448
-46.5449
-46.545
-46.5451
-46.5452
-46.5453
-46.5452
-46.545
-2.45021
-2.45023
-2.45024
-2.45024
-2.45024
-2.45024
-2.45024
-2.45025
-2.45025
-2.45026
-2.45025
-2.45025
-2.45027
-2.45032
-2.45036
-2.45039
-2.45041
-2.4504
-2.45038
-2.45037
-7.35004
-7.35003
-7.35002
-7.35002
-7.35002
-7.35002
-7.35002
-7.35002
-7.35002
-7.35002
-7.35002
-7.35
-7.34998
-7.35
-7.35003
-7.35006
-7.35008
-7.35009
-7.35009
-7.35009
-12.2496
-12.2496
-12.2496
-12.2496
-12.2496
-12.2496
-12.2496
-12.2496
-12.2496
-12.2496
-12.2496
-12.2496
-12.2496
-12.2496
-12.2496
-12.2496
-12.2496
-12.2496
-12.2496
-12.2496
-17.1491
-17.1491
-17.1491
-17.1491
-17.1491
-17.1491
-17.1491
-17.1491
-17.1491
-17.1491
-17.1491
-17.1491
-17.1491
-17.1491
-17.1491
-17.1491
-17.1491
-17.1491
-17.1491
-17.1491
-22.0485
-22.0486
-22.0486
-22.0486
-22.0486
-22.0486
-22.0486
-22.0486
-22.0486
-22.0485
-22.0485
-22.0485
-22.0485
-22.0485
-22.0485
-22.0485
-22.0485
-22.0485
-22.0486
-22.0485
-26.9479
-26.948
-26.948
-26.948
-26.948
-26.948
-26.948
-26.948
-26.948
-26.948
-26.948
-26.948
-26.948
-26.9479
-26.9479
-26.9479
-26.948
-26.948
-26.948
-26.9479
-31.8473
-31.8474
-31.8474
-31.8474
-31.8474
-31.8474
-31.8474
-31.8474
-31.8474
-31.8474
-31.8474
-31.8474
-31.8474
-31.8473
-31.8473
-31.8473
-31.8473
-31.8473
-31.8474
-31.8473
-36.7467
-36.7468
-36.7467
-36.7467
-36.7467
-36.7467
-36.7467
-36.7467
-36.7467
-36.7467
-36.7467
-36.7467
-36.7467
-36.7467
-36.7467
-36.7467
-36.7467
-36.7467
-36.7467
-36.7466
-41.6459
-41.6461
-41.6461
-41.6461
-41.6461
-41.6461
-41.6461
-41.6462
-41.6462
-41.6462
-41.6461
-41.6461
-41.6461
-41.6461
-41.6461
-41.646
-41.6461
-41.6461
-41.6461
-41.6459
-46.5449
-46.5452
-46.5453
-46.5452
-46.5452
-46.5451
-46.545
-46.5449
-46.5448
-46.5448
-46.5449
-46.5449
-46.5449
-46.545
-46.5451
-46.5452
-46.5452
-46.5453
-46.5453
-46.545
-2.45031
-2.45031
-2.45032
-2.45031
-2.45029
-2.45027
-2.45025
-2.45025
-2.45025
-2.45025
-2.45025
-2.45025
-2.45029
-2.45036
-2.45043
-2.45049
-2.45052
-2.45052
-2.45051
-2.45054
-7.35005
-7.35004
-7.35003
-7.35002
-7.35001
-7.35001
-7.35002
-7.35002
-7.35002
-7.35002
-7.35003
-7.35001
-7.35
-7.35003
-7.35008
-7.35012
-7.35015
-7.35017
-7.35017
-7.35018
-12.2496
-12.2496
-12.2496
-12.2496
-12.2496
-12.2496
-12.2496
-12.2496
-12.2496
-12.2496
-12.2496
-12.2496
-12.2496
-12.2496
-12.2496
-12.2496
-12.2496
-12.2496
-12.2496
-12.2496
-17.1491
-17.1491
-17.1491
-17.1491
-17.1491
-17.1491
-17.1491
-17.1491
-17.1491
-17.1491
-17.1491
-17.1491
-17.1491
-17.1491
-17.1491
-17.1491
-17.1491
-17.1491
-17.1491
-17.1491
-22.0485
-22.0486
-22.0486
-22.0486
-22.0486
-22.0486
-22.0486
-22.0486
-22.0486
-22.0485
-22.0485
-22.0485
-22.0485
-22.0485
-22.0485
-22.0485
-22.0485
-22.0485
-22.0486
-22.0485
-26.9479
-26.948
-26.948
-26.948
-26.948
-26.948
-26.948
-26.948
-26.948
-26.948
-26.948
-26.948
-26.948
-26.9479
-26.9479
-26.9479
-26.9479
-26.948
-26.948
-26.9479
-31.8473
-31.8474
-31.8474
-31.8474
-31.8474
-31.8474
-31.8474
-31.8474
-31.8474
-31.8474
-31.8474
-31.8474
-31.8473
-31.8473
-31.8473
-31.8473
-31.8473
-31.8473
-31.8474
-31.8473
-36.7466
-36.7468
-36.7467
-36.7467
-36.7467
-36.7467
-36.7467
-36.7467
-36.7467
-36.7467
-36.7467
-36.7467
-36.7467
-36.7467
-36.7467
-36.7467
-36.7467
-36.7467
-36.7467
-36.7466
-41.6459
-41.6461
-41.6461
-41.6461
-41.6461
-41.6461
-41.6461
-41.6461
-41.6461
-41.6461
-41.6461
-41.6461
-41.6461
-41.6461
-41.646
-41.646
-41.646
-41.6461
-41.6461
-41.6459
-46.545
-46.5452
-46.5453
-46.5453
-46.5452
-46.5452
-46.5451
-46.5451
-46.545
-46.545
-46.545
-46.545
-46.545
-46.5451
-46.5451
-46.5452
-46.5453
-46.5453
-46.5453
-46.5451
-2.45046
-2.45044
-2.45044
-2.45042
-2.45037
-2.45031
-2.45027
-2.45026
-2.45026
-2.45025
-2.45025
-2.45025
-2.4503
-2.45039
-2.45049
-2.45055
-2.45057
-2.45056
-2.45053
-2.45055
-7.35015
-7.35013
-7.35011
-7.35009
-7.35005
-7.35002
-7.35003
-7.35004
-7.35003
-7.35003
-7.35004
-7.35003
-7.35001
-7.35006
-7.35012
-7.35017
-7.35019
-7.35019
-7.35018
-7.35017
-12.2496
-12.2496
-12.2496
-12.2496
-12.2496
-12.2496
-12.2496
-12.2496
-12.2496
-12.2496
-12.2496
-12.2496
-12.2496
-12.2496
-12.2496
-12.2496
-12.2497
-12.2497
-12.2496
-12.2496
-17.1491
-17.1491
-17.1491
-17.1491
-17.1491
-17.1491
-17.1491
-17.1491
-17.1491
-17.1491
-17.1491
-17.1491
-17.1491
-17.1491
-17.1491
-17.1491
-17.1491
-17.1491
-17.1491
-17.149
-22.0485
-22.0485
-22.0486
-22.0486
-22.0486
-22.0486
-22.0486
-22.0486
-22.0486
-22.0486
-22.0485
-22.0485
-22.0485
-22.0485
-22.0485
-22.0485
-22.0485
-22.0485
-22.0485
-22.0485
-26.9479
-26.948
-26.948
-26.948
-26.948
-26.948
-26.948
-26.948
-26.948
-26.948
-26.948
-26.948
-26.948
-26.9479
-26.9479
-26.9479
-26.9479
-26.9479
-26.948
-26.9479
-31.8473
-31.8474
-31.8474
-31.8474
-31.8474
-31.8474
-31.8474
-31.8474
-31.8474
-31.8474
-31.8474
-31.8474
-31.8473
-31.8473
-31.8473
-31.8473
-31.8473
-31.8473
-31.8474
-31.8473
-36.7466
-36.7467
-36.7467
-36.7467
-36.7467
-36.7467
-36.7467
-36.7467
-36.7467
-36.7467
-36.7467
-36.7467
-36.7467
-36.7467
-36.7467
-36.7467
-36.7467
-36.7467
-36.7467
-36.7466
-41.6459
-41.6461
-41.6461
-41.6461
-41.6461
-41.6461
-41.6461
-41.6461
-41.6461
-41.6461
-41.6461
-41.6461
-41.6461
-41.646
-41.646
-41.646
-41.6461
-41.6461
-41.6461
-41.6459
-46.545
-46.5453
-46.5453
-46.5453
-46.5453
-46.5452
-46.5452
-46.5451
-46.5451
-46.5451
-46.5451
-46.5451
-46.5451
-46.5452
-46.5452
-46.5453
-46.5453
-46.5453
-46.5453
-46.5451
-2.4505
-2.45048
-2.45049
-2.45049
-2.45045
-2.45037
-2.4503
-2.45026
-2.45026
-2.45026
-2.45026
-2.45025
-2.4503
-2.45041
-2.45052
-2.45057
-2.45056
-2.4505
-2.45041
-2.45039
-7.35018
-7.35016
-7.35015
-7.35014
-7.35011
-7.35006
-7.35003
-7.35005
-7.35005
-7.35004
-7.35005
-7.35004
-7.35002
-7.35008
-7.35015
-7.35019
-7.35019
-7.35015
-7.3501
-7.35008
-12.2497
-12.2496
-12.2496
-12.2496
-12.2496
-12.2496
-12.2496
-12.2496
-12.2496
-12.2496
-12.2496
-12.2496
-12.2496
-12.2496
-12.2496
-12.2497
-12.2496
-12.2496
-12.2496
-12.2496
-17.1491
-17.1491
-17.1491
-17.1491
-17.1491
-17.1491
-17.1491
-17.1491
-17.1491
-17.1491
-17.1491
-17.1491
-17.1491
-17.1491
-17.1491
-17.1491
-17.1491
-17.1491
-17.1491
-17.149
-22.0485
-22.0485
-22.0485
-22.0485
-22.0485
-22.0486
-22.0486
-22.0486
-22.0486
-22.0486
-22.0486
-22.0485
-22.0485
-22.0485
-22.0485
-22.0485
-22.0485
-22.0485
-22.0485
-22.0485
-26.9479
-26.9479
-26.948
-26.948
-26.948
-26.948
-26.948
-26.948
-26.948
-26.948
-26.948
-26.948
-26.948
-26.948
-26.9479
-26.9479
-26.9479
-26.9479
-26.9479
-26.9479
-31.8473
-31.8474
-31.8474
-31.8474
-31.8474
-31.8474
-31.8474
-31.8474
-31.8474
-31.8474
-31.8474
-31.8474
-31.8473
-31.8473
-31.8473
-31.8473
-31.8473
-31.8473
-31.8473
-31.8472
-36.7466
-36.7467
-36.7467
-36.7467
-36.7467
-36.7467
-36.7467
-36.7467
-36.7467
-36.7467
-36.7467
-36.7467
-36.7467
-36.7467
-36.7467
-36.7467
-36.7467
-36.7467
-36.7467
-36.7466
-41.6458
-41.646
-41.6461
-41.6461
-41.6461
-41.6461
-41.6461
-41.6461
-41.6461
-41.6461
-41.6461
-41.6461
-41.6461
-41.6461
-41.646
-41.6461
-41.6461
-41.6461
-41.646
-41.6458
-46.5451
-46.5453
-46.5453
-46.5454
-46.5453
-46.5453
-46.5453
-46.5452
-46.5452
-46.5452
-46.5452
-46.5452
-46.5452
-46.5452
-46.5453
-46.5453
-46.5454
-46.5454
-46.5453
-46.5451
-2.45033
-2.45034
-2.45041
-2.45048
-2.45048
-2.45042
-2.45033
-2.45028
-2.45027
-2.45026
-2.45026
-2.45025
-2.45029
-2.4504
-2.45052
-2.45056
-2.4505
-2.45034
-2.45017
-2.45009
-7.35007
-7.35007
-7.35009
-7.35013
-7.35014
-7.3501
-7.35005
-7.35006
-7.35006
-7.35006
-7.35006
-7.35006
-7.35004
-7.35009
-7.35017
-7.35019
-7.35015
-7.35005
-7.34995
-7.34989
-12.2496
-12.2496
-12.2496
-12.2496
-12.2496
-12.2496
-12.2496
-12.2496
-12.2496
-12.2496
-12.2496
-12.2496
-12.2496
-12.2496
-12.2496
-12.2497
-12.2496
-12.2496
-12.2495
-12.2495
-17.149
-17.149
-17.1491
-17.1491
-17.1491
-17.1491
-17.1491
-17.1491
-17.1491
-17.1491
-17.1491
-17.1491
-17.1491
-17.1491
-17.1491
-17.1491
-17.1491
-17.149
-17.149
-17.149
-22.0484
-22.0485
-22.0485
-22.0485
-22.0485
-22.0485
-22.0486
-22.0486
-22.0486
-22.0486
-22.0486
-22.0486
-22.0486
-22.0485
-22.0485
-22.0485
-22.0485
-22.0485
-22.0485
-22.0484
-26.9478
-26.9479
-26.9479
-26.9479
-26.948
-26.948
-26.948
-26.948
-26.948
-26.948
-26.948
-26.948
-26.948
-26.948
-26.948
-26.9479
-26.9479
-26.9479
-26.9479
-26.9478
-31.8472
-31.8473
-31.8473
-31.8474
-31.8474
-31.8474
-31.8474
-31.8474
-31.8474
-31.8474
-31.8474
-31.8474
-31.8473
-31.8473
-31.8473
-31.8473
-31.8473
-31.8473
-31.8473
-31.8472
-36.7465
-36.7467
-36.7467
-36.7467
-36.7467
-36.7467
-36.7467
-36.7467
-36.7467
-36.7467
-36.7467
-36.7467
-36.7467
-36.7467
-36.7467
-36.7467
-36.7467
-36.7467
-36.7466
-36.7465
-41.6457
-41.646
-41.646
-41.6461
-41.6461
-41.6461
-41.6461
-41.6461
-41.6461
-41.6461
-41.6461
-41.6461
-41.6461
-41.6461
-41.6461
-41.6461
-41.6461
-41.646
-41.646
-41.6458
-46.5451
-46.5452
-46.5453
-46.5453
-46.5453
-46.5453
-46.5453
-46.5453
-46.5452
-46.5453
-46.5453
-46.5452
-46.5453
-46.5453
-46.5453
-46.5453
-46.5454
-46.5454
-46.5453
-46.5451
-2.44997
-2.45003
-2.45021
-2.4504
-2.45048
-2.45044
-2.45035
-2.45029
-2.45028
-2.45026
-2.45026
-2.45025
-2.45028
-2.45038
-2.45051
-2.45053
-2.45041
-2.45017
-2.44987
-2.44971
-7.34984
-7.34988
-7.34997
-7.35008
-7.35014
-7.35013
-7.35007
-7.35008
-7.35008
-7.35007
-7.35007
-7.35007
-7.35005
-7.35009
-7.35017
-7.35018
-7.3501
-7.34995
-7.34977
-7.34966
-12.2495
-12.2495
-12.2495
-12.2496
-12.2496
-12.2496
-12.2496
-12.2496
-12.2496
-12.2496
-12.2496
-12.2496
-12.2496
-12.2496
-12.2496
-12.2496
-12.2496
-12.2495
-12.2494
-12.2493
-17.149
-17.149
-17.149
-17.1491
-17.1491
-17.1491
-17.1491
-17.1491
-17.1491
-17.1491
-17.1491
-17.1491
-17.1491
-17.1491
-17.1491
-17.1491
-17.1491
-17.149
-17.1489
-17.1489
-22.0484
-22.0484
-22.0485
-22.0485
-22.0485
-22.0485
-22.0486
-22.0486
-22.0486
-22.0486
-22.0486
-22.0486
-22.0486
-22.0486
-22.0486
-22.0485
-22.0485
-22.0485
-22.0484
-22.0484
-26.9478
-26.9479
-26.9479
-26.9479
-26.948
-26.948
-26.948
-26.948
-26.948
-26.948
-26.948
-26.948
-26.948
-26.948
-26.948
-26.948
-26.9479
-26.9479
-26.9479
-26.9478
-31.8471
-31.8472
-31.8473
-31.8474
-31.8474
-31.8474
-31.8474
-31.8474
-31.8474
-31.8474
-31.8474
-31.8474
-31.8474
-31.8474
-31.8474
-31.8474
-31.8473
-31.8473
-31.8473
-31.8471
-36.7464
-36.7466
-36.7466
-36.7467
-36.7467
-36.7467
-36.7468
-36.7468
-36.7468
-36.7467
-36.7467
-36.7467
-36.7467
-36.7467
-36.7467
-36.7467
-36.7467
-36.7466
-36.7466
-36.7464
-41.6456
-41.6458
-41.6459
-41.646
-41.6461
-41.6461
-41.6461
-41.6461
-41.6461
-41.6461
-41.6461
-41.6461
-41.6461
-41.6461
-41.6461
-41.6461
-41.646
-41.646
-41.6459
-41.6457
-46.545
-46.5452
-46.5452
-46.5453
-46.5453
-46.5453
-46.5453
-46.5452
-46.5452
-46.5452
-46.5452
-46.5452
-46.5452
-46.5453
-46.5453
-46.5453
-46.5453
-46.5453
-46.5452
-46.5451
-2.44966
-2.44981
-2.4501
-2.45036
-2.4505
-2.45047
-2.45035
-2.45028
-2.45028
-2.45025
-2.45026
-2.45026
-2.45026
-2.45037
-2.45054
-2.45055
-2.45039
-2.45009
-2.44971
-2.44944
-7.34964
-7.34973
-7.3499
-7.35006
-7.35015
-7.35015
-7.35009
-7.3501
-7.35008
-7.35007
-7.35007
-7.35007
-7.35006
-7.35009
-7.35018
-7.35017
-7.35008
-7.34989
-7.34966
-7.3495
-12.2493
-12.2494
-12.2495
-12.2496
-12.2496
-12.2496
-12.2496
-12.2496
-12.2497
-12.2496
-12.2496
-12.2496
-12.2496
-12.2496
-12.2496
-12.2496
-12.2496
-12.2495
-12.2493
-12.2492
-17.1489
-17.1489
-17.149
-17.149
-17.1491
-17.1491
-17.1491
-17.1491
-17.1491
-17.1491
-17.1491
-17.1491
-17.1491
-17.1491
-17.1491
-17.149
-17.149
-17.149
-17.1489
-17.1488
-22.0483
-22.0484
-22.0484
-22.0485
-22.0485
-22.0485
-22.0485
-22.0485
-22.0485
-22.0485
-22.0485
-22.0485
-22.0485
-22.0485
-22.0485
-22.0485
-22.0485
-22.0484
-22.0484
-22.0483
-26.9477
-26.9478
-26.9478
-26.9479
-26.9479
-26.9479
-26.9479
-26.9479
-26.9479
-26.9479
-26.9479
-26.9479
-26.9479
-26.9479
-26.9479
-26.9479
-26.9479
-26.9478
-26.9478
-26.9477
-31.847
-31.8471
-31.8472
-31.8473
-31.8473
-31.8473
-31.8473
-31.8473
-31.8473
-31.8473
-31.8473
-31.8473
-31.8473
-31.8473
-31.8473
-31.8473
-31.8472
-31.8472
-31.8471
-31.847
-36.7463
-36.7464
-36.7465
-36.7466
-36.7466
-36.7466
-36.7467
-36.7467
-36.7467
-36.7467
-36.7467
-36.7467
-36.7466
-36.7466
-36.7466
-36.7466
-36.7466
-36.7465
-36.7464
-36.7463
-41.6455
-41.6456
-41.6457
-41.6458
-41.6459
-41.6459
-41.6459
-41.6459
-41.6459
-41.6459
-41.6459
-41.6459
-41.6459
-41.6459
-41.6459
-41.6459
-41.6458
-41.6458
-41.6457
-41.6455
-46.5449
-46.545
-46.5451
-46.5451
-46.5451
-46.545
-46.545
-46.545
-46.545
-46.545
-46.545
-46.545
-46.545
-46.545
-46.5451
-46.5451
-46.5451
-46.5451
-46.5451
-46.545
)
;

boundaryField
{
    floor
    {
        type            calculated;
        value           nonuniform List<scalar> 
400
(
-4.9419e-06
-0.000253947
-0.000564968
-0.000699106
-0.000611836
-0.000391368
-0.000209726
-0.000245038
-0.00022289
-0.000223461
-0.000223751
-0.000221525
-0.000239942
-0.000217562
-0.000485885
-0.000683623
-0.000747096
-0.000580772
-0.000217214
9.85956e-05
-0.000253947
-0.000384544
-0.000588529
-0.000662105
-0.000577292
-0.000401633
-0.000215809
-0.000253504
-0.00022867
-0.000225112
-0.000224388
-0.000224825
-0.000238378
-0.000276004
-0.000488332
-0.000661791
-0.00072056
-0.000585177
-0.000283834
-5.33638e-05
-0.000564968
-0.000588529
-0.000651837
-0.000639911
-0.000532037
-0.000367967
-0.000228864
-0.000259865
-0.000238392
-0.000228886
-0.000228717
-0.000234246
-0.000248708
-0.000307512
-0.000494884
-0.000652459
-0.000722604
-0.000652644
-0.000463849
-0.000347272
-0.000699106
-0.000662105
-0.000639911
-0.000571653
-0.000451365
-0.000292597
-0.000253709
-0.000262358
-0.000248493
-0.00023242
-0.00023533
-0.000251252
-0.000265513
-0.000312749
-0.000478576
-0.000621716
-0.00071173
-0.000715819
-0.000644742
-0.000618767
-0.000611836
-0.000577292
-0.000532037
-0.000451365
-0.000342532
-0.000241847
-0.000270706
-0.000269355
-0.000257905
-0.000238828
-0.000246468
-0.000269682
-0.000280188
-0.000296641
-0.000435778
-0.000559661
-0.000658917
-0.000711732
-0.000720305
-0.000749478
-0.000391368
-0.000401633
-0.000367967
-0.000292597
-0.000241847
-0.00025778
-0.00027666
-0.000278144
-0.00027045
-0.000252889
-0.000260932
-0.00028588
-0.000292948
-0.00027217
-0.000366148
-0.000464258
-0.000556659
-0.000627615
-0.000661921
-0.000695003
-0.000209726
-0.000215809
-0.000228864
-0.000253709
-0.000270706
-0.00027666
-0.000286596
-0.000290489
-0.000290706
-0.00028171
-0.000287044
-0.000304355
-0.000305555
-0.000281084
-0.00029571
-0.000338143
-0.000416228
-0.000486415
-0.000508476
-0.000488578
-0.000245038
-0.000253504
-0.000259865
-0.000262358
-0.000269355
-0.000278144
-0.000290489
-0.000305571
-0.000325152
-0.000344498
-0.000347857
-0.000333653
-0.000319032
-0.000298522
-0.000295501
-0.000298021
-0.000298448
-0.000332662
-0.000340898
-0.000282742
-0.00022289
-0.00022867
-0.000238392
-0.000248493
-0.000257905
-0.00027045
-0.000290706
-0.000325152
-0.000383829
-0.000512624
-0.000506176
-0.000378432
-0.000331933
-0.00030538
-0.000298726
-0.000297192
-0.000296624
-0.000297427
-0.000298338
-0.000296486
-0.000223461
-0.000225112
-0.000228886
-0.00023242
-0.000238828
-0.000252889
-0.00028171
-0.000344498
-0.000512624
-0.00340983
-0.00346966
-0.00051023
-0.000357235
-0.000310814
-0.000300461
-0.000297346
-0.000292745
-0.00028628
-0.00027834
-0.00026891
-0.000223751
-0.000224388
-0.000228717
-0.00023533
-0.000246468
-0.000260932
-0.000287044
-0.000347857
-0.000506176
-0.00346966
-0.00337766
-0.000477349
-0.000327196
-0.000290846
-0.000284829
-0.00028697
-0.000289276
-0.000286688
-0.000278797
-0.000272343
-0.000221525
-0.000224825
-0.000234246
-0.000251252
-0.000269682
-0.00028588
-0.000304355
-0.000333653
-0.000378432
-0.00051023
-0.000477349
-0.000349183
-0.000324345
-0.000315669
-0.000311549
-0.000304192
-0.000290072
-0.000268422
-0.000256804
-0.000263613
-0.000239942
-0.000238378
-0.000248708
-0.000265513
-0.000280188
-0.000292948
-0.000305555
-0.000319032
-0.000331933
-0.000357235
-0.000327196
-0.000324345
-0.000362761
-0.000398066
-0.000427139
-0.000445331
-0.000448935
-0.000434429
-0.000393978
-0.000337861
-0.000217562
-0.000276004
-0.000307512
-0.000312749
-0.000296641
-0.00027217
-0.000281084
-0.000298522
-0.00030538
-0.000310814
-0.000290846
-0.000315669
-0.000398066
-0.000471045
-0.000532469
-0.000577578
-0.000602372
-0.000602989
-0.00058121
-0.000579777
-0.000485885
-0.000488332
-0.000494884
-0.000478576
-0.000435778
-0.000366148
-0.00029571
-0.000295501
-0.000298726
-0.000300461
-0.000284829
-0.000311549
-0.000427139
-0.000532469
-0.000623172
-0.000690653
-0.000729928
-0.000741979
-0.000738208
-0.000771281
-0.000683623
-0.000661791
-0.000652459
-0.000621716
-0.000559661
-0.000464258
-0.000338143
-0.000298021
-0.000297192
-0.000297346
-0.00028697
-0.000304192
-0.000445331
-0.000577578
-0.000690653
-0.000765858
-0.000796163
-0.000792457
-0.00077241
-0.000797883
-0.000747096
-0.00072056
-0.000722604
-0.00071173
-0.000658917
-0.000556659
-0.000416228
-0.000298448
-0.000296624
-0.000292745
-0.000289276
-0.000290072
-0.000448935
-0.000602372
-0.000729928
-0.000796163
-0.000797311
-0.000735655
-0.00065598
-0.000640555
-0.000580772
-0.000585177
-0.000652644
-0.000715819
-0.000711732
-0.000627615
-0.000486415
-0.000332662
-0.000297427
-0.00028628
-0.000286688
-0.000268422
-0.000434429
-0.000602989
-0.000741979
-0.000792457
-0.000735655
-0.000585335
-0.000408993
-0.000329621
-0.000217214
-0.000283834
-0.000463849
-0.000644742
-0.000720305
-0.000661921
-0.000508476
-0.000340898
-0.000298338
-0.00027834
-0.000278797
-0.000256804
-0.000393978
-0.00058121
-0.000738208
-0.00077241
-0.00065598
-0.000408993
-0.000112441
5.93805e-05
9.85956e-05
-5.33638e-05
-0.000347272
-0.000618767
-0.000749478
-0.000695003
-0.000488578
-0.000282742
-0.000296486
-0.00026891
-0.000272343
-0.000263613
-0.000337861
-0.000579777
-0.000771281
-0.000797883
-0.000640555
-0.000329621
5.93805e-05
0.000333148
)
;
    }
    ceiling
    {
        type            calculated;
        value           nonuniform List<scalar> 
400
(
-48.9946
-48.9947
-48.9947
-48.9947
-48.9947
-48.9946
-48.9946
-48.9945
-48.9945
-48.9946
-48.9946
-48.9946
-48.9946
-48.9947
-48.9947
-48.9948
-48.9948
-48.9948
-48.9948
-48.9947
-48.9947
-48.9949
-48.9949
-48.9949
-48.9949
-48.9949
-48.9948
-48.9948
-48.9948
-48.9948
-48.9949
-48.9948
-48.9949
-48.9949
-48.9949
-48.995
-48.995
-48.995
-48.9949
-48.9948
-48.9947
-48.9949
-48.995
-48.995
-48.995
-48.9949
-48.9949
-48.9948
-48.9948
-48.9949
-48.9949
-48.9948
-48.9949
-48.9949
-48.995
-48.995
-48.995
-48.995
-48.995
-48.9948
-48.9947
-48.9949
-48.995
-48.995
-48.9949
-48.9949
-48.9948
-48.9948
-48.9948
-48.9948
-48.9948
-48.9948
-48.9948
-48.9949
-48.9949
-48.995
-48.995
-48.9951
-48.995
-48.9948
-48.9947
-48.9949
-48.995
-48.9949
-48.9949
-48.9948
-48.9947
-48.9947
-48.9946
-48.9947
-48.9947
-48.9947
-48.9947
-48.9948
-48.9949
-48.9949
-48.995
-48.995
-48.995
-48.9948
-48.9946
-48.9949
-48.9949
-48.9949
-48.9948
-48.9947
-48.9946
-48.9945
-48.9945
-48.9945
-48.9945
-48.9945
-48.9946
-48.9947
-48.9948
-48.9949
-48.9949
-48.995
-48.995
-48.9948
-48.9946
-48.9948
-48.9949
-48.9948
-48.9947
-48.9946
-48.9945
-48.9944
-48.9942
-48.9941
-48.9942
-48.9943
-48.9944
-48.9946
-48.9947
-48.9948
-48.9949
-48.995
-48.9949
-48.9947
-48.9945
-48.9948
-48.9948
-48.9948
-48.9947
-48.9945
-48.9944
-48.9941
-48.9937
-48.9933
-48.9933
-48.9938
-48.9942
-48.9944
-48.9946
-48.9947
-48.9948
-48.9949
-48.9949
-48.9947
-48.9945
-48.9948
-48.9948
-48.9948
-48.9946
-48.9945
-48.9942
-48.9937
-48.9927
-48.9913
-48.9913
-48.9929
-48.9939
-48.9943
-48.9945
-48.9947
-48.9948
-48.9949
-48.9949
-48.9947
-48.9946
-48.9948
-48.9949
-48.9948
-48.9947
-48.9945
-48.9941
-48.9933
-48.9913
-48.9879
-48.9881
-48.9917
-48.9936
-48.9942
-48.9945
-48.9947
-48.9948
-48.9949
-48.9949
-48.9947
-48.9946
-48.9949
-48.9949
-48.9948
-48.9947
-48.9945
-48.9942
-48.9933
-48.9913
-48.9881
-48.9894
-48.9924
-48.9938
-48.9943
-48.9946
-48.9947
-48.9948
-48.9949
-48.9949
-48.9947
-48.9946
-48.9948
-48.9948
-48.9948
-48.9947
-48.9945
-48.9943
-48.9938
-48.9929
-48.9917
-48.9924
-48.9935
-48.9941
-48.9944
-48.9946
-48.9947
-48.9948
-48.9949
-48.9949
-48.9947
-48.9946
-48.9949
-48.9949
-48.9948
-48.9947
-48.9946
-48.9944
-48.9942
-48.9939
-48.9936
-48.9938
-48.9941
-48.9943
-48.9945
-48.9946
-48.9948
-48.9949
-48.9949
-48.9949
-48.9947
-48.9947
-48.9949
-48.9949
-48.9949
-48.9948
-48.9947
-48.9946
-48.9944
-48.9943
-48.9942
-48.9943
-48.9944
-48.9945
-48.9946
-48.9947
-48.9948
-48.9949
-48.995
-48.995
-48.9947
-48.9947
-48.9949
-48.995
-48.9949
-48.9949
-48.9948
-48.9947
-48.9946
-48.9945
-48.9945
-48.9946
-48.9946
-48.9946
-48.9947
-48.9948
-48.9949
-48.995
-48.995
-48.995
-48.9948
-48.9948
-48.995
-48.995
-48.995
-48.9949
-48.9949
-48.9948
-48.9947
-48.9947
-48.9947
-48.9947
-48.9947
-48.9948
-48.9948
-48.9949
-48.9949
-48.995
-48.9951
-48.9951
-48.9949
-48.9948
-48.995
-48.995
-48.995
-48.995
-48.9949
-48.9949
-48.9948
-48.9948
-48.9948
-48.9948
-48.9948
-48.9949
-48.9949
-48.995
-48.995
-48.9951
-48.9951
-48.9951
-48.9949
-48.9948
-48.995
-48.995
-48.9951
-48.995
-48.995
-48.995
-48.9949
-48.9949
-48.9949
-48.9949
-48.9949
-48.9949
-48.995
-48.995
-48.9951
-48.9951
-48.9951
-48.9951
-48.9949
-48.9948
-48.9949
-48.995
-48.995
-48.995
-48.995
-48.9949
-48.9949
-48.9949
-48.9949
-48.9949
-48.9949
-48.9949
-48.995
-48.995
-48.9951
-48.9951
-48.9951
-48.995
-48.9949
-48.9947
-48.9948
-48.9948
-48.9948
-48.9948
-48.9948
-48.9947
-48.9947
-48.9947
-48.9947
-48.9947
-48.9947
-48.9947
-48.9947
-48.9948
-48.9949
-48.9949
-48.9949
-48.9949
-48.9948
)
;
    }
    fixedWalls
    {
        type            calculated;
        value           nonuniform List<scalar> 
800
(
-2.44976
-7.3497
-12.2494
-17.1489
-22.0483
-26.9477
-31.847
-36.7462
-41.6454
-46.5448
-2.45
-7.34984
-12.2494
-17.149
-22.0484
-26.9478
-31.8471
-36.7464
-41.6456
-46.5449
-2.45031
-7.35003
-12.2495
-17.149
-22.0484
-26.9478
-31.8472
-36.7465
-41.6457
-46.545
-2.45045
-7.35013
-12.2496
-17.1491
-22.0485
-26.9479
-31.8472
-36.7465
-41.6458
-46.545
-2.45039
-7.35009
-12.2496
-17.1491
-22.0485
-26.9479
-31.8473
-36.7466
-41.6458
-46.545
-2.45027
-7.35003
-12.2496
-17.1491
-22.0485
-26.9479
-31.8473
-36.7466
-41.6458
-46.5449
-2.45022
-7.35005
-12.2496
-17.1491
-22.0485
-26.9479
-31.8473
-36.7466
-41.6458
-46.5449
-2.45023
-7.35004
-12.2496
-17.1491
-22.0485
-26.9479
-31.8473
-36.7467
-41.6458
-46.5448
-2.45022
-7.35003
-12.2496
-17.1491
-22.0486
-26.9479
-31.8473
-36.7467
-41.6459
-46.5448
-2.45022
-7.35003
-12.2496
-17.1491
-22.0486
-26.9479
-31.8473
-36.7467
-41.6459
-46.5449
-2.45022
-7.35004
-12.2496
-17.1491
-22.0485
-26.9479
-31.8473
-36.7467
-41.6459
-46.5449
-2.45022
-7.35004
-12.2496
-17.1491
-22.0485
-26.9479
-31.8473
-36.7467
-41.6459
-46.5449
-2.45023
-7.35004
-12.2496
-17.1491
-22.0485
-26.9479
-31.8473
-36.7467
-41.6459
-46.5449
-2.45021
-7.35004
-12.2496
-17.1491
-22.0485
-26.9479
-31.8473
-36.7467
-41.6459
-46.5449
-2.45031
-7.35005
-12.2496
-17.1491
-22.0485
-26.9479
-31.8473
-36.7466
-41.6459
-46.545
-2.45046
-7.35015
-12.2496
-17.1491
-22.0485
-26.9479
-31.8473
-36.7466
-41.6459
-46.545
-2.4505
-7.35018
-12.2497
-17.1491
-22.0485
-26.9479
-31.8473
-36.7466
-41.6458
-46.5451
-2.45033
-7.35007
-12.2496
-17.149
-22.0484
-26.9478
-31.8472
-36.7465
-41.6457
-46.5451
-2.44997
-7.34984
-12.2495
-17.149
-22.0484
-26.9478
-31.8471
-36.7464
-41.6456
-46.545
-2.44966
-7.34964
-12.2493
-17.1489
-22.0483
-26.9477
-31.847
-36.7463
-41.6455
-46.5449
-2.44966
-7.34964
-12.2493
-17.1489
-22.0483
-26.9477
-31.847
-36.7463
-41.6455
-46.5449
-2.44981
-7.34973
-12.2494
-17.1489
-22.0484
-26.9478
-31.8471
-36.7464
-41.6456
-46.545
-2.4501
-7.3499
-12.2495
-17.149
-22.0484
-26.9478
-31.8472
-36.7465
-41.6457
-46.5451
-2.45036
-7.35006
-12.2496
-17.149
-22.0485
-26.9479
-31.8473
-36.7466
-41.6458
-46.5451
-2.4505
-7.35015
-12.2496
-17.1491
-22.0485
-26.9479
-31.8473
-36.7466
-41.6459
-46.5451
-2.45047
-7.35015
-12.2496
-17.1491
-22.0485
-26.9479
-31.8473
-36.7466
-41.6459
-46.545
-2.45035
-7.35009
-12.2496
-17.1491
-22.0485
-26.9479
-31.8473
-36.7467
-41.6459
-46.545
-2.45028
-7.3501
-12.2496
-17.1491
-22.0485
-26.9479
-31.8473
-36.7467
-41.6459
-46.545
-2.45028
-7.35008
-12.2497
-17.1491
-22.0485
-26.9479
-31.8473
-36.7467
-41.6459
-46.545
-2.45025
-7.35007
-12.2496
-17.1491
-22.0485
-26.9479
-31.8473
-36.7467
-41.6459
-46.545
-2.45026
-7.35007
-12.2496
-17.1491
-22.0485
-26.9479
-31.8473
-36.7467
-41.6459
-46.545
-2.45026
-7.35007
-12.2496
-17.1491
-22.0485
-26.9479
-31.8473
-36.7467
-41.6459
-46.545
-2.45026
-7.35006
-12.2496
-17.1491
-22.0485
-26.9479
-31.8473
-36.7466
-41.6459
-46.545
-2.45037
-7.35009
-12.2496
-17.1491
-22.0485
-26.9479
-31.8473
-36.7466
-41.6459
-46.545
-2.45054
-7.35018
-12.2496
-17.1491
-22.0485
-26.9479
-31.8473
-36.7466
-41.6459
-46.5451
-2.45055
-7.35017
-12.2496
-17.149
-22.0485
-26.9479
-31.8473
-36.7466
-41.6459
-46.5451
-2.45039
-7.35008
-12.2496
-17.149
-22.0485
-26.9479
-31.8472
-36.7466
-41.6458
-46.5451
-2.45009
-7.34989
-12.2495
-17.149
-22.0484
-26.9478
-31.8472
-36.7465
-41.6458
-46.5451
-2.44971
-7.34966
-12.2493
-17.1489
-22.0484
-26.9478
-31.8471
-36.7464
-41.6457
-46.5451
-2.44944
-7.3495
-12.2492
-17.1488
-22.0483
-26.9477
-31.847
-36.7463
-41.6455
-46.545
-2.44976
-7.3497
-12.2494
-17.1489
-22.0483
-26.9477
-31.847
-36.7462
-41.6454
-46.5448
-2.45
-7.34984
-12.2494
-17.149
-22.0484
-26.9478
-31.8471
-36.7464
-41.6456
-46.5449
-2.45031
-7.35003
-12.2495
-17.149
-22.0484
-26.9478
-31.8472
-36.7465
-41.6457
-46.545
-2.45045
-7.35013
-12.2496
-17.1491
-22.0485
-26.9479
-31.8472
-36.7465
-41.6458
-46.545
-2.45039
-7.35009
-12.2496
-17.1491
-22.0485
-26.9479
-31.8473
-36.7466
-41.6458
-46.545
-2.45027
-7.35003
-12.2496
-17.1491
-22.0485
-26.9479
-31.8473
-36.7466
-41.6458
-46.5449
-2.45022
-7.35005
-12.2496
-17.1491
-22.0485
-26.9479
-31.8473
-36.7466
-41.6458
-46.5449
-2.45023
-7.35004
-12.2496
-17.1491
-22.0485
-26.9479
-31.8473
-36.7467
-41.6458
-46.5448
-2.45022
-7.35003
-12.2496
-17.1491
-22.0486
-26.9479
-31.8473
-36.7467
-41.6459
-46.5448
-2.45022
-7.35003
-12.2496
-17.1491
-22.0486
-26.9479
-31.8473
-36.7467
-41.6459
-46.5449
-2.45022
-7.35004
-12.2496
-17.1491
-22.0485
-26.9479
-31.8473
-36.7467
-41.6459
-46.5449
-2.45022
-7.35004
-12.2496
-17.1491
-22.0485
-26.9479
-31.8473
-36.7467
-41.6459
-46.5449
-2.45023
-7.35004
-12.2496
-17.1491
-22.0485
-26.9479
-31.8473
-36.7467
-41.6459
-46.5449
-2.45021
-7.35004
-12.2496
-17.1491
-22.0485
-26.9479
-31.8473
-36.7467
-41.6459
-46.5449
-2.45031
-7.35005
-12.2496
-17.1491
-22.0485
-26.9479
-31.8473
-36.7466
-41.6459
-46.545
-2.45046
-7.35015
-12.2496
-17.1491
-22.0485
-26.9479
-31.8473
-36.7466
-41.6459
-46.545
-2.4505
-7.35018
-12.2497
-17.1491
-22.0485
-26.9479
-31.8473
-36.7466
-41.6458
-46.5451
-2.45033
-7.35007
-12.2496
-17.149
-22.0484
-26.9478
-31.8472
-36.7465
-41.6457
-46.5451
-2.44997
-7.34984
-12.2495
-17.149
-22.0484
-26.9478
-31.8471
-36.7464
-41.6456
-46.545
-2.44966
-7.34964
-12.2493
-17.1489
-22.0483
-26.9477
-31.847
-36.7463
-41.6455
-46.5449
-2.44966
-7.34964
-12.2493
-17.1489
-22.0483
-26.9477
-31.847
-36.7463
-41.6455
-46.5449
-2.44981
-7.34973
-12.2494
-17.1489
-22.0484
-26.9478
-31.8471
-36.7464
-41.6456
-46.545
-2.4501
-7.3499
-12.2495
-17.149
-22.0484
-26.9478
-31.8472
-36.7465
-41.6457
-46.5451
-2.45036
-7.35006
-12.2496
-17.149
-22.0485
-26.9479
-31.8473
-36.7466
-41.6458
-46.5451
-2.4505
-7.35015
-12.2496
-17.1491
-22.0485
-26.9479
-31.8473
-36.7466
-41.6459
-46.5451
-2.45047
-7.35015
-12.2496
-17.1491
-22.0485
-26.9479
-31.8473
-36.7466
-41.6459
-46.545
-2.45035
-7.35009
-12.2496
-17.1491
-22.0485
-26.9479
-31.8473
-36.7467
-41.6459
-46.545
-2.45028
-7.3501
-12.2496
-17.1491
-22.0485
-26.9479
-31.8473
-36.7467
-41.6459
-46.545
-2.45028
-7.35008
-12.2497
-17.1491
-22.0485
-26.9479
-31.8473
-36.7467
-41.6459
-46.545
-2.45025
-7.35007
-12.2496
-17.1491
-22.0485
-26.9479
-31.8473
-36.7467
-41.6459
-46.545
-2.45026
-7.35007
-12.2496
-17.1491
-22.0485
-26.9479
-31.8473
-36.7467
-41.6459
-46.545
-2.45026
-7.35007
-12.2496
-17.1491
-22.0485
-26.9479
-31.8473
-36.7467
-41.6459
-46.545
-2.45026
-7.35006
-12.2496
-17.1491
-22.0485
-26.9479
-31.8473
-36.7466
-41.6459
-46.545
-2.45037
-7.35009
-12.2496
-17.1491
-22.0485
-26.9479
-31.8473
-36.7466
-41.6459
-46.545
-2.45054
-7.35018
-12.2496
-17.1491
-22.0485
-26.9479
-31.8473
-36.7466
-41.6459
-46.5451
-2.45055
-7.35017
-12.2496
-17.149
-22.0485
-26.9479
-31.8473
-36.7466
-41.6459
-46.5451
-2.45039
-7.35008
-12.2496
-17.149
-22.0485
-26.9479
-31.8472
-36.7466
-41.6458
-46.5451
-2.45009
-7.34989
-12.2495
-17.149
-22.0484
-26.9478
-31.8472
-36.7465
-41.6458
-46.5451
-2.44971
-7.34966
-12.2493
-17.1489
-22.0484
-26.9478
-31.8471
-36.7464
-41.6457
-46.5451
-2.44944
-7.3495
-12.2492
-17.1488
-22.0483
-26.9477
-31.847
-36.7463
-41.6455
-46.545
)
;
    }
}


// ************************************************************************* //
