/*--------------------------------*- C++ -*----------------------------------*\
  =========                 |
  \\      /  F ield         | OpenFOAM: The Open Source CFD Toolbox
   \\    /   O peration     | Website:  https://openfoam.org
    \\  /    A nd           | Version:  8
     \\/     M anipulation  |
\*---------------------------------------------------------------------------*/
FoamFile
{
    version     2.0;
    format      ascii;
    class       volScalarField;
    location    "2000";
    object      p_rgh;
}
// * * * * * * * * * * * * * * * * * * * * * * * * * * * * * * * * * * * * * //

dimensions      [1 -1 -2 0 0 0 0];

internalField   nonuniform List<scalar> 
4000
(
-4.9419e-06
-0.000253947
-0.000564968
-0.000699106
-0.000611836
-0.000391368
-0.000209726
-0.000245038
-0.00022289
-0.000223461
-0.000223751
-0.000221525
-0.000239942
-0.000217562
-0.000485885
-0.000683623
-0.000747096
-0.000580772
-0.000217214
9.85956e-05
-0.000449728
-0.00066032
-0.000896599
-0.000989121
-0.000850876
-0.000566651
-0.00057242
-0.000572148
-0.000569311
-0.000566478
-0.00056895
-0.000568986
-0.000573836
-0.000541144
-0.000651935
-0.000920852
-0.00103353
-0.000922579
-0.000646475
-0.000358012
-0.000609552
-0.000825799
-0.00105678
-0.00117297
-0.000976313
-0.000738261
-0.00072715
-0.000758529
-0.000803734
-0.000816475
-0.000824702
-0.000818923
-0.000786882
-0.000712047
-0.000683023
-0.000911991
-0.00119105
-0.00107842
-0.000825734
-0.000519536
-0.000616809
-0.000880909
-0.00113591
-0.00131078
-0.00120528
-0.00111103
-0.00109552
-0.00100346
-0.00089437
-0.000876425
-0.00093984
-0.00100889
-0.00108695
-0.00120394
-0.00123543
-0.00132734
-0.00129413
-0.00114192
-0.000880139
-0.000525505
-0.000527702
-0.000855076
-0.00114206
-0.00135222
-0.00147345
-0.00153665
-0.00156963
-0.00157478
-0.00155733
-0.0015363
-0.00154458
-0.00154995
-0.00154391
-0.001521
-0.00147861
-0.00141804
-0.00131569
-0.00112743
-0.000835936
-0.000425978
-0.000363375
-0.000753046
-0.00108452
-0.0013288
-0.0014836
-0.00158779
-0.00165749
-0.0016987
-0.00171404
-0.00168769
-0.00164814
-0.00162893
-0.00160654
-0.00156871
-0.0015092
-0.00141941
-0.00127971
-0.00105195
-0.000717187
-0.000238512
-9.75489e-05
-0.000562997
-0.000949679
-0.00124101
-0.00143664
-0.00157153
-0.00166426
-0.00172251
-0.00174618
-0.00171059
-0.00165754
-0.00164027
-0.00161461
-0.00156385
-0.0014829
-0.0013622
-0.0011812
-0.000901996
-0.000507477
4.76479e-05
0.00030589
-0.000241282
-0.000688596
-0.00103229
-0.00127313
-0.00144227
-0.00156171
-0.00164199
-0.00168053
-0.00164352
-0.00157815
-0.00155951
-0.0015237
-0.00145514
-0.00134937
-0.00119429
-0.000966166
-0.000629271
-0.000166308
0.000461018
0.00080046
0.000206115
-0.000274429
-0.000644394
-0.000910235
-0.00110236
-0.00124462
-0.00134852
-0.00140871
-0.00138145
-0.00130593
-0.00128453
-0.00123269
-0.00114207
-0.0010113
-0.000828896
-0.000571441
-0.000203907
0.000294736
0.000958859
0.00124456
0.000787901
0.000411915
0.000112018
-0.000110704
-0.000274415
-0.000392738
-0.000473831
-0.000514296
-0.000480019
-0.000420041
-0.000417534
-0.000377139
-0.00029507
-0.000173059
-7.12305e-06
0.000215522
0.000515943
0.000902269
0.00140289
-0.000253947
-0.000384544
-0.000588529
-0.000662105
-0.000577292
-0.000401633
-0.000215809
-0.000253504
-0.00022867
-0.000225112
-0.000224388
-0.000224825
-0.000238378
-0.000276004
-0.000488332
-0.000661791
-0.00072056
-0.000585177
-0.000283834
-5.33638e-05
-0.00066032
-0.000758729
-0.000907245
-0.000955714
-0.000811088
-0.000575969
-0.000548525
-0.00055529
-0.000570407
-0.000572825
-0.000573651
-0.000562024
-0.000542181
-0.000499972
-0.000669587
-0.000904187
-0.00100884
-0.000916842
-0.00068857
-0.000480798
-0.000825799
-0.000915508
-0.00106236
-0.00114341
-0.000990284
-0.000762103
-0.000720442
-0.000749428
-0.000780819
-0.000800241
-0.000816876
-0.000825995
-0.000774517
-0.000696051
-0.000751765
-0.000994513
-0.00117159
-0.0010749
-0.000857762
-0.000639433
-0.000880909
-0.000985971
-0.00116048
-0.00129221
-0.00117207
-0.00101541
-0.000977725
-0.000947337
-0.000911033
-0.000909215
-0.000920445
-0.000945396
-0.000996713
-0.00103308
-0.00102421
-0.00118662
-0.00129761
-0.00117576
-0.000931874
-0.000672064
-0.000855076
-0.00100273
-0.00122841
-0.00141926
-0.00144039
-0.00139434
-0.00138557
-0.0013562
-0.00130348
-0.00127349
-0.00129719
-0.00133867
-0.00137895
-0.00139608
-0.00137448
-0.00140583
-0.00140461
-0.00124863
-0.000952727
-0.000625956
-0.000753046
-0.000991055
-0.00128501
-0.00151872
-0.00162065
-0.00162587
-0.00163794
-0.00162295
-0.00158608
-0.00155441
-0.00155721
-0.00157758
-0.0015955
-0.00159781
-0.00157883
-0.00156843
-0.00149581
-0.00129872
-0.000945206
-0.000517943
-0.000562997
-0.000951497
-0.0013291
-0.00161237
-0.00175259
-0.00180953
-0.00181887
-0.00181376
-0.0018012
-0.0017912
-0.00178263
-0.00177795
-0.0017716
-0.0017621
-0.00174592
-0.00169995
-0.00158748
-0.00132546
-0.000891989
-0.00032668
-0.000241282
-0.000838167
-0.00130701
-0.00165652
-0.00185128
-0.00195409
-0.00200319
-0.00200305
-0.00194946
-0.001855
-0.00185307
-0.00190409
-0.00194
-0.00193655
-0.00189412
-0.00180293
-0.00162425
-0.00128027
-0.000739315
-1.63052e-05
0.000206115
-0.000519591
-0.00108574
-0.00151376
-0.00181027
-0.00202472
-0.002189
-0.00231513
-0.00239702
-0.00241259
-0.00235047
-0.00230166
-0.0022271
-0.00211781
-0.0019685
-0.00176282
-0.00146962
-0.00102661
-0.000401681
0.000426239
0.000787901
0.000254357
-0.000189471
-0.000564122
-0.000865036
-0.00110941
-0.00130372
-0.00144468
-0.00151484
-0.00148662
-0.00140582
-0.00139196
-0.00131552
-0.00117306
-0.000976306
-0.000731106
-0.000429769
-5.05174e-05
0.000412605
0.000999124
-0.000564968
-0.000588529
-0.000651837
-0.000639911
-0.000532037
-0.000367967
-0.000228864
-0.000259865
-0.000238392
-0.000228886
-0.000228717
-0.000234246
-0.000248708
-0.000307512
-0.000494884
-0.000652459
-0.000722604
-0.000652644
-0.000463849
-0.000347272
-0.000896599
-0.000907245
-0.000941725
-0.000897044
-0.000738943
-0.000532023
-0.000529348
-0.000545068
-0.000569278
-0.000574622
-0.000576148
-0.000561577
-0.000525917
-0.000494204
-0.000671742
-0.000881824
-0.000992966
-0.000946776
-0.000807622
-0.000703841
-0.00105678
-0.00106236
-0.00110577
-0.00109145
-0.000935729
-0.000735295
-0.000703206
-0.000729428
-0.000763673
-0.000795655
-0.000812901
-0.000792203
-0.000743847
-0.000684217
-0.00079315
-0.00102617
-0.00115928
-0.00109077
-0.000954468
-0.000848424
-0.00113591
-0.00116048
-0.00122374
-0.00126987
-0.00114396
-0.000980582
-0.000927385
-0.000912241
-0.000908424
-0.000926457
-0.000948365
-0.000951692
-0.000953262
-0.000927784
-0.000961231
-0.0011574
-0.00127137
-0.00119083
-0.0010363
-0.000904095
-0.00114206
-0.00122841
-0.00131961
-0.00141937
-0.00137991
-0.00128025
-0.00123392
-0.00119824
-0.00115109
-0.00112392
-0.00114404
-0.00118897
-0.00122973
-0.0012235
-0.00121428
-0.00132914
-0.00140445
-0.00127893
-0.00108795
-0.000892644
-0.00108452
-0.00128501
-0.00141105
-0.00153614
-0.00156651
-0.00151334
-0.00147195
-0.00142747
-0.00137025
-0.00133176
-0.00134183
-0.00138009
-0.00141801
-0.00142935
-0.00142539
-0.00148461
-0.00149798
-0.00136588
-0.0011306
-0.000821533
-0.000949679
-0.0013291
-0.00150521
-0.00166507
-0.00173535
-0.00171493
-0.00168056
-0.0016458
-0.00160816
-0.00158339
-0.00158489
-0.00160549
-0.00162514
-0.00163327
-0.00163358
-0.00165356
-0.00164942
-0.0014509
-0.00115773
-0.0006789
-0.000688596
-0.00130701
-0.00157237
-0.00168858
-0.00170497
-0.00170775
-0.00167573
-0.00163482
-0.00158866
-0.00156473
-0.00155421
-0.00155108
-0.00156943
-0.00158536
-0.00159393
-0.00160418
-0.00159649
-0.00148781
-0.00112665
-0.000425266
-0.000274429
-0.00108574
-0.0016159
-0.00195753
-0.00214281
-0.00226029
-0.00234985
-0.00242085
-0.0024453
-0.00236385
-0.00232712
-0.00237219
-0.0023597
-0.00231057
-0.00223015
-0.00210428
-0.00191275
-0.00153195
-0.000920027
-1.97035e-05
0.000411915
-0.000189471
-0.000660015
-0.00105518
-0.00137848
-0.00165707
-0.00190264
-0.00209866
-0.00221252
-0.00221038
-0.00212101
-0.00207887
-0.00195757
-0.00176061
-0.00150922
-0.00122184
-0.000892164
-0.000488253
3.11829e-06
0.000649598
-0.000699106
-0.000662105
-0.000639911
-0.000571653
-0.000451365
-0.000292597
-0.000253709
-0.000262358
-0.000248493
-0.00023242
-0.00023533
-0.000251252
-0.000265513
-0.000312749
-0.000478576
-0.000621716
-0.00071173
-0.000715819
-0.000644742
-0.000618767
-0.000989121
-0.000955714
-0.000897044
-0.000787239
-0.000624428
-0.000480411
-0.000503468
-0.000548274
-0.000571373
-0.000578307
-0.000581551
-0.000559238
-0.000516456
-0.000484882
-0.000641298
-0.000831882
-0.000960697
-0.00098453
-0.000939549
-0.000911272
-0.00117297
-0.00114341
-0.00109145
-0.00099039
-0.000820118
-0.000684138
-0.000689297
-0.000718331
-0.000758583
-0.000797245
-0.000798992
-0.000767271
-0.000714803
-0.000669628
-0.000783689
-0.000997198
-0.00113223
-0.00112715
-0.00107278
-0.00103661
-0.00131078
-0.00129221
-0.00126987
-0.00120381
-0.00105255
-0.0009249
-0.000889682
-0.000889561
-0.000904577
-0.000933143
-0.000963688
-0.000944657
-0.000913755
-0.000872153
-0.000935904
-0.00113525
-0.00125388
-0.00122813
-0.0011619
-0.00109544
-0.00135222
-0.00141926
-0.00141937
-0.00140449
-0.00130497
-0.00119726
-0.00114398
-0.00111457
-0.001089
-0.00108477
-0.00111449
-0.00114487
-0.00114225
-0.00110672
-0.00112527
-0.00127916
-0.001382
-0.0013256
-0.00124232
-0.001101
-0.0013288
-0.00151872
-0.00153614
-0.00155172
-0.00150595
-0.00142233
-0.00136041
-0.00131116
-0.00126133
-0.00123187
-0.00124698
-0.00128474
-0.00130658
-0.00129578
-0.00130417
-0.00141135
-0.00148566
-0.00142524
-0.00132713
-0.00106253
-0.00124101
-0.00161237
-0.00166507
-0.00169988
-0.00167776
-0.00161636
-0.00156422
-0.00152552
-0.00149157
-0.00146813
-0.00147165
-0.00149931
-0.00151546
-0.00150472
-0.00149476
-0.00155418
-0.00162015
-0.00152957
-0.00140261
-0.000960924
-0.00103229
-0.00165652
-0.00168858
-0.00168173
-0.00167771
-0.00164384
-0.00160069
-0.0015564
-0.00150841
-0.00147805
-0.00146472
-0.00147361
-0.00150523
-0.00151978
-0.0015231
-0.00155511
-0.00158278
-0.0015418
-0.00141147
-0.000751492
-0.000644394
-0.00151376
-0.00195753
-0.0021138
-0.00213498
-0.00221
-0.00232001
-0.00243028
-0.00247734
-0.00238991
-0.00234407
-0.0024055
-0.00239143
-0.00232081
-0.00220473
-0.00208026
-0.00201709
-0.0018093
-0.00129459
-0.00036799
0.000112018
-0.000564122
-0.00105518
-0.00145443
-0.00179673
-0.00211573
-0.00241717
-0.00267256
-0.00283758
-0.0028686
-0.002773
-0.00269981
-0.00252911
-0.00227533
-0.00196732
-0.00162986
-0.00127069
-0.000855203
-0.000343965
0.000363365
-0.000611836
-0.000577292
-0.000532037
-0.000451365
-0.000342532
-0.000241847
-0.000270706
-0.000269355
-0.000257905
-0.000238828
-0.000246468
-0.000269682
-0.000280188
-0.000296641
-0.000435778
-0.000559661
-0.000658917
-0.000711732
-0.000720305
-0.000749478
-0.000850876
-0.000811088
-0.000738943
-0.000624428
-0.000490834
-0.000480295
-0.000507769
-0.000555683
-0.000572969
-0.000581394
-0.000586793
-0.00056332
-0.000515115
-0.000472498
-0.000577618
-0.000742184
-0.000880403
-0.000966517
-0.000999681
-0.00102069
-0.000976313
-0.000990284
-0.000935729
-0.000820118
-0.000683327
-0.000646686
-0.000675665
-0.00072117
-0.000760967
-0.000799218
-0.000797286
-0.000759771
-0.000699984
-0.000651281
-0.000726594
-0.000912475
-0.0010632
-0.00113319
-0.00114979
-0.00115294
-0.00120528
-0.00117207
-0.00114396
-0.00105255
-0.000928661
-0.000867247
-0.00086381
-0.000877366
-0.000907564
-0.000943618
-0.000960863
-0.000922846
-0.000879261
-0.000839611
-0.000891285
-0.00107344
-0.00121482
-0.00125564
-0.0012504
-0.00121276
-0.00147345
-0.00144039
-0.00137991
-0.00130497
-0.00120054
-0.00112345
-0.00108825
-0.0010734
-0.00106707
-0.00108187
-0.00112462
-0.00113035
-0.00109293
-0.00104408
-0.00107052
-0.00122561
-0.00135164
-0.00136519
-0.00134675
-0.00123195
-0.0014836
-0.00162065
-0.00156651
-0.00150595
-0.0014239
-0.00134371
-0.00128728
-0.00124543
-0.00121019
-0.0011993
-0.00122637
-0.00124407
-0.00123627
-0.00121307
-0.00123138
-0.00135212
-0.00146031
-0.00146053
-0.00144374
-0.00121744
-0.00143664
-0.00175259
-0.00173535
-0.00167776
-0.00160659
-0.00153765
-0.00148997
-0.0014597
-0.00143753
-0.00142346
-0.0014383
-0.00147228
-0.00146478
-0.00142761
-0.00140824
-0.00147701
-0.0015741
-0.00158275
-0.00153283
-0.00114806
-0.00127313
-0.00185128
-0.00170497
-0.00167771
-0.00163832
-0.00159452
-0.00155692
-0.00151975
-0.00147659
-0.0014501
-0.00143938
-0.00144812
-0.00147493
-0.00147977
-0.00147363
-0.0015032
-0.00156136
-0.00151878
-0.00156925
-0.00097652
-0.000910235
-0.00181027
-0.00214281
-0.00213498
-0.0021711
-0.00228885
-0.0024482
-0.00259723
-0.00265701
-0.002539
-0.00248408
-0.00257299
-0.00255892
-0.00245131
-0.00227595
-0.00209146
-0.00200668
-0.00195077
-0.00154804
-0.000617235
-0.000110704
-0.000865036
-0.00137848
-0.00179673
-0.00217139
-0.00255386
-0.00292973
-0.00326232
-0.00350211
-0.00359823
-0.00349891
-0.00336133
-0.00311457
-0.00278166
-0.00239584
-0.00198881
-0.00159113
-0.00115386
-0.000621627
0.000147386
-0.000391368
-0.000401633
-0.000367967
-0.000292597
-0.000241847
-0.00025778
-0.00027666
-0.000278144
-0.00027045
-0.000252889
-0.000260932
-0.00028588
-0.000292948
-0.00027217
-0.000366148
-0.000464258
-0.000556659
-0.000627615
-0.000661921
-0.000695003
-0.000566651
-0.000575969
-0.000532023
-0.000480411
-0.000480295
-0.000486894
-0.000532154
-0.000570489
-0.000579746
-0.000584895
-0.000595674
-0.000578443
-0.00053284
-0.000483072
-0.000496951
-0.000613982
-0.000739821
-0.000842848
-0.000905626
-0.000939918
-0.000738261
-0.000762103
-0.000735295
-0.000684138
-0.000646686
-0.000656573
-0.00069351
-0.000740884
-0.000768266
-0.000801103
-0.000803454
-0.000769852
-0.000709539
-0.000653195
-0.00065447
-0.000779891
-0.000921418
-0.0010245
-0.00107258
-0.00110179
-0.00111103
-0.00101541
-0.000980582
-0.0009249
-0.000867247
-0.000850551
-0.000856566
-0.000879621
-0.000915995
-0.000951105
-0.000962072
-0.000923751
-0.000871288
-0.000830815
-0.000838408
-0.00096372
-0.00110748
-0.00120257
-0.00125942
-0.0012834
-0.00153665
-0.00139434
-0.00128025
-0.00119726
-0.00112345
-0.00107846
-0.00106166
-0.00106012
-0.00106507
-0.00108752
-0.00113066
-0.00111544
-0.00106912
-0.00102064
-0.00102857
-0.00114528
-0.00128029
-0.00135723
-0.00139973
-0.00131532
-0.00158779
-0.00162587
-0.00151334
-0.00142233
-0.00134371
-0.00128176
-0.00123922
-0.00120842
-0.00118703
-0.0011908
-0.00122374
-0.00121913
-0.00119676
-0.00117286
-0.00118847
-0.00129028
-0.0014122
-0.00147256
-0.00150635
-0.0013194
-0.00157153
-0.00180953
-0.00171493
-0.00161636
-0.00153765
-0.00148172
-0.00144866
-0.00142955
-0.00141462
-0.00140263
-0.00143067
-0.00146744
-0.00144684
-0.00139491
-0.00136691
-0.00142195
-0.00152594
-0.00158591
-0.0016019
-0.00127359
-0.00144227
-0.00195409
-0.00170775
-0.00164384
-0.00159452
-0.00155912
-0.00153279
-0.0015028
-0.00146657
-0.0014608
-0.00146236
-0.00144489
-0.00145568
-0.0014547
-0.00144516
-0.00146767
-0.00153303
-0.00154858
-0.00166271
-0.00113098
-0.00110236
-0.00202472
-0.00226029
-0.00221
-0.00228885
-0.00245819
-0.0026603
-0.00283569
-0.00290415
-0.00277656
-0.00272457
-0.00280638
-0.00277716
-0.00262697
-0.00239762
-0.00216051
-0.00203621
-0.00203181
-0.00172777
-0.000795443
-0.000274415
-0.00110941
-0.00165707
-0.00211573
-0.00255386
-0.00301378
-0.00347561
-0.00390506
-0.0042501
-0.0044522
-0.00435727
-0.00411061
-0.00375016
-0.00331126
-0.00283177
-0.0023427
-0.00188084
-0.00140748
-0.000847222
-1.49297e-05
-0.000209726
-0.000215809
-0.000228864
-0.000253709
-0.000270706
-0.00027666
-0.000286596
-0.000290489
-0.000290706
-0.00028171
-0.000287044
-0.000304355
-0.000305555
-0.000281084
-0.00029571
-0.000338143
-0.000416228
-0.000486415
-0.000508476
-0.000488578
-0.00057242
-0.000548525
-0.000529348
-0.000503468
-0.000507769
-0.000532154
-0.000565495
-0.000589387
-0.000593658
-0.000597233
-0.000610573
-0.000601236
-0.000565761
-0.000517645
-0.000491755
-0.000507361
-0.000565721
-0.000650726
-0.000693601
-0.000681576
-0.00072715
-0.000720442
-0.000703206
-0.000689297
-0.000675665
-0.00069351
-0.00073079
-0.000764584
-0.000778666
-0.000807047
-0.000814053
-0.0007912
-0.000740771
-0.000683542
-0.000653803
-0.000684539
-0.000753945
-0.000834776
-0.00087423
-0.000889341
-0.00109552
-0.000977725
-0.000927385
-0.000889682
-0.00086381
-0.000856566
-0.000868064
-0.000896592
-0.000928412
-0.000958994
-0.000972776
-0.0009387
-0.000890069
-0.000847007
-0.000834559
-0.000885603
-0.000975949
-0.00107073
-0.00117068
-0.00131616
-0.00156963
-0.00138557
-0.00123392
-0.00114398
-0.00108825
-0.00106166
-0.0010576
-0.00106446
-0.00107289
-0.00109924
-0.00113505
-0.0011136
-0.00106796
-0.00102943
-0.00101977
-0.00108456
-0.00118853
-0.00128803
-0.00138618
-0.00136938
-0.00165749
-0.00163794
-0.00147195
-0.00136041
-0.00128728
-0.00123922
-0.00120866
-0.00118869
-0.00117973
-0.00119884
-0.00123053
-0.00120861
-0.00118091
-0.00116164
-0.00117198
-0.00124298
-0.00135
-0.00144336
-0.00152685
-0.00138749
-0.00166426
-0.00181887
-0.00168056
-0.00156422
-0.00148997
-0.00144866
-0.0014284
-0.00141636
-0.0014028
-0.00139523
-0.00143508
-0.00145958
-0.00143823
-0.00138834
-0.00135695
-0.00139041
-0.00148077
-0.00156816
-0.00163527
-0.00135885
-0.00156171
-0.00200319
-0.00167573
-0.00160069
-0.00155692
-0.00153279
-0.00151426
-0.00149058
-0.0014793
-0.00154148
-0.00156013
-0.0014603
-0.00143772
-0.00143329
-0.00142736
-0.0014444
-0.00150281
-0.00155474
-0.00171735
-0.00123816
-0.00124462
-0.002189
-0.00234985
-0.00232001
-0.0024482
-0.0026603
-0.00289257
-0.00308917
-0.00320364
-0.00325545
-0.00322617
-0.00310221
-0.00299653
-0.00279765
-0.0025302
-0.00225868
-0.00209593
-0.00208437
-0.00186338
-0.000924985
-0.000392738
-0.00130372
-0.00190264
-0.00241717
-0.00292973
-0.00347561
-0.00404132
-0.00459589
-0.00507863
-0.00544963
-0.00537421
-0.00495584
-0.00443743
-0.00385742
-0.00326468
-0.00268574
-0.00214918
-0.00162818
-0.00102626
-0.000134116
-0.000245038
-0.000253504
-0.000259865
-0.000262358
-0.000269355
-0.000278144
-0.000290489
-0.000305571
-0.000325152
-0.000344498
-0.000347857
-0.000333653
-0.000319032
-0.000298522
-0.000295501
-0.000298021
-0.000298448
-0.000332662
-0.000340898
-0.000282742
-0.000572148
-0.00055529
-0.000545068
-0.000548274
-0.000555683
-0.000570489
-0.000589387
-0.000605943
-0.000614424
-0.00062869
-0.00063693
-0.000623571
-0.00059698
-0.000564515
-0.000537746
-0.000531045
-0.000532427
-0.000526222
-0.000556673
-0.00062159
-0.000758529
-0.000749428
-0.000729428
-0.000718331
-0.00072117
-0.000740884
-0.000764584
-0.000783923
-0.000793442
-0.000834298
-0.000843387
-0.000810868
-0.000775708
-0.000734134
-0.000698998
-0.000701487
-0.000715359
-0.000746746
-0.000801462
-0.000897419
-0.00100346
-0.000947337
-0.000912241
-0.000889561
-0.000877366
-0.000879621
-0.000896592
-0.00092061
-0.000946705
-0.000996316
-0.00100605
-0.000961614
-0.000920521
-0.000883953
-0.000871747
-0.000887469
-0.000940936
-0.00102708
-0.00116223
-0.00132798
-0.00157478
-0.0013562
-0.00119824
-0.00111457
-0.0010734
-0.00106012
-0.00106446
-0.00107514
-0.00108849
-0.00116217
-0.00118081
-0.00112784
-0.00108596
-0.00105419
-0.00104029
-0.00107492
-0.00115398
-0.00126177
-0.00139521
-0.0014048
-0.0016987
-0.00162295
-0.00142747
-0.00131116
-0.00124543
-0.00120842
-0.00118869
-0.00118002
-0.00119179
-0.00131089
-0.00132313
-0.00122343
-0.00118349
-0.0011678
-0.00117558
-0.00122578
-0.0013161
-0.00142407
-0.00154236
-0.00142956
-0.00172251
-0.00181376
-0.0016458
-0.00152552
-0.0014597
-0.00142955
-0.00141636
-0.00140602
-0.00140358
-0.0015323
-0.00156879
-0.00145424
-0.0014256
-0.00139136
-0.00136521
-0.00138349
-0.00145694
-0.0015564
-0.00165513
-0.00141253
-0.00164199
-0.00200305
-0.00163482
-0.0015564
-0.00151975
-0.0015028
-0.00149058
-0.00148976
-0.00157391
-0.0019502
-0.00200362
-0.00155073
-0.00143325
-0.00141202
-0.00141088
-0.00142838
-0.00147993
-0.00154563
-0.00174556
-0.00130716
-0.00134852
-0.00231513
-0.00242085
-0.00243028
-0.00259723
-0.00283569
-0.00308917
-0.00334687
-0.00368878
-0.00429164
-0.00434147
-0.0035382
-0.00319156
-0.00291795
-0.00262943
-0.00234772
-0.00215947
-0.00212842
-0.00196769
-0.00101447
-0.000473831
-0.00144468
-0.00209866
-0.00267256
-0.00326232
-0.00390506
-0.00459589
-0.0052887
-0.00589108
-0.00646249
-0.00643528
-0.00581754
-0.00514772
-0.0044003
-0.00366955
-0.00299074
-0.00237727
-0.00180261
-0.00115551
-0.000214985
-0.00022289
-0.00022867
-0.000238392
-0.000248493
-0.000257905
-0.00027045
-0.000290706
-0.000325152
-0.000383829
-0.000512624
-0.000506176
-0.000378432
-0.000331933
-0.00030538
-0.000298726
-0.000297192
-0.000296624
-0.000297427
-0.000298338
-0.000296486
-0.000569311
-0.000570407
-0.000569278
-0.000571373
-0.000572969
-0.000579746
-0.000593658
-0.000614424
-0.000654293
-0.000858701
-0.00084317
-0.000649848
-0.000602572
-0.000586318
-0.000576331
-0.000571272
-0.000564655
-0.000555759
-0.000571698
-0.000592596
-0.000803734
-0.000780819
-0.000763673
-0.000758583
-0.000760967
-0.000768266
-0.000778666
-0.000793442
-0.000849637
-0.00117201
-0.00115411
-0.000845971
-0.000786965
-0.000769161
-0.000751898
-0.000744261
-0.000749667
-0.000770692
-0.000826822
-0.000908173
-0.00089437
-0.000911033
-0.000908424
-0.000904577
-0.000907564
-0.000915995
-0.000928412
-0.000946705
-0.00102115
-0.00152864
-0.00150724
-0.00103776
-0.000951213
-0.000929025
-0.000915338
-0.000920836
-0.000959615
-0.00104513
-0.00118043
-0.00132332
-0.00155733
-0.00130348
-0.00115109
-0.001089
-0.00106707
-0.00106507
-0.00107289
-0.00108849
-0.00120298
-0.00193216
-0.00190409
-0.00124484
-0.00110537
-0.00108175
-0.00107017
-0.00108986
-0.00115427
-0.0012636
-0.00140556
-0.00142258
-0.00171404
-0.00158608
-0.00137025
-0.00126133
-0.00121019
-0.00118703
-0.00117973
-0.00119179
-0.00137736
-0.00236879
-0.00234125
-0.00144077
-0.00121273
-0.00118605
-0.0011898
-0.00122632
-0.00130406
-0.00141607
-0.00154839
-0.00144632
-0.00174618
-0.0018012
-0.00160816
-0.00149157
-0.00143753
-0.00141462
-0.0014028
-0.00140358
-0.00163644
-0.00292616
-0.00309182
-0.00171032
-0.00142229
-0.0013938
-0.00137849
-0.0013894
-0.00144967
-0.00155367
-0.00167154
-0.00143369
-0.00168053
-0.00194946
-0.00158866
-0.00150841
-0.00147659
-0.00146657
-0.0014793
-0.00157391
-0.00209846
-0.00420462
-0.004476
-0.002069
-0.00150816
-0.00140782
-0.00139612
-0.0014147
-0.00146406
-0.00153519
-0.00175129
-0.00133528
-0.00140871
-0.00239702
-0.0024453
-0.00247734
-0.00265701
-0.00290415
-0.00320364
-0.00368878
-0.00463031
-0.00656217
-0.00677024
-0.00435962
-0.00341468
-0.00294848
-0.00263804
-0.00237014
-0.00217918
-0.00213636
-0.00203481
-0.00105749
-0.000514296
-0.00151484
-0.00221252
-0.00283758
-0.00350211
-0.0042501
-0.00507863
-0.00589108
-0.00649552
-0.00718089
-0.00728065
-0.00656328
-0.00583415
-0.00490686
-0.00400968
-0.00321773
-0.00252799
-0.0019054
-0.00122052
-0.000251263
-0.000223461
-0.000225112
-0.000228886
-0.00023242
-0.000238828
-0.000252889
-0.00028171
-0.000344498
-0.000512624
-0.00340983
-0.00346966
-0.00051023
-0.000357235
-0.000310814
-0.000300461
-0.000297346
-0.000292745
-0.00028628
-0.00027834
-0.00026891
-0.000566478
-0.000572825
-0.000574622
-0.000578307
-0.000581394
-0.000584895
-0.000597233
-0.00062869
-0.000858701
-0.00521507
-0.00544933
-0.000812757
-0.000576985
-0.000569584
-0.000577943
-0.000588631
-0.000590222
-0.000585138
-0.000588942
-0.000594204
-0.000816475
-0.000800241
-0.000795655
-0.000797245
-0.000799218
-0.000801103
-0.000807047
-0.000834298
-0.00117201
-0.00696113
-0.00736908
-0.00112719
-0.000771551
-0.000768193
-0.000781728
-0.000787864
-0.000789508
-0.000803155
-0.000841121
-0.000876779
-0.000876425
-0.000909215
-0.000926457
-0.000933143
-0.000943618
-0.000951105
-0.000958994
-0.000996316
-0.00152864
-0.00836865
-0.00889257
-0.00147703
-0.000953939
-0.000946699
-0.000952773
-0.000954495
-0.00098041
-0.00105361
-0.00117523
-0.00131773
-0.0015363
-0.00127349
-0.00112392
-0.00108477
-0.00108187
-0.00108752
-0.00109924
-0.00116217
-0.00193216
-0.0096266
-0.0102053
-0.00185301
-0.00112277
-0.00109311
-0.00109489
-0.00110704
-0.00115662
-0.00125815
-0.00139989
-0.00141932
-0.00168769
-0.00155441
-0.00133176
-0.00123187
-0.0011993
-0.0011908
-0.00119884
-0.00131089
-0.00236879
-0.0108051
-0.0113747
-0.00224017
-0.00126743
-0.0012041
-0.00120726
-0.00123217
-0.00129637
-0.00140491
-0.00154233
-0.00143774
-0.00171059
-0.0017912
-0.00158339
-0.00146813
-0.00142346
-0.00140263
-0.00139523
-0.0015323
-0.00292616
-0.0119496
-0.0124105
-0.00266343
-0.00146889
-0.0013926
-0.00138814
-0.00139638
-0.00144482
-0.00154839
-0.00168103
-0.00142085
-0.00164352
-0.001855
-0.00156473
-0.00147805
-0.0014501
-0.0014608
-0.00154148
-0.0019502
-0.00420462
-0.0128583
-0.0133003
-0.00331545
-0.00169352
-0.00144406
-0.00139996
-0.00141021
-0.0014563
-0.0015298
-0.00173497
-0.00131781
-0.00138145
-0.00241259
-0.00236385
-0.00238991
-0.002539
-0.00277656
-0.00325545
-0.00429164
-0.00656217
-0.0126066
-0.0131713
-0.0063114
-0.00390786
-0.00294616
-0.00254775
-0.00230109
-0.00213428
-0.00209374
-0.00205707
-0.00103994
-0.000480019
-0.00148662
-0.00221038
-0.0028686
-0.00359823
-0.0044522
-0.00544963
-0.00646249
-0.00718089
-0.00851261
-0.00910722
-0.00771448
-0.0066441
-0.00538229
-0.00425457
-0.00332947
-0.00256672
-0.00190926
-0.0011998
-0.000223033
-0.000223751
-0.000224388
-0.000228717
-0.00023533
-0.000246468
-0.000260932
-0.000287044
-0.000347857
-0.000506176
-0.00346966
-0.00337766
-0.000477349
-0.000327196
-0.000290846
-0.000284829
-0.00028697
-0.000289276
-0.000286688
-0.000278797
-0.000272343
-0.00056895
-0.000573651
-0.000576148
-0.000581551
-0.000586793
-0.000595674
-0.000610573
-0.00063693
-0.00084317
-0.00544933
-0.00504174
-0.000688575
-0.000519171
-0.000519613
-0.000532999
-0.000553475
-0.00057992
-0.000598903
-0.000607141
-0.000608123
-0.000824702
-0.000816876
-0.000812901
-0.000798992
-0.000797286
-0.000803454
-0.000814053
-0.000843387
-0.00115411
-0.00736908
-0.00650082
-0.000932878
-0.00070079
-0.000718445
-0.000750658
-0.000790148
-0.000826193
-0.000838519
-0.000853427
-0.000876893
-0.00093984
-0.000920445
-0.000948365
-0.000963688
-0.000960863
-0.000962072
-0.000972776
-0.00100605
-0.00150724
-0.00889257
-0.0075029
-0.00120324
-0.000871344
-0.000892718
-0.000932558
-0.000970721
-0.000997957
-0.00105749
-0.00117327
-0.00132141
-0.00154458
-0.00129719
-0.00114404
-0.00111449
-0.00112462
-0.00113066
-0.00113505
-0.00118081
-0.00190409
-0.0102053
-0.00827652
-0.00148983
-0.00103496
-0.00104771
-0.00108311
-0.00111647
-0.0011587
-0.00125076
-0.00139407
-0.00140052
-0.00164814
-0.00155721
-0.00134183
-0.00124698
-0.00122637
-0.00122374
-0.00123053
-0.00132313
-0.00234125
-0.0113747
-0.00891028
-0.00177426
-0.00117553
-0.00117387
-0.0012028
-0.00123584
-0.00129092
-0.00139487
-0.00153818
-0.00141687
-0.00165754
-0.00178263
-0.00158489
-0.00147165
-0.0014383
-0.00143067
-0.00143508
-0.00156879
-0.00309182
-0.0124105
-0.00947481
-0.0020949
-0.00137899
-0.00136568
-0.00138287
-0.00139915
-0.00143763
-0.00153542
-0.00166932
-0.0013952
-0.00157815
-0.00185307
-0.00155421
-0.00146472
-0.00143938
-0.00146236
-0.00156013
-0.00200362
-0.004476
-0.0133003
-0.0101209
-0.00258228
-0.00154429
-0.00141326
-0.00139288
-0.00140483
-0.00144419
-0.00151668
-0.00171958
-0.00128174
-0.00130593
-0.00235047
-0.00232712
-0.00234407
-0.00248408
-0.00272457
-0.00322617
-0.00434147
-0.00677024
-0.0131713
-0.0101928
-0.0054893
-0.00363826
-0.00286827
-0.00251631
-0.0022844
-0.0021239
-0.00208454
-0.00199836
-0.000982283
-0.000420041
-0.00140582
-0.00212101
-0.002773
-0.00349891
-0.00435727
-0.00537421
-0.00643528
-0.00728065
-0.00910722
-0.00730269
-0.00681049
-0.00602249
-0.00494407
-0.00395083
-0.0031181
-0.00241595
-0.00179186
-0.00110609
-0.000148743
-0.000221525
-0.000224825
-0.000234246
-0.000251252
-0.000269682
-0.00028588
-0.000304355
-0.000333653
-0.000378432
-0.00051023
-0.000477349
-0.000349183
-0.000324345
-0.000315669
-0.000311549
-0.000304192
-0.000290072
-0.000268422
-0.000256804
-0.000263613
-0.000568986
-0.000562024
-0.000561577
-0.000559238
-0.00056332
-0.000578443
-0.000601236
-0.000623571
-0.000649848
-0.000812757
-0.000688575
-0.000491578
-0.000465412
-0.000471565
-0.000482069
-0.000492842
-0.000505892
-0.000533247
-0.000593351
-0.000608017
-0.000818923
-0.000825995
-0.000792203
-0.000767271
-0.000759771
-0.000769852
-0.0007912
-0.000810868
-0.000845971
-0.00112719
-0.000932878
-0.00065763
-0.000625902
-0.000645828
-0.000673532
-0.000707019
-0.000756892
-0.000837051
-0.000886545
-0.000929533
-0.00100889
-0.000945396
-0.000951692
-0.000944657
-0.000922846
-0.000923751
-0.0009387
-0.000961614
-0.00103776
-0.00147703
-0.00120324
-0.000834637
-0.000795032
-0.000821969
-0.00086094
-0.00090824
-0.000976155
-0.00106718
-0.00119147
-0.00132144
-0.00154995
-0.00133867
-0.00118897
-0.00114487
-0.00113035
-0.00111544
-0.0011136
-0.00112784
-0.00124484
-0.00185301
-0.00148983
-0.00101068
-0.000961227
-0.000987878
-0.00102861
-0.0010795
-0.00115349
-0.00125641
-0.00140045
-0.00138667
-0.00162893
-0.00157758
-0.00138009
-0.00128474
-0.00124407
-0.00121913
-0.00120861
-0.00122343
-0.00144077
-0.00224017
-0.00177426
-0.00116851
-0.0011081
-0.00113153
-0.00116829
-0.00121506
-0.00128737
-0.00139652
-0.00153925
-0.00140498
-0.00164027
-0.00177795
-0.00160549
-0.00149931
-0.00147228
-0.00146744
-0.00145958
-0.00145424
-0.00171032
-0.00266343
-0.0020949
-0.00138586
-0.00131157
-0.00132154
-0.00134622
-0.00137917
-0.00143149
-0.00152754
-0.0016544
-0.00138129
-0.00155951
-0.00190409
-0.00155108
-0.00147361
-0.00144812
-0.00144489
-0.0014603
-0.00155073
-0.002069
-0.00331545
-0.00258228
-0.00155042
-0.00137124
-0.00135452
-0.00136597
-0.0013906
-0.00143189
-0.00150061
-0.00170982
-0.00126306
-0.00128453
-0.00230166
-0.00237219
-0.0024055
-0.00257299
-0.00280638
-0.00310221
-0.0035382
-0.00435962
-0.0063114
-0.0054893
-0.00388447
-0.00323802
-0.00280114
-0.00250923
-0.002308
-0.00217334
-0.00213272
-0.00195525
-0.000951998
-0.000417534
-0.00139196
-0.00207887
-0.00269981
-0.00336133
-0.00411061
-0.00495584
-0.00581754
-0.00656328
-0.00771448
-0.00681049
-0.00626456
-0.00543937
-0.00449717
-0.00365768
-0.00293719
-0.00230566
-0.00171184
-0.00105222
-0.000110193
-0.000239942
-0.000238378
-0.000248708
-0.000265513
-0.000280188
-0.000292948
-0.000305555
-0.000319032
-0.000331933
-0.000357235
-0.000327196
-0.000324345
-0.000362761
-0.000398066
-0.000427139
-0.000445331
-0.000448935
-0.000434429
-0.000393978
-0.000337861
-0.000573836
-0.000542181
-0.000525917
-0.000516456
-0.000515115
-0.00053284
-0.000565761
-0.00059698
-0.000602572
-0.000576985
-0.000519171
-0.000465412
-0.000486278
-0.000529106
-0.000564033
-0.000584935
-0.000588094
-0.00057127
-0.000533327
-0.0005191
-0.000786882
-0.000774517
-0.000743847
-0.000714803
-0.000699984
-0.000709539
-0.000740771
-0.000775708
-0.000786965
-0.000771551
-0.00070079
-0.000625902
-0.000630523
-0.000678168
-0.000713287
-0.000727325
-0.000724482
-0.000722883
-0.000777859
-0.000963365
-0.00108695
-0.000996713
-0.000953262
-0.000913755
-0.000879261
-0.000871288
-0.000890069
-0.000920521
-0.000951213
-0.000953939
-0.000871344
-0.000795032
-0.00078676
-0.000833526
-0.000871448
-0.000890269
-0.000911733
-0.000988777
-0.00115866
-0.00130727
-0.00154391
-0.00137895
-0.00122973
-0.00114225
-0.00109293
-0.00106912
-0.00106796
-0.00108596
-0.00110537
-0.00112277
-0.00103496
-0.000961227
-0.000947598
-0.000988305
-0.00102811
-0.0010573
-0.00110714
-0.00122702
-0.00139253
-0.00136527
-0.00160654
-0.0015955
-0.00141801
-0.00130658
-0.00123627
-0.00119676
-0.00118091
-0.00118349
-0.00121273
-0.00126743
-0.00117553
-0.0011081
-0.00109716
-0.00113077
-0.00116876
-0.00120309
-0.00126481
-0.001387
-0.00152765
-0.00138035
-0.00161461
-0.0017716
-0.00162514
-0.00151546
-0.00146478
-0.00144684
-0.00143823
-0.0014256
-0.00142229
-0.00146889
-0.00137899
-0.00131157
-0.00128364
-0.00129346
-0.00131837
-0.00134868
-0.0014054
-0.00151651
-0.0016457
-0.00134529
-0.0015237
-0.00194
-0.00156943
-0.00150523
-0.00147493
-0.00145568
-0.00143772
-0.00143325
-0.00150816
-0.00169352
-0.00154429
-0.00137124
-0.00133451
-0.00133986
-0.00136287
-0.00139019
-0.00143085
-0.0014968
-0.00168503
-0.00121168
-0.00123269
-0.0022271
-0.0023597
-0.00239143
-0.00255892
-0.00277716
-0.00299653
-0.00319156
-0.00341468
-0.00390786
-0.00363826
-0.00323802
-0.00290497
-0.00256827
-0.00231273
-0.00216203
-0.00208337
-0.00208531
-0.00186304
-0.000880634
-0.000377139
-0.00131552
-0.00195757
-0.00252911
-0.00311457
-0.00375016
-0.00443743
-0.00514772
-0.00583415
-0.0066441
-0.00602249
-0.00543937
-0.00468776
-0.00393128
-0.00324704
-0.00264164
-0.00209534
-0.00155629
-0.000943173
-3.85964e-05
-0.000217562
-0.000276004
-0.000307512
-0.000312749
-0.000296641
-0.00027217
-0.000281084
-0.000298522
-0.00030538
-0.000310814
-0.000290846
-0.000315669
-0.000398066
-0.000471045
-0.000532469
-0.000577578
-0.000602372
-0.000602989
-0.00058121
-0.000579777
-0.000541144
-0.000499972
-0.000494204
-0.000484882
-0.000472498
-0.000483072
-0.000517645
-0.000564515
-0.000586318
-0.000569584
-0.000519613
-0.000471565
-0.000529106
-0.000620313
-0.000699654
-0.000757631
-0.000789299
-0.000789979
-0.000751935
-0.000662647
-0.000712047
-0.000696051
-0.000684217
-0.000669628
-0.000651281
-0.000653195
-0.000683542
-0.000734134
-0.000769161
-0.000768193
-0.000718445
-0.000645828
-0.000678168
-0.000780151
-0.000864602
-0.000914879
-0.000930166
-0.000916079
-0.000895283
-0.000976538
-0.00120394
-0.00103308
-0.000927784
-0.000872153
-0.000839611
-0.000830815
-0.000847007
-0.000883953
-0.000929025
-0.000946699
-0.000892718
-0.000821969
-0.000833526
-0.000932612
-0.0010159
-0.0010569
-0.00106888
-0.00108864
-0.00118001
-0.00128951
-0.001521
-0.00139608
-0.0012235
-0.00110672
-0.00104408
-0.00102064
-0.00102943
-0.00105419
-0.00108175
-0.00109311
-0.00104771
-0.000987878
-0.000988305
-0.00107163
-0.00114744
-0.00118445
-0.00120818
-0.00126785
-0.00139071
-0.00133106
-0.00156871
-0.00159781
-0.00142935
-0.00129578
-0.00121307
-0.00117286
-0.00116164
-0.0011678
-0.00118605
-0.0012041
-0.00117387
-0.00113153
-0.00113077
-0.00119406
-0.00125812
-0.00129408
-0.00133146
-0.0014097
-0.00151596
-0.00133638
-0.00156385
-0.0017621
-0.00163327
-0.00150472
-0.00142761
-0.00139491
-0.00138834
-0.00139136
-0.0013938
-0.0013926
-0.00136568
-0.00132154
-0.00129346
-0.00131819
-0.00136024
-0.00139122
-0.00143422
-0.0015217
-0.00162997
-0.00128442
-0.00145514
-0.00193655
-0.00158536
-0.00151978
-0.00147977
-0.0014547
-0.00143329
-0.00141202
-0.00140782
-0.00144406
-0.00141326
-0.00135452
-0.00133986
-0.0013608
-0.00139735
-0.00142737
-0.00146267
-0.0015152
-0.0016492
-0.0011293
-0.00114207
-0.00211781
-0.00231057
-0.00232081
-0.00245131
-0.00262697
-0.00279765
-0.00291795
-0.00294848
-0.00294616
-0.00286827
-0.00280114
-0.00256827
-0.00229087
-0.00208055
-0.00196249
-0.0019177
-0.00196403
-0.00172761
-0.000773025
-0.00029507
-0.00117306
-0.00176061
-0.00227533
-0.00278166
-0.00331126
-0.00385742
-0.0044003
-0.00490686
-0.00538229
-0.00494407
-0.00449717
-0.00393128
-0.00333596
-0.00277271
-0.0022656
-0.00180541
-0.00133649
-0.000782515
6.19891e-05
-0.000485885
-0.000488332
-0.000494884
-0.000478576
-0.000435778
-0.000366148
-0.00029571
-0.000295501
-0.000298726
-0.000300461
-0.000284829
-0.000311549
-0.000427139
-0.000532469
-0.000623172
-0.000690653
-0.000729928
-0.000741979
-0.000738208
-0.000771281
-0.000651935
-0.000669587
-0.000671742
-0.000641298
-0.000577618
-0.000496951
-0.000491755
-0.000537746
-0.000576331
-0.000577943
-0.000532999
-0.000482069
-0.000564033
-0.000699654
-0.000819393
-0.00090701
-0.000960092
-0.000983353
-0.000986454
-0.000987865
-0.000683023
-0.000751765
-0.00079315
-0.000783689
-0.000726594
-0.00065447
-0.000653803
-0.000698998
-0.000751898
-0.000781728
-0.000750658
-0.000673532
-0.000713287
-0.000864602
-0.00099724
-0.00108258
-0.00112419
-0.00113628
-0.00113061
-0.00113846
-0.00123543
-0.00102421
-0.000961231
-0.000935904
-0.000891285
-0.000838408
-0.000834559
-0.000871747
-0.000915338
-0.000952773
-0.000932558
-0.00086094
-0.000871448
-0.0010159
-0.0011465
-0.00121603
-0.00124469
-0.00126
-0.00127171
-0.00125699
-0.00147861
-0.00137448
-0.00121428
-0.00112527
-0.00107052
-0.00102857
-0.00101977
-0.00104029
-0.00107017
-0.00109489
-0.00108311
-0.00102861
-0.00102811
-0.00114744
-0.00126457
-0.0013224
-0.00134852
-0.00136884
-0.0013993
-0.00128133
-0.0015092
-0.00157883
-0.00142539
-0.00130417
-0.00123138
-0.00118847
-0.00117198
-0.00117558
-0.0011898
-0.00120726
-0.0012028
-0.00116829
-0.00116876
-0.00125812
-0.00135583
-0.00140711
-0.00143875
-0.00146703
-0.001503
-0.00127009
-0.0014829
-0.00174592
-0.00163358
-0.00149476
-0.00140824
-0.00136691
-0.00135695
-0.00136521
-0.00137849
-0.00138814
-0.00138287
-0.00134622
-0.00131837
-0.00136024
-0.00142907
-0.00147306
-0.0015103
-0.00155145
-0.0015974
-0.00119793
-0.00134937
-0.00189412
-0.00159393
-0.0015231
-0.00147363
-0.00144516
-0.00142736
-0.00141088
-0.00139612
-0.00139996
-0.00139288
-0.00136597
-0.00136287
-0.00139735
-0.00145148
-0.00149023
-0.00152364
-0.00154125
-0.00159985
-0.0010193
-0.0010113
-0.0019685
-0.00223015
-0.00220473
-0.00227595
-0.00239762
-0.0025302
-0.00262943
-0.00263804
-0.00254775
-0.00251631
-0.00250923
-0.00231273
-0.00208055
-0.00191963
-0.00184301
-0.00182273
-0.00186627
-0.00157945
-0.000638074
-0.000173059
-0.000976306
-0.00150922
-0.00196732
-0.00239584
-0.00283177
-0.00326468
-0.00366955
-0.00400968
-0.00425457
-0.00395083
-0.00365768
-0.00324704
-0.00277271
-0.0023071
-0.00188643
-0.00150213
-0.00108995
-0.000586845
0.000188842
-0.000683623
-0.000661791
-0.000652459
-0.000621716
-0.000559661
-0.000464258
-0.000338143
-0.000298021
-0.000297192
-0.000297346
-0.00028697
-0.000304192
-0.000445331
-0.000577578
-0.000690653
-0.000765858
-0.000796163
-0.000792457
-0.00077241
-0.000797883
-0.000920852
-0.000904187
-0.000881824
-0.000831882
-0.000742184
-0.000613982
-0.000507361
-0.000531045
-0.000571272
-0.000588631
-0.000553475
-0.000492842
-0.000584935
-0.000757631
-0.00090701
-0.0010029
-0.00104558
-0.0010479
-0.00104044
-0.00104732
-0.000911991
-0.000994513
-0.00102617
-0.000997198
-0.000912475
-0.000779891
-0.000684539
-0.000701487
-0.000744261
-0.000787864
-0.000790148
-0.000707019
-0.000727325
-0.000914879
-0.00108258
-0.00117404
-0.00119829
-0.00119158
-0.00117831
-0.00114628
-0.00132734
-0.00118662
-0.0011574
-0.00113525
-0.00107344
-0.00096372
-0.000885603
-0.000887469
-0.000920836
-0.000954495
-0.000970721
-0.00090824
-0.000890269
-0.0010569
-0.00121603
-0.00127954
-0.00128668
-0.00127933
-0.00126832
-0.00119849
-0.00141804
-0.00140583
-0.00132914
-0.00127916
-0.00122561
-0.00114528
-0.00108456
-0.00107492
-0.00108986
-0.00110704
-0.00111647
-0.0010795
-0.0010573
-0.00118445
-0.0013224
-0.00137477
-0.00138504
-0.00138436
-0.00136915
-0.00120411
-0.00141941
-0.00156843
-0.00148461
-0.00141135
-0.00135212
-0.00129028
-0.00124298
-0.00122578
-0.00122632
-0.00123217
-0.00123584
-0.00121506
-0.00120309
-0.00129408
-0.00140711
-0.00145505
-0.00147238
-0.00147363
-0.00146018
-0.00117161
-0.0013622
-0.00169995
-0.00165356
-0.00155418
-0.00147701
-0.00142195
-0.00139041
-0.00138349
-0.0013894
-0.00139638
-0.00139915
-0.00137917
-0.00134868
-0.00139122
-0.00147306
-0.00151802
-0.00154513
-0.00155696
-0.00153363
-0.00107388
-0.00119429
-0.00180293
-0.00160418
-0.00155511
-0.0015032
-0.00146767
-0.0014444
-0.00142838
-0.0014147
-0.00141021
-0.00140483
-0.0013906
-0.00139019
-0.00142737
-0.00149023
-0.00152997
-0.00155105
-0.00153365
-0.0015147
-0.000868853
-0.000828896
-0.00176282
-0.00210428
-0.00208026
-0.00209146
-0.00216051
-0.00225868
-0.00234772
-0.00237014
-0.00230109
-0.0022844
-0.002308
-0.00216203
-0.00196249
-0.00184301
-0.00179249
-0.00177903
-0.0017914
-0.00140493
-0.000463927
-7.12305e-06
-0.000731106
-0.00122184
-0.00162986
-0.00198881
-0.0023427
-0.00268574
-0.00299074
-0.00321773
-0.00332947
-0.0031181
-0.00293719
-0.00264164
-0.0022656
-0.00188643
-0.00153961
-0.00120974
-0.000824356
-0.00035533
0.000351419
-0.000747096
-0.00072056
-0.000722604
-0.00071173
-0.000658917
-0.000556659
-0.000416228
-0.000298448
-0.000296624
-0.000292745
-0.000289276
-0.000290072
-0.000448935
-0.000602372
-0.000729928
-0.000796163
-0.000797311
-0.000735655
-0.00065598
-0.000640555
-0.00103353
-0.00100884
-0.000992966
-0.000960697
-0.000880403
-0.000739821
-0.000565721
-0.000532427
-0.000564655
-0.000590222
-0.00057992
-0.000505892
-0.000588094
-0.000789299
-0.000960092
-0.00104558
-0.00104448
-0.00100099
-0.00094982
-0.000927135
-0.00119105
-0.00117159
-0.00115928
-0.00113223
-0.0010632
-0.000921418
-0.000753945
-0.000715359
-0.000749667
-0.000789508
-0.000826193
-0.000756892
-0.000724482
-0.000930166
-0.00112419
-0.00119829
-0.00117308
-0.00112706
-0.0010841
-0.0010434
-0.00129413
-0.00129761
-0.00127137
-0.00125388
-0.00121482
-0.00110748
-0.000975949
-0.000940936
-0.000959615
-0.00098041
-0.000997957
-0.000976155
-0.000911733
-0.00106888
-0.00124469
-0.00128668
-0.00126384
-0.00122279
-0.00118485
-0.0010884
-0.00131569
-0.00140461
-0.00140445
-0.001382
-0.00135164
-0.00128029
-0.00118853
-0.00115398
-0.00115427
-0.00115662
-0.0011587
-0.00115349
-0.00110714
-0.00120818
-0.00134852
-0.00138504
-0.00136471
-0.00132097
-0.00127741
-0.00107985
-0.00127971
-0.00149581
-0.00149798
-0.00148566
-0.00146031
-0.0014122
-0.00135
-0.0013161
-0.00130406
-0.00129637
-0.00129092
-0.00128737
-0.00126481
-0.00133146
-0.00143875
-0.00147238
-0.00146355
-0.00142306
-0.00135651
-0.00102149
-0.0011812
-0.00158748
-0.00164942
-0.00162015
-0.0015741
-0.00152594
-0.00148077
-0.00145694
-0.00144967
-0.00144482
-0.00143763
-0.00143149
-0.0014054
-0.00143422
-0.0015103
-0.00154513
-0.00155282
-0.00151881
-0.00140217
-0.000890454
-0.000966166
-0.00162425
-0.00159649
-0.00158278
-0.00156136
-0.00153303
-0.00150281
-0.00147993
-0.00146406
-0.0014563
-0.00144419
-0.00143189
-0.00143085
-0.00146267
-0.00152364
-0.00155105
-0.00154221
-0.00148174
-0.00135054
-0.000649401
-0.000571441
-0.00146962
-0.00191275
-0.00201709
-0.00200668
-0.00203621
-0.00209593
-0.00215947
-0.00217918
-0.00213428
-0.0021239
-0.00217334
-0.00208337
-0.0019177
-0.00182273
-0.00177903
-0.00175548
-0.00163933
-0.00115096
-0.000221883
0.000215522
-0.000429769
-0.000892164
-0.00127069
-0.00159113
-0.00188084
-0.00214918
-0.00237727
-0.00252799
-0.00256672
-0.00241595
-0.00230566
-0.00209534
-0.00180541
-0.00150213
-0.00120974
-0.000903567
-0.000530871
-7.70124e-05
0.000565138
-0.000580772
-0.000585177
-0.000652644
-0.000715819
-0.000711732
-0.000627615
-0.000486415
-0.000332662
-0.000297427
-0.00028628
-0.000286688
-0.000268422
-0.000434429
-0.000602989
-0.000741979
-0.000792457
-0.000735655
-0.000585335
-0.000408993
-0.000329621
-0.000922579
-0.000916842
-0.000946776
-0.00098453
-0.000966517
-0.000842848
-0.000650726
-0.000526222
-0.000555759
-0.000585138
-0.000598903
-0.000533247
-0.00057127
-0.000789979
-0.000983353
-0.0010479
-0.00100099
-0.000886352
-0.000761701
-0.000691984
-0.00107842
-0.0010749
-0.00109077
-0.00112715
-0.00113319
-0.0010245
-0.000834776
-0.000746746
-0.000770692
-0.000803155
-0.000838519
-0.000837051
-0.000722883
-0.000916079
-0.00113628
-0.00119158
-0.00112706
-0.00102105
-0.000915307
-0.000841576
-0.00114192
-0.00117576
-0.00119083
-0.00122813
-0.00125564
-0.00120257
-0.00107073
-0.00102708
-0.00104513
-0.00105361
-0.00105749
-0.00106718
-0.000988777
-0.00108864
-0.00126
-0.00127933
-0.00122279
-0.00111926
-0.00101092
-0.000898355
-0.00112743
-0.00124863
-0.00127893
-0.0013256
-0.00136519
-0.00135723
-0.00128803
-0.00126177
-0.0012636
-0.00125815
-0.00125076
-0.00125641
-0.00122702
-0.00126785
-0.00136884
-0.00138436
-0.00132097
-0.00120709
-0.00107772
-0.000873526
-0.00105195
-0.00129872
-0.00136588
-0.00142524
-0.00146053
-0.00147256
-0.00144336
-0.00142407
-0.00141607
-0.00140491
-0.00139487
-0.00139652
-0.001387
-0.0014097
-0.00146703
-0.00147363
-0.00142306
-0.00129117
-0.00112719
-0.000783115
-0.000901996
-0.00132546
-0.0014509
-0.00152957
-0.00158275
-0.00158591
-0.00156816
-0.0015564
-0.00155367
-0.00154839
-0.00153542
-0.00152754
-0.00151651
-0.0015217
-0.00155145
-0.00155696
-0.00151881
-0.00135644
-0.0011318
-0.00060961
-0.000629271
-0.00128027
-0.00148781
-0.0015418
-0.00151878
-0.00154858
-0.00155474
-0.00154563
-0.00153519
-0.0015298
-0.00151668
-0.00150061
-0.0014968
-0.0015152
-0.00154125
-0.00153365
-0.00148174
-0.00136367
-0.00103656
-0.000320958
-0.000203907
-0.00102661
-0.00153195
-0.0018093
-0.00195077
-0.00203181
-0.00208437
-0.00212842
-0.00213636
-0.00209374
-0.00208454
-0.00213272
-0.00208531
-0.00196403
-0.00186627
-0.0017914
-0.00163933
-0.0013273
-0.000754877
0.000126244
0.000515943
-5.05174e-05
-0.000488253
-0.000855203
-0.00115386
-0.00140748
-0.00162818
-0.00180261
-0.0019054
-0.00190926
-0.00179186
-0.00171184
-0.00155629
-0.00133649
-0.00108995
-0.000824356
-0.000530871
-0.000168656
0.000270982
0.000850512
-0.000217214
-0.000283834
-0.000463849
-0.000644742
-0.000720305
-0.000661921
-0.000508476
-0.000340898
-0.000298338
-0.00027834
-0.000278797
-0.000256804
-0.000393978
-0.00058121
-0.000738208
-0.00077241
-0.00065598
-0.000408993
-0.000112441
5.93805e-05
-0.000646475
-0.00068857
-0.000807622
-0.000939549
-0.000999681
-0.000905626
-0.000693601
-0.000556673
-0.000571698
-0.000588942
-0.000607141
-0.000593351
-0.000533327
-0.000751935
-0.000986454
-0.00104044
-0.00094982
-0.000761701
-0.000543015
-0.00039993
-0.000825734
-0.000857762
-0.000954468
-0.00107278
-0.00114979
-0.00107258
-0.00087423
-0.000801462
-0.000826822
-0.000841121
-0.000853427
-0.000886545
-0.000777859
-0.000895283
-0.00113061
-0.00117831
-0.0010841
-0.000915307
-0.000720493
-0.000580847
-0.000880139
-0.000931874
-0.0010363
-0.0011619
-0.0012504
-0.00125942
-0.00117068
-0.00116223
-0.00118043
-0.00117523
-0.00117327
-0.00119147
-0.00115866
-0.00118001
-0.00127171
-0.00126832
-0.00118485
-0.00101092
-0.000799252
-0.00063102
-0.000835936
-0.000952727
-0.00108795
-0.00124232
-0.00134675
-0.00139973
-0.00138618
-0.00139521
-0.00140556
-0.00139989
-0.00139407
-0.00140045
-0.00139253
-0.00139071
-0.0013993
-0.00136915
-0.00127741
-0.00107772
-0.000817984
-0.000583172
-0.000717187
-0.000945206
-0.0011306
-0.00132713
-0.00144374
-0.00150635
-0.00152685
-0.00154236
-0.00154839
-0.00154233
-0.00153818
-0.00153925
-0.00152765
-0.00151596
-0.001503
-0.00146018
-0.00135651
-0.00112719
-0.000800405
-0.000449709
-0.000507477
-0.000891989
-0.00115773
-0.00140261
-0.00153283
-0.0016019
-0.00163527
-0.00165513
-0.00167154
-0.00168103
-0.00166932
-0.0016544
-0.0016457
-0.00162997
-0.0015974
-0.00153363
-0.00140217
-0.0011318
-0.00073561
-0.000221706
-0.000166308
-0.000739315
-0.00112665
-0.00141147
-0.00156925
-0.00166271
-0.00171735
-0.00174556
-0.00175129
-0.00173497
-0.00171958
-0.00170982
-0.00168503
-0.0016492
-0.00159985
-0.0015147
-0.00135054
-0.00103656
-0.000553156
0.000125313
0.000294736
-0.000401681
-0.000920027
-0.00129459
-0.00154804
-0.00172777
-0.00186338
-0.00196769
-0.00203481
-0.00205707
-0.00199836
-0.00195525
-0.00186304
-0.00172761
-0.00157945
-0.00140493
-0.00115096
-0.000754877
-0.000175822
0.000597806
0.000902269
0.000412605
3.11829e-06
-0.000343965
-0.000621627
-0.000847222
-0.00102626
-0.00115551
-0.00122052
-0.0011998
-0.00110609
-0.00105222
-0.000943173
-0.000782515
-0.000586845
-0.00035533
-7.70124e-05
0.000270982
0.000691058
0.00120979
9.85956e-05
-5.33638e-05
-0.000347272
-0.000618767
-0.000749478
-0.000695003
-0.000488578
-0.000282742
-0.000296486
-0.00026891
-0.000272343
-0.000263613
-0.000337861
-0.000579777
-0.000771281
-0.000797883
-0.000640555
-0.000329621
5.93805e-05
0.000333148
-0.000358012
-0.000480798
-0.000703841
-0.000911272
-0.00102069
-0.000939918
-0.000681576
-0.00062159
-0.000592596
-0.000594204
-0.000608123
-0.000608017
-0.0005191
-0.000662647
-0.000987865
-0.00104732
-0.000927135
-0.000691984
-0.00039993
-0.000163686
-0.000519536
-0.000639433
-0.000848424
-0.00103661
-0.00115294
-0.00110179
-0.000889341
-0.000897419
-0.000908173
-0.000876779
-0.000876893
-0.000929533
-0.000963365
-0.000976538
-0.00113846
-0.00114628
-0.0010434
-0.000841576
-0.000580847
-0.000336798
-0.000525505
-0.000672064
-0.000904095
-0.00109544
-0.00121276
-0.0012834
-0.00131616
-0.00132798
-0.00132332
-0.00131773
-0.00132141
-0.00132144
-0.00130727
-0.00128951
-0.00125699
-0.00119849
-0.0010884
-0.000898355
-0.00063102
-0.000339615
-0.000425978
-0.000625956
-0.000892644
-0.001101
-0.00123195
-0.00131532
-0.00136938
-0.0014048
-0.00142258
-0.00141932
-0.00140052
-0.00138667
-0.00136527
-0.00133106
-0.00128133
-0.00120411
-0.00107985
-0.000873526
-0.000583172
-0.000232323
-0.000238512
-0.000517943
-0.000821533
-0.00106253
-0.00121744
-0.0013194
-0.00138749
-0.00142956
-0.00144632
-0.00143774
-0.00141687
-0.00140498
-0.00138035
-0.00133638
-0.00127009
-0.00117161
-0.00102149
-0.000783115
-0.000449709
-3.68797e-05
4.76479e-05
-0.00032668
-0.0006789
-0.000960924
-0.00114806
-0.00127359
-0.00135885
-0.00141253
-0.00143369
-0.00142085
-0.0013952
-0.00138129
-0.00134529
-0.00128442
-0.00119793
-0.00107388
-0.000890454
-0.00060961
-0.000221706
0.000264159
0.000461018
-1.63052e-05
-0.000425266
-0.000751492
-0.00097652
-0.00113098
-0.00123816
-0.00130716
-0.00133528
-0.00131781
-0.00128174
-0.00126306
-0.00121168
-0.0011293
-0.0010193
-0.000868853
-0.000649401
-0.000320958
0.000125313
0.000694068
0.000958859
0.000426239
-1.97035e-05
-0.00036799
-0.000617235
-0.000795443
-0.000924985
-0.00101447
-0.00105749
-0.00103994
-0.000982283
-0.000951998
-0.000880634
-0.000773025
-0.000638074
-0.000463927
-0.000221883
0.000126244
0.000597806
0.00120056
0.00140289
0.000999124
0.000649598
0.000363365
0.000147386
-1.49297e-05
-0.000134116
-0.000214985
-0.000251263
-0.000223033
-0.000148743
-0.000110193
-3.85964e-05
6.19891e-05
0.000188842
0.000351419
0.000565138
0.000850512
0.00120979
0.00165115
)
;

boundaryField
{
    floor
    {
        type            fixedFluxPressure;
        gradient        uniform 0;
        value           nonuniform List<scalar> 
400
(
-4.9419e-06
-0.000253947
-0.000564968
-0.000699106
-0.000611836
-0.000391368
-0.000209726
-0.000245038
-0.00022289
-0.000223461
-0.000223751
-0.000221525
-0.000239942
-0.000217562
-0.000485885
-0.000683623
-0.000747096
-0.000580772
-0.000217214
9.85956e-05
-0.000253947
-0.000384544
-0.000588529
-0.000662105
-0.000577292
-0.000401633
-0.000215809
-0.000253504
-0.00022867
-0.000225112
-0.000224388
-0.000224825
-0.000238378
-0.000276004
-0.000488332
-0.000661791
-0.00072056
-0.000585177
-0.000283834
-5.33638e-05
-0.000564968
-0.000588529
-0.000651837
-0.000639911
-0.000532037
-0.000367967
-0.000228864
-0.000259865
-0.000238392
-0.000228886
-0.000228717
-0.000234246
-0.000248708
-0.000307512
-0.000494884
-0.000652459
-0.000722604
-0.000652644
-0.000463849
-0.000347272
-0.000699106
-0.000662105
-0.000639911
-0.000571653
-0.000451365
-0.000292597
-0.000253709
-0.000262358
-0.000248493
-0.00023242
-0.00023533
-0.000251252
-0.000265513
-0.000312749
-0.000478576
-0.000621716
-0.00071173
-0.000715819
-0.000644742
-0.000618767
-0.000611836
-0.000577292
-0.000532037
-0.000451365
-0.000342532
-0.000241847
-0.000270706
-0.000269355
-0.000257905
-0.000238828
-0.000246468
-0.000269682
-0.000280188
-0.000296641
-0.000435778
-0.000559661
-0.000658917
-0.000711732
-0.000720305
-0.000749478
-0.000391368
-0.000401633
-0.000367967
-0.000292597
-0.000241847
-0.00025778
-0.00027666
-0.000278144
-0.00027045
-0.000252889
-0.000260932
-0.00028588
-0.000292948
-0.00027217
-0.000366148
-0.000464258
-0.000556659
-0.000627615
-0.000661921
-0.000695003
-0.000209726
-0.000215809
-0.000228864
-0.000253709
-0.000270706
-0.00027666
-0.000286596
-0.000290489
-0.000290706
-0.00028171
-0.000287044
-0.000304355
-0.000305555
-0.000281084
-0.00029571
-0.000338143
-0.000416228
-0.000486415
-0.000508476
-0.000488578
-0.000245038
-0.000253504
-0.000259865
-0.000262358
-0.000269355
-0.000278144
-0.000290489
-0.000305571
-0.000325152
-0.000344498
-0.000347857
-0.000333653
-0.000319032
-0.000298522
-0.000295501
-0.000298021
-0.000298448
-0.000332662
-0.000340898
-0.000282742
-0.00022289
-0.00022867
-0.000238392
-0.000248493
-0.000257905
-0.00027045
-0.000290706
-0.000325152
-0.000383829
-0.000512624
-0.000506176
-0.000378432
-0.000331933
-0.00030538
-0.000298726
-0.000297192
-0.000296624
-0.000297427
-0.000298338
-0.000296486
-0.000223461
-0.000225112
-0.000228886
-0.00023242
-0.000238828
-0.000252889
-0.00028171
-0.000344498
-0.000512624
-0.00340983
-0.00346966
-0.00051023
-0.000357235
-0.000310814
-0.000300461
-0.000297346
-0.000292745
-0.00028628
-0.00027834
-0.00026891
-0.000223751
-0.000224388
-0.000228717
-0.00023533
-0.000246468
-0.000260932
-0.000287044
-0.000347857
-0.000506176
-0.00346966
-0.00337766
-0.000477349
-0.000327196
-0.000290846
-0.000284829
-0.00028697
-0.000289276
-0.000286688
-0.000278797
-0.000272343
-0.000221525
-0.000224825
-0.000234246
-0.000251252
-0.000269682
-0.00028588
-0.000304355
-0.000333653
-0.000378432
-0.00051023
-0.000477349
-0.000349183
-0.000324345
-0.000315669
-0.000311549
-0.000304192
-0.000290072
-0.000268422
-0.000256804
-0.000263613
-0.000239942
-0.000238378
-0.000248708
-0.000265513
-0.000280188
-0.000292948
-0.000305555
-0.000319032
-0.000331933
-0.000357235
-0.000327196
-0.000324345
-0.000362761
-0.000398066
-0.000427139
-0.000445331
-0.000448935
-0.000434429
-0.000393978
-0.000337861
-0.000217562
-0.000276004
-0.000307512
-0.000312749
-0.000296641
-0.00027217
-0.000281084
-0.000298522
-0.00030538
-0.000310814
-0.000290846
-0.000315669
-0.000398066
-0.000471045
-0.000532469
-0.000577578
-0.000602372
-0.000602989
-0.00058121
-0.000579777
-0.000485885
-0.000488332
-0.000494884
-0.000478576
-0.000435778
-0.000366148
-0.00029571
-0.000295501
-0.000298726
-0.000300461
-0.000284829
-0.000311549
-0.000427139
-0.000532469
-0.000623172
-0.000690653
-0.000729928
-0.000741979
-0.000738208
-0.000771281
-0.000683623
-0.000661791
-0.000652459
-0.000621716
-0.000559661
-0.000464258
-0.000338143
-0.000298021
-0.000297192
-0.000297346
-0.00028697
-0.000304192
-0.000445331
-0.000577578
-0.000690653
-0.000765858
-0.000796163
-0.000792457
-0.00077241
-0.000797883
-0.000747096
-0.00072056
-0.000722604
-0.00071173
-0.000658917
-0.000556659
-0.000416228
-0.000298448
-0.000296624
-0.000292745
-0.000289276
-0.000290072
-0.000448935
-0.000602372
-0.000729928
-0.000796163
-0.000797311
-0.000735655
-0.00065598
-0.000640555
-0.000580772
-0.000585177
-0.000652644
-0.000715819
-0.000711732
-0.000627615
-0.000486415
-0.000332662
-0.000297427
-0.00028628
-0.000286688
-0.000268422
-0.000434429
-0.000602989
-0.000741979
-0.000792457
-0.000735655
-0.000585335
-0.000408993
-0.000329621
-0.000217214
-0.000283834
-0.000463849
-0.000644742
-0.000720305
-0.000661921
-0.000508476
-0.000340898
-0.000298338
-0.00027834
-0.000278797
-0.000256804
-0.000393978
-0.00058121
-0.000738208
-0.00077241
-0.00065598
-0.000408993
-0.000112441
5.93805e-05
9.85956e-05
-5.33638e-05
-0.000347272
-0.000618767
-0.000749478
-0.000695003
-0.000488578
-0.000282742
-0.000296486
-0.00026891
-0.000272343
-0.000263613
-0.000337861
-0.000579777
-0.000771281
-0.000797883
-0.000640555
-0.000329621
5.93805e-05
0.000333148
)
;
    }
    ceiling
    {
        type            fixedFluxPressure;
        gradient        nonuniform List<scalar> 
400
(
0.21662
0.218002
0.219384
0.220601
0.221655
0.22255
0.223264
0.223754
0.223933
0.223594
0.22324
0.223301
0.223064
0.222556
0.221834
0.220933
0.219869
0.218628
0.217187
0.215621
0.218002
0.219531
0.221079
0.222481
0.223745
0.224871
0.225821
0.226523
0.226851
0.226609
0.226215
0.226216
0.225824
0.225104
0.22414
0.222994
0.221697
0.220233
0.218574
0.216804
0.219384
0.221079
0.222728
0.22424
0.225645
0.226955
0.228122
0.229044
0.229554
0.229417
0.229006
0.228918
0.228343
0.227402
0.226205
0.224854
0.223388
0.221784
0.220001
0.218072
0.220601
0.222481
0.22424
0.225862
0.227418
0.228932
0.230355
0.231551
0.232304
0.232298
0.231858
0.231647
0.230833
0.229618
0.228157
0.226573
0.224929
0.223188
0.22129
0.219197
0.221655
0.223745
0.225645
0.227418
0.229184
0.231004
0.232781
0.234352
0.235467
0.235726
0.235264
0.234781
0.233591
0.231984
0.230153
0.228242
0.22637
0.224472
0.222441
0.220166
0.22255
0.224871
0.226955
0.228932
0.231004
0.233202
0.235414
0.237486
0.239144
0.23991
0.239459
0.238441
0.23667
0.234526
0.232232
0.229927
0.227747
0.225658
0.22346
0.220984
0.223264
0.225821
0.228122
0.230355
0.232781
0.235414
0.238174
0.24094
0.243459
0.245255
0.244877
0.242772
0.240076
0.23719
0.234319
0.231565
0.229032
0.22671
0.224316
0.221633
0.223754
0.226523
0.229044
0.231551
0.234352
0.237486
0.24094
0.244696
0.248664
0.252604
0.252416
0.248022
0.243804
0.239879
0.23629
0.233028
0.230122
0.227545
0.224951
0.222078
0.223933
0.226851
0.229554
0.232304
0.235467
0.239144
0.243459
0.248664
0.255179
0.263686
0.263904
0.254638
0.247806
0.242407
0.237934
0.234117
0.230845
0.228036
0.225269
0.222248
0.223594
0.226609
0.229417
0.232298
0.235726
0.23991
0.245255
0.252604
0.263686
0.282639
0.284178
0.263904
0.252191
0.244539
0.238952
0.234551
0.230969
0.22801
0.225134
0.222022
0.22324
0.226215
0.229006
0.231858
0.235264
0.239459
0.244877
0.252416
0.263904
0.284178
0.27167
0.257677
0.248745
0.24243
0.237562
0.233602
0.230306
0.227515
0.224754
0.221751
0.223301
0.226216
0.228918
0.231647
0.234781
0.238441
0.242772
0.248022
0.254638
0.263904
0.257677
0.251009
0.245337
0.240487
0.236391
0.232897
0.22989
0.227243
0.224601
0.221709
0.223064
0.225824
0.228343
0.230833
0.233591
0.23667
0.240076
0.243804
0.247806
0.252191
0.248745
0.245337
0.241548
0.237874
0.234528
0.231557
0.228929
0.226533
0.22409
0.221372
0.222556
0.225104
0.227402
0.229618
0.231984
0.234526
0.23719
0.239879
0.242407
0.244539
0.24243
0.240487
0.237874
0.23506
0.232344
0.229855
0.227612
0.225505
0.22329
0.220793
0.221834
0.22414
0.226205
0.228157
0.230153
0.232232
0.234319
0.23629
0.237934
0.238952
0.237562
0.236391
0.234528
0.232344
0.230143
0.228081
0.226185
0.224324
0.222311
0.220036
0.220933
0.222994
0.224854
0.226573
0.228242
0.229927
0.231565
0.233028
0.234117
0.234551
0.233602
0.232897
0.231557
0.229855
0.228081
0.226374
0.22475
0.223051
0.221205
0.219138
0.219869
0.221697
0.223388
0.224929
0.22637
0.227747
0.229032
0.230122
0.230845
0.230969
0.230306
0.22989
0.228929
0.227612
0.226185
0.22475
0.223291
0.221708
0.219984
0.218105
0.218628
0.220233
0.221784
0.223188
0.224472
0.225658
0.22671
0.227545
0.228036
0.22801
0.227515
0.227243
0.226533
0.225505
0.224324
0.223051
0.221708
0.220244
0.218624
0.216921
0.217187
0.218574
0.220001
0.22129
0.222441
0.22346
0.224316
0.224951
0.225269
0.225134
0.224754
0.224601
0.22409
0.22329
0.222311
0.221205
0.219984
0.218624
0.217109
0.215576
0.215621
0.216804
0.218072
0.219197
0.220166
0.220984
0.221633
0.222078
0.222248
0.222022
0.221751
0.221709
0.221372
0.220793
0.220036
0.219138
0.218105
0.216921
0.215576
0.214222
)
;
        value           nonuniform List<scalar> 
400
(
0.0553995
0.0552885
0.055258
0.0552623
0.055303
0.055363
0.0554232
0.0554647
0.0554689
0.0554184
0.0553899
0.0554077
0.0553888
0.055344
0.0552855
0.0552262
0.0551827
0.0551728
0.055199
0.0553081
0.0552885
0.0551372
0.0550802
0.0550562
0.0550712
0.0551084
0.0551516
0.055186
0.0551978
0.0551657
0.0551479
0.055162
0.0551404
0.055103
0.0550588
0.0550175
0.0549945
0.0550077
0.0550562
0.0552002
0.055258
0.0550802
0.0550221
0.0550048
0.0550327
0.0550816
0.0551278
0.0551622
0.055176
0.0551439
0.0551305
0.0551506
0.0551282
0.0550899
0.0550421
0.0549916
0.0549549
0.0549578
0.0550033
0.0551675
0.0552623
0.0550562
0.0550048
0.0550111
0.0550577
0.0551172
0.0551715
0.0552151
0.0552383
0.0552059
0.0551916
0.055212
0.0551792
0.0551291
0.055072
0.0550135
0.0549615
0.0549418
0.0549785
0.0551627
0.055303
0.0550712
0.0550327
0.0550577
0.0551246
0.0551973
0.0552655
0.0553257
0.0553646
0.0553333
0.0553172
0.055334
0.0552832
0.0552143
0.0551425
0.0550716
0.0550014
0.0549643
0.0549886
0.0551889
0.055363
0.0551084
0.0550816
0.0551172
0.0551973
0.0552866
0.055378
0.0554664
0.055536
0.0555254
0.0555076
0.0554996
0.0554175
0.0553203
0.0552263
0.0551389
0.0550559
0.055007
0.0550178
0.055231
0.0554232
0.0551516
0.0551278
0.0551715
0.0552655
0.055378
0.0555023
0.055639
0.0557861
0.055864
0.055845
0.0557371
0.0555816
0.0554401
0.0553151
0.0552054
0.0551088
0.0550494
0.0550526
0.0552741
0.0554647
0.055186
0.0551622
0.0552151
0.0553257
0.0554664
0.055639
0.0558853
0.0562749
0.0566885
0.0566687
0.0561879
0.0558032
0.0555695
0.0554029
0.0552662
0.0551533
0.0550836
0.0550822
0.0553046
0.0554689
0.0551978
0.055176
0.0552383
0.0553646
0.055536
0.0557861
0.0562749
0.0572993
0.0587407
0.0586952
0.0570961
0.0561174
0.0556948
0.0554738
0.0553115
0.0551832
0.0551036
0.0550968
0.0553106
0.0554184
0.0551657
0.0551439
0.0552059
0.0553333
0.0555254
0.055864
0.0566885
0.0587407
0.0621471
0.0619374
0.0582616
0.0564038
0.0557524
0.0554833
0.0553083
0.0551756
0.0550933
0.0550836
0.0552826
0.0553899
0.0551479
0.0551305
0.0551916
0.0553172
0.0555076
0.055845
0.0566687
0.0586952
0.0619374
0.0606148
0.0576087
0.0561637
0.0556633
0.0554396
0.0552825
0.0551606
0.0550869
0.0550823
0.0552891
0.0554077
0.055162
0.0551506
0.055212
0.055334
0.0554996
0.0557371
0.0561879
0.0570961
0.0582616
0.0576087
0.0564876
0.0558949
0.0556246
0.0554401
0.055287
0.0551669
0.055099
0.055098
0.055317
0.0553888
0.0551404
0.0551282
0.0551792
0.0552832
0.0554175
0.0555816
0.0558032
0.0561174
0.0564038
0.0561637
0.0558949
0.0556993
0.0555371
0.055385
0.0552476
0.0551368
0.0550769
0.0550792
0.0553044
0.055344
0.055103
0.0550899
0.0551291
0.0552143
0.0553203
0.0554401
0.0555695
0.0556948
0.0557524
0.0556633
0.0556246
0.0555371
0.055429
0.0553132
0.0551983
0.0550976
0.0550397
0.05504
0.0552601
0.0552855
0.0550588
0.0550421
0.055072
0.0551425
0.0552263
0.0553151
0.0554029
0.0554738
0.0554833
0.0554396
0.0554401
0.055385
0.0553132
0.0552287
0.0551337
0.0550441
0.0549911
0.054991
0.0551979
0.0552262
0.0550175
0.0549916
0.0550135
0.0550716
0.0551389
0.0552054
0.0552662
0.0553115
0.0553083
0.0552825
0.055287
0.0552476
0.0551983
0.0551337
0.0550539
0.0549777
0.0549385
0.0549459
0.055136
0.0551827
0.0549945
0.0549549
0.0549615
0.0550014
0.0550559
0.0551088
0.0551533
0.0551832
0.0551756
0.0551606
0.0551669
0.0551368
0.0550976
0.0550441
0.0549777
0.0549191
0.0548962
0.0549189
0.0550915
0.0551728
0.0550077
0.0549578
0.0549418
0.0549643
0.055007
0.0550494
0.0550836
0.0551036
0.0550933
0.0550869
0.055099
0.0550769
0.0550397
0.0549911
0.0549385
0.0548962
0.0548923
0.0549271
0.0550806
0.055199
0.0550562
0.0550033
0.0549785
0.0549886
0.0550178
0.0550526
0.0550822
0.0550968
0.0550836
0.0550823
0.055098
0.0550792
0.05504
0.054991
0.0549459
0.0549189
0.0549271
0.0549684
0.0551038
0.0553081
0.0552002
0.0551675
0.0551627
0.0551889
0.055231
0.0552741
0.0553046
0.0553106
0.0552826
0.0552891
0.055317
0.0553044
0.0552601
0.0551979
0.055136
0.0550915
0.0550806
0.0551038
0.0552067
)
;
    }
    fixedWalls
    {
        type            fixedFluxPressure;
        gradient        uniform 0;
        value           nonuniform List<scalar> 
800
(
-4.9419e-06
-0.000449728
-0.000609552
-0.000616809
-0.000527702
-0.000363375
-9.75489e-05
0.00030589
0.00080046
0.00124456
-0.000253947
-0.00066032
-0.000825799
-0.000880909
-0.000855076
-0.000753046
-0.000562997
-0.000241282
0.000206115
0.000787901
-0.000564968
-0.000896599
-0.00105678
-0.00113591
-0.00114206
-0.00108452
-0.000949679
-0.000688596
-0.000274429
0.000411915
-0.000699106
-0.000989121
-0.00117297
-0.00131078
-0.00135222
-0.0013288
-0.00124101
-0.00103229
-0.000644394
0.000112018
-0.000611836
-0.000850876
-0.000976313
-0.00120528
-0.00147345
-0.0014836
-0.00143664
-0.00127313
-0.000910235
-0.000110704
-0.000391368
-0.000566651
-0.000738261
-0.00111103
-0.00153665
-0.00158779
-0.00157153
-0.00144227
-0.00110236
-0.000274415
-0.000209726
-0.00057242
-0.00072715
-0.00109552
-0.00156963
-0.00165749
-0.00166426
-0.00156171
-0.00124462
-0.000392738
-0.000245038
-0.000572148
-0.000758529
-0.00100346
-0.00157478
-0.0016987
-0.00172251
-0.00164199
-0.00134852
-0.000473831
-0.00022289
-0.000569311
-0.000803734
-0.00089437
-0.00155733
-0.00171404
-0.00174618
-0.00168053
-0.00140871
-0.000514296
-0.000223461
-0.000566478
-0.000816475
-0.000876425
-0.0015363
-0.00168769
-0.00171059
-0.00164352
-0.00138145
-0.000480019
-0.000223751
-0.00056895
-0.000824702
-0.00093984
-0.00154458
-0.00164814
-0.00165754
-0.00157815
-0.00130593
-0.000420041
-0.000221525
-0.000568986
-0.000818923
-0.00100889
-0.00154995
-0.00162893
-0.00164027
-0.00155951
-0.00128453
-0.000417534
-0.000239942
-0.000573836
-0.000786882
-0.00108695
-0.00154391
-0.00160654
-0.00161461
-0.0015237
-0.00123269
-0.000377139
-0.000217562
-0.000541144
-0.000712047
-0.00120394
-0.001521
-0.00156871
-0.00156385
-0.00145514
-0.00114207
-0.00029507
-0.000485885
-0.000651935
-0.000683023
-0.00123543
-0.00147861
-0.0015092
-0.0014829
-0.00134937
-0.0010113
-0.000173059
-0.000683623
-0.000920852
-0.000911991
-0.00132734
-0.00141804
-0.00141941
-0.0013622
-0.00119429
-0.000828896
-7.12305e-06
-0.000747096
-0.00103353
-0.00119105
-0.00129413
-0.00131569
-0.00127971
-0.0011812
-0.000966166
-0.000571441
0.000215522
-0.000580772
-0.000922579
-0.00107842
-0.00114192
-0.00112743
-0.00105195
-0.000901996
-0.000629271
-0.000203907
0.000515943
-0.000217214
-0.000646475
-0.000825734
-0.000880139
-0.000835936
-0.000717187
-0.000507477
-0.000166308
0.000294736
0.000902269
9.85956e-05
-0.000358012
-0.000519536
-0.000525505
-0.000425978
-0.000238512
4.76479e-05
0.000461018
0.000958859
0.00140289
9.85956e-05
-0.000358012
-0.000519536
-0.000525505
-0.000425978
-0.000238512
4.76479e-05
0.000461018
0.000958859
0.00140289
-5.33638e-05
-0.000480798
-0.000639433
-0.000672064
-0.000625956
-0.000517943
-0.00032668
-1.63052e-05
0.000426239
0.000999124
-0.000347272
-0.000703841
-0.000848424
-0.000904095
-0.000892644
-0.000821533
-0.0006789
-0.000425266
-1.97035e-05
0.000649598
-0.000618767
-0.000911272
-0.00103661
-0.00109544
-0.001101
-0.00106253
-0.000960924
-0.000751492
-0.00036799
0.000363365
-0.000749478
-0.00102069
-0.00115294
-0.00121276
-0.00123195
-0.00121744
-0.00114806
-0.00097652
-0.000617235
0.000147386
-0.000695003
-0.000939918
-0.00110179
-0.0012834
-0.00131532
-0.0013194
-0.00127359
-0.00113098
-0.000795443
-1.49297e-05
-0.000488578
-0.000681576
-0.000889341
-0.00131616
-0.00136938
-0.00138749
-0.00135885
-0.00123816
-0.000924985
-0.000134116
-0.000282742
-0.00062159
-0.000897419
-0.00132798
-0.0014048
-0.00142956
-0.00141253
-0.00130716
-0.00101447
-0.000214985
-0.000296486
-0.000592596
-0.000908173
-0.00132332
-0.00142258
-0.00144632
-0.00143369
-0.00133528
-0.00105749
-0.000251263
-0.00026891
-0.000594204
-0.000876779
-0.00131773
-0.00141932
-0.00143774
-0.00142085
-0.00131781
-0.00103994
-0.000223033
-0.000272343
-0.000608123
-0.000876893
-0.00132141
-0.00140052
-0.00141687
-0.0013952
-0.00128174
-0.000982283
-0.000148743
-0.000263613
-0.000608017
-0.000929533
-0.00132144
-0.00138667
-0.00140498
-0.00138129
-0.00126306
-0.000951998
-0.000110193
-0.000337861
-0.0005191
-0.000963365
-0.00130727
-0.00136527
-0.00138035
-0.00134529
-0.00121168
-0.000880634
-3.85964e-05
-0.000579777
-0.000662647
-0.000976538
-0.00128951
-0.00133106
-0.00133638
-0.00128442
-0.0011293
-0.000773025
6.19891e-05
-0.000771281
-0.000987865
-0.00113846
-0.00125699
-0.00128133
-0.00127009
-0.00119793
-0.0010193
-0.000638074
0.000188842
-0.000797883
-0.00104732
-0.00114628
-0.00119849
-0.00120411
-0.00117161
-0.00107388
-0.000868853
-0.000463927
0.000351419
-0.000640555
-0.000927135
-0.0010434
-0.0010884
-0.00107985
-0.00102149
-0.000890454
-0.000649401
-0.000221883
0.000565138
-0.000329621
-0.000691984
-0.000841576
-0.000898355
-0.000873526
-0.000783115
-0.00060961
-0.000320958
0.000126244
0.000850512
5.93805e-05
-0.00039993
-0.000580847
-0.00063102
-0.000583172
-0.000449709
-0.000221706
0.000125313
0.000597806
0.00120979
0.000333148
-0.000163686
-0.000336798
-0.000339615
-0.000232323
-3.68797e-05
0.000264159
0.000694068
0.00120056
0.00165115
-4.9419e-06
-0.000449728
-0.000609552
-0.000616809
-0.000527702
-0.000363375
-9.75489e-05
0.00030589
0.00080046
0.00124456
-0.000253947
-0.00066032
-0.000825799
-0.000880909
-0.000855076
-0.000753046
-0.000562997
-0.000241282
0.000206115
0.000787901
-0.000564968
-0.000896599
-0.00105678
-0.00113591
-0.00114206
-0.00108452
-0.000949679
-0.000688596
-0.000274429
0.000411915
-0.000699106
-0.000989121
-0.00117297
-0.00131078
-0.00135222
-0.0013288
-0.00124101
-0.00103229
-0.000644394
0.000112018
-0.000611836
-0.000850876
-0.000976313
-0.00120528
-0.00147345
-0.0014836
-0.00143664
-0.00127313
-0.000910235
-0.000110704
-0.000391368
-0.000566651
-0.000738261
-0.00111103
-0.00153665
-0.00158779
-0.00157153
-0.00144227
-0.00110236
-0.000274415
-0.000209726
-0.00057242
-0.00072715
-0.00109552
-0.00156963
-0.00165749
-0.00166426
-0.00156171
-0.00124462
-0.000392738
-0.000245038
-0.000572148
-0.000758529
-0.00100346
-0.00157478
-0.0016987
-0.00172251
-0.00164199
-0.00134852
-0.000473831
-0.00022289
-0.000569311
-0.000803734
-0.00089437
-0.00155733
-0.00171404
-0.00174618
-0.00168053
-0.00140871
-0.000514296
-0.000223461
-0.000566478
-0.000816475
-0.000876425
-0.0015363
-0.00168769
-0.00171059
-0.00164352
-0.00138145
-0.000480019
-0.000223751
-0.00056895
-0.000824702
-0.00093984
-0.00154458
-0.00164814
-0.00165754
-0.00157815
-0.00130593
-0.000420041
-0.000221525
-0.000568986
-0.000818923
-0.00100889
-0.00154995
-0.00162893
-0.00164027
-0.00155951
-0.00128453
-0.000417534
-0.000239942
-0.000573836
-0.000786882
-0.00108695
-0.00154391
-0.00160654
-0.00161461
-0.0015237
-0.00123269
-0.000377139
-0.000217562
-0.000541144
-0.000712047
-0.00120394
-0.001521
-0.00156871
-0.00156385
-0.00145514
-0.00114207
-0.00029507
-0.000485885
-0.000651935
-0.000683023
-0.00123543
-0.00147861
-0.0015092
-0.0014829
-0.00134937
-0.0010113
-0.000173059
-0.000683623
-0.000920852
-0.000911991
-0.00132734
-0.00141804
-0.00141941
-0.0013622
-0.00119429
-0.000828896
-7.12305e-06
-0.000747096
-0.00103353
-0.00119105
-0.00129413
-0.00131569
-0.00127971
-0.0011812
-0.000966166
-0.000571441
0.000215522
-0.000580772
-0.000922579
-0.00107842
-0.00114192
-0.00112743
-0.00105195
-0.000901996
-0.000629271
-0.000203907
0.000515943
-0.000217214
-0.000646475
-0.000825734
-0.000880139
-0.000835936
-0.000717187
-0.000507477
-0.000166308
0.000294736
0.000902269
9.85956e-05
-0.000358012
-0.000519536
-0.000525505
-0.000425978
-0.000238512
4.76479e-05
0.000461018
0.000958859
0.00140289
9.85956e-05
-0.000358012
-0.000519536
-0.000525505
-0.000425978
-0.000238512
4.76479e-05
0.000461018
0.000958859
0.00140289
-5.33638e-05
-0.000480798
-0.000639433
-0.000672064
-0.000625956
-0.000517943
-0.00032668
-1.63052e-05
0.000426239
0.000999124
-0.000347272
-0.000703841
-0.000848424
-0.000904095
-0.000892644
-0.000821533
-0.0006789
-0.000425266
-1.97035e-05
0.000649598
-0.000618767
-0.000911272
-0.00103661
-0.00109544
-0.001101
-0.00106253
-0.000960924
-0.000751492
-0.00036799
0.000363365
-0.000749478
-0.00102069
-0.00115294
-0.00121276
-0.00123195
-0.00121744
-0.00114806
-0.00097652
-0.000617235
0.000147386
-0.000695003
-0.000939918
-0.00110179
-0.0012834
-0.00131532
-0.0013194
-0.00127359
-0.00113098
-0.000795443
-1.49297e-05
-0.000488578
-0.000681576
-0.000889341
-0.00131616
-0.00136938
-0.00138749
-0.00135885
-0.00123816
-0.000924985
-0.000134116
-0.000282742
-0.00062159
-0.000897419
-0.00132798
-0.0014048
-0.00142956
-0.00141253
-0.00130716
-0.00101447
-0.000214985
-0.000296486
-0.000592596
-0.000908173
-0.00132332
-0.00142258
-0.00144632
-0.00143369
-0.00133528
-0.00105749
-0.000251263
-0.00026891
-0.000594204
-0.000876779
-0.00131773
-0.00141932
-0.00143774
-0.00142085
-0.00131781
-0.00103994
-0.000223033
-0.000272343
-0.000608123
-0.000876893
-0.00132141
-0.00140052
-0.00141687
-0.0013952
-0.00128174
-0.000982283
-0.000148743
-0.000263613
-0.000608017
-0.000929533
-0.00132144
-0.00138667
-0.00140498
-0.00138129
-0.00126306
-0.000951998
-0.000110193
-0.000337861
-0.0005191
-0.000963365
-0.00130727
-0.00136527
-0.00138035
-0.00134529
-0.00121168
-0.000880634
-3.85964e-05
-0.000579777
-0.000662647
-0.000976538
-0.00128951
-0.00133106
-0.00133638
-0.00128442
-0.0011293
-0.000773025
6.19891e-05
-0.000771281
-0.000987865
-0.00113846
-0.00125699
-0.00128133
-0.00127009
-0.00119793
-0.0010193
-0.000638074
0.000188842
-0.000797883
-0.00104732
-0.00114628
-0.00119849
-0.00120411
-0.00117161
-0.00107388
-0.000868853
-0.000463927
0.000351419
-0.000640555
-0.000927135
-0.0010434
-0.0010884
-0.00107985
-0.00102149
-0.000890454
-0.000649401
-0.000221883
0.000565138
-0.000329621
-0.000691984
-0.000841576
-0.000898355
-0.000873526
-0.000783115
-0.00060961
-0.000320958
0.000126244
0.000850512
5.93805e-05
-0.00039993
-0.000580847
-0.00063102
-0.000583172
-0.000449709
-0.000221706
0.000125313
0.000597806
0.00120979
0.000333148
-0.000163686
-0.000336798
-0.000339615
-0.000232323
-3.68797e-05
0.000264159
0.000694068
0.00120056
0.00165115
)
;
    }
}


// ************************************************************************* //
