/*--------------------------------*- C++ -*----------------------------------*\
  =========                 |
  \\      /  F ield         | OpenFOAM: The Open Source CFD Toolbox
   \\    /   O peration     | Website:  https://openfoam.org
    \\  /    A nd           | Version:  8
     \\/     M anipulation  |
\*---------------------------------------------------------------------------*/
FoamFile
{
    version     2.0;
    format      ascii;
    class       volScalarField;
    location    "2000";
    object      T;
}
// * * * * * * * * * * * * * * * * * * * * * * * * * * * * * * * * * * * * * //

dimensions      [0 0 0 1 0 0 0];

internalField   nonuniform List<scalar> 
4000
(
300.373
300.374
300.375
300.373
300.37
300.356
300.339
300.342
300.34
300.34
300.34
300.34
300.341
300.34
300.364
300.37
300.373
300.374
300.374
300.372
300.374
300.377
300.379
300.379
300.374
300.364
300.364
300.364
300.364
300.364
300.364
300.364
300.364
300.363
300.367
300.375
300.378
300.379
300.376
300.373
300.374
300.377
300.381
300.382
300.377
300.37
300.37
300.371
300.372
300.372
300.372
300.372
300.371
300.369
300.369
300.374
300.382
300.381
300.377
300.372
300.373
300.377
300.381
300.383
300.381
300.379
300.378
300.376
300.374
300.374
300.375
300.376
300.378
300.38
300.381
300.383
300.383
300.381
300.377
300.372
300.373
300.377
300.381
300.383
300.385
300.386
300.386
300.385
300.385
300.385
300.385
300.385
300.385
300.385
300.385
300.384
300.383
300.38
300.377
300.371
300.373
300.377
300.38
300.383
300.384
300.385
300.386
300.386
300.387
300.386
300.386
300.385
300.385
300.385
300.384
300.383
300.382
300.38
300.376
300.371
300.372
300.376
300.379
300.382
300.383
300.384
300.385
300.386
300.386
300.386
300.385
300.385
300.385
300.384
300.383
300.382
300.381
300.379
300.375
300.37
300.371
300.375
300.378
300.38
300.382
300.383
300.384
300.385
300.385
300.385
300.384
300.384
300.384
300.383
300.382
300.381
300.38
300.377
300.374
300.37
300.37
300.373
300.376
300.379
300.381
300.382
300.383
300.384
300.384
300.384
300.383
300.383
300.383
300.382
300.381
300.38
300.378
300.375
300.372
300.368
300.368
300.37
300.373
300.375
300.377
300.378
300.379
300.38
300.38
300.38
300.379
300.379
300.379
300.378
300.377
300.375
300.374
300.371
300.369
300.366
300.374
300.375
300.374
300.372
300.369
300.358
300.339
300.342
300.341
300.34
300.34
300.34
300.341
300.346
300.364
300.37
300.372
300.374
300.374
300.373
300.377
300.378
300.379
300.378
300.374
300.365
300.362
300.363
300.364
300.364
300.364
300.363
300.362
300.361
300.368
300.375
300.378
300.378
300.377
300.374
300.377
300.379
300.381
300.382
300.377
300.371
300.369
300.37
300.371
300.372
300.372
300.372
300.371
300.369
300.371
300.377
300.381
300.38
300.377
300.374
300.377
300.379
300.381
300.383
300.38
300.377
300.376
300.375
300.374
300.374
300.375
300.375
300.376
300.377
300.377
300.38
300.383
300.381
300.378
300.374
300.377
300.379
300.382
300.384
300.384
300.383
300.382
300.382
300.381
300.38
300.381
300.381
300.382
300.382
300.382
300.383
300.383
300.382
300.378
300.374
300.377
300.379
300.382
300.384
300.385
300.385
300.385
300.384
300.384
300.384
300.384
300.384
300.384
300.384
300.384
300.384
300.384
300.382
300.378
300.374
300.376
300.379
300.382
300.384
300.386
300.386
300.386
300.386
300.385
300.385
300.385
300.385
300.385
300.385
300.385
300.385
300.384
300.382
300.378
300.373
300.375
300.379
300.382
300.385
300.386
300.387
300.387
300.387
300.387
300.386
300.386
300.386
300.387
300.387
300.386
300.386
300.384
300.382
300.378
300.372
300.373
300.378
300.381
300.384
300.386
300.387
300.388
300.389
300.39
300.39
300.389
300.389
300.389
300.388
300.387
300.385
300.383
300.38
300.376
300.371
300.37
300.373
300.376
300.378
300.38
300.382
300.384
300.385
300.385
300.385
300.384
300.384
300.384
300.382
300.381
300.379
300.377
300.374
300.371
300.368
300.375
300.374
300.373
300.371
300.366
300.355
300.34
300.343
300.342
300.341
300.34
300.341
300.342
300.349
300.364
300.369
300.372
300.373
300.374
300.374
300.379
300.379
300.379
300.377
300.372
300.363
300.362
300.363
300.364
300.364
300.364
300.364
300.362
300.361
300.369
300.375
300.378
300.379
300.378
300.376
300.381
300.381
300.382
300.38
300.376
300.37
300.369
300.37
300.371
300.372
300.372
300.372
300.37
300.369
300.372
300.378
300.381
300.38
300.379
300.377
300.381
300.381
300.382
300.382
300.379
300.376
300.375
300.374
300.374
300.375
300.375
300.375
300.375
300.375
300.376
300.379
300.382
300.381
300.379
300.377
300.381
300.382
300.383
300.384
300.383
300.381
300.38
300.379
300.379
300.378
300.379
300.379
300.38
300.38
300.38
300.382
300.383
300.382
300.379
300.377
300.38
300.382
300.383
300.384
300.384
300.383
300.383
300.382
300.381
300.381
300.381
300.382
300.382
300.382
300.382
300.383
300.384
300.382
300.38
300.377
300.379
300.382
300.384
300.385
300.385
300.385
300.385
300.384
300.384
300.384
300.384
300.384
300.384
300.384
300.384
300.385
300.385
300.383
300.38
300.376
300.378
300.382
300.384
300.385
300.385
300.385
300.385
300.384
300.384
300.384
300.383
300.383
300.384
300.384
300.384
300.384
300.384
300.383
300.38
300.375
300.376
300.381
300.385
300.387
300.388
300.389
300.39
300.39
300.39
300.39
300.389
300.39
300.39
300.389
300.389
300.388
300.386
300.384
300.38
300.374
300.373
300.376
300.378
300.381
300.383
300.386
300.388
300.389
300.39
300.39
300.389
300.389
300.388
300.386
300.384
300.382
300.38
300.377
300.374
300.37
300.373
300.372
300.371
300.368
300.362
300.347
300.343
300.344
300.343
300.341
300.341
300.343
300.344
300.349
300.362
300.368
300.37
300.373
300.374
300.374
300.379
300.378
300.377
300.373
300.367
300.361
300.361
300.364
300.365
300.365
300.365
300.364
300.362
300.361
300.368
300.374
300.377
300.379
300.379
300.378
300.382
300.382
300.38
300.378
300.373
300.369
300.369
300.37
300.371
300.372
300.372
300.371
300.37
300.368
300.372
300.377
300.381
300.381
300.38
300.38
300.383
300.383
300.382
300.381
300.378
300.375
300.374
300.374
300.375
300.375
300.376
300.375
300.374
300.374
300.375
300.379
300.381
300.381
300.381
300.38
300.383
300.384
300.384
300.383
300.381
300.379
300.378
300.378
300.378
300.378
300.378
300.379
300.379
300.378
300.378
300.381
300.383
300.382
300.381
300.38
300.383
300.384
300.384
300.384
300.383
300.382
300.381
300.381
300.38
300.38
300.38
300.38
300.381
300.381
300.381
300.382
300.383
300.383
300.382
300.379
300.382
300.384
300.385
300.385
300.385
300.384
300.384
300.383
300.383
300.382
300.382
300.383
300.383
300.383
300.383
300.384
300.384
300.383
300.382
300.379
300.38
300.385
300.385
300.385
300.385
300.384
300.384
300.383
300.383
300.383
300.383
300.383
300.383
300.383
300.383
300.384
300.384
300.383
300.382
300.378
300.379
300.384
300.387
300.388
300.388
300.389
300.39
300.39
300.391
300.39
300.389
300.39
300.39
300.389
300.389
300.388
300.387
300.385
300.382
300.376
300.375
300.378
300.381
300.384
300.386
300.389
300.391
300.393
300.395
300.395
300.394
300.394
300.392
300.39
300.388
300.385
300.382
300.379
300.376
300.372
300.37
300.369
300.366
300.362
300.353
300.342
300.345
300.345
300.344
300.341
300.342
300.344
300.345
300.347
300.359
300.365
300.369
300.371
300.372
300.374
300.374
300.374
300.372
300.367
300.362
300.36
300.362
300.364
300.365
300.365
300.365
300.364
300.362
300.36
300.366
300.371
300.375
300.377
300.379
300.379
300.377
300.377
300.376
300.373
300.369
300.368
300.369
300.37
300.371
300.372
300.372
300.371
300.369
300.368
300.37
300.375
300.379
300.381
300.381
300.381
300.381
300.38
300.379
300.378
300.375
300.373
300.373
300.374
300.375
300.376
300.376
300.375
300.374
300.373
300.374
300.378
300.381
300.382
300.382
300.382
300.385
300.384
300.383
300.381
300.379
300.378
300.378
300.378
300.378
300.378
300.378
300.378
300.378
300.377
300.378
300.38
300.382
300.383
300.382
300.381
300.384
300.385
300.384
300.383
300.382
300.381
300.38
300.38
300.38
300.379
300.38
300.38
300.38
300.38
300.38
300.382
300.383
300.383
300.383
300.381
300.383
300.386
300.385
300.385
300.384
300.383
300.383
300.382
300.382
300.382
300.382
300.382
300.382
300.382
300.382
300.383
300.384
300.384
300.383
300.38
300.382
300.386
300.385
300.385
300.384
300.384
300.384
300.383
300.383
300.382
300.382
300.382
300.383
300.383
300.383
300.383
300.384
300.383
300.384
300.379
300.381
300.386
300.388
300.388
300.388
300.389
300.391
300.392
300.392
300.391
300.391
300.391
300.391
300.39
300.389
300.388
300.387
300.386
300.384
300.378
300.377
300.38
300.383
300.386
300.389
300.392
300.395
300.398
300.4
300.4
300.4
300.399
300.397
300.394
300.391
300.388
300.385
300.381
300.378
300.374
300.356
300.358
300.355
300.347
300.342
300.344
300.346
300.346
300.344
300.342
300.343
300.346
300.346
300.344
300.353
300.36
300.365
300.368
300.37
300.371
300.364
300.365
300.363
300.361
300.36
300.361
300.363
300.365
300.365
300.365
300.366
300.365
300.363
300.361
300.362
300.367
300.371
300.374
300.375
300.375
300.37
300.371
300.37
300.369
300.368
300.368
300.369
300.371
300.372
300.372
300.372
300.371
300.37
300.368
300.368
300.372
300.375
300.378
300.379
300.38
300.379
300.377
300.376
300.375
300.373
300.373
300.373
300.374
300.375
300.376
300.376
300.375
300.374
300.373
300.373
300.376
300.379
300.381
300.382
300.383
300.386
300.383
300.381
300.379
300.378
300.377
300.377
300.377
300.378
300.378
300.379
300.378
300.377
300.377
300.377
300.379
300.381
300.382
300.383
300.382
300.385
300.385
300.383
300.382
300.381
300.38
300.38
300.38
300.379
300.379
300.38
300.38
300.379
300.379
300.379
300.381
300.382
300.383
300.383
300.382
300.384
300.386
300.385
300.384
300.383
300.383
300.382
300.382
300.382
300.382
300.382
300.382
300.382
300.382
300.382
300.382
300.383
300.384
300.384
300.381
300.383
300.387
300.385
300.384
300.384
300.384
300.383
300.383
300.382
300.382
300.382
300.382
300.382
300.383
300.383
300.383
300.383
300.383
300.384
300.381
300.382
300.387
300.389
300.389
300.389
300.391
300.392
300.393
300.394
300.393
300.392
300.393
300.393
300.392
300.39
300.388
300.387
300.387
300.385
300.379
300.378
300.382
300.386
300.389
300.392
300.396
300.4
300.403
300.406
300.408
300.407
300.405
300.402
300.398
300.395
300.391
300.387
300.383
300.38
300.375
300.339
300.339
300.34
300.343
300.345
300.346
300.347
300.346
300.345
300.344
300.344
300.346
300.347
300.345
300.346
300.349
300.356
300.361
300.362
300.359
300.364
300.362
300.362
300.361
300.362
300.363
300.365
300.366
300.366
300.366
300.366
300.366
300.364
300.362
300.361
300.362
300.364
300.367
300.368
300.366
300.37
300.369
300.369
300.369
300.369
300.369
300.371
300.372
300.372
300.373
300.373
300.372
300.371
300.369
300.368
300.369
300.371
300.373
300.374
300.374
300.378
300.376
300.375
300.374
300.373
300.373
300.374
300.375
300.375
300.376
300.376
300.375
300.374
300.373
300.373
300.374
300.376
300.378
300.38
300.383
300.386
300.382
300.38
300.378
300.378
300.377
300.377
300.378
300.378
300.378
300.379
300.378
300.378
300.377
300.377
300.378
300.379
300.381
300.382
300.383
300.386
300.385
300.383
300.381
300.38
300.38
300.38
300.379
300.379
300.38
300.38
300.38
300.379
300.379
300.379
300.38
300.381
300.383
300.383
300.383
300.385
300.386
300.385
300.384
300.383
300.382
300.382
300.382
300.382
300.382
300.382
300.382
300.382
300.382
300.381
300.382
300.383
300.384
300.384
300.382
300.384
300.387
300.385
300.384
300.384
300.383
300.383
300.383
300.382
300.383
300.383
300.382
300.382
300.382
300.382
300.383
300.383
300.384
300.385
300.381
300.383
300.388
300.39
300.39
300.391
300.392
300.394
300.395
300.396
300.397
300.396
300.395
300.394
300.393
300.391
300.389
300.388
300.388
300.386
300.38
300.379
300.384
300.388
300.391
300.395
300.4
300.405
300.409
300.414
300.417
300.416
300.412
300.408
300.403
300.398
300.393
300.389
300.385
300.381
300.377
300.342
300.342
300.343
300.344
300.345
300.346
300.346
300.346
300.346
300.345
300.345
300.347
300.347
300.346
300.346
300.345
300.345
300.347
300.347
300.34
300.364
300.363
300.363
300.364
300.364
300.365
300.366
300.366
300.366
300.366
300.367
300.366
300.366
300.365
300.363
300.362
300.362
300.361
300.362
300.364
300.371
300.37
300.37
300.37
300.37
300.371
300.372
300.372
300.372
300.373
300.373
300.373
300.372
300.371
300.369
300.369
300.369
300.37
300.371
300.374
300.376
300.375
300.374
300.374
300.374
300.374
300.375
300.375
300.376
300.377
300.377
300.376
300.375
300.374
300.374
300.374
300.375
300.377
300.379
300.383
300.385
300.382
300.379
300.378
300.378
300.377
300.378
300.378
300.378
300.379
300.379
300.379
300.378
300.377
300.377
300.378
300.379
300.38
300.382
300.384
300.386
300.384
300.382
300.381
300.38
300.38
300.379
300.379
300.379
300.381
300.381
300.38
300.379
300.379
300.379
300.38
300.381
300.382
300.383
300.383
300.386
300.386
300.384
300.383
300.382
300.382
300.382
300.382
300.382
300.383
300.383
300.382
300.382
300.382
300.381
300.382
300.383
300.384
300.384
300.383
300.385
300.387
300.384
300.383
300.383
300.383
300.383
300.383
300.383
300.387
300.387
300.383
300.382
300.382
300.382
300.382
300.383
300.383
300.385
300.382
300.384
300.389
300.39
300.39
300.392
300.393
300.395
300.397
300.4
300.406
300.406
300.399
300.396
300.394
300.392
300.39
300.388
300.388
300.387
300.381
300.38
300.385
300.389
300.393
300.398
300.403
300.409
300.416
300.422
300.429
300.429
300.421
300.414
300.408
300.401
300.396
300.391
300.387
300.382
300.377
300.34
300.341
300.342
300.343
300.344
300.344
300.345
300.346
300.347
300.35
300.35
300.347
300.347
300.347
300.346
300.345
300.344
300.343
300.343
300.343
300.364
300.364
300.364
300.365
300.365
300.365
300.366
300.366
300.367
300.374
300.374
300.367
300.366
300.366
300.365
300.364
300.363
300.362
300.362
300.363
300.372
300.371
300.371
300.371
300.371
300.372
300.372
300.372
300.373
300.381
300.381
300.373
300.372
300.372
300.371
300.371
300.37
300.37
300.372
300.374
300.374
300.374
300.374
300.375
300.375
300.375
300.375
300.376
300.377
300.386
300.386
300.377
300.376
300.375
300.375
300.375
300.375
300.377
300.38
300.383
300.385
300.381
300.379
300.378
300.378
300.378
300.378
300.378
300.38
300.39
300.39
300.38
300.378
300.378
300.378
300.378
300.379
300.381
300.383
300.384
300.387
300.384
300.381
300.38
300.38
300.379
300.379
300.379
300.382
300.394
300.393
300.382
300.38
300.379
300.38
300.38
300.381
300.382
300.384
300.383
300.386
300.385
300.384
300.383
300.382
300.382
300.382
300.382
300.384
300.397
300.399
300.385
300.382
300.382
300.382
300.382
300.382
300.384
300.384
300.383
300.385
300.387
300.384
300.383
300.383
300.382
300.382
300.383
300.388
300.407
300.409
300.388
300.383
300.382
300.382
300.382
300.383
300.383
300.385
300.382
300.384
300.39
300.39
300.391
300.392
300.394
300.396
300.4
300.409
300.428
300.429
300.406
300.398
300.394
300.392
300.39
300.388
300.388
300.387
300.381
300.38
300.385
300.39
300.395
300.4
300.406
300.414
300.422
300.434
300.448
300.448
300.433
300.421
300.412
300.404
300.398
300.392
300.387
300.383
300.378
300.34
300.34
300.341
300.341
300.341
300.342
300.344
300.345
300.35
300.664
300.671
300.353
300.348
300.347
300.346
300.346
300.345
300.343
300.342
300.342
300.364
300.364
300.364
300.365
300.365
300.365
300.366
300.366
300.374
300.58
300.591
300.373
300.365
300.365
300.365
300.365
300.365
300.364
300.363
300.364
300.372
300.372
300.372
300.372
300.372
300.372
300.373
300.373
300.381
300.543
300.554
300.38
300.372
300.372
300.372
300.372
300.372
300.372
300.372
300.373
300.374
300.374
300.375
300.375
300.376
300.376
300.376
300.377
300.386
300.522
300.533
300.385
300.376
300.376
300.376
300.376
300.376
300.377
300.38
300.383
300.385
300.38
300.378
300.378
300.378
300.378
300.378
300.379
300.39
300.509
300.518
300.389
300.379
300.378
300.378
300.378
300.379
300.381
300.383
300.384
300.386
300.384
300.381
300.38
300.379
300.379
300.38
300.381
300.394
300.5
300.507
300.392
300.381
300.38
300.38
300.38
300.381
300.382
300.383
300.383
300.386
300.385
300.384
300.382
300.382
300.382
300.382
300.383
300.397
300.494
300.499
300.395
300.383
300.382
300.382
300.382
300.382
300.384
300.384
300.383
300.385
300.386
300.384
300.383
300.382
300.382
300.383
300.387
300.407
300.491
300.494
300.399
300.384
300.382
300.382
300.382
300.383
300.383
300.385
300.382
300.384
300.39
300.39
300.39
300.391
300.393
300.397
300.406
300.428
300.488
300.491
300.423
300.402
300.394
300.391
300.389
300.388
300.388
300.387
300.381
300.38
300.385
300.39
300.395
300.4
300.408
300.417
300.429
300.448
300.48
300.483
300.448
300.428
300.415
300.406
300.398
300.392
300.387
300.382
300.377
300.34
300.34
300.34
300.341
300.342
300.343
300.344
300.345
300.35
300.671
300.666
300.351
300.346
300.345
300.344
300.344
300.344
300.343
300.342
300.342
300.364
300.364
300.364
300.365
300.365
300.366
300.366
300.367
300.374
300.591
300.575
300.368
300.362
300.362
300.363
300.363
300.364
300.364
300.364
300.364
300.372
300.372
300.372
300.372
300.372
300.372
300.373
300.373
300.381
300.554
300.532
300.375
300.37
300.37
300.371
300.372
300.373
300.373
300.373
300.374
300.375
300.375
300.375
300.376
300.376
300.376
300.376
300.377
300.386
300.533
300.506
300.38
300.374
300.375
300.375
300.376
300.376
300.377
300.38
300.383
300.385
300.381
300.379
300.378
300.378
300.379
300.379
300.379
300.39
300.518
300.489
300.384
300.377
300.378
300.378
300.379
300.379
300.38
300.382
300.384
300.386
300.384
300.381
300.38
300.38
300.38
300.38
300.381
300.393
300.507
300.477
300.386
300.379
300.379
300.38
300.38
300.381
300.382
300.383
300.383
300.385
300.385
300.384
300.382
300.382
300.382
300.382
300.383
300.399
300.499
300.468
300.389
300.382
300.382
300.382
300.382
300.382
300.383
300.384
300.382
300.384
300.386
300.383
300.383
300.382
300.382
300.383
300.387
300.409
300.494
300.465
300.392
300.383
300.382
300.382
300.382
300.383
300.383
300.385
300.382
300.383
300.389
300.389
300.389
300.391
300.392
300.396
300.406
300.429
300.491
300.464
300.416
300.4
300.394
300.391
300.389
300.388
300.388
300.387
300.38
300.379
300.384
300.389
300.394
300.4
300.407
300.416
300.429
300.448
300.483
300.462
300.438
300.423
300.412
300.404
300.397
300.391
300.387
300.382
300.377
300.34
300.34
300.341
300.343
300.344
300.346
300.346
300.347
300.347
300.353
300.351
300.347
300.349
300.349
300.348
300.347
300.345
300.342
300.341
300.341
300.364
300.363
300.364
300.364
300.364
300.365
300.366
300.366
300.367
300.373
300.368
300.361
300.361
300.361
300.361
300.361
300.361
300.361
300.363
300.364
300.372
300.372
300.372
300.371
300.371
300.371
300.372
300.373
300.373
300.38
300.375
300.368
300.368
300.368
300.369
300.37
300.371
300.373
300.374
300.375
300.376
300.375
300.375
300.375
300.375
300.375
300.375
300.376
300.377
300.385
300.38
300.373
300.373
300.373
300.374
300.375
300.376
300.378
300.38
300.383
300.385
300.381
300.379
300.379
300.378
300.378
300.378
300.379
300.38
300.389
300.384
300.377
300.376
300.377
300.377
300.378
300.379
300.381
300.383
300.383
300.385
300.384
300.382
300.38
300.38
300.38
300.38
300.38
300.382
300.392
300.386
300.379
300.378
300.379
300.379
300.38
300.381
300.382
300.383
300.383
300.385
300.385
300.384
300.383
300.382
300.382
300.382
300.382
300.385
300.395
300.389
300.381
300.381
300.381
300.381
300.382
300.382
300.383
300.384
300.382
300.384
300.386
300.383
300.383
300.382
300.382
300.382
300.383
300.388
300.399
300.392
300.383
300.382
300.382
300.382
300.382
300.383
300.383
300.385
300.382
300.383
300.389
300.39
300.39
300.391
300.393
300.395
300.399
300.406
300.423
300.416
300.402
300.396
300.393
300.391
300.389
300.388
300.388
300.387
300.38
300.379
300.384
300.389
300.394
300.399
300.405
300.412
300.421
300.433
300.448
300.438
300.426
300.417
300.409
300.402
300.396
300.391
300.386
300.382
300.377
300.341
300.341
300.342
300.344
300.345
300.346
300.347
300.347
300.347
300.348
300.346
300.349
300.354
300.357
300.358
300.359
300.36
300.359
300.356
300.35
300.364
300.362
300.362
300.362
300.362
300.363
300.364
300.366
300.366
300.365
300.362
300.361
300.363
300.365
300.366
300.366
300.365
300.364
300.362
300.36
300.371
300.371
300.37
300.37
300.369
300.37
300.371
300.372
300.372
300.372
300.37
300.368
300.368
300.37
300.371
300.371
300.37
300.37
300.371
300.376
300.378
300.376
300.375
300.374
300.374
300.374
300.374
300.375
300.376
300.376
300.374
300.373
300.373
300.374
300.374
300.375
300.375
300.376
300.38
300.383
300.385
300.382
300.38
300.379
300.378
300.377
300.378
300.378
300.378
300.379
300.377
300.376
300.376
300.377
300.377
300.378
300.378
300.38
300.382
300.383
300.385
300.384
300.382
300.381
300.38
300.379
300.379
300.379
300.38
300.381
300.379
300.378
300.378
300.379
300.38
300.38
300.381
300.382
300.383
300.382
300.385
300.385
300.384
300.383
300.382
300.382
300.382
300.382
300.382
300.383
300.382
300.381
300.381
300.381
300.381
300.382
300.382
300.383
300.384
300.382
300.384
300.387
300.384
300.383
300.383
300.382
300.382
300.382
300.383
300.384
300.383
300.382
300.382
300.382
300.382
300.382
300.383
300.383
300.385
300.381
300.383
300.389
300.39
300.39
300.391
300.393
300.394
300.396
300.398
300.402
300.4
300.396
300.394
300.391
300.39
300.388
300.388
300.388
300.386
300.38
300.379
300.384
300.388
300.392
300.397
300.402
300.408
300.414
300.421
300.428
300.423
300.417
300.41
300.404
300.398
300.393
300.389
300.385
300.381
300.376
300.34
300.346
300.349
300.349
300.347
300.344
300.345
300.346
300.347
300.347
300.345
300.349
300.357
300.361
300.363
300.365
300.366
300.367
300.368
300.368
300.363
300.361
300.361
300.361
300.36
300.361
300.362
300.365
300.366
300.365
300.362
300.361
300.365
300.368
300.37
300.372
300.372
300.372
300.37
300.366
300.369
300.369
300.369
300.368
300.368
300.368
300.369
300.371
300.372
300.372
300.37
300.368
300.37
300.373
300.375
300.376
300.376
300.375
300.374
300.377
300.38
300.377
300.375
300.374
300.373
300.373
300.373
300.374
300.375
300.376
300.375
300.373
300.374
300.376
300.377
300.378
300.378
300.378
300.38
300.383
300.385
300.382
300.38
300.378
300.377
300.377
300.377
300.377
300.378
300.378
300.378
300.377
300.377
300.378
300.379
300.38
300.38
300.381
300.383
300.383
300.385
300.384
300.382
300.381
300.38
300.379
300.379
300.379
300.379
300.38
300.379
300.379
300.379
300.38
300.381
300.381
300.382
300.382
300.383
300.382
300.384
300.385
300.384
300.383
300.382
300.382
300.382
300.382
300.382
300.382
300.382
300.381
300.381
300.381
300.382
300.382
300.383
300.383
300.384
300.381
300.383
300.387
300.384
300.383
300.383
300.383
300.382
300.382
300.382
300.382
300.382
300.382
300.382
300.382
300.383
300.383
300.383
300.383
300.384
300.381
300.382
300.388
300.389
300.389
300.39
300.392
300.393
300.394
300.394
300.394
300.394
300.393
300.391
300.389
300.388
300.387
300.387
300.387
300.385
300.379
300.378
300.382
300.386
300.39
300.394
300.398
300.403
300.408
300.412
300.415
300.412
300.409
300.404
300.399
300.395
300.391
300.387
300.383
300.379
300.375
300.364
300.364
300.364
300.362
300.359
300.353
300.346
300.346
300.346
300.346
300.344
300.348
300.358
300.363
300.366
300.367
300.369
300.37
300.371
300.372
300.367
300.368
300.369
300.368
300.366
300.362
300.361
300.363
300.365
300.365
300.363
300.361
300.366
300.37
300.373
300.375
300.376
300.377
300.377
300.376
300.369
300.371
300.372
300.372
300.37
300.368
300.368
300.369
300.371
300.372
300.371
300.369
300.371
300.375
300.378
300.379
300.38
300.38
300.38
300.381
300.381
300.377
300.376
300.375
300.374
300.373
300.373
300.374
300.375
300.376
300.375
300.374
300.374
300.377
300.38
300.381
300.381
300.382
300.382
300.383
300.385
300.382
300.38
300.378
300.378
300.377
300.377
300.377
300.378
300.378
300.378
300.377
300.377
300.379
300.381
300.382
300.382
300.382
300.383
300.382
300.384
300.384
300.382
300.381
300.38
300.379
300.379
300.379
300.38
300.38
300.38
300.379
300.38
300.381
300.382
300.383
300.383
300.383
300.383
300.381
300.383
300.385
300.384
300.383
300.382
300.382
300.381
300.381
300.382
300.382
300.382
300.381
300.381
300.382
300.383
300.383
300.383
300.384
300.384
300.381
300.382
300.386
300.384
300.383
300.383
300.383
300.382
300.382
300.382
300.382
300.382
300.382
300.382
300.383
300.383
300.383
300.384
300.384
300.384
300.38
300.381
300.387
300.389
300.389
300.389
300.39
300.391
300.392
300.392
300.391
300.391
300.391
300.39
300.388
300.387
300.386
300.386
300.386
300.384
300.378
300.377
300.381
300.384
300.388
300.391
300.395
300.398
300.401
300.404
300.406
300.404
300.402
300.398
300.395
300.391
300.387
300.384
300.381
300.378
300.374
300.37
300.37
300.369
300.368
300.365
300.36
300.349
300.345
300.345
300.346
300.344
300.347
300.359
300.365
300.367
300.369
300.37
300.371
300.372
300.373
300.375
300.375
300.375
300.374
300.371
300.367
300.362
300.362
300.364
300.365
300.363
300.361
300.366
300.372
300.375
300.377
300.378
300.379
300.379
300.379
300.374
300.377
300.378
300.377
300.375
300.372
300.369
300.369
300.371
300.372
300.372
300.37
300.371
300.376
300.379
300.381
300.382
300.382
300.382
300.381
300.383
300.38
300.379
300.379
300.378
300.376
300.374
300.374
300.375
300.376
300.376
300.375
300.375
300.378
300.381
300.382
300.382
300.382
300.382
300.382
300.384
300.383
300.382
300.381
300.38
300.379
300.378
300.378
300.378
300.378
300.379
300.378
300.378
300.38
300.382
300.383
300.383
300.383
300.383
300.381
300.383
300.384
300.383
300.382
300.382
300.381
300.38
300.38
300.38
300.38
300.38
300.38
300.38
300.381
300.383
300.383
300.383
300.383
300.383
300.38
300.382
300.385
300.385
300.384
300.383
300.382
300.382
300.382
300.382
300.382
300.382
300.382
300.382
300.382
300.383
300.384
300.384
300.384
300.383
300.379
300.381
300.386
300.384
300.384
300.383
300.383
300.383
300.382
300.382
300.382
300.382
300.382
300.382
300.383
300.383
300.384
300.384
300.384
300.383
300.378
300.38
300.385
300.388
300.388
300.388
300.388
300.389
300.39
300.39
300.389
300.389
300.389
300.388
300.387
300.386
300.386
300.386
300.386
300.383
300.377
300.375
300.379
300.382
300.385
300.388
300.391
300.393
300.396
300.398
300.398
300.397
300.396
300.393
300.391
300.387
300.385
300.382
300.379
300.376
300.372
300.373
300.372
300.372
300.37
300.369
300.365
300.356
300.345
300.344
300.345
300.344
300.345
300.36
300.366
300.369
300.37
300.372
300.372
300.373
300.373
300.378
300.378
300.378
300.377
300.375
300.371
300.364
300.362
300.363
300.365
300.364
300.361
300.365
300.372
300.376
300.378
300.379
300.378
300.378
300.378
300.382
300.381
300.381
300.381
300.379
300.375
300.371
300.369
300.37
300.372
300.373
300.371
300.37
300.376
300.38
300.382
300.381
300.381
300.38
300.38
300.383
300.383
300.382
300.381
300.381
300.379
300.376
300.375
300.375
300.376
300.376
300.376
300.375
300.378
300.381
300.382
300.382
300.381
300.381
300.38
300.383
300.383
300.383
300.383
300.382
300.381
300.379
300.379
300.379
300.379
300.379
300.379
300.378
300.38
300.382
300.383
300.383
300.382
300.381
300.379
300.382
300.384
300.384
300.383
300.383
300.382
300.381
300.381
300.381
300.381
300.381
300.381
300.381
300.382
300.383
300.383
300.383
300.383
300.382
300.379
300.381
300.384
300.385
300.384
300.384
300.383
300.383
300.383
300.382
300.382
300.382
300.382
300.382
300.383
300.383
300.384
300.384
300.383
300.382
300.378
300.38
300.384
300.384
300.384
300.384
300.383
300.383
300.383
300.383
300.383
300.383
300.383
300.383
300.383
300.384
300.384
300.384
300.383
300.382
300.377
300.378
300.383
300.386
300.387
300.387
300.387
300.388
300.388
300.388
300.388
300.388
300.388
300.388
300.387
300.386
300.386
300.385
300.384
300.381
300.375
300.374
300.377
300.38
300.382
300.385
300.387
300.389
300.391
300.392
300.392
300.391
300.391
300.389
300.387
300.384
300.382
300.379
300.377
300.374
300.371
300.374
300.374
300.373
300.373
300.371
300.368
300.361
300.347
300.343
300.343
300.343
300.342
300.359
300.367
300.37
300.371
300.372
300.373
300.373
300.373
300.379
300.378
300.379
300.379
300.377
300.374
300.367
300.361
300.362
300.364
300.364
300.361
300.364
300.372
300.377
300.379
300.378
300.378
300.377
300.376
300.381
300.38
300.38
300.381
300.381
300.378
300.373
300.37
300.37
300.372
300.373
300.373
300.37
300.375
300.38
300.382
300.381
300.379
300.378
300.377
300.381
300.381
300.381
300.381
300.382
300.381
300.378
300.377
300.377
300.377
300.377
300.378
300.376
300.378
300.382
300.382
300.381
300.38
300.379
300.377
300.38
300.382
300.382
300.382
300.383
300.382
300.381
300.38
300.381
300.381
300.38
300.381
300.38
300.381
300.382
300.383
300.382
300.381
300.379
300.377
300.38
300.382
300.382
300.383
300.383
300.383
300.383
300.382
300.382
300.382
300.382
300.382
300.382
300.382
300.383
300.383
300.383
300.381
300.38
300.376
300.379
300.382
300.383
300.383
300.384
300.384
300.384
300.384
300.384
300.384
300.383
300.383
300.383
300.383
300.384
300.384
300.383
300.382
300.38
300.376
300.377
300.382
300.383
300.383
300.383
300.383
300.384
300.383
300.383
300.383
300.383
300.383
300.383
300.383
300.384
300.384
300.383
300.382
300.38
300.374
300.375
300.38
300.384
300.385
300.386
300.387
300.388
300.388
300.388
300.388
300.388
300.388
300.388
300.387
300.386
300.386
300.384
300.382
300.378
300.373
300.371
300.374
300.377
300.379
300.381
300.383
300.385
300.387
300.387
300.387
300.387
300.386
300.385
300.383
300.381
300.379
300.377
300.374
300.371
300.369
300.374
300.374
300.374
300.374
300.372
300.37
300.362
300.347
300.343
300.342
300.342
300.341
300.356
300.368
300.371
300.372
300.373
300.373
300.372
300.372
300.376
300.377
300.378
300.379
300.379
300.375
300.368
300.362
300.362
300.363
300.364
300.363
300.362
300.37
300.377
300.379
300.378
300.377
300.375
300.373
300.377
300.377
300.379
300.38
300.381
300.379
300.374
300.371
300.372
300.372
300.373
300.374
300.371
300.374
300.38
300.382
300.38
300.378
300.376
300.374
300.377
300.378
300.379
300.381
300.382
300.382
300.38
300.379
300.38
300.38
300.38
300.38
300.38
300.38
300.382
300.382
300.381
300.379
300.376
300.374
300.377
300.378
300.379
300.381
300.382
300.383
300.382
300.382
300.383
300.383
300.382
300.383
300.382
300.383
300.383
300.383
300.381
300.379
300.376
300.373
300.376
300.378
300.38
300.382
300.383
300.383
300.383
300.383
300.384
300.383
300.383
300.383
300.383
300.383
300.383
300.383
300.382
300.38
300.376
300.373
300.375
300.378
300.38
300.382
300.383
300.384
300.384
300.384
300.384
300.384
300.384
300.384
300.384
300.384
300.384
300.383
300.382
300.38
300.376
300.372
300.374
300.378
300.38
300.382
300.384
300.384
300.385
300.385
300.385
300.385
300.385
300.385
300.385
300.384
300.384
300.383
300.382
300.38
300.376
300.371
300.372
300.376
300.38
300.382
300.384
300.385
300.386
300.387
300.387
300.387
300.387
300.387
300.386
300.385
300.384
300.383
300.381
300.378
300.374
300.37
300.369
300.371
300.374
300.376
300.378
300.38
300.381
300.382
300.383
300.382
300.382
300.382
300.381
300.379
300.378
300.376
300.374
300.371
300.369
300.366
300.372
300.373
300.374
300.374
300.374
300.371
300.359
300.34
300.343
300.342
300.342
300.341
300.35
300.368
300.372
300.373
300.373
300.373
300.372
300.37
300.373
300.374
300.376
300.378
300.379
300.375
300.366
300.364
300.363
300.364
300.364
300.364
300.36
300.366
300.376
300.379
300.378
300.376
300.373
300.37
300.372
300.374
300.377
300.38
300.381
300.38
300.374
300.374
300.374
300.373
300.374
300.375
300.376
300.377
300.381
300.381
300.38
300.377
300.374
300.37
300.372
300.374
300.377
300.38
300.382
300.383
300.383
300.383
300.383
300.383
300.383
300.383
300.383
300.383
300.383
300.382
300.38
300.377
300.374
300.369
300.371
300.374
300.377
300.38
300.381
300.382
300.383
300.384
300.384
300.384
300.384
300.383
300.383
300.383
300.382
300.381
300.379
300.377
300.373
300.369
300.371
300.374
300.377
300.379
300.381
300.382
300.383
300.383
300.383
300.383
300.383
300.383
300.382
300.382
300.381
300.38
300.379
300.376
300.373
300.369
300.37
300.373
300.376
300.379
300.38
300.381
300.382
300.383
300.383
300.383
300.382
300.382
300.382
300.381
300.381
300.379
300.378
300.376
300.372
300.368
300.37
300.372
300.375
300.378
300.379
300.381
300.381
300.382
300.382
300.382
300.382
300.382
300.381
300.381
300.38
300.378
300.377
300.374
300.371
300.367
300.368
300.371
300.374
300.376
300.378
300.379
300.38
300.381
300.381
300.381
300.38
300.38
300.38
300.379
300.378
300.377
300.375
300.373
300.37
300.366
300.366
300.368
300.37
300.372
300.374
300.375
300.377
300.377
300.378
300.377
300.377
300.377
300.376
300.375
300.374
300.372
300.371
300.369
300.366
300.364
)
;

boundaryField
{
    floor
    {
        type            fixedValue;
        value           nonuniform List<scalar> 
400
(
300
300
300
300
300
300
300
300
300
300
300
300
300
300
300
300
300
300
300
300
300
300
300
300
300
300
300
300
300
300
300
300
300
300
300
300
300
300
300
300
300
300
300
300
300
300
300
300
300
300
300
300
300
300
300
300
300
300
300
300
300
300
300
300
300
300
300
300
300
300
300
300
300
300
300
300
300
300
300
300
300
300
300
300
300
300
300
300
300
300
300
300
300
300
300
300
300
300
300
300
300
300
300
300
300
300
300
300
300
300
300
300
300
300
300
300
300
300
300
300
300
300
300
300
300
300
300
300
300
300
300
300
300
300
300
300
300
300
300
300
300
300
300
300
300
300
300
300
300
300
300
300
300
300
300
300
300
300
300
300
300
300
300
300
300
300
300
300
300
300
300
300
300
300
300
300
300
300
300
300
300
300
300
300
300
300
300
300
300
600
600
300
300
300
300
300
300
300
300
300
300
300
300
300
300
300
300
300
300
600
600
300
300
300
300
300
300
300
300
300
300
300
300
300
300
300
300
300
300
300
300
300
300
300
300
300
300
300
300
300
300
300
300
300
300
300
300
300
300
300
300
300
300
300
300
300
300
300
300
300
300
300
300
300
300
300
300
300
300
300
300
300
300
300
300
300
300
300
300
300
300
300
300
300
300
300
300
300
300
300
300
300
300
300
300
300
300
300
300
300
300
300
300
300
300
300
300
300
300
300
300
300
300
300
300
300
300
300
300
300
300
300
300
300
300
300
300
300
300
300
300
300
300
300
300
300
300
300
300
300
300
300
300
300
300
300
300
300
300
300
300
300
300
300
300
300
300
300
300
300
300
300
300
300
300
300
300
300
300
300
300
300
300
300
300
300
300
300
300
300
300
300
300
300
300
300
300
300
300
300
300
300
300
300
300
300
300
300
300
300
)
;
    }
    ceiling
    {
        type            fixedValue;
        value           uniform 300;
    }
    fixedWalls
    {
        type            zeroGradient;
    }
}


// ************************************************************************* //
