/*--------------------------------*- C++ -*----------------------------------*\
  =========                 |
  \\      /  F ield         | OpenFOAM: The Open Source CFD Toolbox
   \\    /   O peration     | Website:  https://openfoam.org
    \\  /    A nd           | Version:  8
     \\/     M anipulation  |
\*---------------------------------------------------------------------------*/
FoamFile
{
    version     2.0;
    format      ascii;
    class       volScalarField;
    location    "1800";
    object      alphat;
}
// * * * * * * * * * * * * * * * * * * * * * * * * * * * * * * * * * * * * * //

dimensions      [1 -1 -1 0 0 0 0];

internalField   nonuniform List<scalar> 
4000
(
0.000310332
0.000301627
0.000288515
0.000274719
0.000253911
0.000176694
9.7467e-05
9.71844e-05
9.63136e-05
9.45867e-05
9.32671e-05
9.18901e-05
9.32776e-05
0.000112963
0.00021464
0.000253803
0.000267865
0.000277814
0.000290107
0.000301054
0.000322526
0.000311534
0.000288787
0.000259924
0.000238976
0.000185272
0.000119068
0.000122058
0.000124296
0.000119201
0.000113858
0.000107426
0.000106112
0.000137244
0.000198059
0.00022637
0.00024209
0.000267598
0.000295541
0.000312892
0.000329561
0.000320759
0.000296232
0.000252018
0.000226141
0.000190986
0.000157933
0.000125632
0.000134005
0.000131397
0.00012192
0.000110784
0.000117025
0.000148567
0.00017828
0.000199243
0.000210787
0.000268348
0.000303349
0.000319597
0.000333498
0.000328298
0.000308707
0.000277843
0.000231904
0.000210022
0.000189683
0.00016135
0.000138555
0.000130681
0.000132691
0.000144375
0.000159287
0.000184634
0.000211606
0.000225911
0.000255198
0.000286601
0.000311888
0.000323163
0.000336544
0.000335824
0.000325017
0.000307677
0.000288013
0.000272167
0.000257441
0.000242999
0.000227956
0.000219716
0.000230001
0.000240755
0.00025058
0.000260365
0.000271003
0.000281862
0.000295173
0.000310193
0.000322509
0.000326149
0.000339683
0.000344201
0.000341705
0.00033546
0.000327616
0.000319795
0.000311635
0.000302765
0.000293281
0.000284793
0.000288842
0.000295048
0.000301398
0.000307594
0.000313529
0.000319017
0.000324439
0.000329569
0.000332406
0.000328988
0.000343309
0.000353063
0.000357616
0.000359246
0.000358968
0.000356699
0.000352339
0.000346095
0.000338091
0.00032838
0.000329032
0.000333261
0.000338066
0.00034243
0.000345717
0.000347396
0.000347418
0.000345792
0.000341561
0.000331872
0.000347872
0.000363074
0.000373652
0.000381098
0.000385985
0.000387953
0.000386715
0.000382281
0.00037482
0.000363388
0.000361428
0.000364761
0.000368882
0.000372103
0.00037338
0.000371902
0.00036766
0.000360921
0.000350958
0.000335444
0.000354282
0.000375912
0.000392414
0.000404625
0.00041343
0.000418716
0.000420162
0.000417759
0.0004111
0.000397703
0.000393189
0.000396265
0.000399916
0.000402165
0.000401562
0.000397027
0.000388982
0.000377854
0.000362573
0.000340698
0.000363798
0.000391757
0.000413832
0.000429953
0.000442227
0.000451092
0.000456555
0.000458491
0.000455992
0.000445419
0.000437856
0.000438695
0.00043873
0.000436739
0.0004321
0.000424328
0.000413181
0.000398215
0.000377273
0.000348916
0.000301627
0.000305577
0.000296506
0.00028002
0.000257296
0.000193676
0.00011839
0.000114326
0.000111354
0.000108174
0.000106748
0.000108974
0.000118703
0.000151357
0.000233607
0.000262585
0.000277784
0.000289794
0.000301655
0.000301232
0.000311534
0.000425041
0.000441764
0.000390535
0.000318879
0.00024722
0.00022307
0.000272578
0.000317146
0.000287867
0.000247703
0.000225439
0.00020976
0.000213265
0.000259891
0.000310481
0.0003487
0.000379873
0.000409929
0.000313778
0.000320759
0.000473838
0.000517719
0.000472516
0.000365584
0.000291974
0.000257531
0.000278442
0.000354993
0.000366212
0.000309358
0.000261803
0.000243694
0.000252964
0.000264831
0.000286581
0.000323696
0.000419164
0.000464833
0.000321699
0.000328298
0.000499384
0.000552437
0.000503353
0.000387598
0.000316939
0.000272277
0.000253008
0.000290478
0.000352774
0.000318106
0.00025806
0.00024567
0.000261006
0.000283836
0.000295006
0.0003377
0.000462945
0.000501756
0.000326415
0.000335824
0.000514335
0.000571974
0.000529836
0.000417511
0.000345024
0.000293658
0.000256978
0.000249878
0.000264926
0.000253114
0.000239302
0.000248519
0.000274094
0.00030652
0.000333764
0.000401883
0.000498005
0.000515258
0.000330228
0.000344201
0.000520384
0.000580947
0.000567063
0.000483469
0.000396422
0.000340008
0.000298296
0.000278092
0.000276892
0.000277408
0.00027997
0.00029298
0.000317043
0.000352249
0.000403778
0.000468461
0.000522869
0.000509965
0.000334351
0.000353063
0.000519098
0.000578083
0.000597611
0.000581989
0.000524057
0.000443962
0.000386217
0.000350987
0.000338334
0.000341826
0.000352209
0.000371873
0.000412607
0.000462267
0.000501616
0.000525528
0.000528022
0.000493365
0.000339823
0.000363074
0.000511668
0.000565215
0.000611437
0.000643109
0.000645649
0.000624941
0.000585805
0.000540959
0.000512015
0.000508028
0.000520082
0.000542054
0.000560376
0.000571346
0.000569512
0.000550556
0.00051779
0.000476959
0.000347052
0.000375912
0.000490213
0.000544458
0.000589078
0.000618782
0.000628916
0.000616638
0.000587061
0.000544288
0.000489997
0.000476632
0.000498558
0.000533655
0.000566515
0.00058033
0.000566223
0.000536062
0.000499645
0.000461303
0.000357207
0.000391757
0.000421939
0.000446527
0.000465679
0.000481381
0.000493617
0.000501768
0.000505295
0.000502808
0.000490965
0.000480217
0.00048103
0.000480451
0.000477014
0.000469879
0.000458582
0.000443575
0.000425132
0.000401303
0.00037071
0.000288515
0.000296506
0.000288905
0.000274148
0.000250711
0.000181661
0.000128521
0.000123808
0.000120537
0.000116537
0.000116717
0.000124208
0.000133693
0.000177546
0.000240457
0.000265425
0.000280379
0.000292158
0.000301652
0.000296232
0.000288787
0.000441764
0.000470098
0.000401291
0.000322308
0.000260337
0.000260265
0.000314343
0.000363972
0.000319645
0.00027833
0.000252308
0.000231254
0.000235764
0.000284966
0.00034285
0.00039524
0.000431521
0.000443811
0.000306462
0.000296232
0.000517719
0.000596177
0.000530699
0.000404621
0.000330094
0.000312801
0.000353246
0.00043178
0.000418692
0.000345304
0.000304894
0.000287864
0.000287077
0.000301876
0.000347795
0.000414276
0.000500482
0.000519072
0.000315172
0.000308707
0.000552437
0.000638313
0.000594985
0.00046691
0.000381444
0.0003399
0.000337792
0.000398302
0.000454077
0.000420448
0.000348871
0.000321284
0.000317451
0.000324624
0.000348128
0.00041974
0.000558742
0.000570641
0.000321967
0.000325017
0.000571974
0.000654658
0.000619396
0.00049736
0.000405593
0.000346446
0.000313832
0.000330569
0.000376514
0.000360538
0.000313381
0.000304896
0.000317154
0.000333768
0.000352258
0.000434593
0.000591917
0.000593366
0.000328586
0.000341705
0.000580947
0.000661324
0.000637328
0.000525829
0.000426478
0.000356252
0.000307328
0.000292335
0.000305857
0.000300255
0.000286336
0.00029441
0.000316633
0.000342556
0.000374219
0.000460975
0.000596696
0.000590507
0.000336257
0.000357616
0.000578083
0.00065629
0.000651012
0.000574158
0.000486822
0.000408485
0.000349055
0.000317052
0.000312679
0.00031045
0.000310216
0.000327341
0.000359439
0.000391702
0.000422897
0.000488527
0.000579815
0.000569387
0.000345278
0.000373652
0.000565215
0.000653693
0.000701063
0.000677777
0.000623426
0.000555812
0.00048764
0.000433222
0.000402171
0.000392901
0.000405581
0.000440681
0.000486815
0.000517873
0.000529328
0.000552241
0.000567256
0.000537858
0.000356587
0.000392414
0.000544458
0.00067734
0.000801191
0.000872781
0.000892982
0.000854444
0.000786594
0.000696487
0.000603305
0.000582557
0.000636612
0.000717244
0.000791155
0.000811378
0.000771112
0.000705741
0.000612644
0.000517045
0.000371301
0.000413832
0.000446527
0.000473167
0.000494778
0.000513368
0.000528631
0.000539346
0.000544486
0.000542149
0.000528778
0.000514938
0.000516212
0.000515299
0.000510617
0.0005011
0.000486396
0.000468014
0.000447008
0.000421347
0.000389025
0.000274719
0.00028002
0.000274148
0.000259922
0.000234192
0.000153123
0.000134631
0.000129099
0.000128418
0.00012676
0.000131665
0.000138247
0.000144759
0.000192049
0.000239008
0.000261613
0.000276172
0.000286767
0.00029398
0.000286783
0.000259924
0.000390535
0.000401291
0.000349117
0.00029017
0.000260102
0.000275583
0.000340101
0.000401191
0.000349703
0.000300673
0.000262923
0.000239031
0.000243855
0.000288729
0.00034397
0.000399804
0.000443956
0.000443093
0.000291674
0.000252018
0.000472516
0.000530699
0.000463209
0.000371181
0.000332756
0.000340484
0.000394288
0.000482748
0.00044686
0.00037347
0.00032622
0.000305368
0.000298506
0.000320267
0.000381517
0.000464898
0.000541514
0.0005374
0.000301082
0.000277843
0.000503353
0.000594985
0.000553077
0.000455
0.000397593
0.000378513
0.000396182
0.000471198
0.000521417
0.000449974
0.000382402
0.000355171
0.000345316
0.000352237
0.000399519
0.000493885
0.00061057
0.000606659
0.00031189
0.000307677
0.000529836
0.000619396
0.000600474
0.000510393
0.000439312
0.000395311
0.000378757
0.00041815
0.000491096
0.000475141
0.000399615
0.000370761
0.000367275
0.000373436
0.000402791
0.000497526
0.000646044
0.000649279
0.000324202
0.00033546
0.000567063
0.000637328
0.000625329
0.000545118
0.000465921
0.00040451
0.000363599
0.000365841
0.000412445
0.000412356
0.000362344
0.000354859
0.000366256
0.00037944
0.000401166
0.000491325
0.000652351
0.000665703
0.000336517
0.000359246
0.000597611
0.000651012
0.00064829
0.000588025
0.0005154
0.000447812
0.000392802
0.000367619
0.000381252
0.000385614
0.000366919
0.000378991
0.00040188
0.000413405
0.000423068
0.00049551
0.000634946
0.000652201
0.000349355
0.000381098
0.000611437
0.000701063
0.000731643
0.000703456
0.000651636
0.000588522
0.000521069
0.000459916
0.000420499
0.000412657
0.000432829
0.000486758
0.000541614
0.000557021
0.000543184
0.000574555
0.000634831
0.000602496
0.000364243
0.000404625
0.000589078
0.000801191
0.000956898
0.00099913
0.00101919
0.00100277
0.000945522
0.000845804
0.000722965
0.000688228
0.000767231
0.000878252
0.000961332
0.000971025
0.000897173
0.000835703
0.000733799
0.000571169
0.000382301
0.000429953
0.000465679
0.000494778
0.000519236
0.000541739
0.000560976
0.000575329
0.000583413
0.000583426
0.00057213
0.000554013
0.00055298
0.000549877
0.000542507
0.000529555
0.000510503
0.000488024
0.000464461
0.000436753
0.000402237
0.000253911
0.000257296
0.000250711
0.000234192
0.000204779
0.000141443
0.000137972
0.000133995
0.00013739
0.000136772
0.000142165
0.000148376
0.000155187
0.000190395
0.000226267
0.000249223
0.000264843
0.000274926
0.000279708
0.000273446
0.000238976
0.000318879
0.000322308
0.00029017
0.000256569
0.000260989
0.000282904
0.000353554
0.000439584
0.000386256
0.000322695
0.000277673
0.000250527
0.000245546
0.000274995
0.000318399
0.000366557
0.000407153
0.00040766
0.000269448
0.000226141
0.000365584
0.000404621
0.000371181
0.000333274
0.000330957
0.000351793
0.000414123
0.000519548
0.000478235
0.000397147
0.000343825
0.000319769
0.000308241
0.000321694
0.00037319
0.000453337
0.000525486
0.000519199
0.000280491
0.000231904
0.000387598
0.00046691
0.000455
0.000413774
0.000395768
0.000400495
0.000432771
0.000519982
0.000558875
0.00047279
0.000403263
0.000374979
0.000362853
0.000368202
0.000418118
0.000513808
0.000612326
0.00060227
0.00029886
0.000288013
0.000417511
0.00049736
0.000510393
0.000475305
0.000443425
0.000424225
0.000426302
0.00048354
0.000568545
0.000532369
0.000446986
0.000412294
0.000401998
0.00040459
0.000442687
0.000540227
0.000665255
0.000672966
0.000318008
0.000327616
0.000483469
0.000525829
0.000545118
0.000518154
0.000477865
0.000440044
0.000416853
0.00043966
0.000513716
0.000520648
0.000445723
0.000417881
0.000418195
0.000425351
0.000450592
0.000538231
0.000684326
0.000727016
0.000335302
0.000358968
0.000581989
0.000574158
0.000588025
0.000571864
0.000533372
0.000486641
0.000444812
0.000433077
0.000472446
0.000498376
0.000458944
0.000451389
0.000458592
0.000462253
0.000470542
0.000535443
0.000684755
0.000742837
0.000351717
0.000385985
0.000643109
0.000677777
0.000703456
0.000693444
0.000658738
0.000608349
0.000547054
0.000484473
0.00044452
0.000445751
0.000471448
0.000533861
0.000580882
0.000586698
0.000573002
0.000611675
0.000702936
0.000666948
0.00036971
0.00041343
0.000618782
0.000872781
0.00099913
0.00108096
0.00113216
0.00113261
0.00106772
0.000931581
0.00075996
0.000717195
0.000834497
0.000983973
0.00108029
0.0010782
0.000978683
0.000890426
0.000822973
0.000615698
0.000390209
0.000442227
0.000481381
0.000513368
0.000541739
0.000568959
0.000592281
0.000610429
0.000622048
0.000625514
0.000618028
0.000595943
0.000591109
0.000584118
0.000572871
0.000555906
0.000532799
0.000506043
0.000479234
0.000449092
0.000411976
0.000176694
0.000193676
0.000181661
0.000153123
0.000141443
0.000141479
0.000138521
0.00013554
0.000141829
0.000141734
0.000146019
0.000151123
0.000155278
0.000162305
0.000168392
0.000215216
0.000242025
0.000256241
0.000260941
0.000256396
0.000185272
0.00024722
0.000260337
0.000260102
0.000260989
0.000268974
0.000294708
0.000359232
0.000458665
0.000412876
0.000343733
0.000300538
0.000274383
0.000257574
0.00026299
0.000278462
0.000311602
0.000339488
0.000333602
0.000242627
0.000190986
0.000291974
0.000330094
0.000332756
0.000330957
0.000340881
0.00036228
0.000424293
0.000535031
0.000497166
0.000416444
0.000364523
0.000341175
0.000331337
0.000328444
0.000344443
0.000387721
0.000433987
0.000417959
0.000248073
0.000210022
0.000316939
0.000381444
0.000397593
0.000395768
0.000402306
0.000417777
0.000453057
0.000541665
0.000566548
0.000488153
0.000423379
0.000395708
0.00038582
0.000384166
0.000408101
0.00046567
0.000527747
0.000509695
0.000281576
0.000272167
0.000345024
0.000405593
0.000439312
0.000443425
0.000441126
0.000441496
0.00045702
0.00052131
0.000591517
0.000555832
0.000476622
0.000439416
0.00042856
0.000429222
0.000456385
0.000525649
0.000613393
0.000623747
0.000309262
0.000319795
0.000396422
0.000426478
0.000465921
0.000477865
0.000470851
0.000457505
0.000453699
0.000491552
0.000562685
0.000576319
0.000505571
0.000463306
0.000454311
0.000460101
0.000485474
0.000557031
0.000671831
0.000733026
0.000331998
0.000356699
0.000524057
0.000486822
0.0005154
0.000533372
0.000525517
0.000501354
0.000477014
0.000481616
0.00053162
0.000570131
0.000531398
0.000502367
0.000497357
0.000502673
0.000519023
0.000577244
0.000704247
0.000800478
0.000351876
0.000387953
0.000645649
0.000623426
0.000651636
0.000658738
0.000644065
0.000609113
0.00055549
0.000494873
0.000459941
0.000477492
0.000503433
0.000556866
0.000596589
0.000605472
0.000607003
0.000651965
0.000748331
0.000714647
0.000372391
0.000418716
0.000628916
0.000892982
0.00101919
0.00113216
0.00120416
0.0012057
0.00111035
0.000922421
0.000712657
0.000680844
0.000826275
0.00100858
0.00112733
0.00113364
0.00103855
0.000939128
0.000880565
0.000642157
0.000394592
0.000451092
0.000493617
0.000528631
0.000560976
0.000592281
0.000619658
0.000642095
0.000658563
0.000668205
0.000668773
0.000643083
0.000630626
0.000616764
0.000600024
0.000578532
0.000551685
0.000521386
0.000491061
0.000458322
0.000418585
9.7467e-05
0.00011839
0.000128521
0.000134631
0.000137972
0.000138521
0.000135797
0.000135481
0.000145857
0.000147579
0.00014812
0.000150216
0.000151724
0.000150629
0.000148763
0.000147519
0.000165994
0.000220406
0.000225941
0.000208561
0.000119068
0.00022307
0.000260265
0.000275583
0.000282904
0.000294708
0.000313864
0.000366977
0.000468626
0.000432674
0.000358234
0.00032398
0.000309286
0.000299033
0.000294081
0.000298632
0.000280788
0.000276922
0.00026945
0.000210556
0.000157933
0.000257531
0.000312801
0.000340484
0.000351793
0.00036228
0.000381114
0.000434657
0.000530573
0.00047152
0.000406363
0.000382538
0.000369001
0.000362785
0.000360826
0.000354894
0.000350932
0.000352152
0.000332103
0.000220311
0.000189683
0.000272277
0.0003399
0.000378513
0.000400495
0.000417777
0.000433117
0.000465256
0.000531316
0.000491322
0.000445851
0.000432739
0.000417284
0.000410821
0.000407995
0.00041049
0.000422224
0.000433979
0.000406608
0.000262987
0.000257441
0.000293658
0.000346446
0.000395311
0.000424225
0.000441496
0.000454811
0.000476809
0.000518468
0.000493805
0.000486716
0.000482934
0.00046176
0.000451553
0.000449456
0.000460886
0.000489299
0.000522737
0.000512195
0.000298695
0.000311635
0.000340008
0.000356252
0.00040451
0.000440044
0.000457505
0.000465354
0.000477801
0.00050097
0.000472668
0.000500382
0.000517999
0.000492854
0.000478938
0.00048228
0.000501213
0.00054517
0.000614811
0.000669214
0.000326204
0.000352339
0.000443962
0.000408485
0.000447812
0.000486641
0.000501354
0.000498015
0.000493055
0.000499647
0.000473421
0.000520554
0.000554986
0.000531072
0.000519939
0.000527544
0.000548379
0.000594877
0.000687603
0.000810523
0.000349133
0.000386715
0.000624941
0.000555812
0.000588522
0.000608349
0.000609113
0.000586082
0.000540553
0.000490158
0.000456681
0.000482863
0.000512731
0.000549865
0.000586448
0.000606257
0.000625113
0.000674231
0.000757754
0.000731117
0.000371533
0.000420162
0.000616638
0.000854444
0.00100277
0.00113261
0.0012057
0.00118152
0.0010416
0.000839378
0.000701021
0.000682307
0.000768757
0.000951682
0.00109745
0.00112901
0.00105482
0.000956881
0.000878021
0.000641792
0.000395004
0.000456555
0.000501768
0.000539346
0.000575329
0.000610429
0.000642095
0.000669801
0.00069381
0.000715081
0.000731717
0.000702273
0.000674402
0.000648817
0.000624073
0.000597041
0.000566147
0.000532504
0.000498899
0.000463895
0.000422083
9.71844e-05
0.000114326
0.000123808
0.000129099
0.000133995
0.00013554
0.000135481
0.00013846
0.00015215
0.000157182
0.000154254
0.000153062
0.000151785
0.000147911
0.000147933
0.000150969
0.000152915
0.000158079
0.000154892
0.000132591
0.000122058
0.000272578
0.000314343
0.000340101
0.000353554
0.000359232
0.000366977
0.000403034
0.00047214
0.000393569
0.000339609
0.000364596
0.000379277
0.000375995
0.000362966
0.000350588
0.000334677
0.00028191
0.000245274
0.000180849
0.000125632
0.000278442
0.000353246
0.000394288
0.000414123
0.000424293
0.000434657
0.000460667
0.000473715
0.00033894
0.000307675
0.00037427
0.000421993
0.000421754
0.000408719
0.000396122
0.000367397
0.000330328
0.000292165
0.000204939
0.00016135
0.000253008
0.000337792
0.000396182
0.000432771
0.000453057
0.000465256
0.000474418
0.000433088
0.000357931
0.000333865
0.00037365
0.000437037
0.000441624
0.00043273
0.000421659
0.000404383
0.000380072
0.000341395
0.000250017
0.000242999
0.000256978
0.000313832
0.000378757
0.000426302
0.00045702
0.000476809
0.000479899
0.000408524
0.000410508
0.000398779
0.000390981
0.000463181
0.000468399
0.000460845
0.000457552
0.000454478
0.000447151
0.000423421
0.000288251
0.000302765
0.000298296
0.000307328
0.000363599
0.000416853
0.000453699
0.000477801
0.000478267
0.000396482
0.000471872
0.000471893
0.000409242
0.000487906
0.000493879
0.00049086
0.000497859
0.000514511
0.000542917
0.000577916
0.000318524
0.000346095
0.000386217
0.000349055
0.000392802
0.000444812
0.000477014
0.000493055
0.000491533
0.000423123
0.000535923
0.000556869
0.000466932
0.000528727
0.000531051
0.000536467
0.000553715
0.000584506
0.00064455
0.000773289
0.000343507
0.000382281
0.000585805
0.00048764
0.000521069
0.000547054
0.00055549
0.000540553
0.000508798
0.000481559
0.000606011
0.00061533
0.000493133
0.00052282
0.000555031
0.00058562
0.000618286
0.000669043
0.000731825
0.00071975
0.000367013
0.000417759
0.000587061
0.000786594
0.000945522
0.00106772
0.00111035
0.0010416
0.000889803
0.000817031
0.000907959
0.000868966
0.000742194
0.000832763
0.000988242
0.00105411
0.00101342
0.000930469
0.000838892
0.000618722
0.000391391
0.000458491
0.000505295
0.000544486
0.000583413
0.000622048
0.000658563
0.00069381
0.000730435
0.000771501
0.000813494
0.000780314
0.00072585
0.000681443
0.000644889
0.000610655
0.000575152
0.000538202
0.000501798
0.000465374
0.000422414
9.63136e-05
0.000111354
0.000120537
0.000128418
0.00013739
0.000141829
0.000145857
0.00015215
0.000162878
0.000167289
0.000168183
0.000170292
0.000168163
0.000161462
0.000157633
0.000155202
0.000154544
0.000151626
0.000143825
0.00012886
0.000124296
0.000317146
0.000363972
0.000401191
0.000439584
0.000458665
0.000468626
0.00047214
0.000414504
0.000427223
0.000409326
0.000401096
0.000426638
0.00040602
0.000380923
0.000369701
0.000358421
0.00032101
0.000272381
0.000164656
0.000134005
0.000354993
0.00043178
0.000482748
0.000519548
0.000535031
0.000530573
0.000473715
0.0003605
0.000577645
0.000561804
0.000359034
0.000414973
0.000461166
0.000446797
0.000426306
0.000392141
0.000336068
0.000276206
0.000190542
0.000138555
0.000290478
0.000398302
0.000471198
0.000519982
0.000541665
0.000531316
0.000433088
0.000380493
0.000778359
0.000754354
0.000395112
0.000375408
0.000471798
0.000454724
0.000425785
0.000391372
0.000345469
0.000297714
0.000237075
0.000227956
0.000249878
0.000330569
0.00041815
0.00048354
0.00052131
0.000518468
0.000408524
0.000452497
0.000997777
0.000947309
0.000459218
0.000362544
0.000478445
0.000464502
0.000441514
0.000416634
0.000385313
0.000357535
0.000277297
0.000293281
0.000278092
0.000292335
0.000365841
0.00043966
0.000491552
0.00050097
0.000396482
0.000549184
0.00120971
0.00111605
0.000530268
0.000373377
0.000495751
0.000488253
0.000475945
0.000469108
0.000469846
0.000494861
0.000309422
0.000338091
0.000350987
0.000317052
0.000367619
0.000433077
0.000481616
0.000499647
0.000423123
0.000653089
0.00138279
0.00124986
0.0006104
0.000431894
0.000530832
0.000532916
0.000536177
0.000548573
0.00058391
0.000704246
0.000335494
0.00037482
0.000540959
0.000433222
0.000459916
0.000484473
0.000494873
0.000490158
0.000481559
0.000765298
0.00148004
0.00132109
0.000663378
0.000476718
0.000516153
0.00054943
0.000587765
0.000635309
0.000680501
0.000693932
0.000359227
0.0004111
0.000544288
0.000696487
0.000845804
0.000931581
0.000922421
0.000839378
0.000817031
0.00103875
0.00140187
0.00130708
0.00089304
0.000736356
0.000823845
0.000919289
0.000922177
0.000863504
0.000770643
0.000577381
0.00038369
0.000455992
0.000502808
0.000542149
0.000583426
0.000625514
0.000668205
0.000715081
0.000771501
0.000840068
0.000905918
0.000872762
0.00078601
0.000715176
0.000661828
0.000618298
0.000577658
0.000537442
0.000498637
0.000461989
0.000419046
9.45867e-05
0.000108174
0.000116537
0.00012676
0.000136772
0.000141734
0.000147579
0.000157182
0.000167289
0.00025405
0.000306518
0.000191548
0.000185679
0.000179391
0.000174762
0.000169539
0.000162539
0.000153329
0.000138865
0.000122527
0.000119201
0.000287867
0.000319645
0.000349703
0.000386256
0.000412876
0.000432674
0.000393569
0.000427223
0.000292774
0.00033772
0.00045963
0.000355913
0.000353738
0.000342601
0.000339241
0.00034004
0.00033191
0.000284708
0.000154647
0.000131397
0.000366212
0.000418692
0.00044686
0.000478235
0.000497166
0.00047152
0.00033894
0.000577645
0.000433846
0.000481391
0.000600491
0.000355363
0.000422589
0.00041813
0.000413418
0.000398776
0.000340873
0.000266028
0.000178746
0.000130681
0.000352774
0.000454077
0.000521417
0.000558875
0.000566548
0.000491322
0.000357931
0.000778359
0.000578659
0.000620137
0.000741539
0.000335057
0.000456654
0.000454104
0.000420403
0.000373844
0.00031869
0.000270578
0.00023169
0.000219716
0.000264926
0.000376514
0.000491096
0.000568545
0.000591517
0.000493805
0.000410508
0.000997777
0.000729436
0.000760847
0.000880993
0.000330884
0.000464645
0.000465077
0.000419435
0.000377206
0.000338011
0.000320173
0.000272571
0.000284793
0.000276892
0.000305857
0.000412445
0.000513716
0.000562685
0.000472668
0.000471872
0.00120971
0.000880755
0.000904553
0.00101039
0.000348457
0.000473468
0.000487592
0.000447292
0.000419454
0.000409754
0.000443789
0.000302948
0.00032838
0.000338334
0.000312679
0.000381252
0.000472446
0.00053162
0.000473421
0.000535923
0.00138279
0.00101799
0.00104348
0.00110774
0.000400878
0.000506984
0.000532638
0.000509667
0.000500707
0.000524001
0.000648861
0.000327457
0.000363388
0.000512015
0.000402171
0.000420499
0.00044452
0.000459941
0.000456681
0.000606011
0.00148004
0.00112267
0.00115866
0.00113678
0.000453338
0.000491963
0.000523254
0.000551452
0.000588648
0.000623153
0.000665804
0.00034979
0.000397703
0.000489997
0.000603305
0.000722965
0.00075996
0.000712657
0.000701021
0.000907959
0.00140187
0.00121051
0.00124329
0.00115359
0.000747464
0.000688922
0.000793318
0.000824852
0.000784729
0.000697626
0.000532222
0.000372916
0.000445419
0.000490965
0.000528778
0.00057213
0.000618028
0.000668773
0.000731717
0.000813494
0.000905918
0.000892129
0.000887871
0.000838685
0.000746308
0.000673358
0.000619128
0.000572897
0.000529375
0.000488522
0.000452791
0.000410806
9.32671e-05
0.000106748
0.000116717
0.000131665
0.000142165
0.000146019
0.00014812
0.000154254
0.000168183
0.000306518
0.000457634
0.000224997
0.00021755
0.000212705
0.000208168
0.000201587
0.000189967
0.000170298
0.000143967
0.000122748
0.000113858
0.000247703
0.00027833
0.000300673
0.000322695
0.000343733
0.000358234
0.000339609
0.000409326
0.00033772
0.00043094
0.000401985
0.000327849
0.000316828
0.000311919
0.000309878
0.000306174
0.00030149
0.000273924
0.000146127
0.00012192
0.000309358
0.000345304
0.00037347
0.000397147
0.000416444
0.000406363
0.000307675
0.000561804
0.000481391
0.000569385
0.000494129
0.00038115
0.000391884
0.000384905
0.000374888
0.000358503
0.000322235
0.0002513
0.000176326
0.000132691
0.000318106
0.000420448
0.000449974
0.00047279
0.000488153
0.000445851
0.000333865
0.000754354
0.000620137
0.000718399
0.00055849
0.000389348
0.000442385
0.000424402
0.000391463
0.000347182
0.000294763
0.000256089
0.000235353
0.000230001
0.000253114
0.000360538
0.000475141
0.000532369
0.000555832
0.000486716
0.000398779
0.000947309
0.000760847
0.000881565
0.000621878
0.000378577
0.000477881
0.00045023
0.000396895
0.00034464
0.000308043
0.000306761
0.000275652
0.000288842
0.000277408
0.000300255
0.000412356
0.000520648
0.000576319
0.000500382
0.000471893
0.00111605
0.000904553
0.00105275
0.000689651
0.000377213
0.000514077
0.000487901
0.000428604
0.000383529
0.000374893
0.000428907
0.000305052
0.000329032
0.000341826
0.00031045
0.000385614
0.000498376
0.000570131
0.000520554
0.000556869
0.00124986
0.00104348
0.00121671
0.000755803
0.000420534
0.00055669
0.000543007
0.000497442
0.000466737
0.000486798
0.000635823
0.000329037
0.000361428
0.000508028
0.000392901
0.000412657
0.000445751
0.000477492
0.000482863
0.00061533
0.00132109
0.00115866
0.00136217
0.000784111
0.000477265
0.00052492
0.000533126
0.000537304
0.000557326
0.000585125
0.000631831
0.000351197
0.000393189
0.000476632
0.000582557
0.000688228
0.000717195
0.000680844
0.000682307
0.000868966
0.00130708
0.00124329
0.00141351
0.000958073
0.000720164
0.000758376
0.000829765
0.000824891
0.00076948
0.000674928
0.000512918
0.000375493
0.000437856
0.000480217
0.000514938
0.000554013
0.000595943
0.000643083
0.000702273
0.000780314
0.000872762
0.000887871
0.00095468
0.000839084
0.0007459
0.00067793
0.000624564
0.000577509
0.000533616
0.000493159
0.000457089
0.00041491
9.18901e-05
0.000108974
0.000124208
0.000138247
0.000148376
0.000151123
0.000150216
0.000153062
0.000170292
0.000191548
0.000224997
0.000232375
0.000236355
0.00023873
0.000239686
0.00023823
0.00023287
0.000221249
0.0001979
0.000155504
0.000107426
0.000225439
0.000252308
0.000262923
0.000277673
0.000300538
0.00032398
0.000364596
0.000401096
0.00045963
0.000401985
0.000330811
0.000328648
0.0003263
0.000325357
0.000321174
0.00030911
0.000285517
0.000246488
0.000147416
0.000110784
0.000261803
0.000304894
0.00032622
0.000343825
0.000364523
0.000382538
0.00037427
0.000359034
0.000600491
0.000494129
0.0003749
0.00038916
0.000386519
0.000380098
0.000365891
0.00033887
0.000295136
0.000238834
0.000185981
0.000144375
0.00025806
0.000348871
0.000382402
0.000403263
0.000423379
0.000432739
0.00037365
0.000395112
0.000741539
0.00055849
0.000378135
0.000437719
0.000435647
0.000417702
0.000381909
0.000330387
0.000280877
0.000253963
0.000243296
0.000240755
0.000239302
0.000313381
0.000399615
0.000446986
0.000476622
0.000482934
0.000390981
0.000459218
0.000880993
0.000621878
0.000366565
0.000476056
0.000478831
0.000448616
0.000394047
0.000332929
0.000299302
0.000310092
0.000281594
0.000295048
0.00027997
0.000286336
0.000362344
0.000445723
0.000505571
0.000517999
0.000409242
0.000530268
0.00101039
0.000689651
0.000365397
0.000510552
0.000525916
0.000491138
0.000431063
0.000374763
0.000368622
0.000440034
0.000309942
0.000333261
0.000352209
0.000310216
0.000366919
0.000458944
0.000531398
0.000554986
0.000466932
0.0006104
0.00110774
0.000755803
0.000407888
0.000544583
0.000569953
0.000548005
0.000504348
0.000462599
0.000479316
0.000651214
0.000333562
0.000364761
0.000520082
0.000405581
0.000432829
0.000471448
0.000503433
0.000512731
0.000493133
0.000663378
0.00113678
0.000784111
0.000496048
0.000544165
0.000564694
0.000566782
0.000557099
0.000558714
0.000579305
0.000610469
0.000355859
0.000396265
0.000498558
0.000636612
0.000767231
0.000834497
0.000826275
0.000768757
0.000742194
0.00089304
0.00115359
0.000958073
0.000760321
0.000865455
0.000962219
0.000966035
0.000910359
0.000822256
0.000707193
0.000527287
0.000381725
0.000438695
0.00048103
0.000516212
0.00055298
0.000591109
0.000630626
0.000674402
0.00072585
0.00078601
0.000838685
0.000839084
0.00077119
0.00071455
0.000665937
0.000621166
0.000578559
0.000537575
0.000499142
0.000462576
0.000420038
9.32776e-05
0.000118703
0.000133693
0.000144759
0.000155187
0.000155278
0.000151724
0.000151785
0.000168163
0.000185679
0.00021755
0.000236355
0.000247517
0.000254769
0.000259407
0.000261502
0.000260617
0.000255968
0.000246779
0.000233585
0.000106112
0.00020976
0.000231254
0.000239031
0.000250527
0.000274383
0.000309286
0.000379277
0.000426638
0.000355913
0.000327849
0.000328648
0.000344979
0.000359435
0.00036961
0.000371924
0.000360869
0.000331412
0.00027967
0.000184619
0.000117025
0.000243694
0.000287864
0.000305368
0.000319769
0.000341175
0.000369001
0.000421993
0.000414973
0.000355363
0.00038115
0.00038916
0.000399781
0.000409985
0.000411172
0.000397594
0.000366316
0.000318965
0.000261967
0.000200188
0.000159287
0.00024567
0.000321284
0.000355171
0.000374979
0.000395708
0.000417284
0.000437037
0.000375408
0.000335057
0.000389348
0.000437719
0.000446638
0.00045283
0.000443624
0.00041001
0.000355877
0.000299618
0.000270823
0.000252809
0.00025058
0.000248519
0.000304896
0.000370761
0.000412294
0.000439416
0.00046176
0.000463181
0.000362544
0.000330884
0.000378577
0.000476056
0.000491154
0.000493994
0.000474797
0.000423778
0.000356294
0.000315486
0.000330814
0.000288516
0.000301398
0.00029298
0.00029441
0.000354859
0.000417881
0.000463306
0.000492854
0.000487906
0.000373377
0.000348457
0.000377213
0.000510552
0.000539314
0.000541813
0.000517982
0.000460655
0.00039538
0.000387768
0.000477066
0.00031565
0.000338066
0.000371873
0.000327341
0.000378991
0.000451389
0.000502367
0.000531072
0.000528727
0.000431894
0.000400878
0.000420534
0.000544583
0.000578845
0.000588586
0.000575261
0.00053166
0.000481413
0.000493118
0.000670417
0.000338672
0.000368882
0.000542054
0.000440681
0.000486758
0.000533861
0.000556866
0.000549865
0.00052282
0.000476718
0.000453338
0.000477265
0.000544165
0.00058092
0.000604513
0.000610541
0.000597996
0.000587254
0.000598971
0.000609799
0.000360551
0.000399916
0.000533655
0.000717244
0.000878252
0.000983973
0.00100858
0.000951682
0.000832763
0.000736356
0.000747464
0.000720164
0.000865455
0.001032
0.00107502
0.00104191
0.000970598
0.000875781
0.000757192
0.000554439
0.000386695
0.00043873
0.000480451
0.000515299
0.000549877
0.000584118
0.000616764
0.000648817
0.000681443
0.000715176
0.000746308
0.0007459
0.00071455
0.000680807
0.000644795
0.000607687
0.000570516
0.000533772
0.00049859
0.000463296
0.000421749
0.000112963
0.000151357
0.000177546
0.000192049
0.000190395
0.000162305
0.000150629
0.000147911
0.000161462
0.000179391
0.000212705
0.00023873
0.000254769
0.000264998
0.000271674
0.000275585
0.000276754
0.000274602
0.000268206
0.000256889
0.000137244
0.000213265
0.000235764
0.000243855
0.000245546
0.000257574
0.000299033
0.000375995
0.00040602
0.000353738
0.000316828
0.0003263
0.000359435
0.000390761
0.000414679
0.00042737
0.000422058
0.000391324
0.000328339
0.000207591
0.000148567
0.000252964
0.000287077
0.000298506
0.000308241
0.000331337
0.000362785
0.000421754
0.000461166
0.000422589
0.000391884
0.000386519
0.000409985
0.000439306
0.000456906
0.000451601
0.00041745
0.000357371
0.000288192
0.000217821
0.000184634
0.000261006
0.000317451
0.000345316
0.000362853
0.00038582
0.000410821
0.000441624
0.000471798
0.000456654
0.000442385
0.000435647
0.00045283
0.000480755
0.000493209
0.000469075
0.00040726
0.000333618
0.000297104
0.000263661
0.000260365
0.000274094
0.000317154
0.000367275
0.000401998
0.00042856
0.000451553
0.000468399
0.000478445
0.000464645
0.000477881
0.000478831
0.000493994
0.00051944
0.000525951
0.000487769
0.000413403
0.000356366
0.000372503
0.000296258
0.000307594
0.000317043
0.000316633
0.000366256
0.000418195
0.000454311
0.000478938
0.000493879
0.000495751
0.000473468
0.000514077
0.000525916
0.000541813
0.000565435
0.000568296
0.000525703
0.000455799
0.000437219
0.000546978
0.00032166
0.00034243
0.000412607
0.000359439
0.00040188
0.000458592
0.000497357
0.000519939
0.000531051
0.000530832
0.000506984
0.00055669
0.000569953
0.000588586
0.000616152
0.000624795
0.000592285
0.000535499
0.000533803
0.000691328
0.000343286
0.000372103
0.000560376
0.000486815
0.000541614
0.000580882
0.000596589
0.000586448
0.000555031
0.000516153
0.000491963
0.00052492
0.000564694
0.000604513
0.000638682
0.000658519
0.000653968
0.000639703
0.000639879
0.000622961
0.000364062
0.000402165
0.000566515
0.000791155
0.000961332
0.00108029
0.00112733
0.00109745
0.000988242
0.000823845
0.000688922
0.000758376
0.000962219
0.00107502
0.00108595
0.00104958
0.00098626
0.000902211
0.000798041
0.00057791
0.000388971
0.000436739
0.000477014
0.000510617
0.000542507
0.000572871
0.000600024
0.000624073
0.000644889
0.000661828
0.000673358
0.00067793
0.000665937
0.000644795
0.000617382
0.000586908
0.000555202
0.000523065
0.000491836
0.000459177
0.000419977
0.00021464
0.000233607
0.000240457
0.000239008
0.000226267
0.000168392
0.000148763
0.000147933
0.000157633
0.000174762
0.000208168
0.000239686
0.000259407
0.000271674
0.000279655
0.000284736
0.000287253
0.000286622
0.000281495
0.000269332
0.000198059
0.000259891
0.000284966
0.000288729
0.000274995
0.00026299
0.000294081
0.000362966
0.000380923
0.000342601
0.000311919
0.000325357
0.00036961
0.000414679
0.000450315
0.000470664
0.00046861
0.000435412
0.000364752
0.00023441
0.00017828
0.000264831
0.000301876
0.000320267
0.000321694
0.000328444
0.000360826
0.000408719
0.000446797
0.00041813
0.000384905
0.000380098
0.000411172
0.000456906
0.000493723
0.000503724
0.000477741
0.000413977
0.000323684
0.000240705
0.000211606
0.000283836
0.000324624
0.000352237
0.000368202
0.000384166
0.000407995
0.00043273
0.000454724
0.000454104
0.000424402
0.000417702
0.000443624
0.000493209
0.000538774
0.000545858
0.000499118
0.000413803
0.000347913
0.000276653
0.000271003
0.00030652
0.000333768
0.000373436
0.00040459
0.000429222
0.000449456
0.000460845
0.000464502
0.000465077
0.00045023
0.000448616
0.000474797
0.000525951
0.000575858
0.000581109
0.00052801
0.000453836
0.000455787
0.000304753
0.000313529
0.000352249
0.000342556
0.00037944
0.000425351
0.000460101
0.00048228
0.00049086
0.000488253
0.000487592
0.000487901
0.000491138
0.000517982
0.000568296
0.00061756
0.000621527
0.000573618
0.000532317
0.000614556
0.000327289
0.000345717
0.000462267
0.000391702
0.000413405
0.000462253
0.000502673
0.000527544
0.000536467
0.000532916
0.000532638
0.000543007
0.000548005
0.000575261
0.000624795
0.000672719
0.000679511
0.000639198
0.000610646
0.000705943
0.000346714
0.00037338
0.000571346
0.000517873
0.000557021
0.000586698
0.000605472
0.000606257
0.00058562
0.00054943
0.000523254
0.000533126
0.000566782
0.000610541
0.000658519
0.000703012
0.000722165
0.000715079
0.000695211
0.000635255
0.000365862
0.000401562
0.00058033
0.000811378
0.000971025
0.0010782
0.00113364
0.00112901
0.00105411
0.000919289
0.000793318
0.000829765
0.000966035
0.00104191
0.00104958
0.00103031
0.000988749
0.000922193
0.000827631
0.000593328
0.000388669
0.0004321
0.000469879
0.0005011
0.000529555
0.000555906
0.000578532
0.000597041
0.000610655
0.000618298
0.000619128
0.000624564
0.000621166
0.000607687
0.000586908
0.000562395
0.00053604
0.000508584
0.000481389
0.000451696
0.000415441
0.000253803
0.000262585
0.000265425
0.000261613
0.000249223
0.000215216
0.000147519
0.000150969
0.000155202
0.000169539
0.000201587
0.00023823
0.000261502
0.000275585
0.000284736
0.000290964
0.000294942
0.000295945
0.000292292
0.000280735
0.00022637
0.000310481
0.00034285
0.00034397
0.000318399
0.000278462
0.000298632
0.000350588
0.000369701
0.000339241
0.000309878
0.000321174
0.000371924
0.00042737
0.000470664
0.000490649
0.000485386
0.000456023
0.000391126
0.000262516
0.000199243
0.000286581
0.000347795
0.000381517
0.00037319
0.000344443
0.000354894
0.000396122
0.000426306
0.000413418
0.000374888
0.000365891
0.000397594
0.000451601
0.000503724
0.000532791
0.000529819
0.000489807
0.000406976
0.000266245
0.000225911
0.000295006
0.000348128
0.000399519
0.000418118
0.000408101
0.00041049
0.000421659
0.000425785
0.000420403
0.000391463
0.000381909
0.00041001
0.000469075
0.000545858
0.000600309
0.000598018
0.000543046
0.000448736
0.000291147
0.000281862
0.000333764
0.000352258
0.000402791
0.000442687
0.000456385
0.000460886
0.000457552
0.000441514
0.000419435
0.000396895
0.000394047
0.000423778
0.000487769
0.000581109
0.000651026
0.000655525
0.000604954
0.000546818
0.000313385
0.000319017
0.000403778
0.000374219
0.000401166
0.000450592
0.000485474
0.000501213
0.000497859
0.000475945
0.000447292
0.000428604
0.000431063
0.000460655
0.000525703
0.000621527
0.000691051
0.000697612
0.000660164
0.000656382
0.000331983
0.000347396
0.000501616
0.000422897
0.000423068
0.000470542
0.000519023
0.000548379
0.000553715
0.000536177
0.000509667
0.000497442
0.000504348
0.00053166
0.000592285
0.000679511
0.000741649
0.000744397
0.000702889
0.000700233
0.000348496
0.000371902
0.000569512
0.000529328
0.000543184
0.000573002
0.000607003
0.000625113
0.000618286
0.000587765
0.000551452
0.000537304
0.000557099
0.000597996
0.000653968
0.000722165
0.00077135
0.000778687
0.000740532
0.00063257
0.000365588
0.000397027
0.000566223
0.000771112
0.000897173
0.000978683
0.00103855
0.00105482
0.00101342
0.000922177
0.000824852
0.000824891
0.000910359
0.000970598
0.00098626
0.000988749
0.000972835
0.000928726
0.000820961
0.000594885
0.000385858
0.000424328
0.000458582
0.000486396
0.000510503
0.000532799
0.000551685
0.000566147
0.000575152
0.000577658
0.000572897
0.000577509
0.000578559
0.000570516
0.000555202
0.00053604
0.00051474
0.000491913
0.000468469
0.000441648
0.000408465
0.000267865
0.000277784
0.000280379
0.000276172
0.000264843
0.000242025
0.000165994
0.000152915
0.000154544
0.000162539
0.000189967
0.00023287
0.000260617
0.000276754
0.000287253
0.000294942
0.00030087
0.000304027
0.000302403
0.00029205
0.00024209
0.0003487
0.00039524
0.000399804
0.000366557
0.000311602
0.000280788
0.000334677
0.000358421
0.00034004
0.000306174
0.00030911
0.000360869
0.000422058
0.00046861
0.000485386
0.00049602
0.000481621
0.000424564
0.000286267
0.000210787
0.000323696
0.000414276
0.000464898
0.000453337
0.000387721
0.000350932
0.000367397
0.000392141
0.000398776
0.000358503
0.00033887
0.000366316
0.00041745
0.000477741
0.000529819
0.000560584
0.000547424
0.000474915
0.000291783
0.000255198
0.0003377
0.00041974
0.000493885
0.000513808
0.00046567
0.000422224
0.000404383
0.000391372
0.000373844
0.000347182
0.000330387
0.000355877
0.00040726
0.000499118
0.000598018
0.000641868
0.000626396
0.000540616
0.000305828
0.000295173
0.000401883
0.000434593
0.000497526
0.000540227
0.000525649
0.000489299
0.000454478
0.000416634
0.000377206
0.00034464
0.000332929
0.000356294
0.000413403
0.00052801
0.000655525
0.000708157
0.000692649
0.00060419
0.000321577
0.000324439
0.000468461
0.000460975
0.000491325
0.000538231
0.000557031
0.00054517
0.000514511
0.000469108
0.000419454
0.000383529
0.000374763
0.00039538
0.000455799
0.000573618
0.000697612
0.000752751
0.0007368
0.000656202
0.000335594
0.000347418
0.000525528
0.000488527
0.00049551
0.000535443
0.000577244
0.000594877
0.000584506
0.000548573
0.000500707
0.000466737
0.000462599
0.000481413
0.000535499
0.000639198
0.000744397
0.000786253
0.000747395
0.000664923
0.000348738
0.00036766
0.000550556
0.000552241
0.000574555
0.000611675
0.000651965
0.000674231
0.000669043
0.000635309
0.000588648
0.000557326
0.000558714
0.000587254
0.000639703
0.000715079
0.000778687
0.000797532
0.000729344
0.000611011
0.000363063
0.000388982
0.000536062
0.000705741
0.000835703
0.000890426
0.000939128
0.000956881
0.000930469
0.000863504
0.000784729
0.00076948
0.000822256
0.000875781
0.000902211
0.000922193
0.000928726
0.00090953
0.000771544
0.000576403
0.000380191
0.000413181
0.000443575
0.000468014
0.000488024
0.000506043
0.000521386
0.000532504
0.000538202
0.000537442
0.000529375
0.000533616
0.000537575
0.000533772
0.000523065
0.000508584
0.000491913
0.000473554
0.000453485
0.000429279
0.00039899
0.000277814
0.000289794
0.000292158
0.000286767
0.000274926
0.000256241
0.000220406
0.000158079
0.000151626
0.000153329
0.000170298
0.000221249
0.000255968
0.000274602
0.000286622
0.000295945
0.000304027
0.000309635
0.000310425
0.000301652
0.000267598
0.000379873
0.000431521
0.000443956
0.000407153
0.000339488
0.000276922
0.00028191
0.00032101
0.00033191
0.00030149
0.000285517
0.000331412
0.000391324
0.000435412
0.000456023
0.000481621
0.000485583
0.000443326
0.000304628
0.000268348
0.000419164
0.000500482
0.000541514
0.000525486
0.000433987
0.000352152
0.000330328
0.000336068
0.000340873
0.000322235
0.000295136
0.000318965
0.000357371
0.000413977
0.000489807
0.000547424
0.000559426
0.000502977
0.000311386
0.000286601
0.000462945
0.000558742
0.00061057
0.000612326
0.000527747
0.000433979
0.000380072
0.000345469
0.00031869
0.000294763
0.000280877
0.000299618
0.000333618
0.000413803
0.000543046
0.000626396
0.000635359
0.000561606
0.000319508
0.000310193
0.000498005
0.000591917
0.000646044
0.000665255
0.000613393
0.000522737
0.000447151
0.000385313
0.000338011
0.000308043
0.000299302
0.000315486
0.000356366
0.000453836
0.000604954
0.000692649
0.000694619
0.000607476
0.000329223
0.000329569
0.000522869
0.000596696
0.000652351
0.000684326
0.000671831
0.000614811
0.000542917
0.000469846
0.000409754
0.000374893
0.000368622
0.000387768
0.000437219
0.000532317
0.000660164
0.0007368
0.000724556
0.000628311
0.000338435
0.000345792
0.000528022
0.000579815
0.000634946
0.000684755
0.000704247
0.000687603
0.00064455
0.00058391
0.000524001
0.000486798
0.000479316
0.000493118
0.000533803
0.000610646
0.000702889
0.000747395
0.000720542
0.000618836
0.000347679
0.000360921
0.00051779
0.000567256
0.000634831
0.000702936
0.000748331
0.000757754
0.000731825
0.000680501
0.000623153
0.000585125
0.000579305
0.000598971
0.000639879
0.000695211
0.000740532
0.000729344
0.000679368
0.00057789
0.000358322
0.000377854
0.000499645
0.000612644
0.000733799
0.000822973
0.000880565
0.000878021
0.000838892
0.000770643
0.000697626
0.000674928
0.000707193
0.000757192
0.000798041
0.000827631
0.000820961
0.000771544
0.000667168
0.000539109
0.000371467
0.000398215
0.000425132
0.000447008
0.000464461
0.000479234
0.000491061
0.000498899
0.000501798
0.000498637
0.000488522
0.000493159
0.000499142
0.00049859
0.000491836
0.000481389
0.000468469
0.000453485
0.000436092
0.000414165
0.000386418
0.000290107
0.000301655
0.000301652
0.00029398
0.000279708
0.000260941
0.000225941
0.000154892
0.000143825
0.000138865
0.000143967
0.0001979
0.000246779
0.000268206
0.000281495
0.000292292
0.000302403
0.000310425
0.000314257
0.000309317
0.000295541
0.000409929
0.000443811
0.000443093
0.00040766
0.000333602
0.00026945
0.000245274
0.000272381
0.000284708
0.000273924
0.000246488
0.00027967
0.000328339
0.000364752
0.000391126
0.000424564
0.000443326
0.000425198
0.000318071
0.000303349
0.000464833
0.000519072
0.0005374
0.000519199
0.000417959
0.000332103
0.000292165
0.000276206
0.000266028
0.0002513
0.000238834
0.000261967
0.000288192
0.000323684
0.000406976
0.000474915
0.000502977
0.000472349
0.000325157
0.000311888
0.000501756
0.000570641
0.000606659
0.00060227
0.000509695
0.000406608
0.000341395
0.000297714
0.000270578
0.000256089
0.000253963
0.000270823
0.000297104
0.000347913
0.000448736
0.000540616
0.000561606
0.000512072
0.000330026
0.000322509
0.000515258
0.000593366
0.000649279
0.000672966
0.000623747
0.000512195
0.000423421
0.000357535
0.000320173
0.000306761
0.000310092
0.000330814
0.000372503
0.000455787
0.000546818
0.00060419
0.000607476
0.000541546
0.000334431
0.000332406
0.000509965
0.000590507
0.000665703
0.000727016
0.000733026
0.000669214
0.000577916
0.000494861
0.000443789
0.000428907
0.000440034
0.000477066
0.000546978
0.000614556
0.000656382
0.000656202
0.000628311
0.000554458
0.000338934
0.000341561
0.000493365
0.000569387
0.000652201
0.000742837
0.000800478
0.000810523
0.000773289
0.000704246
0.000648861
0.000635823
0.000651214
0.000670417
0.000691328
0.000705943
0.000700233
0.000664923
0.000618836
0.000549696
0.000343855
0.000350958
0.000476959
0.000537858
0.000602496
0.000666948
0.000714647
0.000731117
0.00071975
0.000693932
0.000665804
0.000631831
0.000610469
0.000609799
0.000622961
0.000635255
0.00063257
0.000611011
0.00057789
0.000519376
0.000350183
0.000362573
0.000461303
0.000517045
0.000571169
0.000615698
0.000642157
0.000641792
0.000618722
0.000577381
0.000532222
0.000512918
0.000527287
0.000554439
0.00057791
0.000593328
0.000594885
0.000576403
0.000539109
0.000484108
0.000358451
0.000377273
0.000401303
0.000421347
0.000436753
0.000449092
0.000458322
0.000463895
0.000465374
0.000461989
0.000452791
0.000457089
0.000462576
0.000463296
0.000459177
0.000451696
0.000441648
0.000429279
0.000414165
0.000394168
0.000368641
0.000301054
0.000301232
0.000296232
0.000286783
0.000273446
0.000256396
0.000208561
0.000132591
0.00012886
0.000122527
0.000122748
0.000155504
0.000233585
0.000256889
0.000269332
0.000280735
0.00029205
0.000301652
0.000309317
0.000314496
0.000312892
0.000313778
0.000306462
0.000291674
0.000269448
0.000242627
0.000210556
0.000180849
0.000164656
0.000154647
0.000146127
0.000147416
0.000184619
0.000207591
0.00023441
0.000262516
0.000286267
0.000304628
0.000318071
0.00032435
0.000319597
0.000321699
0.000315172
0.000301082
0.000280491
0.000248073
0.000220311
0.000204939
0.000190542
0.000178746
0.000176326
0.000185981
0.000200188
0.000217821
0.000240705
0.000266245
0.000291783
0.000311386
0.000325157
0.000329383
0.000323163
0.000326415
0.000321967
0.00031189
0.00029886
0.000281576
0.000262987
0.000250017
0.000237075
0.00023169
0.000235353
0.000243296
0.000252809
0.000263661
0.000276653
0.000291147
0.000305828
0.000319508
0.000330026
0.000331274
0.000326149
0.000330228
0.000328586
0.000324202
0.000318008
0.000309262
0.000298695
0.000288251
0.000277297
0.000272571
0.000275652
0.000281594
0.000288516
0.000296258
0.000304753
0.000313385
0.000321577
0.000329223
0.000334431
0.000332185
0.000328988
0.000334351
0.000336257
0.000336517
0.000335302
0.000331998
0.000326204
0.000318524
0.000309422
0.000302948
0.000305052
0.000309942
0.00031565
0.00032166
0.000327289
0.000331983
0.000335594
0.000338435
0.000338934
0.000333012
0.000331872
0.000339823
0.000345278
0.000349355
0.000351717
0.000351876
0.000349133
0.000343507
0.000335494
0.000327457
0.000329037
0.000333562
0.000338672
0.000343286
0.000346714
0.000348496
0.000348738
0.000347679
0.000343855
0.000334144
0.000335444
0.000347052
0.000356587
0.000364243
0.00036971
0.000372391
0.000371533
0.000367013
0.000359227
0.00034979
0.000351197
0.000355859
0.000360551
0.000364062
0.000365862
0.000365588
0.000363063
0.000358322
0.000350183
0.000336034
0.000340698
0.000357207
0.000371301
0.000382301
0.000390209
0.000394592
0.000395004
0.000391391
0.00038369
0.000372916
0.000375493
0.000381725
0.000386695
0.000388971
0.000388669
0.000385858
0.000380191
0.000371467
0.000358451
0.000339439
0.000348916
0.00037071
0.000389025
0.000402237
0.000411976
0.000418585
0.000422083
0.000422414
0.000419046
0.000410806
0.00041491
0.000420038
0.000421749
0.000419977
0.000415441
0.000408465
0.00039899
0.000386418
0.000368641
0.000345392
)
;

boundaryField
{
    floor
    {
        type            compressible::alphatWallFunction;
        Prt             0.85;
        value           nonuniform List<scalar> 
400
(
4.35377e-05
4.22103e-05
4.02161e-05
3.81069e-05
3.48835e-05
2.24626e-05
9.29776e-06
9.26583e-06
9.11255e-06
8.8147e-06
8.58154e-06
8.33496e-06
8.6111e-06
1.20992e-05
2.87341e-05
3.48747e-05
3.70428e-05
3.8564e-05
4.04443e-05
4.21151e-05
4.22103e-05
4.28157e-05
4.14378e-05
3.8919e-05
3.54062e-05
2.52321e-05
1.2952e-05
1.22473e-05
1.17454e-05
1.12095e-05
1.09689e-05
1.13737e-05
1.30799e-05
1.85644e-05
3.17533e-05
3.62416e-05
3.85734e-05
4.04031e-05
4.22131e-05
4.21537e-05
4.02161e-05
4.14378e-05
4.02759e-05
3.80158e-05
3.43846e-05
2.33003e-05
1.46786e-05
1.38643e-05
1.33238e-05
1.26718e-05
1.27178e-05
1.40273e-05
1.56038e-05
2.29029e-05
3.28356e-05
3.66878e-05
3.89797e-05
4.07759e-05
4.22272e-05
4.14087e-05
3.81069e-05
3.8919e-05
3.80158e-05
3.5821e-05
3.18012e-05
1.87175e-05
1.57037e-05
1.47462e-05
1.46699e-05
1.44412e-05
1.5274e-05
1.63802e-05
1.74605e-05
2.52874e-05
3.26169e-05
3.61055e-05
3.83417e-05
3.99638e-05
4.10728e-05
3.99817e-05
3.48835e-05
3.54062e-05
3.43846e-05
3.18012e-05
2.71578e-05
1.68529e-05
1.62689e-05
1.55684e-05
1.61814e-05
1.61491e-05
1.70367e-05
1.80579e-05
1.91855e-05
2.49823e-05
3.06018e-05
3.41784e-05
3.65974e-05
3.81525e-05
3.88949e-05
3.79428e-05
2.24626e-05
2.52321e-05
2.33003e-05
1.87175e-05
1.68529e-05
1.68706e-05
1.63632e-05
1.58301e-05
1.6911e-05
1.69758e-05
1.7677e-05
1.85034e-05
1.91715e-05
2.02308e-05
2.11571e-05
2.87236e-05
3.3037e-05
3.52619e-05
3.60002e-05
3.53077e-05
9.29776e-06
1.2952e-05
1.46786e-05
1.57037e-05
1.62689e-05
1.63632e-05
1.58931e-05
1.58184e-05
1.75708e-05
1.79238e-05
1.80165e-05
1.83384e-05
1.85613e-05
1.83079e-05
1.80303e-05
1.78131e-05
2.08005e-05
2.96233e-05
3.05322e-05
2.78066e-05
9.26583e-06
1.22473e-05
1.38643e-05
1.47462e-05
1.55684e-05
1.58301e-05
1.58184e-05
1.63116e-05
1.8606e-05
1.94825e-05
1.90208e-05
1.87991e-05
1.85613e-05
1.78792e-05
1.79301e-05
1.84543e-05
1.87604e-05
1.94631e-05
1.89723e-05
1.53398e-05
9.11255e-06
1.17454e-05
1.33238e-05
1.46699e-05
1.61814e-05
1.6911e-05
1.75708e-05
1.8606e-05
2.03695e-05
2.11337e-05
2.13155e-05
2.16498e-05
2.13093e-05
2.02247e-05
1.96105e-05
1.92057e-05
1.90684e-05
1.85596e-05
1.72376e-05
1.46871e-05
8.8147e-06
1.12095e-05
1.26718e-05
1.44412e-05
1.61491e-05
1.69758e-05
1.79238e-05
1.94825e-05
2.11337e-05
0
0
2.5194e-05
2.42681e-05
2.32894e-05
2.25487e-05
2.1686e-05
2.04739e-05
1.88872e-05
1.63883e-05
1.36099e-05
8.58154e-06
1.09689e-05
1.27178e-05
1.5274e-05
1.70367e-05
1.7677e-05
1.80165e-05
1.90208e-05
2.13155e-05
0
0
3.05275e-05
2.93811e-05
2.86457e-05
2.79548e-05
2.69347e-05
2.51173e-05
2.19445e-05
1.7398e-05
1.36978e-05
8.33496e-06
1.13737e-05
1.40273e-05
1.63802e-05
1.80579e-05
1.85034e-05
1.83384e-05
1.87991e-05
2.16498e-05
2.5194e-05
3.05275e-05
3.16735e-05
3.22999e-05
3.26801e-05
3.28399e-05
3.26259e-05
3.18095e-05
3.00273e-05
2.64413e-05
1.96628e-05
8.6111e-06
1.30799e-05
1.56038e-05
1.74605e-05
1.91855e-05
1.91715e-05
1.85613e-05
1.85613e-05
2.13093e-05
2.42681e-05
2.93811e-05
3.22999e-05
3.40242e-05
3.51434e-05
3.58587e-05
3.61827e-05
3.60489e-05
3.5335e-05
3.39168e-05
3.18649e-05
1.20992e-05
1.85644e-05
2.29029e-05
2.52874e-05
2.49823e-05
2.02308e-05
1.83079e-05
1.78792e-05
2.02247e-05
2.32894e-05
2.86457e-05
3.26801e-05
3.51434e-05
3.6709e-05
3.77284e-05
3.83248e-05
3.85023e-05
3.81711e-05
3.71874e-05
3.54361e-05
2.87341e-05
3.17533e-05
3.28356e-05
3.26169e-05
3.06018e-05
2.11571e-05
1.80303e-05
1.79301e-05
1.96105e-05
2.25487e-05
2.79548e-05
3.28399e-05
3.58587e-05
3.77284e-05
3.89418e-05
3.97134e-05
4.00949e-05
3.99964e-05
3.92096e-05
3.73341e-05
3.48747e-05
3.62416e-05
3.66878e-05
3.61055e-05
3.41784e-05
2.87236e-05
1.78131e-05
1.84543e-05
1.92057e-05
2.1686e-05
2.69347e-05
3.26259e-05
3.61827e-05
3.83248e-05
3.97134e-05
4.06581e-05
4.12611e-05
4.14113e-05
4.08536e-05
3.90863e-05
3.70428e-05
3.85734e-05
3.89797e-05
3.83417e-05
3.65974e-05
3.3037e-05
2.08005e-05
1.87604e-05
1.90684e-05
2.04739e-05
2.51173e-05
3.18095e-05
3.60489e-05
3.85023e-05
4.00949e-05
4.12611e-05
4.21579e-05
4.26333e-05
4.23849e-05
4.08116e-05
3.8564e-05
4.04031e-05
4.07759e-05
3.99638e-05
3.81525e-05
3.52619e-05
2.96233e-05
1.94631e-05
1.85596e-05
1.88872e-05
2.19445e-05
3.00273e-05
3.5335e-05
3.81711e-05
3.99964e-05
4.14113e-05
4.26333e-05
4.34789e-05
4.35968e-05
4.22698e-05
4.04443e-05
4.22131e-05
4.22272e-05
4.10728e-05
3.88949e-05
3.60002e-05
3.05322e-05
1.89723e-05
1.72376e-05
1.63883e-05
1.7398e-05
2.64413e-05
3.39168e-05
3.71874e-05
3.92096e-05
4.08536e-05
4.23849e-05
4.35968e-05
4.41755e-05
4.3431e-05
4.21151e-05
4.21537e-05
4.14087e-05
3.99817e-05
3.79428e-05
3.53077e-05
2.78066e-05
1.53398e-05
1.46871e-05
1.36099e-05
1.36978e-05
1.96628e-05
3.18649e-05
3.54361e-05
3.73341e-05
3.90863e-05
4.08116e-05
4.22698e-05
4.3431e-05
4.42136e-05
)
;
    }
    ceiling
    {
        type            compressible::alphatWallFunction;
        Prt             0.85;
        value           nonuniform List<scalar> 
400
(
5.15156e-05
5.56438e-05
5.88784e-05
6.12286e-05
6.30126e-05
6.42994e-05
6.5094e-05
6.53803e-05
6.50291e-05
6.35156e-05
6.24377e-05
6.25492e-05
6.25438e-05
6.2245e-05
6.15607e-05
6.04197e-05
5.87852e-05
5.65885e-05
5.35042e-05
4.93014e-05
5.56438e-05
6.00627e-05
6.36347e-05
6.64023e-05
6.86629e-05
7.04208e-05
7.15925e-05
7.21044e-05
7.17618e-05
7.00858e-05
6.85682e-05
6.86694e-05
6.85724e-05
6.80654e-05
6.70243e-05
6.53817e-05
6.32006e-05
6.05163e-05
5.70354e-05
5.25373e-05
5.88784e-05
6.36347e-05
6.74797e-05
7.0582e-05
7.32402e-05
7.54168e-05
7.69435e-05
7.76808e-05
7.73636e-05
7.54878e-05
7.35473e-05
7.37082e-05
7.35616e-05
7.28781e-05
7.15007e-05
6.93783e-05
6.67255e-05
6.36892e-05
5.99654e-05
5.5242e-05
6.12286e-05
6.64023e-05
7.0582e-05
7.40757e-05
7.72761e-05
8.00025e-05
8.20337e-05
8.31821e-05
8.32005e-05
8.16344e-05
7.91037e-05
7.89327e-05
7.84744e-05
7.74119e-05
7.55535e-05
7.2823e-05
6.95985e-05
6.62121e-05
6.2211e-05
5.71873e-05
6.30126e-05
6.86629e-05
7.32402e-05
7.72761e-05
8.11283e-05
8.44155e-05
8.69678e-05
8.86042e-05
8.91047e-05
8.80819e-05
8.50095e-05
8.43043e-05
8.33033e-05
8.17025e-05
7.92887e-05
7.59986e-05
7.21818e-05
6.83455e-05
6.40077e-05
5.86198e-05
6.42994e-05
7.04208e-05
7.54168e-05
8.00025e-05
8.44155e-05
8.82568e-05
9.13951e-05
9.36951e-05
9.50455e-05
9.5141e-05
9.1583e-05
8.98253e-05
8.78763e-05
8.5519e-05
8.24836e-05
7.86825e-05
7.4379e-05
7.00529e-05
6.53516e-05
5.95925e-05
6.5094e-05
7.15925e-05
7.69435e-05
8.20337e-05
8.69678e-05
9.13951e-05
9.52513e-05
9.85777e-05
0.000101515
0.00010381
9.97542e-05
9.58929e-05
9.23381e-05
8.88831e-05
8.50881e-05
8.07328e-05
7.5969e-05
7.11854e-05
6.61655e-05
6.01106e-05
6.53803e-05
7.21044e-05
7.76808e-05
8.31821e-05
8.86042e-05
9.36951e-05
9.85777e-05
0.000103618
0.000109239
0.000114955
0.000110414
0.000102965
9.6851e-05
9.17814e-05
8.69979e-05
8.20091e-05
7.67875e-05
7.16104e-05
6.63879e-05
6.01664e-05
6.50291e-05
7.17618e-05
7.73636e-05
8.32005e-05
8.91047e-05
9.50455e-05
0.000101515
0.000109239
0.000118547
0.000127379
0.000122902
0.000111161
0.000101485
9.41261e-05
8.80686e-05
8.23698e-05
7.66903e-05
7.11695e-05
6.59091e-05
5.9683e-05
6.35156e-05
7.00858e-05
7.54878e-05
8.16344e-05
8.80819e-05
9.5141e-05
0.00010381
0.000114955
0.000127379
0.000125248
0.000124992
0.000118273
0.00010573
9.57042e-05
8.8179e-05
8.1704e-05
7.55548e-05
6.97322e-05
6.45881e-05
5.84838e-05
6.24377e-05
6.85682e-05
7.35473e-05
7.91037e-05
8.50095e-05
9.1583e-05
9.97542e-05
0.000110414
0.000122902
0.000124992
0.000133659
0.000118204
0.000105596
9.62795e-05
8.88879e-05
8.23146e-05
7.61293e-05
7.03757e-05
6.51929e-05
5.90713e-05
6.25492e-05
6.86694e-05
7.37082e-05
7.89327e-05
8.43043e-05
8.98253e-05
9.58929e-05
0.000102965
0.000111161
0.000118273
0.000118204
0.000109026
0.00010129
9.45982e-05
8.8392e-05
8.2442e-05
7.66716e-05
7.12129e-05
6.597e-05
5.98088e-05
6.25438e-05
6.85724e-05
7.35616e-05
7.84744e-05
8.33033e-05
8.78763e-05
9.23381e-05
9.6851e-05
0.000101485
0.00010573
0.000105596
0.00010129
9.6643e-05
9.16696e-05
8.65167e-05
8.1318e-05
7.61377e-05
7.1136e-05
6.60744e-05
6.00583e-05
6.2245e-05
6.80654e-05
7.28781e-05
7.74119e-05
8.17025e-05
8.5519e-05
8.88831e-05
9.17814e-05
9.41261e-05
9.57042e-05
9.62795e-05
9.45982e-05
9.16696e-05
8.78722e-05
8.36285e-05
7.91818e-05
7.46386e-05
7.01863e-05
6.54923e-05
5.98077e-05
6.15607e-05
6.70243e-05
7.15007e-05
7.55535e-05
7.92887e-05
8.24836e-05
8.50881e-05
8.69979e-05
8.80686e-05
8.8179e-05
8.88879e-05
8.8392e-05
8.65167e-05
8.36285e-05
8.02031e-05
7.64939e-05
7.25994e-05
6.87069e-05
6.44258e-05
5.91558e-05
6.04197e-05
6.53817e-05
6.93783e-05
7.2823e-05
7.59986e-05
7.86825e-05
8.07328e-05
8.20091e-05
8.23698e-05
8.1704e-05
8.23146e-05
8.2442e-05
8.1318e-05
7.91818e-05
7.64939e-05
7.34846e-05
7.0234e-05
6.68655e-05
6.29844e-05
5.81462e-05
5.87852e-05
6.32006e-05
6.67255e-05
6.95985e-05
7.21818e-05
7.4379e-05
7.5969e-05
7.67875e-05
7.66903e-05
7.55548e-05
7.61293e-05
7.66716e-05
7.61377e-05
7.46386e-05
7.25994e-05
7.0234e-05
6.76079e-05
6.47138e-05
6.11986e-05
5.67667e-05
5.65885e-05
6.05163e-05
6.36892e-05
6.62121e-05
6.83455e-05
7.00529e-05
7.11854e-05
7.16104e-05
7.11695e-05
6.97322e-05
7.03757e-05
7.12129e-05
7.1136e-05
7.01863e-05
6.87069e-05
6.68655e-05
6.47138e-05
6.21967e-05
5.90009e-05
5.49252e-05
5.35042e-05
5.70354e-05
5.99654e-05
6.2211e-05
6.40077e-05
6.53516e-05
6.61655e-05
6.63879e-05
6.59091e-05
6.45881e-05
6.51929e-05
6.597e-05
6.60744e-05
6.54923e-05
6.44258e-05
6.29844e-05
6.11986e-05
5.90009e-05
5.60724e-05
5.23036e-05
4.93014e-05
5.25373e-05
5.5242e-05
5.71873e-05
5.86198e-05
5.95925e-05
6.01106e-05
6.01664e-05
5.9683e-05
5.84838e-05
5.90713e-05
5.98088e-05
6.00583e-05
5.98077e-05
5.91558e-05
5.81462e-05
5.67667e-05
5.49252e-05
5.23036e-05
4.88482e-05
)
;
    }
    fixedWalls
    {
        type            compressible::alphatWallFunction;
        Prt             0.85;
        value           nonuniform List<scalar> 
800
(
4.3485e-05
4.53081e-05
4.63617e-05
4.69493e-05
4.74033e-05
4.78709e-05
4.84111e-05
4.90904e-05
5.00437e-05
5.14558e-05
4.21587e-05
4.36546e-05
4.50421e-05
4.61717e-05
4.72963e-05
4.8545e-05
4.98628e-05
5.13479e-05
5.32458e-05
5.55795e-05
4.01664e-05
4.0204e-05
4.13331e-05
4.322e-05
4.56743e-05
4.81708e-05
5.05375e-05
5.2911e-05
5.56734e-05
5.88105e-05
3.80595e-05
3.57864e-05
3.45338e-05
3.85091e-05
4.3054e-05
4.72335e-05
5.07774e-05
5.40082e-05
5.74625e-05
6.1158e-05
3.48397e-05
3.25349e-05
3.05287e-05
3.13976e-05
4.0059e-05
4.60529e-05
5.07344e-05
5.47272e-05
5.87487e-05
6.29399e-05
2.24326e-05
2.39504e-05
2.49218e-05
2.79333e-05
3.76265e-05
4.48744e-05
5.03961e-05
5.50169e-05
5.95201e-05
6.42251e-05
9.28022e-06
1.29631e-05
1.95361e-05
2.46672e-05
3.5348e-05
4.36429e-05
4.97479e-05
5.48358e-05
5.97327e-05
6.50186e-05
9.24826e-06
1.35761e-05
1.4146e-05
2.00543e-05
3.31033e-05
4.23021e-05
4.8819e-05
5.41839e-05
5.93852e-05
6.53044e-05
9.09509e-06
1.39489e-05
1.56226e-05
1.63189e-05
3.07296e-05
4.08615e-05
4.7626e-05
5.30878e-05
5.84203e-05
6.49535e-05
8.79749e-06
1.30812e-05
1.51604e-05
1.50259e-05
2.94286e-05
3.95667e-05
4.61774e-05
5.14084e-05
5.6476e-05
6.34416e-05
8.56454e-06
1.2161e-05
1.35429e-05
1.52865e-05
3.10501e-05
4.01851e-05
4.62809e-05
5.11281e-05
5.58295e-05
6.2365e-05
8.31818e-06
1.10364e-05
1.16251e-05
1.72015e-05
3.27357e-05
4.11288e-05
4.6913e-05
5.16183e-05
5.62745e-05
6.24765e-05
8.59408e-06
1.08653e-05
1.2734e-05
1.96989e-05
3.42685e-05
4.20913e-05
4.76279e-05
5.22215e-05
5.68003e-05
6.24712e-05
1.20792e-05
1.61123e-05
1.80447e-05
2.38425e-05
3.57861e-05
4.30269e-05
4.82743e-05
5.26901e-05
5.71195e-05
6.21728e-05
2.86973e-05
2.61087e-05
2.29602e-05
2.81076e-05
3.74264e-05
4.392e-05
4.87588e-05
5.28703e-05
5.70197e-05
6.14895e-05
3.48309e-05
3.05422e-05
2.62629e-05
3.03753e-05
3.90908e-05
4.47444e-05
4.90043e-05
5.26447e-05
5.63453e-05
6.03499e-05
3.69965e-05
3.2966e-05
2.80068e-05
3.49551e-05
4.1122e-05
4.55597e-05
4.90052e-05
5.20134e-05
5.51588e-05
5.87174e-05
3.8516e-05
3.69065e-05
3.69786e-05
3.98021e-05
4.3407e-05
4.63337e-05
4.87635e-05
5.10144e-05
5.35189e-05
5.65232e-05
4.03945e-05
4.1206e-05
4.23822e-05
4.3672e-05
4.52783e-05
4.67666e-05
4.81366e-05
4.95375e-05
5.12625e-05
5.34424e-05
4.20638e-05
4.38513e-05
4.48593e-05
4.53936e-05
4.58419e-05
4.62675e-05
4.66992e-05
4.72329e-05
4.80178e-05
4.92441e-05
4.20638e-05
4.38513e-05
4.48593e-05
4.53936e-05
4.58419e-05
4.62675e-05
4.66992e-05
4.72329e-05
4.80178e-05
4.92441e-05
4.21023e-05
4.40003e-05
4.51917e-05
4.58975e-05
4.64657e-05
4.70786e-05
4.78916e-05
4.89655e-05
5.04731e-05
5.24766e-05
4.13579e-05
4.29198e-05
4.42371e-05
4.52555e-05
4.62404e-05
4.73771e-05
4.87141e-05
5.03902e-05
5.25648e-05
5.51783e-05
3.99322e-05
4.07061e-05
4.21464e-05
4.37741e-05
4.56064e-05
4.74347e-05
4.93365e-05
5.15381e-05
5.41976e-05
5.71213e-05
3.78954e-05
3.73335e-05
3.90526e-05
4.18326e-05
4.46977e-05
4.72698e-05
4.97021e-05
5.236e-05
5.53731e-05
5.85521e-05
3.52633e-05
3.31464e-05
3.4122e-05
3.92352e-05
4.34015e-05
4.6792e-05
4.97425e-05
5.27664e-05
5.60286e-05
5.95236e-05
2.77708e-05
2.81067e-05
2.97625e-05
3.63964e-05
4.18126e-05
4.59337e-05
4.93411e-05
5.2647e-05
5.60985e-05
6.0041e-05
1.5317e-05
2.33447e-05
2.73164e-05
3.43765e-05
4.02175e-05
4.47809e-05
4.8504e-05
5.19861e-05
5.5576e-05
6.00966e-05
1.46647e-05
2.0703e-05
2.49956e-05
3.23633e-05
3.85422e-05
4.34004e-05
4.73059e-05
5.08363e-05
5.44485e-05
5.96136e-05
1.35884e-05
1.90248e-05
2.30883e-05
3.15168e-05
3.7817e-05
4.24285e-05
4.61097e-05
4.94364e-05
5.28635e-05
5.84156e-05
1.36761e-05
1.75983e-05
2.26984e-05
3.20643e-05
3.82702e-05
4.27325e-05
4.63358e-05
4.96384e-05
5.32332e-05
5.90026e-05
1.96355e-05
1.79318e-05
2.42497e-05
3.32812e-05
3.91659e-05
4.34616e-05
4.70047e-05
5.03224e-05
5.41396e-05
5.97394e-05
3.18245e-05
2.39717e-05
2.65231e-05
3.4747e-05
4.02167e-05
4.43193e-05
4.77658e-05
5.10171e-05
5.48698e-05
5.99888e-05
3.53916e-05
2.76599e-05
2.93114e-05
3.64186e-05
4.13932e-05
4.52243e-05
4.84567e-05
5.15428e-05
5.52129e-05
5.97386e-05
3.72875e-05
3.19076e-05
3.28839e-05
3.84129e-05
4.26815e-05
4.60717e-05
4.89726e-05
5.18176e-05
5.51802e-05
5.90876e-05
3.90378e-05
3.62528e-05
3.68261e-05
4.0624e-05
4.39871e-05
4.67798e-05
4.92454e-05
5.17862e-05
5.47785e-05
5.80792e-05
4.07614e-05
3.98853e-05
4.07257e-05
4.28505e-05
4.52239e-05
4.73263e-05
4.929e-05
5.14204e-05
5.39523e-05
5.67014e-05
4.22182e-05
4.26718e-05
4.36939e-05
4.49178e-05
4.63775e-05
4.77577e-05
4.91385e-05
5.07228e-05
5.26694e-05
5.4862e-05
4.33785e-05
4.47025e-05
4.577e-05
4.65015e-05
4.71619e-05
4.78359e-05
4.85711e-05
4.95143e-05
5.07416e-05
5.22434e-05
4.41606e-05
4.56469e-05
4.64039e-05
4.6688e-05
4.68245e-05
4.69481e-05
4.71172e-05
4.7399e-05
4.79065e-05
4.87916e-05
4.3485e-05
4.53081e-05
4.63617e-05
4.69493e-05
4.74033e-05
4.78709e-05
4.84111e-05
4.90904e-05
5.00437e-05
5.14558e-05
4.21587e-05
4.36546e-05
4.50421e-05
4.61717e-05
4.72963e-05
4.8545e-05
4.98628e-05
5.13479e-05
5.32458e-05
5.55795e-05
4.01664e-05
4.0204e-05
4.13331e-05
4.322e-05
4.56743e-05
4.81708e-05
5.05375e-05
5.2911e-05
5.56734e-05
5.88105e-05
3.80595e-05
3.57864e-05
3.45338e-05
3.85091e-05
4.3054e-05
4.72335e-05
5.07774e-05
5.40082e-05
5.74625e-05
6.1158e-05
3.48397e-05
3.25349e-05
3.05287e-05
3.13976e-05
4.0059e-05
4.60529e-05
5.07344e-05
5.47272e-05
5.87487e-05
6.29399e-05
2.24326e-05
2.39504e-05
2.49218e-05
2.79333e-05
3.76265e-05
4.48744e-05
5.03961e-05
5.50169e-05
5.95201e-05
6.42251e-05
9.28022e-06
1.29631e-05
1.95361e-05
2.46672e-05
3.5348e-05
4.36429e-05
4.97479e-05
5.48358e-05
5.97327e-05
6.50186e-05
9.24826e-06
1.35761e-05
1.4146e-05
2.00543e-05
3.31033e-05
4.23021e-05
4.8819e-05
5.41839e-05
5.93852e-05
6.53044e-05
9.09509e-06
1.39489e-05
1.56226e-05
1.63189e-05
3.07296e-05
4.08615e-05
4.7626e-05
5.30878e-05
5.84203e-05
6.49535e-05
8.79749e-06
1.30812e-05
1.51604e-05
1.50259e-05
2.94286e-05
3.95667e-05
4.61774e-05
5.14084e-05
5.6476e-05
6.34416e-05
8.56454e-06
1.2161e-05
1.35429e-05
1.52865e-05
3.10501e-05
4.01851e-05
4.62809e-05
5.11281e-05
5.58295e-05
6.2365e-05
8.31818e-06
1.10364e-05
1.16251e-05
1.72015e-05
3.27357e-05
4.11288e-05
4.6913e-05
5.16183e-05
5.62745e-05
6.24765e-05
8.59408e-06
1.08653e-05
1.2734e-05
1.96989e-05
3.42685e-05
4.20913e-05
4.76279e-05
5.22215e-05
5.68003e-05
6.24712e-05
1.20792e-05
1.61123e-05
1.80447e-05
2.38425e-05
3.57861e-05
4.30269e-05
4.82743e-05
5.26901e-05
5.71195e-05
6.21728e-05
2.86973e-05
2.61087e-05
2.29602e-05
2.81076e-05
3.74264e-05
4.392e-05
4.87588e-05
5.28703e-05
5.70197e-05
6.14895e-05
3.48309e-05
3.05422e-05
2.62629e-05
3.03753e-05
3.90908e-05
4.47444e-05
4.90043e-05
5.26447e-05
5.63453e-05
6.03499e-05
3.69965e-05
3.2966e-05
2.80068e-05
3.49551e-05
4.1122e-05
4.55597e-05
4.90052e-05
5.20134e-05
5.51588e-05
5.87174e-05
3.8516e-05
3.69065e-05
3.69786e-05
3.98021e-05
4.3407e-05
4.63337e-05
4.87635e-05
5.10144e-05
5.35189e-05
5.65232e-05
4.03945e-05
4.1206e-05
4.23822e-05
4.3672e-05
4.52783e-05
4.67666e-05
4.81366e-05
4.95375e-05
5.12625e-05
5.34424e-05
4.20638e-05
4.38513e-05
4.48593e-05
4.53936e-05
4.58419e-05
4.62675e-05
4.66992e-05
4.72329e-05
4.80178e-05
4.92441e-05
4.20638e-05
4.38513e-05
4.48593e-05
4.53936e-05
4.58419e-05
4.62675e-05
4.66992e-05
4.72329e-05
4.80178e-05
4.92441e-05
4.21023e-05
4.40003e-05
4.51917e-05
4.58975e-05
4.64657e-05
4.70786e-05
4.78916e-05
4.89655e-05
5.04731e-05
5.24766e-05
4.13579e-05
4.29198e-05
4.42371e-05
4.52555e-05
4.62404e-05
4.73771e-05
4.87141e-05
5.03902e-05
5.25648e-05
5.51783e-05
3.99322e-05
4.07061e-05
4.21464e-05
4.37741e-05
4.56064e-05
4.74347e-05
4.93365e-05
5.15381e-05
5.41976e-05
5.71213e-05
3.78954e-05
3.73335e-05
3.90526e-05
4.18326e-05
4.46977e-05
4.72698e-05
4.97021e-05
5.236e-05
5.53731e-05
5.85521e-05
3.52633e-05
3.31464e-05
3.4122e-05
3.92352e-05
4.34015e-05
4.6792e-05
4.97425e-05
5.27664e-05
5.60286e-05
5.95236e-05
2.77708e-05
2.81067e-05
2.97625e-05
3.63964e-05
4.18126e-05
4.59337e-05
4.93411e-05
5.2647e-05
5.60985e-05
6.0041e-05
1.5317e-05
2.33447e-05
2.73164e-05
3.43765e-05
4.02175e-05
4.47809e-05
4.8504e-05
5.19861e-05
5.5576e-05
6.00966e-05
1.46647e-05
2.0703e-05
2.49956e-05
3.23633e-05
3.85422e-05
4.34004e-05
4.73059e-05
5.08363e-05
5.44485e-05
5.96136e-05
1.35884e-05
1.90248e-05
2.30883e-05
3.15168e-05
3.7817e-05
4.24285e-05
4.61097e-05
4.94364e-05
5.28635e-05
5.84156e-05
1.36761e-05
1.75983e-05
2.26984e-05
3.20643e-05
3.82702e-05
4.27325e-05
4.63358e-05
4.96384e-05
5.32332e-05
5.90026e-05
1.96355e-05
1.79318e-05
2.42497e-05
3.32812e-05
3.91659e-05
4.34616e-05
4.70047e-05
5.03224e-05
5.41396e-05
5.97394e-05
3.18245e-05
2.39717e-05
2.65231e-05
3.4747e-05
4.02167e-05
4.43193e-05
4.77658e-05
5.10171e-05
5.48698e-05
5.99888e-05
3.53916e-05
2.76599e-05
2.93114e-05
3.64186e-05
4.13932e-05
4.52243e-05
4.84567e-05
5.15428e-05
5.52129e-05
5.97386e-05
3.72875e-05
3.19076e-05
3.28839e-05
3.84129e-05
4.26815e-05
4.60717e-05
4.89726e-05
5.18176e-05
5.51802e-05
5.90876e-05
3.90378e-05
3.62528e-05
3.68261e-05
4.0624e-05
4.39871e-05
4.67798e-05
4.92454e-05
5.17862e-05
5.47785e-05
5.80792e-05
4.07614e-05
3.98853e-05
4.07257e-05
4.28505e-05
4.52239e-05
4.73263e-05
4.929e-05
5.14204e-05
5.39523e-05
5.67014e-05
4.22182e-05
4.26718e-05
4.36939e-05
4.49178e-05
4.63775e-05
4.77577e-05
4.91385e-05
5.07228e-05
5.26694e-05
5.4862e-05
4.33785e-05
4.47025e-05
4.577e-05
4.65015e-05
4.71619e-05
4.78359e-05
4.85711e-05
4.95143e-05
5.07416e-05
5.22434e-05
4.41606e-05
4.56469e-05
4.64039e-05
4.6688e-05
4.68245e-05
4.69481e-05
4.71172e-05
4.7399e-05
4.79065e-05
4.87916e-05
)
;
    }
}


// ************************************************************************* //
