/*--------------------------------*- C++ -*----------------------------------*\
  =========                 |
  \\      /  F ield         | OpenFOAM: The Open Source CFD Toolbox
   \\    /   O peration     | Website:  https://openfoam.org
    \\  /    A nd           | Version:  8
     \\/     M anipulation  |
\*---------------------------------------------------------------------------*/
FoamFile
{
    version     2.0;
    format      ascii;
    class       volScalarField;
    location    "1800";
    object      nut;
}
// * * * * * * * * * * * * * * * * * * * * * * * * * * * * * * * * * * * * * //

dimensions      [0 2 -1 0 0 0 0];

internalField   nonuniform List<scalar> 
4000
(
0.000310752
0.000301967
0.00028884
0.000275028
0.000254193
0.00017688
9.75665e-05
9.72839e-05
9.64124e-05
9.46838e-05
9.33628e-05
9.19844e-05
9.33733e-05
0.000113079
0.000214873
0.000254086
0.000268166
0.000278127
0.000290434
0.000301392
0.000322889
0.000311888
0.000289117
0.000260221
0.000239245
0.000185474
0.000119199
0.000122192
0.000124433
0.000119332
0.000113983
0.000107544
0.000106229
0.000137394
0.000198276
0.000226625
0.000242366
0.000267904
0.000295877
0.000313244
0.000329932
0.000321123
0.000296572
0.000252308
0.000226397
0.000191199
0.000158109
0.000125772
0.000134155
0.000131545
0.000122057
0.000110908
0.000117157
0.000148733
0.000178477
0.000199467
0.000211028
0.000268657
0.000303695
0.000319956
0.000333873
0.000328671
0.000309062
0.000278164
0.000232169
0.000210261
0.000189898
0.000161533
0.000138711
0.000130828
0.00013284
0.000144539
0.000159467
0.000184845
0.000211849
0.00022617
0.000255493
0.000286931
0.000312243
0.000323525
0.000336922
0.000336206
0.00032539
0.000308033
0.000288348
0.000272483
0.00025774
0.000243281
0.00022822
0.00021997
0.000230268
0.000241035
0.000250871
0.000260667
0.000271318
0.000282188
0.000295514
0.000310549
0.000322876
0.000326515
0.000340064
0.000344592
0.000342097
0.000335847
0.000327996
0.000320167
0.000311998
0.000303118
0.000293623
0.000285125
0.000289179
0.000295391
0.000301749
0.000307952
0.000313892
0.000319386
0.000324813
0.000329947
0.000332783
0.000329356
0.000343694
0.000353463
0.000358025
0.000359659
0.000359383
0.000357113
0.000352749
0.000346498
0.000338485
0.000328763
0.000329414
0.000333648
0.000338459
0.000342826
0.000346117
0.000347796
0.000347817
0.000346187
0.000341947
0.000332243
0.000348261
0.000363484
0.000374078
0.000381535
0.00038643
0.000388402
0.000387164
0.000382725
0.000375256
0.000363811
0.000361848
0.000365184
0.000369309
0.000372533
0.000373811
0.00037233
0.00036808
0.000361332
0.000351353
0.000335818
0.000354678
0.000376336
0.000392859
0.000405088
0.000413905
0.000419199
0.000420648
0.000418243
0.000411577
0.000398164
0.000393644
0.000396723
0.000400378
0.000402628
0.000402023
0.000397481
0.000389425
0.000378282
0.00036298
0.000341077
0.000364201
0.000392195
0.000414298
0.000430439
0.00044273
0.000451607
0.000457078
0.000459017
0.000456516
0.00044593
0.000438358
0.000439197
0.000439231
0.000437236
0.00043259
0.000424807
0.000413646
0.000398661
0.000377692
0.000349301
0.000301967
0.000305922
0.000296841
0.000280334
0.000257581
0.000193881
0.000118511
0.000114444
0.000111468
0.000108285
0.000106858
0.000109086
0.000118825
0.000151514
0.000233863
0.000262878
0.000278095
0.00029012
0.000301996
0.000301572
0.000311888
0.000425526
0.000442269
0.000390979
0.000319237
0.00024749
0.000223314
0.000272877
0.000317494
0.000288184
0.000247974
0.000225686
0.000209989
0.000213496
0.000260178
0.000310832
0.000349097
0.000380307
0.000410395
0.000314132
0.000321123
0.000474379
0.000518314
0.00047306
0.000365999
0.0002923
0.000257818
0.000278753
0.00035539
0.000366622
0.000309706
0.000262097
0.000243967
0.000253245
0.000265126
0.000286906
0.000324068
0.000419645
0.000465363
0.000322061
0.000328671
0.000499954
0.000553073
0.000503934
0.000388041
0.000317299
0.000272585
0.000253294
0.000290805
0.000353173
0.000318466
0.000258352
0.000245948
0.000261302
0.000284157
0.000295342
0.000338089
0.000463478
0.000502328
0.000326783
0.000336206
0.000514922
0.000572632
0.000530449
0.000417994
0.000345422
0.000293996
0.000257273
0.000250164
0.00026523
0.000253405
0.000239577
0.000248806
0.00027441
0.000306873
0.000334149
0.000402348
0.000498579
0.000515846
0.0003306
0.000344592
0.000520979
0.000581616
0.00056772
0.00048403
0.000396882
0.000340402
0.000298642
0.000278414
0.000277212
0.000277729
0.000280295
0.000293319
0.00031741
0.000352657
0.000404246
0.000469003
0.000523472
0.000510547
0.000334727
0.000353463
0.000519691
0.000578749
0.000598304
0.000582665
0.000524667
0.000444478
0.000386666
0.000351395
0.000338727
0.000342223
0.000352619
0.000372305
0.000413087
0.000462804
0.000502199
0.000526137
0.00052863
0.000493928
0.000340205
0.000363484
0.000512253
0.000565867
0.000612147
0.000643858
0.000646402
0.00062567
0.000586489
0.000541589
0.00051261
0.000508619
0.000520688
0.000542686
0.000561029
0.000572011
0.000570175
0.000551194
0.000518386
0.000477502
0.000347442
0.000376336
0.000490772
0.000545084
0.000589761
0.000619503
0.000629651
0.000617361
0.000587751
0.000544929
0.000490574
0.000477193
0.000499143
0.000534281
0.000567178
0.000581007
0.000566881
0.000536681
0.000500218
0.000461826
0.000357606
0.000392195
0.000422414
0.000447033
0.000466211
0.000481933
0.000494187
0.00050235
0.000505882
0.000503394
0.000491537
0.000480774
0.000481588
0.000481007
0.000477564
0.000470418
0.000459105
0.000444078
0.000425611
0.000401752
0.000371121
0.00028884
0.000296841
0.00028923
0.000274454
0.000250986
0.000181852
0.000128653
0.000123935
0.000120661
0.000116657
0.000116838
0.000124337
0.000133832
0.000177732
0.000240721
0.00026572
0.000280694
0.000292487
0.000301992
0.000296567
0.000289117
0.000442269
0.000470635
0.000401746
0.000322668
0.000260621
0.000260548
0.000314688
0.000364372
0.000319996
0.000278636
0.000252584
0.000231506
0.00023602
0.000285282
0.000343237
0.00039569
0.000432014
0.000444317
0.00030681
0.000296572
0.000518314
0.000596863
0.000531307
0.000405078
0.000330462
0.000313149
0.000353641
0.000432264
0.000419162
0.000345691
0.000305235
0.000288184
0.000287396
0.000302214
0.000348189
0.000414752
0.000501058
0.000519666
0.00031553
0.000309062
0.000553073
0.000639049
0.00059567
0.000467443
0.000381875
0.000340283
0.000338173
0.000398752
0.000454591
0.000420924
0.000349265
0.000321647
0.000317809
0.00032499
0.000348525
0.000420223
0.000559385
0.000571294
0.000322333
0.00032539
0.000572632
0.000655413
0.000620112
0.000497933
0.000406058
0.000346842
0.00031419
0.000330946
0.000376944
0.00036095
0.00031374
0.000305245
0.000317517
0.000334149
0.000352662
0.000435095
0.0005926
0.000594046
0.00032896
0.000342097
0.000581616
0.000662089
0.000638066
0.000526437
0.000426971
0.000356663
0.000307682
0.000292671
0.000306209
0.000300601
0.000286666
0.000294749
0.000316998
0.000342951
0.000374651
0.000461508
0.000597385
0.000591184
0.000336639
0.000358025
0.000578749
0.00065705
0.000651768
0.000574825
0.000487387
0.000408959
0.00034946
0.000317419
0.000313041
0.000310809
0.000310576
0.000327721
0.000359855
0.000392156
0.000423387
0.000489094
0.000580485
0.00057004
0.000345669
0.000374078
0.000565867
0.000654451
0.000701877
0.000678564
0.000624151
0.000556457
0.000488206
0.000433724
0.000402636
0.000393356
0.000406051
0.000441191
0.000487379
0.000518473
0.000529941
0.000552881
0.000567912
0.000538475
0.00035699
0.000392859
0.000545084
0.000678126
0.000802126
0.000873802
0.00089403
0.000855448
0.00078752
0.000697307
0.000604014
0.000583242
0.000637361
0.000718089
0.000792085
0.00081233
0.000772014
0.000706563
0.000613353
0.000517636
0.000371719
0.000414298
0.000447033
0.000473707
0.000495347
0.000513963
0.000529247
0.000539978
0.000545126
0.000542788
0.000529401
0.000515544
0.000516817
0.000515902
0.000511211
0.000501679
0.000486955
0.000468549
0.000447515
0.000421821
0.000389459
0.000275028
0.000280334
0.000274454
0.00026021
0.000234446
0.000153281
0.000134771
0.000129232
0.00012855
0.000126891
0.000131802
0.000138392
0.000144908
0.000192251
0.000239269
0.000261903
0.000276481
0.000287089
0.000294311
0.000287107
0.000260221
0.000390979
0.000401746
0.000349508
0.00029049
0.000260384
0.000275883
0.000340474
0.000401633
0.000350088
0.000301004
0.000263211
0.000239291
0.00024412
0.000289049
0.000344357
0.000400258
0.000444463
0.0004436
0.000292007
0.000252308
0.00047306
0.000531307
0.000463735
0.000371597
0.000333126
0.000340862
0.000394729
0.000483289
0.000447361
0.000373888
0.000326584
0.000305707
0.000298837
0.000320625
0.00038195
0.000465431
0.000542137
0.000538016
0.000301427
0.000278164
0.000503934
0.00059567
0.000553711
0.000455516
0.000398042
0.000378939
0.000396629
0.00047173
0.000522008
0.000450483
0.000382834
0.00035557
0.000345703
0.000352634
0.000399974
0.000494453
0.000611273
0.000607356
0.000312247
0.000308033
0.000530449
0.000620112
0.000601167
0.000510979
0.000439814
0.000395762
0.000379188
0.000418626
0.000491656
0.000475684
0.000400072
0.000371184
0.000367693
0.000373861
0.000403252
0.0004981
0.000646789
0.000650026
0.000324573
0.000335847
0.00056772
0.000638066
0.000626053
0.000545747
0.000466458
0.000404975
0.000364016
0.000366261
0.000412918
0.000412829
0.00036276
0.000355267
0.000366675
0.000379875
0.000401628
0.000491892
0.000653105
0.000666469
0.000336901
0.000359659
0.000598304
0.000651768
0.000649043
0.000588708
0.000515997
0.00044833
0.000393256
0.000368043
0.000381692
0.00038606
0.000367343
0.000379429
0.000402344
0.000413882
0.000423556
0.000496084
0.000635681
0.000652952
0.000349754
0.000381535
0.000612147
0.000701877
0.000732492
0.000704273
0.000652392
0.000589204
0.000521672
0.000460448
0.000420985
0.000413134
0.000433329
0.000487321
0.00054224
0.000557665
0.000543812
0.00057522
0.000635565
0.000603191
0.000364658
0.000405088
0.000589761
0.000802126
0.000958018
0.0010003
0.00102038
0.00100395
0.000946635
0.000846801
0.000723816
0.000689037
0.000768135
0.000879286
0.000962463
0.000972164
0.000898222
0.000836678
0.000734651
0.000571827
0.000382734
0.000430439
0.000466211
0.000495347
0.000519838
0.000542372
0.000561636
0.00057601
0.000584107
0.000584123
0.000572814
0.000554672
0.000553636
0.000550527
0.000543144
0.000530173
0.000511095
0.000488585
0.000464991
0.000437247
0.000402688
0.000254193
0.000257581
0.000250986
0.000234446
0.000204996
0.000141588
0.000138116
0.000134134
0.000137532
0.000136914
0.000142314
0.000148531
0.000155347
0.000190595
0.000226512
0.000249497
0.000265137
0.000275234
0.000280023
0.000273755
0.000239245
0.000319237
0.000322668
0.00029049
0.000256848
0.000261272
0.000283213
0.000353942
0.000440068
0.000386681
0.00032305
0.000277977
0.000250799
0.000245812
0.000275298
0.000318754
0.000366971
0.000407616
0.000408126
0.000269756
0.000226397
0.000365999
0.000405078
0.000371597
0.000333644
0.000331323
0.000352184
0.000414585
0.000520131
0.000478772
0.000397591
0.000344208
0.000320124
0.000308582
0.000322052
0.000373611
0.000453854
0.00052609
0.000519796
0.000280814
0.000232169
0.000388041
0.000467443
0.000455516
0.000414241
0.000396213
0.000400945
0.000433259
0.00052057
0.000559508
0.000473325
0.000403718
0.0003754
0.000363259
0.000368617
0.000418594
0.000514398
0.000613032
0.000602964
0.000299204
0.000288348
0.000417994
0.000497933
0.000510979
0.000475848
0.00044393
0.000424708
0.000426787
0.00048409
0.000569193
0.000532976
0.000447495
0.000412762
0.000402453
0.000405049
0.000443194
0.000540849
0.000666023
0.000673742
0.000318374
0.000327996
0.00048403
0.000526437
0.000545747
0.00051875
0.000478413
0.000440548
0.000417331
0.000440163
0.000514305
0.000521245
0.000446233
0.000418359
0.000418673
0.000425837
0.00045111
0.000538853
0.000685118
0.000727855
0.000335687
0.000359383
0.000582665
0.000574825
0.000588708
0.000572526
0.000533989
0.000487203
0.000445324
0.000433576
0.00047299
0.000498951
0.000459474
0.00045191
0.000459119
0.000462785
0.000471084
0.000536063
0.000685549
0.000743696
0.00035212
0.00038643
0.000643858
0.000678564
0.000704273
0.000694248
0.000659501
0.000609053
0.000547687
0.000485033
0.000445033
0.000446266
0.000471993
0.000534478
0.000581553
0.000587375
0.000573664
0.000612383
0.000703749
0.00066772
0.000370132
0.000413905
0.000619503
0.000873802
0.0010003
0.00108223
0.00113349
0.00113394
0.00106899
0.000932683
0.000760858
0.000718041
0.000835483
0.000985136
0.00108156
0.00107947
0.000979827
0.000891465
0.000823932
0.000616409
0.000390653
0.00044273
0.000481933
0.000513963
0.000542372
0.000569629
0.000592984
0.00061116
0.000622798
0.000626271
0.000618778
0.000596662
0.00059182
0.000584816
0.000573551
0.000556561
0.000533421
0.000506629
0.000479784
0.000449603
0.00041244
0.00017688
0.000193881
0.000181852
0.000153281
0.000141588
0.000141626
0.000138665
0.00013568
0.000141975
0.000141881
0.000146172
0.000151281
0.00015544
0.000162473
0.000168567
0.000215446
0.00024229
0.000256525
0.000261231
0.000256683
0.000185474
0.00024749
0.000260621
0.000260384
0.000261272
0.000269267
0.000295031
0.000359626
0.00045917
0.000413332
0.000344112
0.000300868
0.000274683
0.000257854
0.000263276
0.000278767
0.000311949
0.00033987
0.000333979
0.000242902
0.000191199
0.0002923
0.000330462
0.000333126
0.000331323
0.000341259
0.000362683
0.000424767
0.000535631
0.000497725
0.000416911
0.00036493
0.000341554
0.000331705
0.000328808
0.000344828
0.000388159
0.000434481
0.000418439
0.000248359
0.000210261
0.000317299
0.000381875
0.000398042
0.000396213
0.000402758
0.000418247
0.000453569
0.000542278
0.00056719
0.000488706
0.000423857
0.000396153
0.000386253
0.000384598
0.000408562
0.000466201
0.000528354
0.000510283
0.000281902
0.000272483
0.000345422
0.000406058
0.000439814
0.00044393
0.000441628
0.000441997
0.00045754
0.000521903
0.000592192
0.000556466
0.000477165
0.000439915
0.000429046
0.000429709
0.000456906
0.000526253
0.000614101
0.000624468
0.000309619
0.000320167
0.000396882
0.000426971
0.000466458
0.000478413
0.000471391
0.000458029
0.000454218
0.000492115
0.000563329
0.00057698
0.000506149
0.000463836
0.00045483
0.000460627
0.00048603
0.000557674
0.000672608
0.000733874
0.00033238
0.000357113
0.000524667
0.000487387
0.000515997
0.000533989
0.000526124
0.000501932
0.000477564
0.000482171
0.000532232
0.000570788
0.000532011
0.000502946
0.000497929
0.00050325
0.00051962
0.000577911
0.000705063
0.000801405
0.000352281
0.000388402
0.000646402
0.000624151
0.000652392
0.000659501
0.00064481
0.000609818
0.000556132
0.000495445
0.000460473
0.000478044
0.000504015
0.000557509
0.000597277
0.000606171
0.000607704
0.000652719
0.000749198
0.000715475
0.000372818
0.000419199
0.000629651
0.00089403
0.00102038
0.00113349
0.00120558
0.00120713
0.00111167
0.000923519
0.000713503
0.000681652
0.000827256
0.00100978
0.00112867
0.00113498
0.00103977
0.000940225
0.000881593
0.000642902
0.000395042
0.000451607
0.000494187
0.000529247
0.000561636
0.000592984
0.0006204
0.000642872
0.000659367
0.000669028
0.000669599
0.000643872
0.000631395
0.000617511
0.000600744
0.000579219
0.000552334
0.000521993
0.000491627
0.000458846
0.000419057
9.75665e-05
0.000118511
0.000128653
0.000134771
0.000138116
0.000138665
0.000135937
0.000135621
0.000146007
0.000147732
0.000148275
0.000150374
0.000151883
0.000150787
0.000148918
0.000147672
0.000166167
0.000220644
0.000226187
0.000208786
0.000119199
0.000223314
0.000260548
0.000275883
0.000283213
0.000295031
0.000314208
0.000367381
0.000469142
0.000433152
0.00035863
0.000324337
0.000309626
0.00029936
0.000294402
0.000298958
0.000281095
0.000277227
0.000269749
0.000210789
0.000158109
0.000257818
0.000313149
0.000340862
0.000352184
0.000362683
0.00038154
0.000435144
0.000531168
0.00047205
0.00040682
0.000382967
0.000369413
0.000363189
0.000361228
0.000355289
0.000351324
0.000352547
0.000332479
0.000220562
0.000189898
0.000272585
0.000340283
0.000378939
0.000400945
0.000418247
0.000433605
0.000465781
0.000531917
0.00049188
0.000446356
0.000433229
0.000417755
0.000411284
0.000408454
0.000410953
0.000422703
0.000434474
0.000407076
0.000263291
0.00025774
0.000293996
0.000346842
0.000395762
0.000424708
0.000441997
0.000455328
0.000477352
0.000519058
0.000494368
0.000487271
0.000483484
0.000462285
0.000452066
0.000449966
0.000461412
0.00048986
0.000523339
0.000512787
0.00029904
0.000311998
0.000340402
0.000356663
0.000404975
0.000440548
0.000458029
0.000465886
0.000478347
0.000501543
0.000473209
0.000500956
0.000518592
0.000493417
0.000479486
0.000482832
0.000501788
0.000545798
0.000615522
0.000669988
0.000326581
0.000352749
0.000444478
0.000408959
0.00044833
0.000487203
0.000501932
0.000498589
0.000493623
0.000500222
0.000473967
0.000521154
0.000555626
0.000531684
0.000520537
0.00052815
0.000549011
0.000595564
0.0006884
0.000811463
0.000349535
0.000387164
0.00062567
0.000556457
0.000589204
0.000609053
0.000609818
0.00058676
0.000541178
0.000490724
0.00045721
0.000483422
0.000513323
0.000550499
0.000587124
0.000606956
0.000625835
0.000675011
0.000758632
0.000731966
0.00037196
0.000420648
0.000617361
0.000855448
0.00100395
0.00113394
0.00120713
0.00118292
0.00104284
0.000840383
0.000701862
0.000683125
0.000769675
0.000952815
0.00109875
0.00113034
0.00105605
0.000958
0.000879047
0.000642539
0.000395456
0.000457078
0.00050235
0.000539978
0.00057601
0.00061116
0.000642872
0.000670621
0.00069467
0.000715977
0.000732642
0.000703153
0.000675239
0.000649614
0.000624829
0.000597756
0.000566818
0.000533127
0.000499477
0.000464427
0.000422561
9.72839e-05
0.000114444
0.000123935
0.000129232
0.000134134
0.00013568
0.000135621
0.000138603
0.000152308
0.000157345
0.000154416
0.000153222
0.000151943
0.000148065
0.000148087
0.000151126
0.000153074
0.000158243
0.000155052
0.000132726
0.000122192
0.000272877
0.000314688
0.000340474
0.000353942
0.000359626
0.000367381
0.000403478
0.00047266
0.000394004
0.000339985
0.000364999
0.000379696
0.000376409
0.000363365
0.000350973
0.000335043
0.000282217
0.000245542
0.000181046
0.000125772
0.000278753
0.000353641
0.000394729
0.000414585
0.000424767
0.000435144
0.000461183
0.000474247
0.000339322
0.000308021
0.000374691
0.000422466
0.000422226
0.000409176
0.000396564
0.000367807
0.000330697
0.000292494
0.000205172
0.000161533
0.000253294
0.000338173
0.000396629
0.000433259
0.000453569
0.000465781
0.000474954
0.000433579
0.000358337
0.000334244
0.000374074
0.000437532
0.000442123
0.000433219
0.000422135
0.000404842
0.000380505
0.000341787
0.000250306
0.000243281
0.000257273
0.00031419
0.000379188
0.000426787
0.00045754
0.000477352
0.000480445
0.00040899
0.000410978
0.000399236
0.000391428
0.000463709
0.000468933
0.00046137
0.000458074
0.000454998
0.000447666
0.00042391
0.000288584
0.000303118
0.000298642
0.000307682
0.000364016
0.000417331
0.000454218
0.000478347
0.000478814
0.000396936
0.000472415
0.000472437
0.000409711
0.000488464
0.000494444
0.000491422
0.00049843
0.000515103
0.000543544
0.000578585
0.000318892
0.000346498
0.000386666
0.00034946
0.000393256
0.000445324
0.000477564
0.000493623
0.000492099
0.00042361
0.000536543
0.000557515
0.000467471
0.000529336
0.000531662
0.000537084
0.000554353
0.000585181
0.000645297
0.000774186
0.000343903
0.000382725
0.000586489
0.000488206
0.000521672
0.000547687
0.000556132
0.000541178
0.000509386
0.000482117
0.00060672
0.000616052
0.000493704
0.000523423
0.000555671
0.000586296
0.000619
0.000669817
0.000732673
0.000720586
0.000367436
0.000418243
0.000587751
0.00078752
0.000946635
0.00106899
0.00111167
0.00104284
0.000890872
0.00081802
0.000909076
0.000870033
0.000743088
0.000833759
0.000989416
0.00105536
0.00101461
0.000931559
0.000839874
0.000619443
0.00039184
0.000459017
0.000505882
0.000545126
0.000584107
0.000622798
0.000659367
0.00069467
0.000731356
0.00077249
0.000814555
0.000781321
0.00072677
0.000682292
0.000645679
0.000611393
0.000575837
0.000538835
0.000502382
0.000465909
0.000422894
9.64124e-05
0.000111468
0.000120661
0.00012855
0.000137532
0.000141975
0.000146007
0.000152308
0.000163047
0.000167465
0.000168361
0.000170471
0.000168339
0.00016163
0.000157797
0.000155364
0.000154705
0.000151783
0.000143973
0.000128993
0.000124433
0.000317494
0.000364372
0.000401633
0.000440068
0.00045917
0.000469142
0.00047266
0.000414961
0.000427704
0.000409787
0.00040154
0.000427108
0.000406467
0.000381343
0.000370109
0.000358815
0.000321361
0.000272679
0.000164836
0.000134155
0.00035539
0.000432264
0.000483289
0.000520131
0.000535631
0.000531168
0.000474247
0.000360906
0.00057831
0.000562451
0.000359439
0.000415439
0.000461685
0.000447299
0.000426785
0.000392581
0.000336445
0.000276518
0.000190758
0.000138711
0.000290805
0.000398752
0.00047173
0.00052057
0.000542278
0.000531917
0.000433579
0.000380926
0.000779268
0.000755234
0.000395562
0.000375834
0.000472333
0.00045524
0.000426268
0.000391817
0.000345863
0.000298056
0.00023735
0.00022822
0.000250164
0.000330946
0.000418626
0.00048409
0.000521903
0.000519058
0.00040899
0.000453015
0.000998956
0.00094843
0.000459746
0.000362958
0.000478991
0.000465032
0.000442018
0.000417111
0.000385757
0.000357948
0.000277618
0.000293623
0.000278414
0.000292671
0.000366261
0.000440163
0.000492115
0.000501543
0.000396936
0.000549817
0.00121115
0.00111739
0.000530881
0.000373805
0.000496319
0.000488813
0.000476491
0.000469648
0.000470389
0.000495435
0.00030978
0.000338485
0.000351395
0.000317419
0.000368043
0.000433576
0.000482171
0.000500222
0.00042361
0.000653848
0.00138445
0.00125139
0.000611111
0.000432392
0.000531444
0.00053353
0.000536795
0.000549207
0.000584587
0.000705063
0.000335881
0.000375256
0.000541589
0.000433724
0.000460448
0.000485033
0.000495445
0.000490724
0.000482117
0.000766197
0.00148188
0.00132274
0.000664156
0.000477269
0.000516749
0.000550064
0.000588443
0.000636044
0.000681289
0.000694739
0.000359641
0.000411577
0.000544929
0.000697307
0.000846801
0.000932683
0.000923519
0.000840383
0.00081802
0.00104003
0.00140369
0.00130878
0.000894136
0.000737241
0.000824825
0.000920376
0.000923261
0.000864516
0.000771545
0.000578055
0.000384131
0.000456516
0.000503394
0.000542788
0.000584123
0.000626271
0.000669028
0.000715977
0.00077249
0.000841175
0.000907155
0.000873936
0.000787032
0.000716081
0.000662648
0.000619049
0.000578349
0.000538076
0.000499218
0.000462522
0.000419522
9.46838e-05
0.000108285
0.000116657
0.000126891
0.000136914
0.000141881
0.000147732
0.000157345
0.000167465
0.000254559
0.000307137
0.000191751
0.000185872
0.000179577
0.000174943
0.000169715
0.000162707
0.000153487
0.000139008
0.000122653
0.000119332
0.000288184
0.000319996
0.000350088
0.000386681
0.000413332
0.000433152
0.000394004
0.000427704
0.00029329
0.000338321
0.000460147
0.000356305
0.000354127
0.000342978
0.000339613
0.000340414
0.000332275
0.000285021
0.000154816
0.000131545
0.000366622
0.000419162
0.000447361
0.000478772
0.000497725
0.00047205
0.000339322
0.00057831
0.000434564
0.000482195
0.000601181
0.000355762
0.000423064
0.0004186
0.000413883
0.000399225
0.000341256
0.000266328
0.000178948
0.000130828
0.000353173
0.000454591
0.000522008
0.000559508
0.00056719
0.00049188
0.000358337
0.000779268
0.000579584
0.000621131
0.000742403
0.000335438
0.000457173
0.00045462
0.000420881
0.000374269
0.000319053
0.000270889
0.000231958
0.00021997
0.00026523
0.000376944
0.000491656
0.000569193
0.000592192
0.000494368
0.000410978
0.000998956
0.000730575
0.000762033
0.00088203
0.000331263
0.000465176
0.000465608
0.000419914
0.000377638
0.0003384
0.000320543
0.000272887
0.000285125
0.000277212
0.000306209
0.000412918
0.000514305
0.000563329
0.000473209
0.000472415
0.00121115
0.000882107
0.000905929
0.00101158
0.000348858
0.000474011
0.000488152
0.000447805
0.000419937
0.000410228
0.000444303
0.000303298
0.000328763
0.000338727
0.000313041
0.000381692
0.00047299
0.000532232
0.000473967
0.000536543
0.00138445
0.00101954
0.00104504
0.00110906
0.000401342
0.000507569
0.000533252
0.000510255
0.000501285
0.000524609
0.000649614
0.000327835
0.000363811
0.00051261
0.000402636
0.000420985
0.000445033
0.000460473
0.00045721
0.00060672
0.00148188
0.00112437
0.00116037
0.00113815
0.000453865
0.000492531
0.000523858
0.000552089
0.000589328
0.000623875
0.000666578
0.000350192
0.000398164
0.000490574
0.000604014
0.000723816
0.000760858
0.000713503
0.000701862
0.000909076
0.00140369
0.00121233
0.00124511
0.00115506
0.000748371
0.000689742
0.000794254
0.000825822
0.000785649
0.000698442
0.000532844
0.000373344
0.00044593
0.000491537
0.000529401
0.000572814
0.000618778
0.000669599
0.000732642
0.000814555
0.000907155
0.000893445
0.000889153
0.000839814
0.00074727
0.0006742
0.000619885
0.000573584
0.000530001
0.000489092
0.000453313
0.000411273
9.33628e-05
0.000106858
0.000116838
0.000131802
0.000142314
0.000146172
0.000148275
0.000154416
0.000168361
0.000307137
0.000458549
0.000225238
0.000217779
0.000212928
0.000208387
0.000201799
0.000190166
0.000170475
0.000144116
0.000122875
0.000113983
0.000247974
0.000278636
0.000301004
0.00032305
0.000344112
0.00035863
0.000339985
0.000409787
0.000338321
0.000431676
0.000402433
0.000328208
0.000317175
0.00031226
0.000310217
0.000306508
0.000301819
0.000274225
0.000146287
0.000122057
0.000309706
0.000345691
0.000373888
0.000397591
0.000416911
0.00040682
0.000308021
0.000562451
0.000482195
0.000570282
0.00049469
0.000381576
0.000392322
0.000385336
0.000375308
0.000358906
0.000322598
0.000251584
0.000176526
0.00013284
0.000318466
0.000420924
0.000450483
0.000473325
0.000488706
0.000446356
0.000334244
0.000755234
0.000621131
0.000719472
0.000559132
0.000389789
0.000442887
0.000424884
0.000391908
0.000347577
0.0002951
0.000256383
0.000235625
0.000230268
0.000253405
0.00036095
0.000475684
0.000532976
0.000556466
0.000487271
0.000399236
0.00094843
0.000762033
0.000882836
0.0006226
0.00037901
0.000478427
0.000450744
0.000397349
0.000345035
0.000308397
0.000307115
0.000275971
0.000289179
0.000277729
0.000300601
0.000412829
0.000521245
0.00057698
0.000500956
0.000472437
0.00111739
0.000905929
0.00105422
0.000690456
0.000377646
0.000514666
0.000488461
0.000429096
0.000383971
0.000375326
0.000429404
0.000305404
0.000329414
0.000342223
0.000310809
0.00038606
0.000498951
0.000570788
0.000521154
0.000557515
0.00125139
0.00104504
0.00121838
0.00075669
0.000421019
0.000557332
0.000543634
0.000498016
0.000467276
0.000487362
0.000636561
0.000329416
0.000361848
0.000508619
0.000393356
0.000413134
0.000446266
0.000478044
0.000483422
0.000616052
0.00132274
0.00116037
0.00136404
0.000785038
0.000477817
0.000525526
0.000533741
0.000537925
0.00055797
0.000585803
0.000632565
0.000351601
0.000393644
0.000477193
0.000583242
0.000689037
0.000718041
0.000681652
0.000683125
0.000870033
0.00130878
0.00124511
0.00141545
0.000959268
0.000721032
0.000759277
0.000830744
0.00082586
0.000770382
0.000675718
0.000513517
0.000375924
0.000438358
0.000480774
0.000515544
0.000554672
0.000596662
0.000643872
0.000703153
0.000781321
0.000873936
0.000889153
0.000955988
0.000840181
0.000746845
0.000678769
0.000625322
0.000578199
0.000534245
0.000493733
0.000457615
0.000415381
9.19844e-05
0.000109086
0.000124337
0.000138392
0.000148531
0.000151281
0.000150374
0.000153222
0.000170471
0.000191751
0.000225238
0.000232622
0.000236608
0.000238986
0.000239944
0.000238487
0.000233122
0.000221487
0.000198111
0.000155666
0.000107544
0.000225686
0.000252584
0.000263211
0.000277977
0.000300868
0.000324337
0.000364999
0.00040154
0.000460147
0.000402433
0.000331175
0.00032901
0.00032666
0.000325715
0.000321528
0.00030945
0.00028583
0.000246756
0.000147577
0.000110908
0.000262097
0.000305235
0.000326584
0.000344208
0.00036493
0.000382967
0.000374691
0.000359439
0.000601181
0.00049469
0.00037532
0.000389595
0.000386952
0.000380524
0.000366302
0.00033925
0.000295468
0.000239103
0.000186194
0.000144539
0.000258352
0.000349265
0.000382834
0.000403718
0.000423857
0.000433229
0.000374074
0.000395562
0.000742403
0.000559132
0.000378563
0.000438215
0.000436141
0.000418176
0.000382343
0.000330763
0.000281198
0.000254255
0.000243578
0.000241035
0.000239577
0.00031374
0.000400072
0.000447495
0.000477165
0.000483484
0.000391428
0.000459746
0.00088203
0.0006226
0.000366983
0.000476599
0.000479378
0.000449129
0.000394498
0.000333311
0.000299646
0.000310451
0.00028192
0.000295391
0.000280295
0.000286666
0.00036276
0.000446233
0.000506149
0.000518592
0.000409711
0.000530881
0.00101158
0.000690456
0.000365816
0.000511137
0.00052652
0.000491702
0.000431558
0.000375194
0.000369047
0.000440544
0.0003103
0.000333648
0.000352619
0.000310576
0.000367343
0.000459474
0.000532011
0.000555626
0.000467471
0.000611111
0.00110906
0.00075669
0.000408359
0.00054521
0.00057061
0.000548637
0.00050493
0.000463133
0.000479871
0.00065197
0.000333947
0.000365184
0.000520688
0.000406051
0.000433329
0.000471993
0.000504015
0.000513323
0.000493704
0.000664156
0.00113815
0.000785038
0.000496622
0.000544793
0.000565346
0.000567436
0.000557742
0.00055936
0.000579976
0.000611179
0.000356269
0.000396723
0.000499143
0.000637361
0.000768135
0.000835483
0.000827256
0.000769675
0.000743088
0.000894136
0.00115506
0.000959268
0.000761241
0.000866489
0.000963362
0.000967176
0.00091143
0.00082322
0.000708021
0.000527901
0.000382163
0.000439197
0.000481588
0.000516817
0.000553636
0.00059182
0.000631395
0.000675239
0.00072677
0.000787032
0.000839814
0.000840181
0.000772174
0.000715442
0.000666754
0.000621916
0.000579247
0.000538207
0.000499722
0.000463107
0.000420515
9.33733e-05
0.000118825
0.000133832
0.000144908
0.000155347
0.00015544
0.000151883
0.000151943
0.000168339
0.000185872
0.000217779
0.000236608
0.000247785
0.000255046
0.00025969
0.000261789
0.000260904
0.00025625
0.000247051
0.000233842
0.000106229
0.000209989
0.000231506
0.000239291
0.000250799
0.000274683
0.000309626
0.000379696
0.000427108
0.000356305
0.000328208
0.00032901
0.000345362
0.000359836
0.000370023
0.00037234
0.000361273
0.000331782
0.00027998
0.000184822
0.000117157
0.000243967
0.000288184
0.000305707
0.000320124
0.000341554
0.000369413
0.000422466
0.000415439
0.000355762
0.000381576
0.000389595
0.00040023
0.000410448
0.000411637
0.000398044
0.00036673
0.000319325
0.000262263
0.000200418
0.000159467
0.000245948
0.000321647
0.00035557
0.0003754
0.000396153
0.000417755
0.000437532
0.000375834
0.000335438
0.000389789
0.000438215
0.000447144
0.000453345
0.00044413
0.000410478
0.000356283
0.000299961
0.000271134
0.000253102
0.000250871
0.000248806
0.000305245
0.000371184
0.000412762
0.000439915
0.000462285
0.000463709
0.000362958
0.000331263
0.00037901
0.000476599
0.000491715
0.00049456
0.000475341
0.000424264
0.000356703
0.00031585
0.000331197
0.00028885
0.000301749
0.000293319
0.000294749
0.000355267
0.000418359
0.000463836
0.000493417
0.000488464
0.000373805
0.000348858
0.000377646
0.000511137
0.000539933
0.000542435
0.000518578
0.000461185
0.000395836
0.000388216
0.000477619
0.000316014
0.000338459
0.000372305
0.000327721
0.000379429
0.00045191
0.000502946
0.000531684
0.000529336
0.000432392
0.000401342
0.000421019
0.00054521
0.000579512
0.000589265
0.000575925
0.000532274
0.000481969
0.00049369
0.000671195
0.000339062
0.000369309
0.000542686
0.000441191
0.000487321
0.000534478
0.000557509
0.000550499
0.000523423
0.000477269
0.000453865
0.000477817
0.000544793
0.000581591
0.000605211
0.000611247
0.000598687
0.000587933
0.000599664
0.000610507
0.000360965
0.000400378
0.000534281
0.000718089
0.000879286
0.000985136
0.00100978
0.000952815
0.000833759
0.000737241
0.000748371
0.000721032
0.000866489
0.00103323
0.00107629
0.00104314
0.000971738
0.000876807
0.000758079
0.000555085
0.000387138
0.000439231
0.000481007
0.000515902
0.000550527
0.000584816
0.000617511
0.000649614
0.000682292
0.000716081
0.00074727
0.000746845
0.000715442
0.000681645
0.000645577
0.000608414
0.000571191
0.000534397
0.000499168
0.000463827
0.000422227
0.000113079
0.000151514
0.000177732
0.000192251
0.000190595
0.000162473
0.000150787
0.000148065
0.00016163
0.000179577
0.000212928
0.000238986
0.000255046
0.000265288
0.000271973
0.00027589
0.000277061
0.000274907
0.000268506
0.000257176
0.000137394
0.000213496
0.00023602
0.00024412
0.000245812
0.000257854
0.00029936
0.000376409
0.000406467
0.000354127
0.000317175
0.00032666
0.000359836
0.000391199
0.000415147
0.000427854
0.000422536
0.000391768
0.000328711
0.000207824
0.000148733
0.000253245
0.000287396
0.000298837
0.000308582
0.000331705
0.000363189
0.000422226
0.000461685
0.000423064
0.000392322
0.000386952
0.000410448
0.000439805
0.000457427
0.000452117
0.000417928
0.00035778
0.000288522
0.000218072
0.000184845
0.000261302
0.000317809
0.000345703
0.000363259
0.000386253
0.000411284
0.000442123
0.000472333
0.000457173
0.000442887
0.000436141
0.000453345
0.000481305
0.000493775
0.000469614
0.000407728
0.000334002
0.000297447
0.000263966
0.000260667
0.00027441
0.000317517
0.000367693
0.000402453
0.000429046
0.000452066
0.000468933
0.000478991
0.000465176
0.000478427
0.000479378
0.00049456
0.000520037
0.000526556
0.000488331
0.000413879
0.000356777
0.000372934
0.0002966
0.000307952
0.00031741
0.000316998
0.000366675
0.000418673
0.00045483
0.000479486
0.000494444
0.000496319
0.000474011
0.000514666
0.00052652
0.000542435
0.000566086
0.000568951
0.000526309
0.000456325
0.000437725
0.000547611
0.00032203
0.000342826
0.000413087
0.000359855
0.000402344
0.000459119
0.000497929
0.000520537
0.000531662
0.000531444
0.000507569
0.000557332
0.00057061
0.000589265
0.000616864
0.000625517
0.000592969
0.000536119
0.000534421
0.00069213
0.000343681
0.000372533
0.000561029
0.000487379
0.00054224
0.000581553
0.000597277
0.000587124
0.000555671
0.000516749
0.000492531
0.000525526
0.000565346
0.000605211
0.00063942
0.00065928
0.000654725
0.000640444
0.00064062
0.000623684
0.00036448
0.000402628
0.000567178
0.000792085
0.000962463
0.00108156
0.00112867
0.00109875
0.000989416
0.000824825
0.000689742
0.000759277
0.000963362
0.00107629
0.00108723
0.00105082
0.000987415
0.000903266
0.000798974
0.000578581
0.000389416
0.000437236
0.000477564
0.000511211
0.000543144
0.000573551
0.000600744
0.000624829
0.000645679
0.000662648
0.0006742
0.000678769
0.000666754
0.000645577
0.000618123
0.000587605
0.000555855
0.000523674
0.000492403
0.000459702
0.000420451
0.000214873
0.000233863
0.000240721
0.000239269
0.000226512
0.000168567
0.000148918
0.000148087
0.000157797
0.000174943
0.000208387
0.000239944
0.00025969
0.000271973
0.000279965
0.000285053
0.000287574
0.000286942
0.000281811
0.000269635
0.000198276
0.000260178
0.000285282
0.000289049
0.000275298
0.000263276
0.000294402
0.000363365
0.000381343
0.000342978
0.00031226
0.000325715
0.000370023
0.000415147
0.000450826
0.000471201
0.000469145
0.00043591
0.000365169
0.000234678
0.000178477
0.000265126
0.000302214
0.000320625
0.000322052
0.000328808
0.000361228
0.000409176
0.000447299
0.0004186
0.000385336
0.000380524
0.000411637
0.000457427
0.00049429
0.000504304
0.000478292
0.000414454
0.000324057
0.000240983
0.000211849
0.000284157
0.00032499
0.000352634
0.000368617
0.000384598
0.000408454
0.000433219
0.00045524
0.00045462
0.000424884
0.000418176
0.00044413
0.000493775
0.000539394
0.000546487
0.000499694
0.000414281
0.000348315
0.000276973
0.000271318
0.000306873
0.000334149
0.000373861
0.000405049
0.000429709
0.000449966
0.00046137
0.000465032
0.000465608
0.000450744
0.000449129
0.000475341
0.000526556
0.000576523
0.00058178
0.00052862
0.000454361
0.000456315
0.000305105
0.000313892
0.000352657
0.000342951
0.000379875
0.000425837
0.000460627
0.000482832
0.000491422
0.000488813
0.000488152
0.000488461
0.000491702
0.000518578
0.000568951
0.000618273
0.000622245
0.000574281
0.000532934
0.000615268
0.000327665
0.000346117
0.000462804
0.000392156
0.000413882
0.000462785
0.00050325
0.00052815
0.000537084
0.00053353
0.000533252
0.000543634
0.000548637
0.000575925
0.000625517
0.000673497
0.000680297
0.000639938
0.000611353
0.000706762
0.000347112
0.000373811
0.000572011
0.000518473
0.000557665
0.000587375
0.000606171
0.000606956
0.000586296
0.000550064
0.000523858
0.000533741
0.000567436
0.000611247
0.00065928
0.000703826
0.000723001
0.000715907
0.000696016
0.000635992
0.000366281
0.000402023
0.000581007
0.00081233
0.000972164
0.00107947
0.00113498
0.00113034
0.00105536
0.000920376
0.000794254
0.000830744
0.000967176
0.00104314
0.00105082
0.00103152
0.000989905
0.000923269
0.000828597
0.000594015
0.000389112
0.00043259
0.000470418
0.000501679
0.000530173
0.000556561
0.000579219
0.000597756
0.000611393
0.000619049
0.000619885
0.000625322
0.000621916
0.000608414
0.000587605
0.000563057
0.000536665
0.000509173
0.000481942
0.00045221
0.000415909
0.000254086
0.000262878
0.00026572
0.000261903
0.000249497
0.000215446
0.000147672
0.000151126
0.000155364
0.000169715
0.000201799
0.000238487
0.000261789
0.00027589
0.000285053
0.000291289
0.000295272
0.000296277
0.000292621
0.000281052
0.000226625
0.000310832
0.000343237
0.000344357
0.000318754
0.000278767
0.000298958
0.000350973
0.000370109
0.000339613
0.000310217
0.000321528
0.00037234
0.000427854
0.000471201
0.00049121
0.000485941
0.000456545
0.000391574
0.000262817
0.000199467
0.000286906
0.000348189
0.00038195
0.000373611
0.000344828
0.000355289
0.000396564
0.000426785
0.000413883
0.000375308
0.000366302
0.000398044
0.000452117
0.000504304
0.000533406
0.00053043
0.000490371
0.000407445
0.000266551
0.00022617
0.000295342
0.000348525
0.000399974
0.000418594
0.000408562
0.000410953
0.000422135
0.000426268
0.000420881
0.000391908
0.000382343
0.000410478
0.000469614
0.000546487
0.000601002
0.000598708
0.000543673
0.000449254
0.000291482
0.000282188
0.000334149
0.000352662
0.000403252
0.000443194
0.000456906
0.000461412
0.000458074
0.000442018
0.000419914
0.000397349
0.000394498
0.000424264
0.000488331
0.00058178
0.000651778
0.000656282
0.000605653
0.00054745
0.000313745
0.000319386
0.000404246
0.000374651
0.000401628
0.00045111
0.00048603
0.000501788
0.00049843
0.000476491
0.000447805
0.000429096
0.000431558
0.000461185
0.000526309
0.000622245
0.00069185
0.000698419
0.000660928
0.000657141
0.000332364
0.000347796
0.000502199
0.000423387
0.000423556
0.000471084
0.00051962
0.000549011
0.000554353
0.000536795
0.000510255
0.000498016
0.00050493
0.000532274
0.000592969
0.000680297
0.000742508
0.00074526
0.000703704
0.000701044
0.000348895
0.00037233
0.000570175
0.000529941
0.000543812
0.000573664
0.000607704
0.000625835
0.000619
0.000588443
0.000552089
0.000537925
0.000557742
0.000598687
0.000654725
0.000723001
0.000772244
0.000779589
0.000741389
0.000633302
0.000366005
0.000397481
0.000566881
0.000772014
0.000898222
0.000979827
0.00103977
0.00105605
0.00101461
0.000923261
0.000825822
0.00082586
0.00091143
0.000971738
0.000987415
0.000989905
0.000973971
0.000929808
0.000821917
0.000595572
0.000386296
0.000424807
0.000459105
0.000486955
0.000511095
0.000533421
0.000552334
0.000566818
0.000575837
0.000578349
0.000573584
0.000578199
0.000579247
0.000571191
0.000555855
0.000536665
0.000515336
0.000492479
0.000469003
0.000442148
0.000408924
0.000268166
0.000278095
0.000280694
0.000276481
0.000265137
0.00024229
0.000166167
0.000153074
0.000154705
0.000162707
0.000190166
0.000233122
0.000260904
0.000277061
0.000287574
0.000295272
0.000301208
0.000304369
0.000302743
0.000292379
0.000242366
0.000349097
0.00039569
0.000400258
0.000366971
0.000311949
0.000281095
0.000335043
0.000358815
0.000340414
0.000306508
0.00030945
0.000361273
0.000422536
0.000469145
0.000485941
0.000496587
0.000482172
0.000425049
0.000286594
0.000211028
0.000324068
0.000414752
0.000465431
0.000453854
0.000388159
0.000351324
0.000367807
0.000392581
0.000399225
0.000358906
0.00033925
0.00036673
0.000417928
0.000478292
0.00053043
0.000561229
0.000548053
0.00047546
0.000292118
0.000255493
0.000338089
0.000420223
0.000494453
0.000514398
0.000466201
0.000422703
0.000404842
0.000391817
0.000374269
0.000347577
0.000330763
0.000356283
0.000407728
0.000499694
0.000598708
0.000642608
0.000627117
0.000541237
0.000306179
0.000295514
0.000402348
0.000435095
0.0004981
0.000540849
0.000526253
0.00048986
0.000454998
0.000417111
0.000377638
0.000345035
0.000333311
0.000356703
0.000413879
0.00052862
0.000656282
0.000708975
0.000693448
0.000604886
0.000321945
0.000324813
0.000469003
0.000461508
0.000491892
0.000538853
0.000557674
0.000545798
0.000515103
0.000469648
0.000419937
0.000383971
0.000375194
0.000395836
0.000456325
0.000574281
0.000698419
0.000753622
0.000737651
0.000656958
0.000335977
0.000347817
0.000526137
0.000489094
0.000496084
0.000536063
0.000577911
0.000595564
0.000585181
0.000549207
0.000501285
0.000467276
0.000463133
0.000481969
0.000536119
0.000639938
0.00074526
0.000787164
0.00074826
0.00066569
0.000349136
0.00036808
0.000551194
0.000552881
0.00057522
0.000612383
0.000652719
0.000675011
0.000669817
0.000636044
0.000589328
0.00055797
0.00055936
0.000587933
0.000640444
0.000715907
0.000779589
0.000798456
0.000730188
0.000611715
0.000363476
0.000389425
0.000536681
0.000706563
0.000836678
0.000891465
0.000940225
0.000958
0.000931559
0.000864516
0.000785649
0.000770382
0.00082322
0.000876807
0.000903266
0.000923269
0.000929808
0.000910589
0.000772439
0.000577065
0.000380621
0.000413646
0.000444078
0.000468549
0.000488585
0.000506629
0.000521993
0.000533127
0.000538835
0.000538076
0.000530001
0.000534245
0.000538207
0.000534397
0.000523674
0.000509173
0.000492479
0.000474096
0.000454
0.000429763
0.000399435
0.000278127
0.00029012
0.000292487
0.000287089
0.000275234
0.000256525
0.000220644
0.000158243
0.000151783
0.000153487
0.000170475
0.000221487
0.00025625
0.000274907
0.000286942
0.000296277
0.000304369
0.000309983
0.000310774
0.000301991
0.000267904
0.000380307
0.000432014
0.000444463
0.000407616
0.00033987
0.000277227
0.000282217
0.000321361
0.000332275
0.000301819
0.00028583
0.000331782
0.000391768
0.00043591
0.000456545
0.000482172
0.000486137
0.00044383
0.000304974
0.000268657
0.000419645
0.000501058
0.000542137
0.00052609
0.000434481
0.000352547
0.000330697
0.000336445
0.000341256
0.000322598
0.000295468
0.000319325
0.00035778
0.000414454
0.000490371
0.000548053
0.000560067
0.000503552
0.000311741
0.000286931
0.000463478
0.000559385
0.000611273
0.000613032
0.000528354
0.000434474
0.000380505
0.000345863
0.000319053
0.0002951
0.000281198
0.000299961
0.000334002
0.000414281
0.000543673
0.000627117
0.000636088
0.000562249
0.000319872
0.000310549
0.000498579
0.0005926
0.000646789
0.000666023
0.000614101
0.000523339
0.000447666
0.000385757
0.0003384
0.000308397
0.000299646
0.00031585
0.000356777
0.000454361
0.000605653
0.000693448
0.000695418
0.000608171
0.000329598
0.000329947
0.000523472
0.000597385
0.000653105
0.000685118
0.000672608
0.000615522
0.000543544
0.000470389
0.000410228
0.000375326
0.000369047
0.000388216
0.000437725
0.000532934
0.000660928
0.000737651
0.000725391
0.000629032
0.00033882
0.000346187
0.00052863
0.000580485
0.000635681
0.000685549
0.000705063
0.0006884
0.000645297
0.000584587
0.000524609
0.000487362
0.000479871
0.00049369
0.000534421
0.000611353
0.000703704
0.00074826
0.000721373
0.000619545
0.000348073
0.000361332
0.000518386
0.000567912
0.000635565
0.000703749
0.000749198
0.000758632
0.000732673
0.000681289
0.000623875
0.000585803
0.000579976
0.000599664
0.00064062
0.000696016
0.000741389
0.000730188
0.000680152
0.000578552
0.000358727
0.000378282
0.000500218
0.000613353
0.000734651
0.000823932
0.000881593
0.000879047
0.000839874
0.000771545
0.000698442
0.000675718
0.000708021
0.000758079
0.000798974
0.000828597
0.000821917
0.000772439
0.000667937
0.000539724
0.000371885
0.000398661
0.000425611
0.000447515
0.000464991
0.000479784
0.000491627
0.000499477
0.000502382
0.000499218
0.000489092
0.000493733
0.000499722
0.000499168
0.000492403
0.000481942
0.000469003
0.000454
0.000436584
0.000414629
0.000386848
0.000290434
0.000301996
0.000301992
0.000294311
0.000280023
0.000261231
0.000226187
0.000155052
0.000143973
0.000139008
0.000144116
0.000198111
0.000247051
0.000268506
0.000281811
0.000292621
0.000302743
0.000310774
0.00031461
0.000309664
0.000295877
0.000410395
0.000444317
0.0004436
0.000408126
0.000333979
0.000269749
0.000245542
0.000272679
0.000285021
0.000274225
0.000246756
0.00027998
0.000328711
0.000365169
0.000391574
0.000425049
0.00044383
0.000425679
0.00031843
0.000303695
0.000465363
0.000519666
0.000538016
0.000519796
0.000418439
0.000332479
0.000292494
0.000276518
0.000266328
0.000251584
0.000239103
0.000262263
0.000288522
0.000324057
0.000407445
0.00047546
0.000503552
0.000472885
0.000325524
0.000312243
0.000502328
0.000571294
0.000607356
0.000602964
0.000510283
0.000407076
0.000341787
0.000298056
0.000270889
0.000256383
0.000254255
0.000271134
0.000297447
0.000348315
0.000449254
0.000541237
0.000562249
0.000512653
0.000330398
0.000322876
0.000515846
0.000594046
0.000650026
0.000673742
0.000624468
0.000512787
0.00042391
0.000357948
0.000320543
0.000307115
0.000310451
0.000331197
0.000372934
0.000456315
0.00054745
0.000604886
0.000608171
0.000542161
0.000334808
0.000332783
0.000510547
0.000591184
0.000666469
0.000727855
0.000733874
0.000669988
0.000578585
0.000495435
0.000444303
0.000429404
0.000440544
0.000477619
0.000547611
0.000615268
0.000657141
0.000656958
0.000629032
0.000555088
0.000339315
0.000341947
0.000493928
0.00057004
0.000652952
0.000743696
0.000801405
0.000811463
0.000774186
0.000705063
0.000649614
0.000636561
0.00065197
0.000671195
0.00069213
0.000706762
0.000701044
0.00066569
0.000619545
0.00055032
0.000344241
0.000351353
0.000477502
0.000538475
0.000603191
0.00066772
0.000715475
0.000731966
0.000720586
0.000694739
0.000666578
0.000632565
0.000611179
0.000610507
0.000623684
0.000635992
0.000633302
0.000611715
0.000578552
0.000519965
0.000350575
0.00036298
0.000461826
0.000517636
0.000571827
0.000616409
0.000642902
0.000642539
0.000619443
0.000578055
0.000532844
0.000513517
0.000527901
0.000555085
0.000578581
0.000594015
0.000595572
0.000577065
0.000539724
0.000484654
0.00035885
0.000377692
0.000401752
0.000421821
0.000437247
0.000449603
0.000458846
0.000464427
0.000465909
0.000462522
0.000453313
0.000457615
0.000463107
0.000463827
0.000459702
0.00045221
0.000442148
0.000429763
0.000414629
0.000394606
0.000369048
0.000301392
0.000301572
0.000296567
0.000287107
0.000273755
0.000256683
0.000208786
0.000132726
0.000128993
0.000122653
0.000122875
0.000155666
0.000233842
0.000257176
0.000269635
0.000281052
0.000292379
0.000301991
0.000309664
0.000314848
0.000313244
0.000314132
0.00030681
0.000292007
0.000269756
0.000242902
0.000210789
0.000181046
0.000164836
0.000154816
0.000146287
0.000147577
0.000184822
0.000207824
0.000234678
0.000262817
0.000286594
0.000304974
0.00031843
0.000324713
0.000319956
0.000322061
0.00031553
0.000301427
0.000280814
0.000248359
0.000220562
0.000205172
0.000190758
0.000178948
0.000176526
0.000186194
0.000200418
0.000218072
0.000240983
0.000266551
0.000292118
0.000311741
0.000325524
0.000329751
0.000323525
0.000326783
0.000322333
0.000312247
0.000299204
0.000281902
0.000263291
0.000250306
0.00023735
0.000231958
0.000235625
0.000243578
0.000253102
0.000263966
0.000276973
0.000291482
0.000306179
0.000319872
0.000330398
0.000331643
0.000326515
0.0003306
0.00032896
0.000324573
0.000318374
0.000309619
0.00029904
0.000288584
0.000277618
0.000272887
0.000275971
0.00028192
0.00028885
0.0002966
0.000305105
0.000313745
0.000321945
0.000329598
0.000334808
0.000332555
0.000329356
0.000334727
0.000336639
0.000336901
0.000335687
0.00033238
0.000326581
0.000318892
0.00030978
0.000303298
0.000305404
0.0003103
0.000316014
0.00032203
0.000327665
0.000332364
0.000335977
0.00033882
0.000339315
0.000333382
0.000332243
0.000340205
0.000345669
0.000349754
0.00035212
0.000352281
0.000349535
0.000343903
0.000335881
0.000327835
0.000329416
0.000333947
0.000339062
0.000343681
0.000347112
0.000348895
0.000349136
0.000348073
0.000344241
0.000334515
0.000335818
0.000347442
0.00035699
0.000364658
0.000370132
0.000372818
0.00037196
0.000367436
0.000359641
0.000350192
0.000351601
0.000356269
0.000360965
0.00036448
0.000366281
0.000366005
0.000363476
0.000358727
0.000350575
0.000336406
0.000341077
0.000357606
0.000371719
0.000382734
0.000390653
0.000395042
0.000395456
0.00039184
0.000384131
0.000373344
0.000375924
0.000382163
0.000387138
0.000389416
0.000389112
0.000386296
0.000380621
0.000371885
0.00035885
0.000339814
0.000349301
0.000371121
0.000389459
0.000402688
0.00041244
0.000419057
0.000422561
0.000422894
0.000419522
0.000411273
0.000415381
0.000420515
0.000422227
0.000420451
0.000415909
0.000408924
0.000399435
0.000386848
0.000369048
0.000345771
)
;

boundaryField
{
    floor
    {
        type            nutkWallFunction;
        Cmu             0.09;
        kappa           0.41;
        E               9.8;
        value           nonuniform List<scalar> 
400
(
3.7007e-05
3.58787e-05
3.41837e-05
3.23909e-05
2.96509e-05
1.90932e-05
7.9031e-06
7.87596e-06
7.74567e-06
7.49249e-06
7.29431e-06
7.08471e-06
7.31943e-06
1.02843e-05
2.4424e-05
2.96435e-05
3.14864e-05
3.27794e-05
3.43777e-05
3.57978e-05
3.58787e-05
3.63933e-05
3.52221e-05
3.30811e-05
3.00952e-05
2.14472e-05
1.10092e-05
1.04102e-05
9.98357e-06
9.52805e-06
9.32358e-06
9.66764e-06
1.11179e-05
1.57798e-05
2.69903e-05
3.08053e-05
3.27874e-05
3.43427e-05
3.58811e-05
3.58307e-05
3.41837e-05
3.52221e-05
3.42345e-05
3.23135e-05
2.92269e-05
1.98053e-05
1.24768e-05
1.17846e-05
1.13252e-05
1.07711e-05
1.08101e-05
1.19232e-05
1.32632e-05
1.94675e-05
2.79103e-05
3.11846e-05
3.31328e-05
3.46595e-05
3.58931e-05
3.51974e-05
3.23909e-05
3.30811e-05
3.23135e-05
3.04478e-05
2.70311e-05
1.59099e-05
1.33481e-05
1.25343e-05
1.24694e-05
1.2275e-05
1.29829e-05
1.39232e-05
1.48414e-05
2.14943e-05
2.77244e-05
3.06897e-05
3.25905e-05
3.39693e-05
3.49118e-05
3.39844e-05
2.96509e-05
3.00952e-05
2.92269e-05
2.70311e-05
2.30841e-05
1.4325e-05
1.38286e-05
1.32331e-05
1.37542e-05
1.37267e-05
1.44812e-05
1.53493e-05
1.63077e-05
2.1235e-05
2.60115e-05
2.90517e-05
3.11078e-05
3.24297e-05
3.30607e-05
3.22514e-05
1.90932e-05
2.14472e-05
1.98053e-05
1.59099e-05
1.4325e-05
1.434e-05
1.39087e-05
1.34556e-05
1.43744e-05
1.44294e-05
1.50255e-05
1.57279e-05
1.62958e-05
1.71962e-05
1.79836e-05
2.44151e-05
2.80814e-05
2.99727e-05
3.06002e-05
3.00116e-05
7.9031e-06
1.10092e-05
1.24768e-05
1.33481e-05
1.38286e-05
1.39087e-05
1.35091e-05
1.34456e-05
1.49351e-05
1.52352e-05
1.5314e-05
1.55876e-05
1.57771e-05
1.55617e-05
1.53258e-05
1.51412e-05
1.76804e-05
2.51798e-05
2.59524e-05
2.36356e-05
7.87596e-06
1.04102e-05
1.17846e-05
1.25343e-05
1.32331e-05
1.34556e-05
1.34456e-05
1.38648e-05
1.58151e-05
1.65601e-05
1.61676e-05
1.59792e-05
1.57771e-05
1.51973e-05
1.52405e-05
1.56862e-05
1.59463e-05
1.65436e-05
1.61265e-05
1.30388e-05
7.74567e-06
9.98357e-06
1.13252e-05
1.24694e-05
1.37542e-05
1.43744e-05
1.49351e-05
1.58151e-05
1.73141e-05
1.79636e-05
1.81182e-05
1.84023e-05
1.81129e-05
1.7191e-05
1.66689e-05
1.63248e-05
1.62081e-05
1.57756e-05
1.4652e-05
1.24841e-05
7.49249e-06
9.52805e-06
1.07711e-05
1.2275e-05
1.37267e-05
1.44294e-05
1.52352e-05
1.65601e-05
1.79636e-05
0
0
2.14149e-05
2.06279e-05
1.9796e-05
1.91664e-05
1.84331e-05
1.74028e-05
1.60541e-05
1.39301e-05
1.15684e-05
7.29431e-06
9.32358e-06
1.08101e-05
1.29829e-05
1.44812e-05
1.50255e-05
1.5314e-05
1.61676e-05
1.81182e-05
0
0
2.59484e-05
2.49739e-05
2.43489e-05
2.37616e-05
2.28945e-05
2.13497e-05
1.86528e-05
1.47883e-05
1.16431e-05
7.08471e-06
9.66764e-06
1.19232e-05
1.39232e-05
1.53493e-05
1.57279e-05
1.55876e-05
1.59792e-05
1.84023e-05
2.14149e-05
2.59484e-05
2.69225e-05
2.74549e-05
2.77781e-05
2.79139e-05
2.7732e-05
2.7038e-05
2.55232e-05
2.24751e-05
1.67134e-05
7.31943e-06
1.11179e-05
1.32632e-05
1.48414e-05
1.63077e-05
1.62958e-05
1.57771e-05
1.57771e-05
1.81129e-05
2.06279e-05
2.49739e-05
2.74549e-05
2.89205e-05
2.98719e-05
3.04799e-05
3.07553e-05
3.06415e-05
3.00347e-05
2.88292e-05
2.70852e-05
1.02843e-05
1.57798e-05
1.94675e-05
2.14943e-05
2.1235e-05
1.71962e-05
1.55617e-05
1.51973e-05
1.7191e-05
1.9796e-05
2.43489e-05
2.77781e-05
2.98719e-05
3.12027e-05
3.20691e-05
3.25761e-05
3.2727e-05
3.24455e-05
3.16093e-05
3.01207e-05
2.4424e-05
2.69903e-05
2.79103e-05
2.77244e-05
2.60115e-05
1.79836e-05
1.53258e-05
1.52405e-05
1.66689e-05
1.91664e-05
2.37616e-05
2.79139e-05
3.04799e-05
3.20691e-05
3.31006e-05
3.37564e-05
3.40806e-05
3.39969e-05
3.33281e-05
3.1734e-05
2.96435e-05
3.08053e-05
3.11846e-05
3.06897e-05
2.90517e-05
2.44151e-05
1.51412e-05
1.56862e-05
1.63248e-05
1.84331e-05
2.28945e-05
2.7732e-05
3.07553e-05
3.25761e-05
3.37564e-05
3.45594e-05
3.50719e-05
3.51996e-05
3.47255e-05
3.32234e-05
3.14864e-05
3.27874e-05
3.31328e-05
3.25905e-05
3.11078e-05
2.80814e-05
1.76804e-05
1.59463e-05
1.62081e-05
1.74028e-05
2.13497e-05
2.7038e-05
3.06415e-05
3.2727e-05
3.40806e-05
3.50719e-05
3.58342e-05
3.62383e-05
3.60272e-05
3.46898e-05
3.27794e-05
3.43427e-05
3.46595e-05
3.39693e-05
3.24297e-05
2.99727e-05
2.51798e-05
1.65436e-05
1.57756e-05
1.60541e-05
1.86528e-05
2.55232e-05
3.00347e-05
3.24455e-05
3.39969e-05
3.51996e-05
3.62383e-05
3.6957e-05
3.70573e-05
3.59293e-05
3.43777e-05
3.58811e-05
3.58931e-05
3.49118e-05
3.30607e-05
3.06002e-05
2.59524e-05
1.61265e-05
1.4652e-05
1.39301e-05
1.47883e-05
2.24751e-05
2.88292e-05
3.16093e-05
3.33281e-05
3.47255e-05
3.60272e-05
3.70573e-05
3.75492e-05
3.69163e-05
3.57978e-05
3.58307e-05
3.51974e-05
3.39844e-05
3.22514e-05
3.00116e-05
2.36356e-05
1.30388e-05
1.24841e-05
1.15684e-05
1.16431e-05
1.67134e-05
2.70852e-05
3.01207e-05
3.1734e-05
3.32234e-05
3.46898e-05
3.59293e-05
3.69163e-05
3.75816e-05
)
;
    }
    ceiling
    {
        type            nutkWallFunction;
        Cmu             0.09;
        kappa           0.41;
        E               9.8;
        value           nonuniform List<scalar> 
400
(
4.37882e-05
4.72972e-05
5.00466e-05
5.20443e-05
5.35607e-05
5.46545e-05
5.53299e-05
5.55732e-05
5.52747e-05
5.39883e-05
5.30721e-05
5.31668e-05
5.31623e-05
5.29082e-05
5.23266e-05
5.13568e-05
4.99674e-05
4.81002e-05
4.54786e-05
4.19062e-05
4.72972e-05
5.10533e-05
5.40895e-05
5.64419e-05
5.83635e-05
5.98577e-05
6.08536e-05
6.12887e-05
6.09975e-05
5.95729e-05
5.8283e-05
5.8369e-05
5.82865e-05
5.78556e-05
5.69707e-05
5.55744e-05
5.37205e-05
5.14389e-05
4.84801e-05
4.46567e-05
5.00466e-05
5.40895e-05
5.73578e-05
5.99947e-05
6.22542e-05
6.41043e-05
6.5402e-05
6.60287e-05
6.57591e-05
6.41646e-05
6.25152e-05
6.2652e-05
6.25273e-05
6.19464e-05
6.07756e-05
5.89716e-05
5.67167e-05
5.41358e-05
5.09706e-05
4.69557e-05
5.20443e-05
5.64419e-05
5.99947e-05
6.29643e-05
6.56847e-05
6.80022e-05
6.97287e-05
7.07048e-05
7.07204e-05
6.93893e-05
6.72381e-05
6.70928e-05
6.67033e-05
6.58001e-05
6.42205e-05
6.18996e-05
5.91587e-05
5.62803e-05
5.28793e-05
4.86092e-05
5.35607e-05
5.83635e-05
6.22542e-05
6.56847e-05
6.89591e-05
7.17532e-05
7.39226e-05
7.53136e-05
7.5739e-05
7.48696e-05
7.22581e-05
7.16587e-05
7.08078e-05
6.94471e-05
6.73954e-05
6.45988e-05
6.13546e-05
5.80937e-05
5.44066e-05
4.98268e-05
5.46545e-05
5.98577e-05
6.41043e-05
6.80022e-05
7.17532e-05
7.50183e-05
7.76858e-05
7.96408e-05
8.07887e-05
8.08698e-05
7.78455e-05
7.63515e-05
7.46948e-05
7.26911e-05
7.0111e-05
6.68801e-05
6.32222e-05
5.95449e-05
5.55489e-05
5.06536e-05
5.53299e-05
6.08536e-05
6.5402e-05
6.97287e-05
7.39226e-05
7.76858e-05
8.09636e-05
8.3791e-05
8.62875e-05
8.82386e-05
8.47911e-05
8.1509e-05
7.84874e-05
7.55506e-05
7.23249e-05
6.86229e-05
6.45737e-05
6.05076e-05
5.62407e-05
5.1094e-05
5.55732e-05
6.12887e-05
6.60287e-05
7.07048e-05
7.53136e-05
7.96408e-05
8.3791e-05
8.80752e-05
9.28531e-05
9.77116e-05
9.38518e-05
8.75206e-05
8.23234e-05
7.80142e-05
7.39482e-05
6.97078e-05
6.52694e-05
6.08689e-05
5.64297e-05
5.11414e-05
5.52747e-05
6.09975e-05
6.57591e-05
7.07204e-05
7.5739e-05
8.07887e-05
8.62875e-05
9.28531e-05
0.000100765
0.000108273
0.000104467
9.44865e-05
8.6262e-05
8.00072e-05
7.48583e-05
7.00143e-05
6.51867e-05
6.04941e-05
5.60227e-05
5.07305e-05
5.39883e-05
5.95729e-05
6.41646e-05
6.93893e-05
7.48696e-05
8.08698e-05
8.82386e-05
9.77116e-05
0.000108273
0.00010646
0.000106243
0.000100532
8.98706e-05
8.13486e-05
7.49522e-05
6.94484e-05
6.42216e-05
5.92724e-05
5.48999e-05
4.97112e-05
5.30721e-05
5.8283e-05
6.25152e-05
6.72381e-05
7.22581e-05
7.78455e-05
8.47911e-05
9.38518e-05
0.000104467
0.000106243
0.00011361
0.000100473
8.97568e-05
8.18376e-05
7.55547e-05
6.99674e-05
6.47099e-05
5.98193e-05
5.54139e-05
5.02106e-05
5.31668e-05
5.8369e-05
6.2652e-05
6.70928e-05
7.16587e-05
7.63515e-05
8.1509e-05
8.75206e-05
9.44865e-05
0.000100532
0.000100473
9.26718e-05
8.60969e-05
8.04085e-05
7.51332e-05
7.00757e-05
6.51709e-05
6.05309e-05
5.60745e-05
5.08374e-05
5.31623e-05
5.82865e-05
6.25273e-05
6.67033e-05
7.08078e-05
7.46948e-05
7.84874e-05
8.23234e-05
8.6262e-05
8.98706e-05
8.97568e-05
8.60969e-05
8.21465e-05
7.79191e-05
7.35392e-05
6.91203e-05
6.4717e-05
6.04656e-05
5.61633e-05
5.10495e-05
5.29082e-05
5.78556e-05
6.19464e-05
6.58001e-05
6.94471e-05
7.26911e-05
7.55506e-05
7.80142e-05
8.00072e-05
8.13486e-05
8.18376e-05
8.04085e-05
7.79191e-05
7.46914e-05
7.10843e-05
6.73045e-05
6.34428e-05
5.96584e-05
5.56685e-05
5.08366e-05
5.23266e-05
5.69707e-05
6.07756e-05
6.42205e-05
6.73954e-05
7.0111e-05
7.23249e-05
7.39482e-05
7.48583e-05
7.49522e-05
7.55547e-05
7.51332e-05
7.35392e-05
7.10843e-05
6.81726e-05
6.50198e-05
6.17095e-05
5.84009e-05
5.47619e-05
5.02824e-05
5.13568e-05
5.55744e-05
5.89716e-05
6.18996e-05
6.45988e-05
6.68801e-05
6.86229e-05
6.97078e-05
7.00143e-05
6.94484e-05
6.99674e-05
7.00757e-05
6.91203e-05
6.73045e-05
6.50198e-05
6.24619e-05
5.96989e-05
5.68356e-05
5.35368e-05
4.94243e-05
4.99674e-05
5.37205e-05
5.67167e-05
5.91587e-05
6.13546e-05
6.32222e-05
6.45737e-05
6.52694e-05
6.51867e-05
6.42216e-05
6.47099e-05
6.51709e-05
6.4717e-05
6.34428e-05
6.17095e-05
5.96989e-05
5.74667e-05
5.50067e-05
5.20188e-05
4.82517e-05
4.81002e-05
5.14389e-05
5.41358e-05
5.62803e-05
5.80937e-05
5.95449e-05
6.05076e-05
6.08689e-05
6.04941e-05
5.92724e-05
5.98193e-05
6.05309e-05
6.04656e-05
5.96584e-05
5.84009e-05
5.68356e-05
5.50067e-05
5.28672e-05
5.01508e-05
4.66864e-05
4.54786e-05
4.84801e-05
5.09706e-05
5.28793e-05
5.44066e-05
5.55489e-05
5.62407e-05
5.64297e-05
5.60227e-05
5.48999e-05
5.54139e-05
5.60745e-05
5.61633e-05
5.56685e-05
5.47619e-05
5.35368e-05
5.20188e-05
5.01508e-05
4.76615e-05
4.44581e-05
4.19062e-05
4.46567e-05
4.69557e-05
4.86092e-05
4.98268e-05
5.06536e-05
5.1094e-05
5.11414e-05
5.07305e-05
4.97112e-05
5.02106e-05
5.08374e-05
5.10495e-05
5.08366e-05
5.02824e-05
4.94243e-05
4.82517e-05
4.66864e-05
4.44581e-05
4.1521e-05
)
;
    }
    fixedWalls
    {
        type            nutkWallFunction;
        Cmu             0.09;
        kappa           0.41;
        E               9.8;
        value           nonuniform List<scalar> 
800
(
3.70038e-05
3.85553e-05
3.94518e-05
3.99518e-05
4.03381e-05
4.0736e-05
4.11956e-05
4.17735e-05
4.25847e-05
4.3786e-05
3.58753e-05
3.71485e-05
3.83293e-05
3.92906e-05
4.02476e-05
4.13101e-05
4.24314e-05
4.36951e-05
4.531e-05
4.72954e-05
3.418e-05
3.42125e-05
3.51735e-05
3.67792e-05
3.88677e-05
4.09921e-05
4.3006e-05
4.50256e-05
4.73762e-05
5.00452e-05
3.2387e-05
3.04531e-05
2.93875e-05
3.27706e-05
3.66382e-05
4.01948e-05
4.32105e-05
4.59597e-05
4.8899e-05
5.20431e-05
2.96467e-05
2.76858e-05
2.59788e-05
2.67185e-05
3.40897e-05
3.91904e-05
4.31741e-05
4.65718e-05
4.99937e-05
5.35597e-05
1.90877e-05
2.038e-05
2.12071e-05
2.37703e-05
3.20197e-05
3.81876e-05
4.28863e-05
4.68184e-05
5.06504e-05
5.46537e-05
7.89624e-06
1.10308e-05
1.66242e-05
2.09909e-05
3.00807e-05
3.71397e-05
4.23349e-05
4.66645e-05
5.08315e-05
5.53291e-05
7.86907e-06
1.15524e-05
1.20375e-05
1.70654e-05
2.81705e-05
3.59987e-05
4.15445e-05
4.61098e-05
5.05359e-05
5.55725e-05
7.73876e-06
1.18696e-05
1.32941e-05
1.38867e-05
2.61504e-05
3.47728e-05
4.05292e-05
4.51771e-05
4.97149e-05
5.52739e-05
7.48554e-06
1.11312e-05
1.29008e-05
1.27864e-05
2.50433e-05
3.36709e-05
3.92965e-05
4.37479e-05
4.80602e-05
5.39873e-05
7.28733e-06
1.03482e-05
1.15244e-05
1.30082e-05
2.64232e-05
3.41971e-05
3.93845e-05
4.35093e-05
4.751e-05
5.3071e-05
7.0777e-06
9.39122e-06
9.8924e-06
1.46379e-05
2.78576e-05
3.50001e-05
3.99224e-05
4.39264e-05
4.78886e-05
5.31658e-05
7.31246e-06
9.24563e-06
1.08361e-05
1.67631e-05
2.9162e-05
3.58192e-05
4.05307e-05
4.44397e-05
4.8336e-05
5.31612e-05
1.02778e-05
1.37105e-05
1.53551e-05
2.02893e-05
3.04535e-05
3.66153e-05
4.10807e-05
4.48383e-05
4.86075e-05
5.29071e-05
2.44191e-05
2.22168e-05
1.95377e-05
2.39188e-05
3.18494e-05
3.73753e-05
4.14929e-05
4.49916e-05
4.85224e-05
5.23254e-05
2.96393e-05
2.59901e-05
2.23486e-05
2.58487e-05
3.32657e-05
3.80767e-05
4.17017e-05
4.47995e-05
4.79483e-05
5.13555e-05
3.14824e-05
2.8053e-05
2.3833e-05
2.97461e-05
3.49941e-05
3.87704e-05
4.17023e-05
4.42619e-05
4.69383e-05
4.9966e-05
3.27755e-05
3.14063e-05
3.1468e-05
3.38707e-05
3.69383e-05
3.94288e-05
4.14963e-05
4.34115e-05
4.55425e-05
4.80985e-05
3.4374e-05
3.50649e-05
3.60659e-05
3.71635e-05
3.85303e-05
3.97967e-05
4.09624e-05
4.21544e-05
4.3622e-05
4.54765e-05
3.57944e-05
3.73155e-05
3.81733e-05
3.86279e-05
3.90093e-05
3.93714e-05
3.97386e-05
4.01927e-05
4.08605e-05
4.19037e-05
3.57944e-05
3.73155e-05
3.81733e-05
3.86279e-05
3.90093e-05
3.93714e-05
3.97386e-05
4.01927e-05
4.08605e-05
4.19037e-05
3.58273e-05
3.74424e-05
3.84563e-05
3.90569e-05
3.95403e-05
4.00619e-05
4.07536e-05
4.16673e-05
4.29501e-05
4.46545e-05
3.51939e-05
3.65232e-05
3.76442e-05
3.85109e-05
3.9349e-05
4.03162e-05
4.14539e-05
4.28801e-05
4.47304e-05
4.69538e-05
3.39807e-05
3.46397e-05
3.58654e-05
3.72506e-05
3.88098e-05
4.03655e-05
4.19838e-05
4.38572e-05
4.61202e-05
4.86076e-05
3.22474e-05
3.17698e-05
3.32329e-05
3.55986e-05
3.80368e-05
4.02255e-05
4.22952e-05
4.45568e-05
4.71207e-05
4.98253e-05
3.00074e-05
2.82065e-05
2.90372e-05
3.33884e-05
3.69339e-05
3.9819e-05
4.23297e-05
4.49029e-05
4.76787e-05
5.06522e-05
2.36307e-05
2.39171e-05
2.53269e-05
3.09727e-05
3.55818e-05
3.90887e-05
4.19882e-05
4.48014e-05
4.77383e-05
5.10927e-05
1.30327e-05
1.98647e-05
2.32453e-05
2.92539e-05
3.42245e-05
3.81077e-05
4.1276e-05
4.4239e-05
4.72938e-05
5.11401e-05
1.24778e-05
1.76167e-05
2.12704e-05
2.75406e-05
3.27988e-05
3.6933e-05
4.02565e-05
4.32607e-05
4.63343e-05
5.07291e-05
1.15621e-05
1.61888e-05
1.96473e-05
2.68203e-05
3.21817e-05
3.61059e-05
3.92385e-05
4.20693e-05
4.49856e-05
4.97097e-05
1.16367e-05
1.49749e-05
1.93155e-05
2.72862e-05
3.25673e-05
3.63646e-05
3.94309e-05
4.22412e-05
4.53001e-05
5.02091e-05
1.67076e-05
1.52587e-05
2.06358e-05
2.83217e-05
3.33295e-05
3.6985e-05
4.00001e-05
4.28233e-05
4.60714e-05
5.08361e-05
2.70806e-05
2.03983e-05
2.25704e-05
2.95691e-05
3.42237e-05
3.77149e-05
4.06477e-05
4.34144e-05
4.66927e-05
5.10482e-05
3.01165e-05
2.35373e-05
2.49434e-05
3.09916e-05
3.52248e-05
3.8485e-05
4.12356e-05
4.38617e-05
4.69846e-05
5.08352e-05
3.173e-05
2.71525e-05
2.79836e-05
3.26887e-05
3.63211e-05
3.9206e-05
4.16745e-05
4.40954e-05
4.69566e-05
5.0281e-05
3.32196e-05
3.08502e-05
3.13383e-05
3.45702e-05
3.74321e-05
3.98084e-05
4.19065e-05
4.40685e-05
4.66146e-05
4.94227e-05
3.46862e-05
3.39412e-05
3.46566e-05
3.64647e-05
3.84843e-05
4.02733e-05
4.19442e-05
4.3757e-05
4.59113e-05
4.825e-05
3.59259e-05
3.63122e-05
3.71822e-05
3.82236e-05
3.94657e-05
4.06401e-05
4.18151e-05
4.31631e-05
4.48193e-05
4.66845e-05
3.69131e-05
3.804e-05
3.89484e-05
3.95708e-05
4.01328e-05
4.07063e-05
4.13318e-05
4.21343e-05
4.31785e-05
4.44559e-05
3.75784e-05
3.88433e-05
3.94874e-05
3.9729e-05
3.98452e-05
3.99503e-05
4.00941e-05
4.03338e-05
4.07655e-05
4.15184e-05
3.70038e-05
3.85553e-05
3.94518e-05
3.99518e-05
4.03381e-05
4.0736e-05
4.11956e-05
4.17735e-05
4.25847e-05
4.3786e-05
3.58753e-05
3.71485e-05
3.83293e-05
3.92906e-05
4.02476e-05
4.13101e-05
4.24314e-05
4.36951e-05
4.531e-05
4.72954e-05
3.418e-05
3.42125e-05
3.51735e-05
3.67792e-05
3.88677e-05
4.09921e-05
4.3006e-05
4.50256e-05
4.73762e-05
5.00452e-05
3.2387e-05
3.04531e-05
2.93875e-05
3.27706e-05
3.66382e-05
4.01948e-05
4.32105e-05
4.59597e-05
4.8899e-05
5.20431e-05
2.96467e-05
2.76858e-05
2.59788e-05
2.67185e-05
3.40897e-05
3.91904e-05
4.31741e-05
4.65718e-05
4.99937e-05
5.35597e-05
1.90877e-05
2.038e-05
2.12071e-05
2.37703e-05
3.20197e-05
3.81876e-05
4.28863e-05
4.68184e-05
5.06504e-05
5.46537e-05
7.89624e-06
1.10308e-05
1.66242e-05
2.09909e-05
3.00807e-05
3.71397e-05
4.23349e-05
4.66645e-05
5.08315e-05
5.53291e-05
7.86907e-06
1.15524e-05
1.20375e-05
1.70654e-05
2.81705e-05
3.59987e-05
4.15445e-05
4.61098e-05
5.05359e-05
5.55725e-05
7.73876e-06
1.18696e-05
1.32941e-05
1.38867e-05
2.61504e-05
3.47728e-05
4.05292e-05
4.51771e-05
4.97149e-05
5.52739e-05
7.48554e-06
1.11312e-05
1.29008e-05
1.27864e-05
2.50433e-05
3.36709e-05
3.92965e-05
4.37479e-05
4.80602e-05
5.39873e-05
7.28733e-06
1.03482e-05
1.15244e-05
1.30082e-05
2.64232e-05
3.41971e-05
3.93845e-05
4.35093e-05
4.751e-05
5.3071e-05
7.0777e-06
9.39122e-06
9.8924e-06
1.46379e-05
2.78576e-05
3.50001e-05
3.99224e-05
4.39264e-05
4.78886e-05
5.31658e-05
7.31246e-06
9.24563e-06
1.08361e-05
1.67631e-05
2.9162e-05
3.58192e-05
4.05307e-05
4.44397e-05
4.8336e-05
5.31612e-05
1.02778e-05
1.37105e-05
1.53551e-05
2.02893e-05
3.04535e-05
3.66153e-05
4.10807e-05
4.48383e-05
4.86075e-05
5.29071e-05
2.44191e-05
2.22168e-05
1.95377e-05
2.39188e-05
3.18494e-05
3.73753e-05
4.14929e-05
4.49916e-05
4.85224e-05
5.23254e-05
2.96393e-05
2.59901e-05
2.23486e-05
2.58487e-05
3.32657e-05
3.80767e-05
4.17017e-05
4.47995e-05
4.79483e-05
5.13555e-05
3.14824e-05
2.8053e-05
2.3833e-05
2.97461e-05
3.49941e-05
3.87704e-05
4.17023e-05
4.42619e-05
4.69383e-05
4.9966e-05
3.27755e-05
3.14063e-05
3.1468e-05
3.38707e-05
3.69383e-05
3.94288e-05
4.14963e-05
4.34115e-05
4.55425e-05
4.80985e-05
3.4374e-05
3.50649e-05
3.60659e-05
3.71635e-05
3.85303e-05
3.97967e-05
4.09624e-05
4.21544e-05
4.3622e-05
4.54765e-05
3.57944e-05
3.73155e-05
3.81733e-05
3.86279e-05
3.90093e-05
3.93714e-05
3.97386e-05
4.01927e-05
4.08605e-05
4.19037e-05
3.57944e-05
3.73155e-05
3.81733e-05
3.86279e-05
3.90093e-05
3.93714e-05
3.97386e-05
4.01927e-05
4.08605e-05
4.19037e-05
3.58273e-05
3.74424e-05
3.84563e-05
3.90569e-05
3.95403e-05
4.00619e-05
4.07536e-05
4.16673e-05
4.29501e-05
4.46545e-05
3.51939e-05
3.65232e-05
3.76442e-05
3.85109e-05
3.9349e-05
4.03162e-05
4.14539e-05
4.28801e-05
4.47304e-05
4.69538e-05
3.39807e-05
3.46397e-05
3.58654e-05
3.72506e-05
3.88098e-05
4.03655e-05
4.19838e-05
4.38572e-05
4.61202e-05
4.86076e-05
3.22474e-05
3.17698e-05
3.32329e-05
3.55986e-05
3.80368e-05
4.02255e-05
4.22952e-05
4.45568e-05
4.71207e-05
4.98253e-05
3.00074e-05
2.82065e-05
2.90372e-05
3.33884e-05
3.69339e-05
3.9819e-05
4.23297e-05
4.49029e-05
4.76787e-05
5.06522e-05
2.36307e-05
2.39171e-05
2.53269e-05
3.09727e-05
3.55818e-05
3.90887e-05
4.19882e-05
4.48014e-05
4.77383e-05
5.10927e-05
1.30327e-05
1.98647e-05
2.32453e-05
2.92539e-05
3.42245e-05
3.81077e-05
4.1276e-05
4.4239e-05
4.72938e-05
5.11401e-05
1.24778e-05
1.76167e-05
2.12704e-05
2.75406e-05
3.27988e-05
3.6933e-05
4.02565e-05
4.32607e-05
4.63343e-05
5.07291e-05
1.15621e-05
1.61888e-05
1.96473e-05
2.68203e-05
3.21817e-05
3.61059e-05
3.92385e-05
4.20693e-05
4.49856e-05
4.97097e-05
1.16367e-05
1.49749e-05
1.93155e-05
2.72862e-05
3.25673e-05
3.63646e-05
3.94309e-05
4.22412e-05
4.53001e-05
5.02091e-05
1.67076e-05
1.52587e-05
2.06358e-05
2.83217e-05
3.33295e-05
3.6985e-05
4.00001e-05
4.28233e-05
4.60714e-05
5.08361e-05
2.70806e-05
2.03983e-05
2.25704e-05
2.95691e-05
3.42237e-05
3.77149e-05
4.06477e-05
4.34144e-05
4.66927e-05
5.10482e-05
3.01165e-05
2.35373e-05
2.49434e-05
3.09916e-05
3.52248e-05
3.8485e-05
4.12356e-05
4.38617e-05
4.69846e-05
5.08352e-05
3.173e-05
2.71525e-05
2.79836e-05
3.26887e-05
3.63211e-05
3.9206e-05
4.16745e-05
4.40954e-05
4.69566e-05
5.0281e-05
3.32196e-05
3.08502e-05
3.13383e-05
3.45702e-05
3.74321e-05
3.98084e-05
4.19065e-05
4.40685e-05
4.66146e-05
4.94227e-05
3.46862e-05
3.39412e-05
3.46566e-05
3.64647e-05
3.84843e-05
4.02733e-05
4.19442e-05
4.3757e-05
4.59113e-05
4.825e-05
3.59259e-05
3.63122e-05
3.71822e-05
3.82236e-05
3.94657e-05
4.06401e-05
4.18151e-05
4.31631e-05
4.48193e-05
4.66845e-05
3.69131e-05
3.804e-05
3.89484e-05
3.95708e-05
4.01328e-05
4.07063e-05
4.13318e-05
4.21343e-05
4.31785e-05
4.44559e-05
3.75784e-05
3.88433e-05
3.94874e-05
3.9729e-05
3.98452e-05
3.99503e-05
4.00941e-05
4.03338e-05
4.07655e-05
4.15184e-05
)
;
    }
}


// ************************************************************************* //
