/*--------------------------------*- C++ -*----------------------------------*\
  =========                 |
  \\      /  F ield         | OpenFOAM: The Open Source CFD Toolbox
   \\    /   O peration     | Website:  https://openfoam.org
    \\  /    A nd           | Version:  8
     \\/     M anipulation  |
\*---------------------------------------------------------------------------*/
FoamFile
{
    version     2.0;
    format      ascii;
    class       volScalarField;
    location    "1800";
    object      p;
}
// * * * * * * * * * * * * * * * * * * * * * * * * * * * * * * * * * * * * * //

dimensions      [1 -1 -2 0 0 0 0];

internalField   nonuniform List<scalar> 
4000
(
-2.44975
-2.45
-2.4503
-2.45042
-2.45034
-2.45022
-2.45021
-2.45021
-2.45021
-2.45021
-2.45022
-2.45022
-2.45023
-2.45021
-2.45027
-2.45042
-2.45051
-2.45039
-2.45005
-2.44973
-7.34968
-7.34982
-7.35001
-7.3501
-7.35004
-7.34999
-7.35001
-7.35
-7.35001
-7.35001
-7.35001
-7.35002
-7.35002
-7.35002
-7.35001
-7.35009
-7.35018
-7.35009
-7.34988
-7.34966
-12.2493
-12.2494
-12.2495
-12.2496
-12.2496
-12.2496
-12.2496
-12.2496
-12.2496
-12.2496
-12.2496
-12.2496
-12.2496
-12.2496
-12.2496
-12.2496
-12.2496
-12.2496
-12.2494
-12.2493
-17.1488
-17.1489
-17.1489
-17.149
-17.149
-17.149
-17.1491
-17.1491
-17.1491
-17.1491
-17.1491
-17.1491
-17.1491
-17.1491
-17.149
-17.149
-17.149
-17.149
-17.1489
-17.1488
-22.0483
-22.0483
-22.0483
-22.0484
-22.0484
-22.0484
-22.0484
-22.0485
-22.0485
-22.0485
-22.0485
-22.0485
-22.0485
-22.0484
-22.0484
-22.0484
-22.0484
-22.0483
-22.0483
-22.0482
-26.9476
-26.9477
-26.9477
-26.9478
-26.9478
-26.9478
-26.9478
-26.9478
-26.9478
-26.9478
-26.9478
-26.9478
-26.9478
-26.9478
-26.9478
-26.9478
-26.9478
-26.9477
-26.9477
-26.9476
-31.8469
-31.847
-31.847
-31.8471
-31.8471
-31.8472
-31.8472
-31.8472
-31.8472
-31.8472
-31.8472
-31.8472
-31.8472
-31.8472
-31.8472
-31.8472
-31.8471
-31.8471
-31.847
-31.8469
-36.7461
-36.7462
-36.7463
-36.7464
-36.7464
-36.7465
-36.7465
-36.7465
-36.7465
-36.7465
-36.7465
-36.7465
-36.7465
-36.7465
-36.7465
-36.7465
-36.7464
-36.7463
-36.7463
-36.7461
-41.6452
-41.6454
-41.6455
-41.6456
-41.6456
-41.6457
-41.6457
-41.6457
-41.6457
-41.6457
-41.6457
-41.6457
-41.6457
-41.6457
-41.6457
-41.6457
-41.6456
-41.6456
-41.6455
-41.6453
-46.5446
-46.5447
-46.5448
-46.5448
-46.5448
-46.5447
-46.5447
-46.5446
-46.5446
-46.5446
-46.5447
-46.5447
-46.5447
-46.5447
-46.5448
-46.5448
-46.5449
-46.5449
-46.5448
-46.5447
-2.45
-2.45013
-2.45033
-2.45039
-2.45031
-2.45022
-2.45021
-2.45021
-2.45022
-2.45022
-2.45022
-2.45023
-2.45023
-2.45022
-2.45028
-2.45042
-2.45049
-2.45039
-2.4501
-2.44985
-7.34982
-7.3499
-7.35001
-7.35007
-7.35001
-7.34999
-7.35001
-7.35
-7.35001
-7.35001
-7.35002
-7.35002
-7.35002
-7.35002
-7.35
-7.35008
-7.35015
-7.35008
-7.3499
-7.34973
-12.2494
-12.2494
-12.2495
-12.2496
-12.2496
-12.2496
-12.2496
-12.2496
-12.2496
-12.2496
-12.2496
-12.2496
-12.2496
-12.2496
-12.2496
-12.2496
-12.2496
-12.2496
-12.2495
-12.2494
-17.1489
-17.1489
-17.149
-17.149
-17.149
-17.149
-17.1491
-17.1491
-17.1491
-17.1491
-17.1491
-17.1491
-17.1491
-17.1491
-17.149
-17.149
-17.149
-17.149
-17.1489
-17.1489
-22.0483
-22.0483
-22.0484
-22.0484
-22.0484
-22.0485
-22.0485
-22.0485
-22.0485
-22.0485
-22.0485
-22.0485
-22.0485
-22.0485
-22.0485
-22.0485
-22.0484
-22.0484
-22.0484
-22.0483
-26.9477
-26.9477
-26.9478
-26.9478
-26.9479
-26.9479
-26.9479
-26.9479
-26.9479
-26.9479
-26.9479
-26.9479
-26.9479
-26.9479
-26.9479
-26.9479
-26.9478
-26.9478
-26.9477
-26.9477
-31.847
-31.8471
-31.8471
-31.8472
-31.8472
-31.8473
-31.8473
-31.8473
-31.8473
-31.8473
-31.8473
-31.8473
-31.8473
-31.8473
-31.8473
-31.8472
-31.8472
-31.8472
-31.8471
-31.847
-36.7462
-36.7464
-36.7465
-36.7465
-36.7466
-36.7466
-36.7466
-36.7466
-36.7466
-36.7466
-36.7466
-36.7466
-36.7466
-36.7466
-36.7466
-36.7466
-36.7466
-36.7465
-36.7464
-36.7463
-41.6454
-41.6456
-41.6457
-41.6458
-41.6459
-41.6459
-41.6459
-41.6459
-41.6459
-41.646
-41.646
-41.6459
-41.6459
-41.6459
-41.6459
-41.6459
-41.6458
-41.6458
-41.6457
-41.6455
-46.5447
-46.5449
-46.545
-46.545
-46.545
-46.545
-46.545
-46.5449
-46.5449
-46.5449
-46.545
-46.545
-46.545
-46.545
-46.545
-46.5451
-46.5451
-46.5451
-46.545
-46.5448
-2.4503
-2.45033
-2.45039
-2.45038
-2.45029
-2.45021
-2.45021
-2.45021
-2.45022
-2.45022
-2.45023
-2.45023
-2.45023
-2.45023
-2.4503
-2.45042
-2.45049
-2.45044
-2.45024
-2.4501
-7.35001
-7.35001
-7.35004
-7.35004
-7.34999
-7.34999
-7.35001
-7.35
-7.35
-7.35001
-7.35001
-7.35001
-7.35002
-7.35
-7.34999
-7.35007
-7.35014
-7.35009
-7.34997
-7.34987
-12.2495
-12.2495
-12.2495
-12.2495
-12.2496
-12.2496
-12.2496
-12.2496
-12.2496
-12.2496
-12.2496
-12.2496
-12.2496
-12.2496
-12.2496
-12.2496
-12.2496
-12.2496
-12.2495
-12.2494
-17.1489
-17.149
-17.149
-17.149
-17.149
-17.1491
-17.1491
-17.1491
-17.1491
-17.1491
-17.1491
-17.1491
-17.1491
-17.1491
-17.149
-17.149
-17.149
-17.149
-17.149
-17.1489
-22.0483
-22.0484
-22.0484
-22.0484
-22.0485
-22.0485
-22.0485
-22.0485
-22.0485
-22.0485
-22.0485
-22.0485
-22.0485
-22.0485
-22.0485
-22.0485
-22.0485
-22.0484
-22.0484
-22.0483
-26.9477
-26.9478
-26.9478
-26.9478
-26.9479
-26.9479
-26.9479
-26.9479
-26.9479
-26.9479
-26.9479
-26.9479
-26.9479
-26.9479
-26.9479
-26.9479
-26.9478
-26.9478
-26.9478
-26.9477
-31.847
-31.8471
-31.8472
-31.8472
-31.8472
-31.8472
-31.8473
-31.8473
-31.8473
-31.8473
-31.8473
-31.8473
-31.8473
-31.8473
-31.8472
-31.8472
-31.8472
-31.8472
-31.8472
-31.8471
-36.7463
-36.7465
-36.7465
-36.7466
-36.7466
-36.7466
-36.7466
-36.7466
-36.7466
-36.7466
-36.7466
-36.7466
-36.7466
-36.7466
-36.7466
-36.7466
-36.7466
-36.7465
-36.7465
-36.7463
-41.6455
-41.6457
-41.6458
-41.6459
-41.6459
-41.6459
-41.6459
-41.6459
-41.6459
-41.6459
-41.6459
-41.6459
-41.6459
-41.6459
-41.6459
-41.6459
-41.6459
-41.6459
-41.6458
-41.6456
-46.5448
-46.545
-46.5451
-46.5451
-46.5451
-46.545
-46.545
-46.545
-46.545
-46.545
-46.545
-46.545
-46.545
-46.545
-46.5451
-46.5451
-46.5451
-46.5451
-46.5451
-46.5449
-2.45042
-2.45039
-2.45038
-2.45033
-2.45025
-2.4502
-2.45022
-2.45021
-2.45022
-2.45023
-2.45023
-2.45024
-2.45023
-2.45024
-2.4503
-2.45039
-2.45048
-2.45048
-2.4504
-2.45035
-7.3501
-7.35007
-7.35004
-7.35
-7.34997
-7.35
-7.35
-7.34999
-7.35
-7.35
-7.35
-7.35
-7.35002
-7.34999
-7.34999
-7.35005
-7.35011
-7.35011
-7.35006
-7.35002
-12.2496
-12.2496
-12.2495
-12.2495
-12.2496
-12.2496
-12.2496
-12.2496
-12.2496
-12.2496
-12.2496
-12.2496
-12.2496
-12.2496
-12.2496
-12.2496
-12.2496
-12.2496
-12.2495
-12.2495
-17.149
-17.149
-17.149
-17.149
-17.149
-17.1491
-17.1491
-17.1491
-17.149
-17.149
-17.1491
-17.1491
-17.1491
-17.1491
-17.149
-17.149
-17.149
-17.149
-17.149
-17.149
-22.0484
-22.0484
-22.0484
-22.0484
-22.0485
-22.0485
-22.0485
-22.0485
-22.0485
-22.0485
-22.0485
-22.0485
-22.0485
-22.0485
-22.0485
-22.0485
-22.0485
-22.0484
-22.0484
-22.0484
-26.9478
-26.9478
-26.9478
-26.9478
-26.9479
-26.9479
-26.9479
-26.9479
-26.9479
-26.9479
-26.9479
-26.9479
-26.9479
-26.9479
-26.9479
-26.9479
-26.9479
-26.9478
-26.9478
-26.9478
-31.8471
-31.8472
-31.8472
-31.8472
-31.8472
-31.8472
-31.8472
-31.8473
-31.8473
-31.8473
-31.8473
-31.8473
-31.8473
-31.8473
-31.8472
-31.8472
-31.8472
-31.8472
-31.8472
-31.8471
-36.7464
-36.7465
-36.7466
-36.7466
-36.7466
-36.7466
-36.7466
-36.7466
-36.7466
-36.7466
-36.7466
-36.7466
-36.7466
-36.7466
-36.7466
-36.7466
-36.7466
-36.7466
-36.7466
-36.7464
-41.6456
-41.6458
-41.6459
-41.6459
-41.6459
-41.6459
-41.6459
-41.6459
-41.6459
-41.6459
-41.6459
-41.6459
-41.6459
-41.6459
-41.6459
-41.6459
-41.6459
-41.6459
-41.6458
-41.6456
-46.5448
-46.545
-46.5451
-46.5451
-46.5451
-46.545
-46.545
-46.545
-46.5449
-46.545
-46.545
-46.545
-46.545
-46.545
-46.5451
-46.5451
-46.5451
-46.5451
-46.5451
-46.5449
-2.45034
-2.45031
-2.45029
-2.45025
-2.45022
-2.4502
-2.45021
-2.45021
-2.45022
-2.45023
-2.45024
-2.45024
-2.45024
-2.45024
-2.45028
-2.45035
-2.45042
-2.45047
-2.45047
-2.45049
-7.35004
-7.35001
-7.34999
-7.34997
-7.34997
-7.35
-7.34999
-7.34999
-7.34999
-7.35
-7.35
-7.35
-7.35001
-7.34999
-7.34998
-7.35001
-7.35007
-7.3501
-7.35011
-7.35011
-12.2496
-12.2496
-12.2496
-12.2496
-12.2496
-12.2496
-12.2496
-12.2496
-12.2496
-12.2496
-12.2496
-12.2496
-12.2496
-12.2496
-12.2496
-12.2496
-12.2496
-12.2496
-12.2496
-12.2496
-17.149
-17.149
-17.149
-17.149
-17.1491
-17.1491
-17.1491
-17.149
-17.149
-17.149
-17.149
-17.1491
-17.1491
-17.1491
-17.149
-17.149
-17.149
-17.149
-17.149
-17.149
-22.0484
-22.0484
-22.0485
-22.0485
-22.0485
-22.0485
-22.0485
-22.0485
-22.0485
-22.0485
-22.0485
-22.0485
-22.0485
-22.0485
-22.0485
-22.0485
-22.0485
-22.0485
-22.0484
-22.0484
-26.9478
-26.9479
-26.9479
-26.9479
-26.9479
-26.9479
-26.9479
-26.9479
-26.9479
-26.9479
-26.9479
-26.9479
-26.9479
-26.9479
-26.9479
-26.9479
-26.9479
-26.9479
-26.9479
-26.9478
-31.8471
-31.8472
-31.8472
-31.8472
-31.8472
-31.8472
-31.8473
-31.8473
-31.8473
-31.8473
-31.8473
-31.8473
-31.8473
-31.8473
-31.8472
-31.8472
-31.8472
-31.8472
-31.8472
-31.8471
-36.7464
-36.7466
-36.7466
-36.7466
-36.7466
-36.7466
-36.7466
-36.7466
-36.7466
-36.7466
-36.7466
-36.7466
-36.7466
-36.7466
-36.7466
-36.7466
-36.7466
-36.7466
-36.7466
-36.7465
-41.6456
-41.6459
-41.6459
-41.6459
-41.6459
-41.6459
-41.6459
-41.6459
-41.6459
-41.646
-41.6459
-41.6459
-41.6459
-41.6459
-41.6459
-41.6459
-41.6459
-41.6459
-41.6459
-41.6457
-46.5448
-46.545
-46.5451
-46.5451
-46.545
-46.545
-46.5449
-46.5449
-46.5448
-46.5449
-46.5449
-46.5449
-46.5449
-46.545
-46.545
-46.5451
-46.5451
-46.5451
-46.5451
-46.5449
-2.45022
-2.45022
-2.45021
-2.4502
-2.4502
-2.4502
-2.45021
-2.45021
-2.45022
-2.45024
-2.45025
-2.45025
-2.45024
-2.45025
-2.45025
-2.45029
-2.45034
-2.4504
-2.45044
-2.45047
-7.34999
-7.34999
-7.34999
-7.35
-7.35
-7.34999
-7.34999
-7.34999
-7.34999
-7.35
-7.35
-7.35
-7.35001
-7.35001
-7.35001
-7.35001
-7.35003
-7.35007
-7.3501
-7.35013
-12.2496
-12.2496
-12.2496
-12.2496
-12.2496
-12.2496
-12.2496
-12.2496
-12.2496
-12.2496
-12.2496
-12.2496
-12.2496
-12.2496
-12.2496
-12.2496
-12.2496
-12.2496
-12.2496
-12.2496
-17.149
-17.149
-17.1491
-17.1491
-17.1491
-17.1491
-17.1491
-17.149
-17.149
-17.149
-17.149
-17.1491
-17.1491
-17.1491
-17.1491
-17.1491
-17.149
-17.149
-17.149
-17.149
-22.0484
-22.0485
-22.0485
-22.0485
-22.0485
-22.0485
-22.0485
-22.0485
-22.0485
-22.0485
-22.0485
-22.0485
-22.0485
-22.0485
-22.0485
-22.0485
-22.0485
-22.0485
-22.0485
-22.0484
-26.9478
-26.9479
-26.9479
-26.9479
-26.9479
-26.9479
-26.9479
-26.9479
-26.9479
-26.9479
-26.9479
-26.9479
-26.9479
-26.9479
-26.9479
-26.9479
-26.9479
-26.9479
-26.9479
-26.9478
-31.8472
-31.8473
-31.8472
-31.8472
-31.8472
-31.8473
-31.8473
-31.8473
-31.8473
-31.8473
-31.8473
-31.8473
-31.8473
-31.8473
-31.8472
-31.8472
-31.8472
-31.8472
-31.8473
-31.8472
-36.7465
-36.7466
-36.7466
-36.7466
-36.7466
-36.7466
-36.7466
-36.7466
-36.7466
-36.7466
-36.7466
-36.7466
-36.7466
-36.7466
-36.7466
-36.7466
-36.7466
-36.7466
-36.7466
-36.7465
-41.6457
-41.6459
-41.6459
-41.6459
-41.6459
-41.6459
-41.6459
-41.6459
-41.646
-41.646
-41.646
-41.646
-41.646
-41.6459
-41.6459
-41.6459
-41.6459
-41.6459
-41.6459
-41.6457
-46.5447
-46.545
-46.545
-46.545
-46.545
-46.5449
-46.5448
-46.5448
-46.5447
-46.5447
-46.5448
-46.5448
-46.5448
-46.5449
-46.545
-46.545
-46.5451
-46.5451
-46.5451
-46.5448
-2.45021
-2.45021
-2.45021
-2.45022
-2.45021
-2.45021
-2.45022
-2.45022
-2.45024
-2.45026
-2.45027
-2.45027
-2.45026
-2.45026
-2.45027
-2.45028
-2.45028
-2.45033
-2.45036
-2.45037
-7.35001
-7.35001
-7.35001
-7.35
-7.34999
-7.34999
-7.34999
-7.34999
-7.35
-7.35001
-7.35002
-7.35001
-7.35001
-7.35001
-7.35003
-7.35004
-7.35005
-7.35005
-7.35007
-7.35009
-12.2496
-12.2496
-12.2496
-12.2496
-12.2496
-12.2496
-12.2496
-12.2496
-12.2496
-12.2496
-12.2496
-12.2496
-12.2496
-12.2496
-12.2496
-12.2496
-12.2496
-12.2496
-12.2496
-12.2496
-17.1491
-17.1491
-17.1491
-17.1491
-17.1491
-17.1491
-17.149
-17.149
-17.149
-17.149
-17.149
-17.149
-17.1491
-17.1491
-17.1491
-17.1491
-17.1491
-17.1491
-17.149
-17.149
-22.0484
-22.0485
-22.0485
-22.0485
-22.0485
-22.0485
-22.0485
-22.0485
-22.0485
-22.0485
-22.0485
-22.0485
-22.0485
-22.0485
-22.0485
-22.0485
-22.0485
-22.0485
-22.0485
-22.0484
-26.9478
-26.9479
-26.9479
-26.9479
-26.9479
-26.9479
-26.9479
-26.9479
-26.9479
-26.9479
-26.9479
-26.9479
-26.9479
-26.9479
-26.9479
-26.9479
-26.9479
-26.9479
-26.9479
-26.9478
-31.8472
-31.8473
-31.8473
-31.8472
-31.8473
-31.8473
-31.8473
-31.8473
-31.8473
-31.8473
-31.8473
-31.8473
-31.8473
-31.8473
-31.8472
-31.8472
-31.8472
-31.8472
-31.8473
-31.8472
-36.7465
-36.7466
-36.7466
-36.7466
-36.7466
-36.7466
-36.7466
-36.7466
-36.7466
-36.7466
-36.7466
-36.7466
-36.7466
-36.7466
-36.7466
-36.7466
-36.7466
-36.7466
-36.7466
-36.7465
-41.6457
-41.6459
-41.6459
-41.6459
-41.6459
-41.6459
-41.6459
-41.6459
-41.646
-41.646
-41.6459
-41.646
-41.646
-41.646
-41.6459
-41.6459
-41.6459
-41.6459
-41.6459
-41.6457
-46.5447
-46.545
-46.545
-46.545
-46.5449
-46.5448
-46.5447
-46.5446
-46.5445
-46.5444
-46.5445
-46.5446
-46.5447
-46.5448
-46.5449
-46.545
-46.545
-46.5451
-46.545
-46.5448
-2.45021
-2.45021
-2.45021
-2.45021
-2.45021
-2.45021
-2.45022
-2.45024
-2.45027
-2.4503
-2.45032
-2.4503
-2.45028
-2.45027
-2.45028
-2.45029
-2.4503
-2.4503
-2.45031
-2.45031
-7.35
-7.35
-7.35
-7.34999
-7.34999
-7.34999
-7.34999
-7.35
-7.35001
-7.35003
-7.35004
-7.35003
-7.35002
-7.35002
-7.35003
-7.35004
-7.35006
-7.35007
-7.35009
-7.35012
-12.2496
-12.2496
-12.2496
-12.2496
-12.2496
-12.2496
-12.2496
-12.2496
-12.2496
-12.2496
-12.2496
-12.2496
-12.2496
-12.2496
-12.2496
-12.2496
-12.2496
-12.2496
-12.2496
-12.2496
-17.1491
-17.1491
-17.1491
-17.1491
-17.149
-17.149
-17.149
-17.149
-17.149
-17.149
-17.149
-17.149
-17.149
-17.149
-17.1491
-17.1491
-17.1491
-17.1491
-17.1491
-17.149
-22.0485
-22.0485
-22.0485
-22.0485
-22.0485
-22.0485
-22.0485
-22.0485
-22.0485
-22.0485
-22.0485
-22.0485
-22.0485
-22.0485
-22.0485
-22.0485
-22.0485
-22.0485
-22.0485
-22.0484
-26.9478
-26.9479
-26.9479
-26.9479
-26.9479
-26.9479
-26.9479
-26.9479
-26.9479
-26.9479
-26.9479
-26.9479
-26.9479
-26.9479
-26.9479
-26.9479
-26.9479
-26.9479
-26.9479
-26.9478
-31.8472
-31.8473
-31.8473
-31.8473
-31.8473
-31.8473
-31.8473
-31.8473
-31.8473
-31.8473
-31.8473
-31.8473
-31.8473
-31.8473
-31.8472
-31.8472
-31.8472
-31.8472
-31.8473
-31.8472
-36.7465
-36.7466
-36.7466
-36.7466
-36.7466
-36.7466
-36.7466
-36.7466
-36.7466
-36.7466
-36.7466
-36.7466
-36.7466
-36.7466
-36.7466
-36.7466
-36.7466
-36.7466
-36.7466
-36.7465
-41.6457
-41.6459
-41.6459
-41.6459
-41.6459
-41.6459
-41.6459
-41.646
-41.6459
-41.6458
-41.6458
-41.646
-41.646
-41.646
-41.6459
-41.6459
-41.6459
-41.6459
-41.6459
-41.6457
-46.5446
-46.5449
-46.545
-46.545
-46.5449
-46.5448
-46.5446
-46.5444
-46.544
-46.5436
-46.5437
-46.5442
-46.5445
-46.5447
-46.5448
-46.5449
-46.545
-46.545
-46.545
-46.5448
-2.45021
-2.45022
-2.45022
-2.45022
-2.45022
-2.45022
-2.45024
-2.45027
-2.45032
-2.45044
-2.45044
-2.45035
-2.4503
-2.45029
-2.45029
-2.45029
-2.4503
-2.45031
-2.45032
-2.45031
-7.35001
-7.35001
-7.35
-7.35
-7.34999
-7.34999
-7.35
-7.35001
-7.35004
-7.35009
-7.35009
-7.35005
-7.35003
-7.35003
-7.35004
-7.35005
-7.35006
-7.35008
-7.3501
-7.35011
-12.2496
-12.2496
-12.2496
-12.2496
-12.2496
-12.2496
-12.2496
-12.2496
-12.2496
-12.2496
-12.2496
-12.2496
-12.2496
-12.2496
-12.2496
-12.2496
-12.2496
-12.2496
-12.2496
-12.2496
-17.1491
-17.1491
-17.1491
-17.149
-17.149
-17.149
-17.149
-17.149
-17.1491
-17.1491
-17.1491
-17.1491
-17.149
-17.149
-17.1491
-17.1491
-17.1491
-17.1491
-17.1491
-17.149
-22.0485
-22.0485
-22.0485
-22.0485
-22.0485
-22.0485
-22.0485
-22.0485
-22.0485
-22.0485
-22.0485
-22.0485
-22.0485
-22.0485
-22.0485
-22.0485
-22.0485
-22.0485
-22.0485
-22.0484
-26.9478
-26.9479
-26.9479
-26.9479
-26.9479
-26.9479
-26.9479
-26.9479
-26.9479
-26.9479
-26.9479
-26.9479
-26.9479
-26.9479
-26.9479
-26.9479
-26.9479
-26.9479
-26.9479
-26.9478
-31.8472
-31.8473
-31.8473
-31.8473
-31.8473
-31.8473
-31.8473
-31.8473
-31.8473
-31.8473
-31.8473
-31.8473
-31.8472
-31.8472
-31.8472
-31.8472
-31.8472
-31.8472
-31.8473
-31.8472
-36.7465
-36.7466
-36.7466
-36.7466
-36.7466
-36.7466
-36.7466
-36.7466
-36.7466
-36.7466
-36.7466
-36.7466
-36.7466
-36.7466
-36.7466
-36.7465
-36.7465
-36.7465
-36.7466
-36.7465
-41.6457
-41.6459
-41.6459
-41.6459
-41.6459
-41.646
-41.646
-41.6459
-41.6457
-41.6453
-41.6453
-41.6458
-41.6459
-41.646
-41.6459
-41.6459
-41.6459
-41.6459
-41.6459
-41.6457
-46.5446
-46.5449
-46.545
-46.5449
-46.5448
-46.5447
-46.5445
-46.544
-46.543
-46.5415
-46.5418
-46.5434
-46.5443
-46.5446
-46.5448
-46.5449
-46.545
-46.545
-46.545
-46.5448
-2.45021
-2.45022
-2.45022
-2.45023
-2.45023
-2.45024
-2.45026
-2.4503
-2.45044
-2.45102
-2.45105
-2.45046
-2.45034
-2.4503
-2.4503
-2.4503
-2.45031
-2.45032
-2.45031
-2.45031
-7.35001
-7.35001
-7.35001
-7.35
-7.35
-7.35
-7.35001
-7.35003
-7.35009
-7.34989
-7.34989
-7.3501
-7.35005
-7.35005
-7.35005
-7.35006
-7.35007
-7.35008
-7.3501
-7.3501
-12.2496
-12.2496
-12.2496
-12.2496
-12.2496
-12.2496
-12.2496
-12.2496
-12.2496
-12.2494
-12.2495
-12.2496
-12.2496
-12.2496
-12.2496
-12.2496
-12.2496
-12.2496
-12.2496
-12.2496
-17.1491
-17.1491
-17.1491
-17.149
-17.149
-17.149
-17.149
-17.149
-17.1491
-17.1489
-17.1489
-17.1491
-17.1491
-17.1491
-17.1491
-17.1491
-17.1491
-17.1491
-17.1491
-17.149
-22.0485
-22.0485
-22.0485
-22.0485
-22.0485
-22.0485
-22.0485
-22.0485
-22.0485
-22.0483
-22.0483
-22.0485
-22.0485
-22.0485
-22.0485
-22.0485
-22.0485
-22.0485
-22.0485
-22.0484
-26.9478
-26.9479
-26.9479
-26.9479
-26.9479
-26.9479
-26.9479
-26.9479
-26.9479
-26.9477
-26.9477
-26.9479
-26.9479
-26.9479
-26.9479
-26.9479
-26.9479
-26.9479
-26.9479
-26.9478
-31.8472
-31.8473
-31.8473
-31.8473
-31.8473
-31.8473
-31.8473
-31.8473
-31.8473
-31.847
-31.8471
-31.8473
-31.8472
-31.8472
-31.8472
-31.8472
-31.8472
-31.8472
-31.8473
-31.8472
-36.7465
-36.7466
-36.7466
-36.7466
-36.7466
-36.7466
-36.7466
-36.7466
-36.7466
-36.746
-36.7461
-36.7467
-36.7466
-36.7466
-36.7466
-36.7465
-36.7465
-36.7465
-36.7466
-36.7465
-41.6457
-41.646
-41.6459
-41.6459
-41.646
-41.646
-41.646
-41.6458
-41.6453
-41.6438
-41.6441
-41.6457
-41.6459
-41.6459
-41.6459
-41.6459
-41.6459
-41.6459
-41.6459
-41.6457
-46.5446
-46.5449
-46.545
-46.545
-46.5449
-46.5447
-46.5444
-46.5436
-46.5415
-46.5382
-46.5391
-46.5424
-46.5441
-46.5446
-46.5448
-46.5449
-46.545
-46.545
-46.545
-46.5448
-2.45022
-2.45022
-2.45023
-2.45023
-2.45024
-2.45025
-2.45027
-2.45032
-2.45044
-2.45105
-2.45104
-2.45047
-2.45036
-2.45033
-2.45032
-2.45032
-2.45032
-2.45033
-2.45033
-2.45032
-7.35001
-7.35002
-7.35001
-7.35
-7.35
-7.35
-7.35002
-7.35004
-7.35009
-7.34989
-7.34983
-7.35008
-7.35005
-7.35005
-7.35005
-7.35006
-7.35007
-7.35009
-7.35011
-7.35011
-12.2496
-12.2496
-12.2496
-12.2496
-12.2496
-12.2496
-12.2496
-12.2496
-12.2496
-12.2495
-12.2494
-12.2496
-12.2496
-12.2496
-12.2496
-12.2496
-12.2496
-12.2496
-12.2496
-12.2496
-17.1491
-17.1491
-17.1491
-17.1491
-17.149
-17.149
-17.149
-17.149
-17.1491
-17.1489
-17.1489
-17.1491
-17.1491
-17.1491
-17.1491
-17.1491
-17.1491
-17.1491
-17.1491
-17.149
-22.0485
-22.0485
-22.0485
-22.0485
-22.0485
-22.0485
-22.0485
-22.0485
-22.0485
-22.0483
-22.0483
-22.0485
-22.0485
-22.0485
-22.0485
-22.0485
-22.0485
-22.0485
-22.0485
-22.0484
-26.9478
-26.9479
-26.9479
-26.9479
-26.9479
-26.9479
-26.9479
-26.9479
-26.9479
-26.9477
-26.9477
-26.9479
-26.9479
-26.9479
-26.9478
-26.9478
-26.9478
-26.9479
-26.9479
-26.9478
-31.8472
-31.8473
-31.8473
-31.8473
-31.8473
-31.8473
-31.8473
-31.8473
-31.8473
-31.8471
-31.8471
-31.8473
-31.8472
-31.8472
-31.8472
-31.8472
-31.8472
-31.8472
-31.8473
-31.8472
-36.7465
-36.7466
-36.7466
-36.7466
-36.7466
-36.7466
-36.7466
-36.7466
-36.7466
-36.7461
-36.7462
-36.7467
-36.7466
-36.7466
-36.7465
-36.7465
-36.7465
-36.7465
-36.7466
-36.7465
-41.6457
-41.646
-41.6459
-41.6459
-41.6459
-41.646
-41.6459
-41.6458
-41.6453
-41.6441
-41.6447
-41.6458
-41.6459
-41.6459
-41.6459
-41.6459
-41.6459
-41.6459
-41.6459
-41.6457
-46.5447
-46.545
-46.545
-46.545
-46.5449
-46.5448
-46.5445
-46.5437
-46.5418
-46.5391
-46.5406
-46.5431
-46.5443
-46.5447
-46.5448
-46.5449
-46.545
-46.545
-46.545
-46.5448
-2.45022
-2.45023
-2.45023
-2.45024
-2.45024
-2.45025
-2.45027
-2.4503
-2.45035
-2.45046
-2.45047
-2.45039
-2.45037
-2.45036
-2.45037
-2.45037
-2.45037
-2.45036
-2.45034
-2.45033
-7.35002
-7.35002
-7.35001
-7.35
-7.35
-7.35
-7.35001
-7.35003
-7.35005
-7.3501
-7.35008
-7.35006
-7.35004
-7.35004
-7.35005
-7.35005
-7.35006
-7.35008
-7.3501
-7.35011
-12.2496
-12.2496
-12.2496
-12.2496
-12.2496
-12.2496
-12.2496
-12.2496
-12.2496
-12.2496
-12.2496
-12.2496
-12.2496
-12.2496
-12.2496
-12.2496
-12.2496
-12.2496
-12.2496
-12.2496
-17.1491
-17.1491
-17.1491
-17.1491
-17.1491
-17.1491
-17.149
-17.149
-17.1491
-17.1491
-17.1491
-17.1491
-17.1491
-17.1491
-17.1491
-17.1491
-17.1491
-17.1491
-17.1491
-17.149
-22.0485
-22.0485
-22.0485
-22.0485
-22.0485
-22.0485
-22.0485
-22.0485
-22.0485
-22.0485
-22.0485
-22.0485
-22.0485
-22.0485
-22.0485
-22.0485
-22.0485
-22.0485
-22.0485
-22.0484
-26.9478
-26.9479
-26.9479
-26.9479
-26.9479
-26.9479
-26.9479
-26.9479
-26.9479
-26.9479
-26.9479
-26.9479
-26.9479
-26.9478
-26.9478
-26.9478
-26.9478
-26.9478
-26.9479
-26.9478
-31.8472
-31.8473
-31.8473
-31.8473
-31.8473
-31.8473
-31.8473
-31.8473
-31.8473
-31.8473
-31.8473
-31.8473
-31.8472
-31.8472
-31.8472
-31.8472
-31.8472
-31.8472
-31.8472
-31.8472
-36.7465
-36.7466
-36.7466
-36.7466
-36.7466
-36.7466
-36.7466
-36.7466
-36.7466
-36.7467
-36.7467
-36.7466
-36.7466
-36.7465
-36.7465
-36.7465
-36.7465
-36.7465
-36.7466
-36.7465
-41.6457
-41.6459
-41.6459
-41.6459
-41.6459
-41.646
-41.646
-41.646
-41.6458
-41.6457
-41.6458
-41.6459
-41.6459
-41.6459
-41.6459
-41.6459
-41.6459
-41.6459
-41.6459
-41.6457
-46.5447
-46.545
-46.545
-46.545
-46.5449
-46.5448
-46.5446
-46.5442
-46.5434
-46.5424
-46.5431
-46.544
-46.5445
-46.5447
-46.5448
-46.5449
-46.545
-46.545
-46.545
-46.5447
-2.45023
-2.45023
-2.45023
-2.45023
-2.45024
-2.45024
-2.45026
-2.45028
-2.4503
-2.45034
-2.45036
-2.45037
-2.45039
-2.45042
-2.45044
-2.45046
-2.45046
-2.45045
-2.45042
-2.45042
-7.35002
-7.35002
-7.35002
-7.35002
-7.35001
-7.35001
-7.35001
-7.35002
-7.35003
-7.35005
-7.35005
-7.35004
-7.35004
-7.35006
-7.35008
-7.35009
-7.3501
-7.35011
-7.35011
-7.35012
-12.2496
-12.2496
-12.2496
-12.2496
-12.2496
-12.2496
-12.2496
-12.2496
-12.2496
-12.2496
-12.2496
-12.2496
-12.2496
-12.2496
-12.2496
-12.2496
-12.2496
-12.2496
-12.2496
-12.2496
-17.1491
-17.1491
-17.1491
-17.1491
-17.1491
-17.1491
-17.1491
-17.149
-17.149
-17.1491
-17.1491
-17.1491
-17.149
-17.149
-17.149
-17.149
-17.1491
-17.1491
-17.1491
-17.149
-22.0485
-22.0485
-22.0485
-22.0485
-22.0485
-22.0485
-22.0485
-22.0485
-22.0485
-22.0485
-22.0485
-22.0485
-22.0485
-22.0485
-22.0485
-22.0485
-22.0485
-22.0485
-22.0485
-22.0484
-26.9478
-26.9479
-26.9479
-26.9479
-26.9479
-26.9479
-26.9479
-26.9479
-26.9479
-26.9479
-26.9479
-26.9479
-26.9478
-26.9478
-26.9478
-26.9478
-26.9478
-26.9478
-26.9479
-26.9478
-31.8472
-31.8473
-31.8473
-31.8473
-31.8473
-31.8473
-31.8473
-31.8473
-31.8472
-31.8472
-31.8472
-31.8472
-31.8472
-31.8472
-31.8472
-31.8472
-31.8472
-31.8472
-31.8472
-31.8472
-36.7465
-36.7466
-36.7466
-36.7466
-36.7466
-36.7466
-36.7466
-36.7466
-36.7466
-36.7466
-36.7466
-36.7466
-36.7465
-36.7465
-36.7465
-36.7465
-36.7465
-36.7465
-36.7465
-36.7465
-41.6457
-41.6459
-41.6459
-41.6459
-41.6459
-41.646
-41.646
-41.646
-41.6459
-41.6459
-41.6459
-41.6459
-41.6459
-41.6459
-41.6459
-41.6459
-41.6459
-41.6459
-41.6459
-41.6457
-46.5447
-46.545
-46.545
-46.545
-46.5449
-46.5448
-46.5447
-46.5445
-46.5443
-46.5441
-46.5443
-46.5445
-46.5446
-46.5447
-46.5448
-46.5449
-46.545
-46.545
-46.545
-46.5447
-2.45021
-2.45022
-2.45023
-2.45024
-2.45024
-2.45025
-2.45026
-2.45027
-2.45029
-2.4503
-2.45033
-2.45036
-2.45042
-2.45047
-2.45052
-2.45056
-2.45058
-2.45057
-2.45056
-2.45058
-7.35002
-7.35002
-7.35
-7.34999
-7.34999
-7.35001
-7.35001
-7.35002
-7.35003
-7.35005
-7.35005
-7.35004
-7.35006
-7.35009
-7.35013
-7.35016
-7.35018
-7.35019
-7.35019
-7.35019
-12.2496
-12.2496
-12.2496
-12.2496
-12.2496
-12.2496
-12.2496
-12.2496
-12.2496
-12.2496
-12.2496
-12.2496
-12.2496
-12.2496
-12.2496
-12.2496
-12.2496
-12.2496
-12.2496
-12.2496
-17.1491
-17.1491
-17.1491
-17.1491
-17.1491
-17.1491
-17.1491
-17.149
-17.149
-17.1491
-17.1491
-17.1491
-17.149
-17.149
-17.149
-17.1491
-17.1491
-17.1491
-17.1491
-17.149
-22.0484
-22.0485
-22.0485
-22.0485
-22.0485
-22.0485
-22.0485
-22.0485
-22.0485
-22.0485
-22.0485
-22.0485
-22.0485
-22.0484
-22.0484
-22.0484
-22.0485
-22.0485
-22.0485
-22.0484
-26.9478
-26.9479
-26.9479
-26.9479
-26.9479
-26.9479
-26.9479
-26.9479
-26.9479
-26.9479
-26.9479
-26.9478
-26.9478
-26.9478
-26.9478
-26.9478
-26.9478
-26.9478
-26.9479
-26.9478
-31.8472
-31.8473
-31.8473
-31.8473
-31.8473
-31.8473
-31.8473
-31.8473
-31.8472
-31.8472
-31.8472
-31.8472
-31.8472
-31.8472
-31.8472
-31.8472
-31.8472
-31.8472
-31.8472
-31.8472
-36.7465
-36.7466
-36.7466
-36.7466
-36.7466
-36.7466
-36.7466
-36.7466
-36.7466
-36.7466
-36.7466
-36.7465
-36.7465
-36.7465
-36.7465
-36.7465
-36.7465
-36.7465
-36.7465
-36.7464
-41.6457
-41.6459
-41.6459
-41.6459
-41.6459
-41.6459
-41.646
-41.646
-41.646
-41.6459
-41.6459
-41.6459
-41.6459
-41.6459
-41.6459
-41.6458
-41.6458
-41.6459
-41.6459
-41.6457
-46.5447
-46.545
-46.545
-46.545
-46.545
-46.5449
-46.5448
-46.5447
-46.5446
-46.5446
-46.5447
-46.5447
-46.5447
-46.5448
-46.5449
-46.545
-46.545
-46.5451
-46.545
-46.5448
-2.45027
-2.45028
-2.4503
-2.4503
-2.45028
-2.45025
-2.45027
-2.45028
-2.45029
-2.4503
-2.45032
-2.45037
-2.45044
-2.45052
-2.45059
-2.45063
-2.45065
-2.45065
-2.45063
-2.45066
-7.35001
-7.35
-7.34999
-7.34999
-7.34998
-7.35001
-7.35003
-7.35003
-7.35004
-7.35005
-7.35005
-7.35005
-7.35008
-7.35013
-7.35018
-7.35021
-7.35023
-7.35024
-7.35023
-7.35023
-12.2496
-12.2496
-12.2496
-12.2496
-12.2496
-12.2496
-12.2496
-12.2496
-12.2496
-12.2496
-12.2496
-12.2496
-12.2496
-12.2496
-12.2496
-12.2496
-12.2497
-12.2497
-12.2496
-12.2496
-17.149
-17.149
-17.149
-17.149
-17.149
-17.1491
-17.1491
-17.1491
-17.1491
-17.1491
-17.1491
-17.1491
-17.149
-17.149
-17.149
-17.1491
-17.1491
-17.1491
-17.1491
-17.149
-22.0484
-22.0485
-22.0485
-22.0485
-22.0485
-22.0485
-22.0485
-22.0485
-22.0485
-22.0485
-22.0485
-22.0485
-22.0485
-22.0484
-22.0484
-22.0484
-22.0485
-22.0485
-22.0485
-22.0484
-26.9478
-26.9479
-26.9479
-26.9479
-26.9479
-26.9479
-26.9479
-26.9479
-26.9479
-26.9479
-26.9478
-26.9478
-26.9478
-26.9478
-26.9478
-26.9478
-26.9478
-26.9478
-26.9479
-26.9478
-31.8472
-31.8473
-31.8472
-31.8472
-31.8472
-31.8472
-31.8472
-31.8472
-31.8472
-31.8472
-31.8472
-31.8472
-31.8472
-31.8472
-31.8472
-31.8472
-31.8472
-31.8472
-31.8472
-31.8471
-36.7465
-36.7466
-36.7466
-36.7466
-36.7466
-36.7466
-36.7466
-36.7466
-36.7466
-36.7466
-36.7465
-36.7465
-36.7465
-36.7465
-36.7465
-36.7465
-36.7465
-36.7465
-36.7465
-36.7464
-41.6457
-41.6459
-41.6459
-41.6459
-41.6459
-41.6459
-41.6459
-41.6459
-41.6459
-41.6459
-41.6459
-41.6459
-41.6459
-41.6459
-41.6458
-41.6458
-41.6458
-41.6459
-41.6459
-41.6456
-46.5448
-46.545
-46.5451
-46.5451
-46.545
-46.545
-46.5449
-46.5448
-46.5448
-46.5448
-46.5448
-46.5448
-46.5448
-46.5449
-46.545
-46.545
-46.5451
-46.5451
-46.5451
-46.5448
-2.45042
-2.45042
-2.45042
-2.45039
-2.45035
-2.45029
-2.45028
-2.45029
-2.45029
-2.4503
-2.45032
-2.45037
-2.45046
-2.45056
-2.45063
-2.45067
-2.45067
-2.45064
-2.4506
-2.45061
-7.35009
-7.35008
-7.35007
-7.35005
-7.35001
-7.35001
-7.35004
-7.35004
-7.35005
-7.35006
-7.35006
-7.35005
-7.35009
-7.35016
-7.35021
-7.35024
-7.35024
-7.35022
-7.3502
-7.35019
-12.2496
-12.2496
-12.2496
-12.2496
-12.2496
-12.2496
-12.2496
-12.2496
-12.2496
-12.2496
-12.2496
-12.2496
-12.2496
-12.2496
-12.2496
-12.2497
-12.2497
-12.2496
-12.2496
-12.2496
-17.149
-17.149
-17.149
-17.149
-17.149
-17.1491
-17.1491
-17.1491
-17.1491
-17.1491
-17.1491
-17.1491
-17.149
-17.1491
-17.1491
-17.1491
-17.1491
-17.1491
-17.149
-17.149
-22.0484
-22.0485
-22.0485
-22.0485
-22.0485
-22.0485
-22.0485
-22.0485
-22.0485
-22.0485
-22.0485
-22.0485
-22.0485
-22.0484
-22.0484
-22.0484
-22.0484
-22.0484
-22.0484
-22.0484
-26.9478
-26.9479
-26.9479
-26.9479
-26.9479
-26.9479
-26.9479
-26.9479
-26.9479
-26.9479
-26.9478
-26.9478
-26.9478
-26.9478
-26.9478
-26.9478
-26.9478
-26.9478
-26.9478
-26.9478
-31.8472
-31.8472
-31.8472
-31.8472
-31.8472
-31.8472
-31.8472
-31.8472
-31.8472
-31.8472
-31.8472
-31.8472
-31.8472
-31.8472
-31.8472
-31.8472
-31.8472
-31.8472
-31.8472
-31.8471
-36.7465
-36.7466
-36.7466
-36.7466
-36.7466
-36.7466
-36.7466
-36.7466
-36.7465
-36.7465
-36.7465
-36.7465
-36.7465
-36.7465
-36.7465
-36.7465
-36.7465
-36.7465
-36.7465
-36.7464
-41.6457
-41.6459
-41.6459
-41.6459
-41.6459
-41.6459
-41.6459
-41.6459
-41.6459
-41.6459
-41.6459
-41.6459
-41.6459
-41.6458
-41.6458
-41.6458
-41.6459
-41.6459
-41.6458
-41.6456
-46.5448
-46.5451
-46.5451
-46.5451
-46.5451
-46.545
-46.545
-46.5449
-46.5449
-46.5449
-46.5449
-46.5449
-46.5449
-46.545
-46.545
-46.5451
-46.5451
-46.5451
-46.5451
-46.5449
-2.45051
-2.45049
-2.45049
-2.45048
-2.45042
-2.45034
-2.45028
-2.4503
-2.4503
-2.45031
-2.45032
-2.45037
-2.45046
-2.45058
-2.45065
-2.45067
-2.45063
-2.45054
-2.45044
-2.45041
-7.35018
-7.35015
-7.35014
-7.35011
-7.35007
-7.35003
-7.35005
-7.35006
-7.35006
-7.35007
-7.35007
-7.35006
-7.3501
-7.35018
-7.35023
-7.35024
-7.35021
-7.35016
-7.3501
-7.35007
-12.2496
-12.2496
-12.2496
-12.2496
-12.2496
-12.2496
-12.2496
-12.2496
-12.2496
-12.2496
-12.2496
-12.2496
-12.2496
-12.2496
-12.2497
-12.2497
-12.2496
-12.2496
-12.2496
-12.2495
-17.149
-17.149
-17.149
-17.149
-17.149
-17.149
-17.1491
-17.1491
-17.1491
-17.1491
-17.1491
-17.1491
-17.1491
-17.1491
-17.1491
-17.1491
-17.149
-17.149
-17.149
-17.149
-22.0484
-22.0484
-22.0485
-22.0485
-22.0485
-22.0485
-22.0485
-22.0485
-22.0485
-22.0485
-22.0485
-22.0485
-22.0485
-22.0485
-22.0485
-22.0484
-22.0484
-22.0484
-22.0484
-22.0484
-26.9478
-26.9478
-26.9478
-26.9479
-26.9479
-26.9479
-26.9479
-26.9479
-26.9479
-26.9479
-26.9478
-26.9478
-26.9478
-26.9478
-26.9478
-26.9478
-26.9478
-26.9478
-26.9478
-26.9477
-31.8471
-31.8472
-31.8472
-31.8472
-31.8472
-31.8472
-31.8472
-31.8472
-31.8472
-31.8472
-31.8472
-31.8472
-31.8472
-31.8472
-31.8472
-31.8472
-31.8472
-31.8472
-31.8472
-31.8471
-36.7464
-36.7466
-36.7466
-36.7466
-36.7466
-36.7466
-36.7466
-36.7466
-36.7465
-36.7465
-36.7465
-36.7465
-36.7465
-36.7465
-36.7465
-36.7465
-36.7465
-36.7465
-36.7465
-36.7464
-41.6456
-41.6458
-41.6459
-41.6459
-41.6459
-41.6459
-41.6459
-41.6459
-41.6459
-41.6459
-41.6459
-41.6459
-41.6459
-41.6458
-41.6458
-41.6459
-41.6459
-41.6458
-41.6458
-41.6456
-46.5449
-46.5451
-46.5451
-46.5451
-46.5451
-46.5451
-46.545
-46.545
-46.545
-46.545
-46.545
-46.545
-46.545
-46.545
-46.5451
-46.5451
-46.5451
-46.5451
-46.5451
-46.5449
-2.45039
-2.45039
-2.45044
-2.45048
-2.45047
-2.4504
-2.45033
-2.4503
-2.45031
-2.45032
-2.45033
-2.45036
-2.45045
-2.45057
-2.45065
-2.45064
-2.45054
-2.45037
-2.45018
-2.45009
-7.35009
-7.35008
-7.35009
-7.35011
-7.3501
-7.35007
-7.35005
-7.35007
-7.35008
-7.35008
-7.35009
-7.35008
-7.35011
-7.35019
-7.35024
-7.35022
-7.35016
-7.35005
-7.34994
-7.34987
-12.2496
-12.2496
-12.2496
-12.2496
-12.2496
-12.2496
-12.2496
-12.2496
-12.2496
-12.2496
-12.2496
-12.2496
-12.2496
-12.2496
-12.2497
-12.2496
-12.2496
-12.2495
-12.2495
-12.2494
-17.149
-17.149
-17.149
-17.149
-17.149
-17.149
-17.1491
-17.1491
-17.1491
-17.1491
-17.1491
-17.1491
-17.1491
-17.1491
-17.1491
-17.1491
-17.149
-17.149
-17.1489
-17.1489
-22.0483
-22.0484
-22.0484
-22.0484
-22.0485
-22.0485
-22.0485
-22.0485
-22.0485
-22.0485
-22.0485
-22.0485
-22.0485
-22.0485
-22.0485
-22.0484
-22.0484
-22.0484
-22.0484
-22.0483
-26.9477
-26.9478
-26.9478
-26.9478
-26.9479
-26.9479
-26.9479
-26.9479
-26.9479
-26.9479
-26.9479
-26.9478
-26.9478
-26.9478
-26.9478
-26.9478
-26.9478
-26.9478
-26.9478
-26.9477
-31.8471
-31.8472
-31.8472
-31.8472
-31.8472
-31.8472
-31.8472
-31.8472
-31.8472
-31.8472
-31.8472
-31.8472
-31.8472
-31.8472
-31.8472
-31.8472
-31.8472
-31.8471
-31.8471
-31.847
-36.7463
-36.7465
-36.7465
-36.7466
-36.7466
-36.7466
-36.7466
-36.7466
-36.7465
-36.7465
-36.7465
-36.7465
-36.7465
-36.7465
-36.7465
-36.7465
-36.7465
-36.7465
-36.7464
-36.7463
-41.6456
-41.6458
-41.6459
-41.6459
-41.6459
-41.6459
-41.6459
-41.6459
-41.6459
-41.6459
-41.6459
-41.6459
-41.6459
-41.6459
-41.6459
-41.6459
-41.6458
-41.6458
-41.6457
-41.6455
-46.5449
-46.5451
-46.5451
-46.5451
-46.5451
-46.5451
-46.5451
-46.545
-46.545
-46.545
-46.545
-46.545
-46.545
-46.5451
-46.5451
-46.5451
-46.5451
-46.5451
-46.545
-46.5449
-2.45005
-2.4501
-2.45024
-2.4504
-2.45047
-2.45044
-2.45036
-2.45031
-2.45032
-2.45031
-2.45033
-2.45034
-2.45042
-2.45056
-2.45063
-2.4506
-2.45044
-2.45018
-2.44988
-2.44971
-7.34988
-7.3499
-7.34997
-7.35006
-7.35011
-7.3501
-7.35007
-7.35009
-7.3501
-7.3501
-7.35011
-7.3501
-7.35011
-7.35019
-7.35023
-7.3502
-7.3501
-7.34994
-7.34975
-7.34964
-12.2494
-12.2495
-12.2495
-12.2495
-12.2496
-12.2496
-12.2496
-12.2496
-12.2496
-12.2496
-12.2496
-12.2496
-12.2496
-12.2496
-12.2496
-12.2496
-12.2496
-12.2495
-12.2494
-12.2493
-17.1489
-17.1489
-17.149
-17.149
-17.149
-17.149
-17.149
-17.1491
-17.1491
-17.1491
-17.1491
-17.1491
-17.1491
-17.1491
-17.1491
-17.149
-17.149
-17.1489
-17.1489
-17.1488
-22.0483
-22.0484
-22.0484
-22.0484
-22.0484
-22.0485
-22.0485
-22.0485
-22.0485
-22.0485
-22.0485
-22.0485
-22.0485
-22.0485
-22.0485
-22.0484
-22.0484
-22.0484
-22.0483
-22.0483
-26.9477
-26.9477
-26.9478
-26.9478
-26.9479
-26.9479
-26.9479
-26.9479
-26.9479
-26.9479
-26.9479
-26.9479
-26.9479
-26.9479
-26.9479
-26.9478
-26.9478
-26.9478
-26.9477
-26.9476
-31.847
-31.8471
-31.8472
-31.8472
-31.8472
-31.8473
-31.8473
-31.8473
-31.8473
-31.8473
-31.8473
-31.8472
-31.8472
-31.8472
-31.8472
-31.8472
-31.8472
-31.8471
-31.8471
-31.847
-36.7463
-36.7464
-36.7465
-36.7466
-36.7466
-36.7466
-36.7466
-36.7466
-36.7466
-36.7466
-36.7466
-36.7466
-36.7465
-36.7465
-36.7465
-36.7465
-36.7465
-36.7464
-36.7464
-36.7462
-41.6455
-41.6457
-41.6458
-41.6458
-41.6459
-41.6459
-41.6459
-41.6459
-41.6459
-41.6459
-41.6459
-41.6459
-41.6459
-41.6459
-41.6459
-41.6458
-41.6458
-41.6457
-41.6456
-41.6454
-46.5448
-46.545
-46.5451
-46.5451
-46.5451
-46.5451
-46.545
-46.545
-46.545
-46.545
-46.545
-46.545
-46.545
-46.545
-46.5451
-46.5451
-46.5451
-46.545
-46.545
-46.5448
-2.44973
-2.44985
-2.4501
-2.45035
-2.45049
-2.45047
-2.45037
-2.45031
-2.45031
-2.45031
-2.45032
-2.45033
-2.45042
-2.45058
-2.45066
-2.45061
-2.45041
-2.45009
-2.44971
-2.44945
-7.34966
-7.34973
-7.34987
-7.35002
-7.35011
-7.35013
-7.35009
-7.35012
-7.35011
-7.3501
-7.35011
-7.35011
-7.35012
-7.35019
-7.35023
-7.35019
-7.35007
-7.34987
-7.34964
-7.34947
-12.2493
-12.2494
-12.2494
-12.2495
-12.2496
-12.2496
-12.2496
-12.2496
-12.2496
-12.2496
-12.2496
-12.2496
-12.2496
-12.2496
-12.2496
-12.2496
-12.2495
-12.2494
-12.2493
-12.2492
-17.1488
-17.1489
-17.1489
-17.149
-17.149
-17.149
-17.149
-17.149
-17.149
-17.149
-17.149
-17.149
-17.149
-17.149
-17.149
-17.149
-17.149
-17.1489
-17.1488
-17.1487
-22.0482
-22.0483
-22.0483
-22.0484
-22.0484
-22.0484
-22.0484
-22.0484
-22.0484
-22.0484
-22.0484
-22.0484
-22.0484
-22.0484
-22.0484
-22.0484
-22.0484
-22.0483
-22.0483
-22.0482
-26.9476
-26.9477
-26.9477
-26.9478
-26.9478
-26.9478
-26.9478
-26.9478
-26.9478
-26.9478
-26.9478
-26.9478
-26.9478
-26.9478
-26.9478
-26.9478
-26.9477
-26.9477
-26.9476
-26.9476
-31.8469
-31.847
-31.8471
-31.8471
-31.8471
-31.8472
-31.8472
-31.8472
-31.8472
-31.8472
-31.8472
-31.8472
-31.8472
-31.8472
-31.8471
-31.8471
-31.8471
-31.847
-31.847
-31.8469
-36.7461
-36.7463
-36.7463
-36.7464
-36.7465
-36.7465
-36.7465
-36.7465
-36.7465
-36.7465
-36.7465
-36.7465
-36.7465
-36.7464
-36.7464
-36.7464
-36.7464
-36.7463
-36.7462
-36.7461
-41.6453
-41.6455
-41.6456
-41.6456
-41.6457
-41.6457
-41.6457
-41.6457
-41.6457
-41.6457
-41.6457
-41.6457
-41.6457
-41.6457
-41.6456
-41.6456
-41.6456
-41.6455
-41.6454
-41.6453
-46.5447
-46.5448
-46.5449
-46.5449
-46.5449
-46.5448
-46.5448
-46.5448
-46.5448
-46.5448
-46.5448
-46.5447
-46.5447
-46.5448
-46.5448
-46.5449
-46.5449
-46.5449
-46.5448
-46.5447
)
;

boundaryField
{
    floor
    {
        type            calculated;
        value           nonuniform List<scalar> 
400
(
-5.4127e-06
-0.000259841
-0.000566731
-0.000677462
-0.000561206
-0.000296812
-0.000212396
-0.000219635
-0.000224937
-0.000227831
-0.000233359
-0.000234622
-0.000242664
-0.000218119
-0.000432109
-0.000652214
-0.000765417
-0.00065735
-0.000315288
1.20593e-05
-0.000259841
-0.00039264
-0.0005879
-0.000638562
-0.000526374
-0.000312359
-0.000222182
-0.000228828
-0.000230366
-0.000230367
-0.000236648
-0.000243506
-0.000262945
-0.000259245
-0.000461602
-0.000644452
-0.00074016
-0.000652698
-0.000361705
-0.000107564
-0.000566731
-0.0005879
-0.000639205
-0.000611244
-0.00048378
-0.000278568
-0.000235864
-0.000235006
-0.000237719
-0.000240361
-0.000254907
-0.000273605
-0.000270751
-0.000300595
-0.000479746
-0.000640928
-0.000736235
-0.000696212
-0.000505696
-0.00036164
-0.000677462
-0.000638562
-0.000611244
-0.000537518
-0.00041097
-0.00023081
-0.000250388
-0.000238545
-0.000246278
-0.000258814
-0.000284969
-0.000297656
-0.000263818
-0.000321896
-0.000469982
-0.000608678
-0.000711603
-0.000731139
-0.000659453
-0.000617257
-0.000561206
-0.000526374
-0.00048378
-0.00041097
-0.00030932
-0.000215404
-0.000255165
-0.000243815
-0.000250147
-0.000271732
-0.000301226
-0.00030496
-0.000268989
-0.00031311
-0.000420395
-0.000537168
-0.000641664
-0.000710034
-0.000724975
-0.000752225
-0.000296812
-0.000312359
-0.000278568
-0.00023081
-0.000215404
-0.000230257
-0.000248752
-0.000247528
-0.000254522
-0.000278647
-0.00031571
-0.000322018
-0.000297578
-0.000292317
-0.000301506
-0.000412835
-0.000518449
-0.000617504
-0.000671971
-0.000715001
-0.000212396
-0.000222182
-0.000235864
-0.000250388
-0.000255165
-0.000248752
-0.000251004
-0.000255615
-0.000269967
-0.00029637
-0.000337821
-0.000342521
-0.000326011
-0.000318321
-0.000324798
-0.000313538
-0.000322474
-0.000470243
-0.000525228
-0.000514572
-0.000219635
-0.000228828
-0.000235006
-0.000238545
-0.000243815
-0.000247528
-0.000255615
-0.000272695
-0.0003035
-0.000349452
-0.000390233
-0.000368862
-0.00034392
-0.000331584
-0.000332099
-0.000338626
-0.000340335
-0.000344603
-0.000351052
-0.000314676
-0.000224937
-0.000230366
-0.000237719
-0.000246278
-0.000250147
-0.000254522
-0.000269967
-0.0003035
-0.00036649
-0.000514079
-0.000543246
-0.000410019
-0.000360523
-0.000339164
-0.000336049
-0.00034173
-0.000345401
-0.000347325
-0.000348704
-0.000334265
-0.000227831
-0.000230367
-0.000240361
-0.000258814
-0.000271732
-0.000278647
-0.00029637
-0.000349452
-0.000514079
-0.0034186
-0.00349922
-0.000557795
-0.0003878
-0.000341716
-0.000333215
-0.000339038
-0.000345657
-0.000352918
-0.000346696
-0.000327051
-0.000233359
-0.000236648
-0.000254907
-0.000284969
-0.000301226
-0.00031571
-0.000337821
-0.000390233
-0.000543246
-0.00349922
-0.00343124
-0.000604933
-0.000441361
-0.000405613
-0.000397203
-0.000394294
-0.000388586
-0.000372125
-0.000353055
-0.00034962
-0.000234622
-0.000243506
-0.000273605
-0.000297656
-0.00030496
-0.000322018
-0.000342521
-0.000368862
-0.000410019
-0.000557795
-0.000604933
-0.000501696
-0.000488419
-0.00049538
-0.000507682
-0.000516571
-0.000515959
-0.00049788
-0.000453307
-0.000382906
-0.000242664
-0.000262945
-0.000270751
-0.000263818
-0.000268989
-0.000297578
-0.000326011
-0.00034392
-0.000360523
-0.0003878
-0.000441361
-0.000488419
-0.000535493
-0.000580234
-0.000618547
-0.000645956
-0.00065903
-0.000652712
-0.000626753
-0.000616717
-0.000218119
-0.000259245
-0.000300595
-0.000321896
-0.00031311
-0.000292317
-0.000318321
-0.000331584
-0.000339164
-0.000341716
-0.000405613
-0.00049538
-0.000580234
-0.000657341
-0.000721075
-0.000766967
-0.000793583
-0.000799589
-0.000791833
-0.000816473
-0.000432109
-0.000461602
-0.000479746
-0.000469982
-0.000420395
-0.000301506
-0.000324798
-0.000332099
-0.000336049
-0.000333215
-0.000397203
-0.000507682
-0.000618547
-0.000721075
-0.000803465
-0.000858022
-0.000885138
-0.000887532
-0.000882176
-0.000916187
-0.000652214
-0.000644452
-0.000640928
-0.000608678
-0.000537168
-0.000412835
-0.000313538
-0.000338626
-0.00034173
-0.000339038
-0.000394294
-0.000516571
-0.000645956
-0.000766967
-0.000858022
-0.00090585
-0.000915337
-0.000891306
-0.000856387
-0.00086898
-0.000765417
-0.00074016
-0.000736235
-0.000711603
-0.000641664
-0.000518449
-0.000322474
-0.000340335
-0.000345401
-0.000345657
-0.000388586
-0.000515959
-0.00065903
-0.000793583
-0.000885138
-0.000915337
-0.000879159
-0.000794949
-0.000699682
-0.000672598
-0.00065735
-0.000652698
-0.000696212
-0.000731139
-0.000710034
-0.000617504
-0.000470243
-0.000344603
-0.000347325
-0.000352918
-0.000372125
-0.00049788
-0.000652712
-0.000799589
-0.000887532
-0.000891306
-0.000794949
-0.000623987
-0.000435704
-0.000348246
-0.000315288
-0.000361705
-0.000505696
-0.000659453
-0.000724975
-0.000671971
-0.000525228
-0.000351052
-0.000348704
-0.000346696
-0.000353055
-0.000453307
-0.000626753
-0.000791833
-0.000882176
-0.000856387
-0.000699682
-0.000435704
-0.000132628
4.33305e-05
1.20593e-05
-0.000107564
-0.00036164
-0.000617257
-0.000752225
-0.000715001
-0.000514572
-0.000314676
-0.000334265
-0.000327051
-0.00034962
-0.000382906
-0.000616717
-0.000816473
-0.000916187
-0.00086898
-0.000672598
-0.000348246
4.33305e-05
0.0003165
)
;
    }
    ceiling
    {
        type            calculated;
        value           nonuniform List<scalar> 
400
(
-48.9944
-48.9945
-48.9945
-48.9945
-48.9945
-48.9944
-48.9944
-48.9943
-48.9943
-48.9943
-48.9944
-48.9944
-48.9944
-48.9944
-48.9945
-48.9946
-48.9946
-48.9946
-48.9946
-48.9945
-48.9945
-48.9947
-48.9947
-48.9947
-48.9947
-48.9947
-48.9946
-48.9946
-48.9946
-48.9946
-48.9946
-48.9946
-48.9946
-48.9947
-48.9947
-48.9948
-48.9948
-48.9948
-48.9947
-48.9946
-48.9945
-48.9947
-48.9948
-48.9948
-48.9947
-48.9947
-48.9946
-48.9946
-48.9946
-48.9946
-48.9946
-48.9946
-48.9947
-48.9947
-48.9947
-48.9948
-48.9948
-48.9948
-48.9948
-48.9946
-48.9945
-48.9947
-48.9948
-48.9948
-48.9947
-48.9946
-48.9946
-48.9945
-48.9945
-48.9945
-48.9946
-48.9946
-48.9946
-48.9947
-48.9947
-48.9948
-48.9948
-48.9949
-48.9948
-48.9946
-48.9945
-48.9947
-48.9947
-48.9947
-48.9946
-48.9946
-48.9945
-48.9944
-48.9944
-48.9944
-48.9944
-48.9944
-48.9945
-48.9946
-48.9946
-48.9947
-48.9948
-48.9948
-48.9948
-48.9946
-48.9944
-48.9947
-48.9947
-48.9946
-48.9946
-48.9945
-48.9944
-48.9943
-48.9942
-48.9942
-48.9942
-48.9943
-48.9944
-48.9945
-48.9946
-48.9946
-48.9947
-48.9948
-48.9948
-48.9946
-48.9944
-48.9946
-48.9946
-48.9946
-48.9945
-48.9944
-48.9942
-48.9941
-48.9939
-48.9938
-48.9939
-48.994
-48.9942
-48.9944
-48.9945
-48.9946
-48.9947
-48.9947
-48.9947
-48.9945
-48.9943
-48.9946
-48.9946
-48.9945
-48.9944
-48.9943
-48.9941
-48.9938
-48.9934
-48.9929
-48.993
-48.9936
-48.994
-48.9942
-48.9944
-48.9945
-48.9946
-48.9947
-48.9947
-48.9945
-48.9943
-48.9946
-48.9946
-48.9945
-48.9944
-48.9942
-48.9939
-48.9934
-48.9922
-48.9907
-48.991
-48.9927
-48.9937
-48.9941
-48.9943
-48.9945
-48.9946
-48.9947
-48.9947
-48.9945
-48.9943
-48.9946
-48.9946
-48.9945
-48.9944
-48.9942
-48.9938
-48.9929
-48.9907
-48.9871
-48.988
-48.9916
-48.9934
-48.994
-48.9943
-48.9945
-48.9946
-48.9947
-48.9947
-48.9945
-48.9944
-48.9946
-48.9946
-48.9946
-48.9944
-48.9942
-48.9939
-48.993
-48.991
-48.988
-48.9897
-48.9924
-48.9937
-48.9941
-48.9943
-48.9945
-48.9946
-48.9947
-48.9947
-48.9945
-48.9944
-48.9946
-48.9946
-48.9946
-48.9944
-48.9943
-48.994
-48.9936
-48.9927
-48.9916
-48.9924
-48.9934
-48.9939
-48.9942
-48.9943
-48.9945
-48.9946
-48.9947
-48.9947
-48.9945
-48.9944
-48.9946
-48.9947
-48.9946
-48.9945
-48.9944
-48.9942
-48.994
-48.9937
-48.9934
-48.9937
-48.9939
-48.9941
-48.9943
-48.9944
-48.9945
-48.9946
-48.9947
-48.9947
-48.9945
-48.9944
-48.9947
-48.9947
-48.9947
-48.9946
-48.9945
-48.9944
-48.9942
-48.9941
-48.994
-48.9941
-48.9942
-48.9943
-48.9944
-48.9945
-48.9946
-48.9947
-48.9947
-48.9947
-48.9945
-48.9945
-48.9947
-48.9947
-48.9947
-48.9946
-48.9946
-48.9945
-48.9944
-48.9943
-48.9943
-48.9943
-48.9943
-48.9944
-48.9945
-48.9946
-48.9947
-48.9947
-48.9948
-48.9948
-48.9946
-48.9946
-48.9948
-48.9948
-48.9948
-48.9947
-48.9946
-48.9946
-48.9945
-48.9945
-48.9945
-48.9945
-48.9945
-48.9945
-48.9946
-48.9947
-48.9947
-48.9948
-48.9948
-48.9948
-48.9946
-48.9946
-48.9948
-48.9948
-48.9948
-48.9948
-48.9947
-48.9947
-48.9946
-48.9946
-48.9946
-48.9946
-48.9946
-48.9946
-48.9947
-48.9947
-48.9948
-48.9948
-48.9948
-48.9948
-48.9946
-48.9946
-48.9948
-48.9948
-48.9949
-48.9948
-48.9948
-48.9947
-48.9947
-48.9947
-48.9947
-48.9947
-48.9947
-48.9947
-48.9947
-48.9948
-48.9948
-48.9948
-48.9948
-48.9948
-48.9946
-48.9946
-48.9947
-48.9948
-48.9948
-48.9948
-48.9948
-48.9947
-48.9947
-48.9947
-48.9947
-48.9947
-48.9947
-48.9947
-48.9947
-48.9948
-48.9948
-48.9948
-48.9948
-48.9948
-48.9946
-48.9945
-48.9946
-48.9946
-48.9946
-48.9946
-48.9946
-48.9945
-48.9945
-48.9945
-48.9945
-48.9945
-48.9945
-48.9945
-48.9945
-48.9946
-48.9946
-48.9946
-48.9946
-48.9946
-48.9945
)
;
    }
    fixedWalls
    {
        type            calculated;
        value           nonuniform List<scalar> 
800
(
-2.44975
-7.34968
-12.2493
-17.1488
-22.0483
-26.9476
-31.8469
-36.7461
-41.6452
-46.5446
-2.45
-7.34982
-12.2494
-17.1489
-22.0483
-26.9477
-31.847
-36.7462
-41.6454
-46.5447
-2.4503
-7.35001
-12.2495
-17.1489
-22.0483
-26.9477
-31.847
-36.7463
-41.6455
-46.5448
-2.45042
-7.3501
-12.2496
-17.149
-22.0484
-26.9478
-31.8471
-36.7464
-41.6456
-46.5448
-2.45034
-7.35004
-12.2496
-17.149
-22.0484
-26.9478
-31.8471
-36.7464
-41.6456
-46.5448
-2.45022
-7.34999
-12.2496
-17.149
-22.0484
-26.9478
-31.8472
-36.7465
-41.6457
-46.5447
-2.45021
-7.35001
-12.2496
-17.1491
-22.0484
-26.9478
-31.8472
-36.7465
-41.6457
-46.5447
-2.45021
-7.35
-12.2496
-17.1491
-22.0485
-26.9478
-31.8472
-36.7465
-41.6457
-46.5446
-2.45021
-7.35001
-12.2496
-17.1491
-22.0485
-26.9478
-31.8472
-36.7465
-41.6457
-46.5446
-2.45021
-7.35001
-12.2496
-17.1491
-22.0485
-26.9478
-31.8472
-36.7465
-41.6457
-46.5446
-2.45022
-7.35001
-12.2496
-17.1491
-22.0485
-26.9478
-31.8472
-36.7465
-41.6457
-46.5447
-2.45022
-7.35002
-12.2496
-17.1491
-22.0485
-26.9478
-31.8472
-36.7465
-41.6457
-46.5447
-2.45023
-7.35002
-12.2496
-17.1491
-22.0485
-26.9478
-31.8472
-36.7465
-41.6457
-46.5447
-2.45021
-7.35002
-12.2496
-17.1491
-22.0484
-26.9478
-31.8472
-36.7465
-41.6457
-46.5447
-2.45027
-7.35001
-12.2496
-17.149
-22.0484
-26.9478
-31.8472
-36.7465
-41.6457
-46.5448
-2.45042
-7.35009
-12.2496
-17.149
-22.0484
-26.9478
-31.8472
-36.7465
-41.6457
-46.5448
-2.45051
-7.35018
-12.2496
-17.149
-22.0484
-26.9478
-31.8471
-36.7464
-41.6456
-46.5449
-2.45039
-7.35009
-12.2496
-17.149
-22.0483
-26.9477
-31.8471
-36.7463
-41.6456
-46.5449
-2.45005
-7.34988
-12.2494
-17.1489
-22.0483
-26.9477
-31.847
-36.7463
-41.6455
-46.5448
-2.44973
-7.34966
-12.2493
-17.1488
-22.0482
-26.9476
-31.8469
-36.7461
-41.6453
-46.5447
-2.44973
-7.34966
-12.2493
-17.1488
-22.0482
-26.9476
-31.8469
-36.7461
-41.6453
-46.5447
-2.44985
-7.34973
-12.2494
-17.1489
-22.0483
-26.9477
-31.847
-36.7463
-41.6455
-46.5448
-2.4501
-7.34987
-12.2494
-17.1489
-22.0483
-26.9477
-31.8471
-36.7463
-41.6456
-46.5449
-2.45035
-7.35002
-12.2495
-17.149
-22.0484
-26.9478
-31.8471
-36.7464
-41.6456
-46.5449
-2.45049
-7.35011
-12.2496
-17.149
-22.0484
-26.9478
-31.8471
-36.7465
-41.6457
-46.5449
-2.45047
-7.35013
-12.2496
-17.149
-22.0484
-26.9478
-31.8472
-36.7465
-41.6457
-46.5448
-2.45037
-7.35009
-12.2496
-17.149
-22.0484
-26.9478
-31.8472
-36.7465
-41.6457
-46.5448
-2.45031
-7.35012
-12.2496
-17.149
-22.0484
-26.9478
-31.8472
-36.7465
-41.6457
-46.5448
-2.45031
-7.35011
-12.2496
-17.149
-22.0484
-26.9478
-31.8472
-36.7465
-41.6457
-46.5448
-2.45031
-7.3501
-12.2496
-17.149
-22.0484
-26.9478
-31.8472
-36.7465
-41.6457
-46.5448
-2.45032
-7.35011
-12.2496
-17.149
-22.0484
-26.9478
-31.8472
-36.7465
-41.6457
-46.5448
-2.45033
-7.35011
-12.2496
-17.149
-22.0484
-26.9478
-31.8472
-36.7465
-41.6457
-46.5447
-2.45042
-7.35012
-12.2496
-17.149
-22.0484
-26.9478
-31.8472
-36.7465
-41.6457
-46.5447
-2.45058
-7.35019
-12.2496
-17.149
-22.0484
-26.9478
-31.8472
-36.7464
-41.6457
-46.5448
-2.45066
-7.35023
-12.2496
-17.149
-22.0484
-26.9478
-31.8471
-36.7464
-41.6456
-46.5448
-2.45061
-7.35019
-12.2496
-17.149
-22.0484
-26.9478
-31.8471
-36.7464
-41.6456
-46.5449
-2.45041
-7.35007
-12.2495
-17.149
-22.0484
-26.9477
-31.8471
-36.7464
-41.6456
-46.5449
-2.45009
-7.34987
-12.2494
-17.1489
-22.0483
-26.9477
-31.847
-36.7463
-41.6455
-46.5449
-2.44971
-7.34964
-12.2493
-17.1488
-22.0483
-26.9476
-31.847
-36.7462
-41.6454
-46.5448
-2.44945
-7.34947
-12.2492
-17.1487
-22.0482
-26.9476
-31.8469
-36.7461
-41.6453
-46.5447
-2.44975
-7.34968
-12.2493
-17.1488
-22.0483
-26.9476
-31.8469
-36.7461
-41.6452
-46.5446
-2.45
-7.34982
-12.2494
-17.1489
-22.0483
-26.9477
-31.847
-36.7462
-41.6454
-46.5447
-2.4503
-7.35001
-12.2495
-17.1489
-22.0483
-26.9477
-31.847
-36.7463
-41.6455
-46.5448
-2.45042
-7.3501
-12.2496
-17.149
-22.0484
-26.9478
-31.8471
-36.7464
-41.6456
-46.5448
-2.45034
-7.35004
-12.2496
-17.149
-22.0484
-26.9478
-31.8471
-36.7464
-41.6456
-46.5448
-2.45022
-7.34999
-12.2496
-17.149
-22.0484
-26.9478
-31.8472
-36.7465
-41.6457
-46.5447
-2.45021
-7.35001
-12.2496
-17.1491
-22.0484
-26.9478
-31.8472
-36.7465
-41.6457
-46.5447
-2.45021
-7.35
-12.2496
-17.1491
-22.0485
-26.9478
-31.8472
-36.7465
-41.6457
-46.5446
-2.45021
-7.35001
-12.2496
-17.1491
-22.0485
-26.9478
-31.8472
-36.7465
-41.6457
-46.5446
-2.45021
-7.35001
-12.2496
-17.1491
-22.0485
-26.9478
-31.8472
-36.7465
-41.6457
-46.5446
-2.45022
-7.35001
-12.2496
-17.1491
-22.0485
-26.9478
-31.8472
-36.7465
-41.6457
-46.5447
-2.45022
-7.35002
-12.2496
-17.1491
-22.0485
-26.9478
-31.8472
-36.7465
-41.6457
-46.5447
-2.45023
-7.35002
-12.2496
-17.1491
-22.0485
-26.9478
-31.8472
-36.7465
-41.6457
-46.5447
-2.45021
-7.35002
-12.2496
-17.1491
-22.0484
-26.9478
-31.8472
-36.7465
-41.6457
-46.5447
-2.45027
-7.35001
-12.2496
-17.149
-22.0484
-26.9478
-31.8472
-36.7465
-41.6457
-46.5448
-2.45042
-7.35009
-12.2496
-17.149
-22.0484
-26.9478
-31.8472
-36.7465
-41.6457
-46.5448
-2.45051
-7.35018
-12.2496
-17.149
-22.0484
-26.9478
-31.8471
-36.7464
-41.6456
-46.5449
-2.45039
-7.35009
-12.2496
-17.149
-22.0483
-26.9477
-31.8471
-36.7463
-41.6456
-46.5449
-2.45005
-7.34988
-12.2494
-17.1489
-22.0483
-26.9477
-31.847
-36.7463
-41.6455
-46.5448
-2.44973
-7.34966
-12.2493
-17.1488
-22.0482
-26.9476
-31.8469
-36.7461
-41.6453
-46.5447
-2.44973
-7.34966
-12.2493
-17.1488
-22.0482
-26.9476
-31.8469
-36.7461
-41.6453
-46.5447
-2.44985
-7.34973
-12.2494
-17.1489
-22.0483
-26.9477
-31.847
-36.7463
-41.6455
-46.5448
-2.4501
-7.34987
-12.2494
-17.1489
-22.0483
-26.9477
-31.8471
-36.7463
-41.6456
-46.5449
-2.45035
-7.35002
-12.2495
-17.149
-22.0484
-26.9478
-31.8471
-36.7464
-41.6456
-46.5449
-2.45049
-7.35011
-12.2496
-17.149
-22.0484
-26.9478
-31.8471
-36.7465
-41.6457
-46.5449
-2.45047
-7.35013
-12.2496
-17.149
-22.0484
-26.9478
-31.8472
-36.7465
-41.6457
-46.5448
-2.45037
-7.35009
-12.2496
-17.149
-22.0484
-26.9478
-31.8472
-36.7465
-41.6457
-46.5448
-2.45031
-7.35012
-12.2496
-17.149
-22.0484
-26.9478
-31.8472
-36.7465
-41.6457
-46.5448
-2.45031
-7.35011
-12.2496
-17.149
-22.0484
-26.9478
-31.8472
-36.7465
-41.6457
-46.5448
-2.45031
-7.3501
-12.2496
-17.149
-22.0484
-26.9478
-31.8472
-36.7465
-41.6457
-46.5448
-2.45032
-7.35011
-12.2496
-17.149
-22.0484
-26.9478
-31.8472
-36.7465
-41.6457
-46.5448
-2.45033
-7.35011
-12.2496
-17.149
-22.0484
-26.9478
-31.8472
-36.7465
-41.6457
-46.5447
-2.45042
-7.35012
-12.2496
-17.149
-22.0484
-26.9478
-31.8472
-36.7465
-41.6457
-46.5447
-2.45058
-7.35019
-12.2496
-17.149
-22.0484
-26.9478
-31.8472
-36.7464
-41.6457
-46.5448
-2.45066
-7.35023
-12.2496
-17.149
-22.0484
-26.9478
-31.8471
-36.7464
-41.6456
-46.5448
-2.45061
-7.35019
-12.2496
-17.149
-22.0484
-26.9478
-31.8471
-36.7464
-41.6456
-46.5449
-2.45041
-7.35007
-12.2495
-17.149
-22.0484
-26.9477
-31.8471
-36.7464
-41.6456
-46.5449
-2.45009
-7.34987
-12.2494
-17.1489
-22.0483
-26.9477
-31.847
-36.7463
-41.6455
-46.5449
-2.44971
-7.34964
-12.2493
-17.1488
-22.0483
-26.9476
-31.847
-36.7462
-41.6454
-46.5448
-2.44945
-7.34947
-12.2492
-17.1487
-22.0482
-26.9476
-31.8469
-36.7461
-41.6453
-46.5447
)
;
    }
}


// ************************************************************************* //
