/*--------------------------------*- C++ -*----------------------------------*\
  =========                 |
  \\      /  F ield         | OpenFOAM: The Open Source CFD Toolbox
   \\    /   O peration     | Website:  https://openfoam.org
    \\  /    A nd           | Version:  8
     \\/     M anipulation  |
\*---------------------------------------------------------------------------*/
FoamFile
{
    version     2.0;
    format      ascii;
    class       volScalarField;
    location    "1800";
    object      p_rgh;
}
// * * * * * * * * * * * * * * * * * * * * * * * * * * * * * * * * * * * * * //

dimensions      [1 -1 -2 0 0 0 0];

internalField   nonuniform List<scalar> 
4000
(
-5.4127e-06
-0.000259841
-0.000566731
-0.000677462
-0.000561206
-0.000296812
-0.000212396
-0.000219635
-0.000224937
-0.000227831
-0.000233359
-0.000234622
-0.000242664
-0.000218119
-0.000432109
-0.000652214
-0.000765417
-0.00065735
-0.000315288
1.20593e-05
-0.000453592
-0.000669312
-0.000905017
-0.000978715
-0.000799951
-0.000507499
-0.000602186
-0.000583379
-0.00058236
-0.000580392
-0.00058093
-0.000580464
-0.000595952
-0.000568994
-0.000568307
-0.000865381
-0.00105115
-0.000993596
-0.000734609
-0.000428218
-0.000613181
-0.000834668
-0.00106829
-0.00116808
-0.000943809
-0.000728001
-0.000739412
-0.000786566
-0.000803737
-0.000811362
-0.000832149
-0.000838062
-0.000845628
-0.000768488
-0.000621927
-0.000849712
-0.00113996
-0.00113468
-0.000901774
-0.00057674
-0.000619127
-0.000890125
-0.0011487
-0.00132079
-0.00113415
-0.00105285
-0.00102434
-0.000943327
-0.000893195
-0.000893151
-0.000912589
-0.000966664
-0.00102082
-0.00115815
-0.00120399
-0.00121734
-0.00128992
-0.00118943
-0.00094404
-0.000573529
-0.000530293
-0.000865926
-0.00115733
-0.00136938
-0.00149402
-0.00155504
-0.00157923
-0.00157026
-0.00151816
-0.0014897
-0.00154051
-0.00156611
-0.00157114
-0.00155168
-0.00150481
-0.00144532
-0.00135067
-0.00117348
-0.000887586
-0.000462805
-0.000367743
-0.000768089
-0.00110431
-0.00134923
-0.0015041
-0.00161012
-0.00168172
-0.00172507
-0.0017465
-0.00173528
-0.0017038
-0.00167846
-0.00164783
-0.00160311
-0.00153731
-0.00144309
-0.00130553
-0.00108537
-0.000755237
-0.000264417
-0.000106084
-0.000585114
-0.000977979
-0.00127092
-0.00146707
-0.00160367
-0.00169882
-0.0017604
-0.00179374
-0.00177768
-0.00172584
-0.0016911
-0.00165015
-0.00158902
-0.00150111
-0.00137634
-0.00119584
-0.000922375
-0.000531628
3.59064e-05
0.000291114
-0.000273134
-0.000728312
-0.00107452
-0.00131655
-0.00148832
-0.00161183
-0.00169833
-0.00175012
-0.00173461
-0.0016615
-0.00161218
-0.00155357
-0.00147103
-0.00135624
-0.0011961
-0.000967607
-0.000635074
-0.000175836
0.000463317
0.000779219
0.000164096
-0.000327084
-0.00070163
-0.000970704
-0.00116769
-0.00131682
-0.00143086
-0.00150754
-0.00150049
-0.00140194
-0.00133596
-0.00125564
-0.0011482
-0.00100589
-0.000816723
-0.000558201
-0.000193509
0.000303298
0.000972117
0.00121932
0.000740015
0.000350227
4.05983e-05
-0.000190877
-0.00036382
-0.0004924
-0.000585056
-0.000640761
-0.000610939
-0.000502847
-0.000446036
-0.000373514
-0.000272231
-0.000138764
3.18702e-05
0.000253415
0.000549338
0.000931192
0.00143104
-0.000259841
-0.00039264
-0.0005879
-0.000638562
-0.000526374
-0.000312359
-0.000222182
-0.000228828
-0.000230366
-0.000230367
-0.000236648
-0.000243506
-0.000262945
-0.000259245
-0.000461602
-0.000644452
-0.00074016
-0.000652698
-0.000361705
-0.000107564
-0.000669312
-0.000770389
-0.000913547
-0.000937853
-0.000760591
-0.000511309
-0.000545342
-0.000566917
-0.000581509
-0.000584586
-0.000586351
-0.000583364
-0.00056383
-0.000497846
-0.00062191
-0.000868195
-0.0010292
-0.00097837
-0.000760579
-0.000522666
-0.000834668
-0.000928449
-0.00107407
-0.00112924
-0.000949339
-0.000736201
-0.000731645
-0.000765745
-0.000793435
-0.00081158
-0.00083359
-0.0008337
-0.000788895
-0.000709053
-0.000698685
-0.000937857
-0.00114566
-0.00113287
-0.000924823
-0.000667393
-0.000890125
-0.00100078
-0.00117575
-0.00129648
-0.00112946
-0.00098386
-0.000950336
-0.000923716
-0.000918265
-0.000939076
-0.000953972
-0.000966432
-0.00100174
-0.00100816
-0.000939294
-0.00107869
-0.00127274
-0.00123154
-0.000996364
-0.000684153
-0.000865926
-0.00102134
-0.00124776
-0.00143466
-0.00142836
-0.00138669
-0.00137525
-0.00133558
-0.00127075
-0.00124839
-0.00129829
-0.00135935
-0.00140969
-0.00142107
-0.00136071
-0.00137363
-0.0014269
-0.0013038
-0.00101392
-0.000620518
-0.000768089
-0.00101663
-0.0013105
-0.00153762
-0.00162113
-0.00163209
-0.00164342
-0.00162369
-0.00158093
-0.00155973
-0.00158078
-0.00161281
-0.00163376
-0.00162936
-0.00159478
-0.00157784
-0.00152181
-0.00134495
-0.000991721
-0.000500953
-0.000585114
-0.000987135
-0.0013646
-0.00164015
-0.0017704
-0.00181824
-0.00182971
-0.00183095
-0.00182078
-0.0018201
-0.00182067
-0.00182183
-0.00181587
-0.00179841
-0.00177077
-0.0017201
-0.00161279
-0.00136297
-0.000912601
-0.000310129
-0.000273134
-0.000885874
-0.00135536
-0.00169525
-0.00188003
-0.00197415
-0.00201524
-0.00199668
-0.00193003
-0.00185148
-0.00186229
-0.00191251
-0.00195268
-0.00195062
-0.00190646
-0.0018145
-0.0016413
-0.0013015
-0.000738547
9.00579e-06
0.000164096
-0.000579723
-0.00115003
-0.00157267
-0.00186314
-0.00207511
-0.00224102
-0.00237409
-0.00246905
-0.00251408
-0.00242801
-0.00235473
-0.00226648
-0.00214595
-0.00197917
-0.00175993
-0.00146195
-0.00101708
-0.000380253
0.000466115
0.000740015
0.00018506
-0.000270589
-0.000653193
-0.000961805
-0.00121545
-0.00142134
-0.00157654
-0.0016676
-0.00164734
-0.00149588
-0.00141533
-0.0013005
-0.00113508
-0.000924453
-0.000672932
-0.000371809
4.59966e-06
0.00046635
0.00105525
-0.000566731
-0.0005879
-0.000639205
-0.000611244
-0.00048378
-0.000278568
-0.000235864
-0.000235006
-0.000237719
-0.000240361
-0.000254907
-0.000273605
-0.000270751
-0.000300595
-0.000479746
-0.000640928
-0.000736235
-0.000696212
-0.000505696
-0.00036164
-0.000905017
-0.000913547
-0.000937055
-0.000867922
-0.000690404
-0.000488023
-0.000522211
-0.000558167
-0.000579068
-0.000587698
-0.000588693
-0.000566881
-0.000529471
-0.000484316
-0.000644184
-0.000859614
-0.00100562
-0.000990159
-0.000849627
-0.000714111
-0.00106829
-0.00107407
-0.00111244
-0.00106997
-0.000890287
-0.000712948
-0.00071102
-0.000744749
-0.000785031
-0.000811572
-0.000804648
-0.000775501
-0.000722711
-0.000660645
-0.000754059
-0.000987257
-0.00115656
-0.00114134
-0.000996579
-0.000849688
-0.0011487
-0.00117575
-0.00123753
-0.00125767
-0.00110332
-0.000955084
-0.000913619
-0.000904144
-0.000917887
-0.000954929
-0.000988449
-0.000968085
-0.000939352
-0.00088036
-0.000885884
-0.00108819
-0.00126821
-0.00124717
-0.00107808
-0.000895832
-0.00115733
-0.00124776
-0.00133986
-0.00143044
-0.0013582
-0.00126181
-0.00121909
-0.00117997
-0.00113528
-0.00113228
-0.00117998
-0.0012396
-0.00126439
-0.00121176
-0.00114665
-0.00126035
-0.00141391
-0.00134553
-0.00112644
-0.000882392
-0.00110431
-0.0013105
-0.00143738
-0.00155411
-0.00156213
-0.00150792
-0.0014693
-0.00142368
-0.00136672
-0.00134547
-0.00138028
-0.00143329
-0.0014622
-0.00144292
-0.00139562
-0.00145208
-0.00152376
-0.00142932
-0.00116095
-0.000805817
-0.000977979
-0.0013646
-0.00154132
-0.00170476
-0.00174518
-0.0017166
-0.00168506
-0.00165316
-0.00161713
-0.00160453
-0.00162555
-0.00165938
-0.0016779
-0.0016686
-0.00163928
-0.00164952
-0.00166559
-0.00150878
-0.0011771
-0.000653063
-0.000728312
-0.00135536
-0.00161231
-0.00171389
-0.00175354
-0.00174736
-0.00171517
-0.00167234
-0.00162501
-0.00160029
-0.00160194
-0.00161565
-0.00162993
-0.00162631
-0.00161677
-0.00162825
-0.00162074
-0.00151506
-0.00112317
-0.000388392
-0.000327084
-0.00115003
-0.00167732
-0.00200123
-0.00216852
-0.00227622
-0.0023659
-0.00243877
-0.00246098
-0.00242012
-0.00239814
-0.00243387
-0.0024352
-0.0023909
-0.00227692
-0.00211908
-0.00191547
-0.00152743
-0.000890992
3.41042e-05
0.000350227
-0.000270589
-0.000750416
-0.00115039
-0.0014789
-0.00177
-0.00203103
-0.00224413
-0.00238069
-0.00238823
-0.00220077
-0.00208991
-0.00193294
-0.00171466
-0.00144911
-0.00115108
-0.000819491
-0.00041777
7.27825e-05
0.000721914
-0.000677462
-0.000638562
-0.000611244
-0.000537518
-0.00041097
-0.00023081
-0.000250388
-0.000238545
-0.000246278
-0.000258814
-0.000284969
-0.000297656
-0.000263818
-0.000321896
-0.000469982
-0.000608678
-0.000711603
-0.000731139
-0.000659453
-0.000617257
-0.000978715
-0.000937853
-0.000867922
-0.000748213
-0.000578755
-0.000476067
-0.000510029
-0.000556476
-0.000580141
-0.000591721
-0.000583638
-0.000547781
-0.000506061
-0.000471882
-0.000625863
-0.000813188
-0.000958701
-0.00100532
-0.000957322
-0.000910196
-0.00116808
-0.00112924
-0.00106997
-0.000951828
-0.00077108
-0.000667948
-0.000691763
-0.000733239
-0.000779994
-0.000799642
-0.000784219
-0.000735352
-0.000676296
-0.000632081
-0.000761484
-0.000974771
-0.00113418
-0.00116128
-0.00109428
-0.0010342
-0.00132079
-0.00129648
-0.00125767
-0.00117202
-0.00100491
-0.000896989
-0.000876174
-0.000885808
-0.000914573
-0.000961544
-0.000955493
-0.000915254
-0.00086097
-0.000809514
-0.000885903
-0.00109998
-0.00126409
-0.00127123
-0.00118658
-0.00109495
-0.00136938
-0.00143466
-0.00143044
-0.00139389
-0.00127138
-0.00116997
-0.0011252
-0.00109999
-0.00108481
-0.0011089
-0.00116422
-0.00117349
-0.00113203
-0.00104698
-0.00104979
-0.00122517
-0.00139393
-0.00138156
-0.00126587
-0.00109926
-0.00134923
-0.00153762
-0.00155411
-0.00155951
-0.00149289
-0.00140853
-0.00135313
-0.00130877
-0.00126686
-0.00125971
-0.00129895
-0.00133345
-0.00131896
-0.00126333
-0.00123908
-0.0013617
-0.00150712
-0.00148332
-0.00134518
-0.00105396
-0.00127092
-0.00164015
-0.00170476
-0.00172467
-0.00168115
-0.00161501
-0.0015679
-0.00153388
-0.00150393
-0.00149521
-0.00152535
-0.00156634
-0.00156442
-0.00151262
-0.00146132
-0.00152222
-0.00163903
-0.00159686
-0.00141386
-0.000939353
-0.00107452
-0.00169525
-0.00171389
-0.0017326
-0.00172056
-0.00167956
-0.00163759
-0.00159651
-0.00155414
-0.00152935
-0.00153006
-0.00154634
-0.00155815
-0.00154426
-0.00152149
-0.00155847
-0.00162082
-0.00157633
-0.00140767
-0.000713889
-0.00070163
-0.00157267
-0.00200123
-0.0021223
-0.00214898
-0.00223081
-0.00235385
-0.00246175
-0.00251026
-0.00246779
-0.00243462
-0.00247971
-0.00248099
-0.0024121
-0.00226209
-0.00209042
-0.00200624
-0.00180087
-0.00126014
-0.000308079
4.05983e-05
-0.000653193
-0.00115039
-0.00155307
-0.00190135
-0.00223709
-0.00255822
-0.00283409
-0.00302392
-0.00307
-0.00283889
-0.00269655
-0.00249719
-0.00222791
-0.00190197
-0.00154729
-0.00118341
-0.000770179
-0.000261595
0.000446661
-0.000561206
-0.000526374
-0.00048378
-0.00041097
-0.00030932
-0.000215404
-0.000255165
-0.000243815
-0.000250147
-0.000271732
-0.000301226
-0.00030496
-0.000268989
-0.00031311
-0.000420395
-0.000537168
-0.000641664
-0.000710034
-0.000724975
-0.000752225
-0.000799951
-0.000760591
-0.000690404
-0.000578755
-0.000452579
-0.000468874
-0.000509004
-0.000553588
-0.000579271
-0.000597582
-0.000590063
-0.000549439
-0.000495642
-0.000448727
-0.000560772
-0.000717198
-0.000865563
-0.000967213
-0.00101092
-0.00102824
-0.000943809
-0.000949339
-0.000890287
-0.00077108
-0.000640375
-0.000630743
-0.000679143
-0.000734369
-0.000780896
-0.000800825
-0.000782092
-0.000725401
-0.000657845
-0.00060969
-0.000707563
-0.000892816
-0.0010594
-0.0011501
-0.0011653
-0.00115549
-0.00113415
-0.00112946
-0.00110332
-0.00100491
-0.000882769
-0.000840799
-0.000852593
-0.000881933
-0.000918789
-0.000963324
-0.000946798
-0.000892925
-0.000826884
-0.000783188
-0.000856523
-0.00105271
-0.00122498
-0.00128688
-0.00126963
-0.00121645
-0.00149402
-0.00142836
-0.0013582
-0.00127138
-0.00116089
-0.00109397
-0.00106998
-0.00106393
-0.00107013
-0.00110851
-0.00113914
-0.00110426
-0.00104552
-0.000977965
-0.00101222
-0.00119306
-0.00136722
-0.00140949
-0.00136953
-0.0012376
-0.0015041
-0.00162113
-0.00156213
-0.00149289
-0.00140209
-0.00132646
-0.00127992
-0.0012476
-0.00122451
-0.00123295
-0.00126741
-0.00126521
-0.00121952
-0.00116166
-0.00116893
-0.00131449
-0.0014824
-0.00151702
-0.00147124
-0.00121666
-0.00146707
-0.0017704
-0.00174518
-0.00168115
-0.00160212
-0.00153529
-0.00149568
-0.00147243
-0.0014557
-0.0014557
-0.00149402
-0.00153391
-0.00149439
-0.00141069
-0.00136187
-0.00144292
-0.00159275
-0.00163063
-0.00155958
-0.00113124
-0.00131655
-0.00188003
-0.00175354
-0.00172056
-0.00167264
-0.00162764
-0.00159488
-0.00156466
-0.00153088
-0.00151144
-0.00151104
-0.00151655
-0.00151868
-0.00149573
-0.00146522
-0.00149955
-0.00160282
-0.0015963
-0.00156945
-0.000940412
-0.000970704
-0.00186314
-0.00216852
-0.00214898
-0.00219395
-0.00232389
-0.00250245
-0.00265208
-0.00271608
-0.00264686
-0.00259282
-0.00264884
-0.00264612
-0.00253566
-0.00231914
-0.00208449
-0.00198813
-0.00193521
-0.0015103
-0.000554179
-0.000190877
-0.000961805
-0.0014789
-0.00190135
-0.00229056
-0.00269549
-0.00309472
-0.00344976
-0.00371598
-0.00383181
-0.00353939
-0.00333608
-0.00306729
-0.00272321
-0.00232144
-0.00189475
-0.00148834
-0.00105292
-0.000526522
0.000239679
-0.000296812
-0.000312359
-0.000278568
-0.00023081
-0.000215404
-0.000230257
-0.000248752
-0.000247528
-0.000254522
-0.000278647
-0.00031571
-0.000322018
-0.000297578
-0.000292317
-0.000301506
-0.000412835
-0.000518449
-0.000617504
-0.000671971
-0.000715001
-0.000507499
-0.000511309
-0.000488023
-0.000476067
-0.000468874
-0.000482451
-0.000531239
-0.000562698
-0.00058089
-0.000607423
-0.000613051
-0.000585227
-0.000536525
-0.000486929
-0.000505267
-0.000567646
-0.000710093
-0.000836484
-0.000920371
-0.000967903
-0.000728001
-0.000736201
-0.000712948
-0.000667948
-0.000630743
-0.000655065
-0.000704383
-0.000753344
-0.000786677
-0.000811154
-0.000803762
-0.000757881
-0.000697724
-0.000654186
-0.000663512
-0.000753565
-0.000910029
-0.00104273
-0.00112589
-0.00120038
-0.00105285
-0.00098386
-0.000955084
-0.000896989
-0.000840799
-0.000835513
-0.000858113
-0.000895578
-0.000929255
-0.000972741
-0.000958789
-0.000909176
-0.000849109
-0.000814218
-0.000835905
-0.000953832
-0.0011181
-0.0012407
-0.00130296
-0.0012943
-0.00155504
-0.00138669
-0.00126181
-0.00116997
-0.00109397
-0.00105662
-0.00104986
-0.0010574
-0.00107254
-0.00111408
-0.00113055
-0.001085
-0.00102803
-0.000984973
-0.00100549
-0.0011354
-0.00130266
-0.00140438
-0.00143604
-0.00133001
-0.00161012
-0.00163209
-0.00150792
-0.00140853
-0.00132646
-0.00127026
-0.00123802
-0.00121833
-0.00120904
-0.00122611
-0.00125471
-0.00122628
-0.00118042
-0.00113854
-0.00115561
-0.00127672
-0.00144041
-0.00152708
-0.00154578
-0.00132665
-0.00160367
-0.00181824
-0.0017166
-0.00161501
-0.00153529
-0.00148485
-0.00146073
-0.0014492
-0.00143974
-0.00143985
-0.00148207
-0.00151526
-0.00146244
-0.00137706
-0.00133674
-0.00140603
-0.0015502
-0.00163463
-0.00164335
-0.00126296
-0.00148832
-0.00197415
-0.00174736
-0.00167956
-0.00162764
-0.00159565
-0.00157715
-0.00155686
-0.00153168
-0.00153079
-0.00153614
-0.00151001
-0.00149832
-0.00147589
-0.00144881
-0.00147492
-0.00157742
-0.00161931
-0.0016655
-0.00109741
-0.00116769
-0.00207511
-0.00227622
-0.00223081
-0.00232389
-0.00251107
-0.00273366
-0.00292224
-0.00299567
-0.00291388
-0.00284031
-0.00286818
-0.0028447
-0.00269411
-0.00243028
-0.00215335
-0.00202581
-0.00202155
-0.00168996
-0.000731389
-0.00036382
-0.00121545
-0.00177
-0.00223709
-0.00269549
-0.00318045
-0.00366682
-0.00412078
-0.0044941
-0.00472174
-0.00435262
-0.00405076
-0.00367777
-0.00323362
-0.0027428
-0.00223698
-0.00176616
-0.00129581
-0.000741961
8.33726e-05
-0.000212396
-0.000222182
-0.000235864
-0.000250388
-0.000255165
-0.000248752
-0.000251004
-0.000255615
-0.000269967
-0.00029637
-0.000337821
-0.000342521
-0.000326011
-0.000318321
-0.000324798
-0.000313538
-0.000322474
-0.000470243
-0.000525228
-0.000514572
-0.000602186
-0.000545342
-0.000522211
-0.000510029
-0.000509004
-0.000531239
-0.000559998
-0.00057711
-0.000588647
-0.000622129
-0.000639101
-0.000626029
-0.000596446
-0.000563887
-0.000551941
-0.000568146
-0.000567232
-0.000641969
-0.000719206
-0.0007295
-0.000739412
-0.000731645
-0.00071102
-0.000691763
-0.000679143
-0.000704383
-0.00074644
-0.000775914
-0.000793563
-0.000825968
-0.000831624
-0.000803972
-0.000760936
-0.000720266
-0.000710597
-0.000727443
-0.000781123
-0.000864891
-0.000956215
-0.00103952
-0.00102434
-0.000950336
-0.000913619
-0.000876174
-0.000852593
-0.000858113
-0.000884035
-0.000919455
-0.000941479
-0.000985888
-0.000981986
-0.000947136
-0.000901238
-0.000868874
-0.000873239
-0.000925069
-0.00102237
-0.00113412
-0.00124982
-0.00135163
-0.00157923
-0.00137525
-0.00121909
-0.0011252
-0.00106998
-0.00104986
-0.00105386
-0.00106802
-0.00108289
-0.00112724
-0.00115062
-0.00110538
-0.00105891
-0.00102999
-0.00103635
-0.00111453
-0.00123989
-0.00135993
-0.00145257
-0.00139662
-0.00168172
-0.00164342
-0.0014693
-0.00135313
-0.00127992
-0.00123802
-0.00121724
-0.00120801
-0.00120835
-0.00123711
-0.00126681
-0.0012258
-0.0011828
-0.00115812
-0.00117644
-0.00126383
-0.00139905
-0.0015123
-0.00158233
-0.00140308
-0.00169882
-0.00182971
-0.00168506
-0.0015679
-0.00149568
-0.00146073
-0.00144874
-0.00144358
-0.00143531
-0.00143949
-0.00148506
-0.00149413
-0.00144871
-0.00138337
-0.00135351
-0.00140224
-0.00152119
-0.00162777
-0.00169278
-0.00135463
-0.00161183
-0.00201524
-0.00171517
-0.00163759
-0.00159488
-0.00157715
-0.0015687
-0.00155627
-0.00155559
-0.00162507
-0.00165108
-0.00153241
-0.00148883
-0.00146934
-0.00145284
-0.00147362
-0.00155759
-0.00163057
-0.00172859
-0.00120873
-0.00131682
-0.00224102
-0.0023659
-0.00235385
-0.00250245
-0.00273366
-0.00298773
-0.00319956
-0.00333368
-0.00342901
-0.00334548
-0.00315355
-0.00304091
-0.00284504
-0.00255569
-0.00226014
-0.00209263
-0.00208136
-0.00182697
-0.000861944
-0.0004924
-0.00142134
-0.00203103
-0.00255822
-0.00309472
-0.00366682
-0.00425794
-0.00483791
-0.005349
-0.00574951
-0.00528694
-0.00484378
-0.00433165
-0.00375613
-0.00315879
-0.00256917
-0.00202662
-0.00151068
-0.00091556
-3.4245e-05
-0.000219635
-0.000228828
-0.000235006
-0.000238545
-0.000243815
-0.000247528
-0.000255615
-0.000272695
-0.0003035
-0.000349452
-0.000390233
-0.000368862
-0.00034392
-0.000331584
-0.000332099
-0.000338626
-0.000340335
-0.000344603
-0.000351052
-0.000314676
-0.000583379
-0.000566917
-0.000558167
-0.000556476
-0.000553588
-0.000562698
-0.00057711
-0.00059128
-0.000606714
-0.000652001
-0.000668546
-0.000652482
-0.000632013
-0.000619282
-0.000617469
-0.000610933
-0.00059945
-0.000593569
-0.000620174
-0.000656925
-0.000786566
-0.000765745
-0.000744749
-0.000733239
-0.000734369
-0.000753344
-0.000775914
-0.000791992
-0.000805003
-0.000859196
-0.000872662
-0.000837318
-0.00081308
-0.000792814
-0.000773988
-0.000768623
-0.000785525
-0.000822064
-0.00090776
-0.00104009
-0.000943327
-0.000923716
-0.000904144
-0.000885808
-0.000881933
-0.000895578
-0.000919455
-0.000941558
-0.000955984
-0.00102997
-0.00104081
-0.000990464
-0.000957279
-0.000936585
-0.000930814
-0.000950274
-0.00101225
-0.00110812
-0.00124387
-0.00138061
-0.00157026
-0.00133558
-0.00117997
-0.00109999
-0.00106393
-0.0010574
-0.00106802
-0.00108318
-0.0011008
-0.00120707
-0.00122938
-0.00114959
-0.00110736
-0.00108192
-0.00108063
-0.00112716
-0.00122145
-0.001341
-0.00146485
-0.00144366
-0.00172507
-0.00162369
-0.00142368
-0.00130877
-0.0012476
-0.00121833
-0.00120801
-0.00120822
-0.00122829
-0.00138034
-0.00141208
-0.00125833
-0.00120637
-0.00119177
-0.00120785
-0.0012705
-0.00137916
-0.00149896
-0.00160358
-0.00145543
-0.0017604
-0.00183095
-0.00165316
-0.00153388
-0.00147243
-0.0014492
-0.00144358
-0.00143971
-0.00144809
-0.00162836
-0.00169605
-0.00149095
-0.00144006
-0.00140139
-0.00138314
-0.00141607
-0.00150962
-0.00162149
-0.00171815
-0.00141731
-0.00169833
-0.00199668
-0.00167234
-0.00159651
-0.00156466
-0.00155686
-0.00155627
-0.00156875
-0.00167562
-0.00213226
-0.00225531
-0.0016469
-0.0014988
-0.00146635
-0.00145865
-0.00147887
-0.00154731
-0.00163142
-0.00176974
-0.00128599
-0.00143086
-0.00237409
-0.00243877
-0.00246175
-0.00265208
-0.00292224
-0.00319956
-0.00347596
-0.0038588
-0.00453979
-0.00444954
-0.00360311
-0.00322914
-0.00295369
-0.00264916
-0.00234415
-0.00215385
-0.00212797
-0.00193597
-0.000957432
-0.000585056
-0.00157654
-0.00224413
-0.00283409
-0.00344976
-0.00412078
-0.00483791
-0.00554959
-0.00616492
-0.00677949
-0.00620144
-0.00563921
-0.00500809
-0.00427813
-0.00355
-0.0028661
-0.00225136
-0.0016855
-0.00104714
-0.00012025
-0.000224937
-0.000230366
-0.000237719
-0.000246278
-0.000250147
-0.000254522
-0.000269967
-0.0003035
-0.00036649
-0.000514079
-0.000543246
-0.000410019
-0.000360523
-0.000339164
-0.000336049
-0.00034173
-0.000345401
-0.000347325
-0.000348704
-0.000334265
-0.00058236
-0.000581509
-0.000579068
-0.000580141
-0.000579271
-0.00058089
-0.000588647
-0.000606714
-0.000652655
-0.000871847
-0.000876183
-0.000682699
-0.000637704
-0.000633434
-0.000640792
-0.000649422
-0.000642919
-0.000630983
-0.000636652
-0.000640175
-0.000803737
-0.000793435
-0.000785031
-0.000779994
-0.000780896
-0.000786677
-0.000793563
-0.000805003
-0.000857478
-0.00121283
-0.00121949
-0.000908946
-0.000843387
-0.000844894
-0.000846612
-0.000833856
-0.000828711
-0.000853767
-0.000926993
-0.00103661
-0.000893195
-0.000918265
-0.000917887
-0.000914573
-0.000918789
-0.000929255
-0.000941479
-0.000955984
-0.00103574
-0.00160377
-0.0016078
-0.00112511
-0.00102084
-0.00100469
-0.000992851
-0.000995963
-0.00103436
-0.00112071
-0.00125582
-0.00139485
-0.00151816
-0.00127075
-0.00113528
-0.00108481
-0.00107013
-0.00107254
-0.00108289
-0.0011008
-0.00123657
-0.00205895
-0.00210729
-0.00134779
-0.00116389
-0.00113649
-0.00112779
-0.00115229
-0.00122337
-0.00133681
-0.00147163
-0.00147041
-0.0017465
-0.00158093
-0.00136672
-0.00126686
-0.00122451
-0.00120904
-0.00120835
-0.00122829
-0.00145263
-0.00258164
-0.00283401
-0.00155793
-0.00126171
-0.0012305
-0.00123919
-0.00128311
-0.00137128
-0.00148981
-0.00161381
-0.00148484
-0.00179374
-0.00182078
-0.00161713
-0.00150393
-0.0014557
-0.00143974
-0.00143531
-0.00144809
-0.0017523
-0.00323977
-0.00369116
-0.00181793
-0.00145493
-0.00141943
-0.0014102
-0.00143269
-0.00150699
-0.00161786
-0.00173174
-0.00145321
-0.00175012
-0.00193003
-0.00162501
-0.00155414
-0.00153088
-0.00153168
-0.00155559
-0.00167562
-0.00230166
-0.00466893
-0.00495221
-0.00219433
-0.00157783
-0.00147471
-0.00146063
-0.00148092
-0.00154103
-0.00162615
-0.00178934
-0.00133
-0.00150754
-0.00246905
-0.00246098
-0.00251026
-0.00271608
-0.00299567
-0.00333368
-0.0038588
-0.00487248
-0.00697899
-0.0068059
-0.00442792
-0.00346502
-0.0029913
-0.00266124
-0.00237124
-0.00217935
-0.00214363
-0.00201865
-0.00101612
-0.000640761
-0.0016676
-0.00238069
-0.00302392
-0.00371598
-0.0044941
-0.005349
-0.00616492
-0.00676162
-0.00756027
-0.00689606
-0.00634583
-0.00567796
-0.00477711
-0.0038901
-0.00309904
-0.00241275
-0.00180257
-0.00112722
-0.000170872
-0.000227831
-0.000230367
-0.000240361
-0.000258814
-0.000271732
-0.000278647
-0.00029637
-0.000349452
-0.000514079
-0.0034186
-0.00349922
-0.000557795
-0.0003878
-0.000341716
-0.000333215
-0.000339038
-0.000345657
-0.000352918
-0.000346696
-0.000327051
-0.000580392
-0.000584586
-0.000587698
-0.000591721
-0.000597582
-0.000607423
-0.000622129
-0.000652001
-0.000871847
-0.00532118
-0.00545485
-0.000870848
-0.000634846
-0.000618986
-0.000621579
-0.000632434
-0.000646825
-0.000657356
-0.000660268
-0.000649828
-0.000811362
-0.00081158
-0.000811572
-0.000799642
-0.000800825
-0.000811154
-0.000825968
-0.000859196
-0.00121283
-0.00722335
-0.00738516
-0.00119987
-0.000848668
-0.000841279
-0.000859611
-0.000879742
-0.000890015
-0.000901895
-0.000947411
-0.00101832
-0.000893151
-0.000939076
-0.000954929
-0.000961544
-0.000963324
-0.000972741
-0.000985888
-0.00102997
-0.00160377
-0.00879342
-0.00889426
-0.00155943
-0.00103578
-0.00102496
-0.00103758
-0.00104489
-0.00106612
-0.00113779
-0.00126129
-0.00139578
-0.0014897
-0.00124839
-0.00113228
-0.0011089
-0.00110851
-0.00111408
-0.00112724
-0.00120707
-0.00205895
-0.0102231
-0.0101589
-0.00193754
-0.00120611
-0.00117103
-0.0011716
-0.00118187
-0.00123286
-0.00133594
-0.00147036
-0.00146576
-0.00173528
-0.00155973
-0.00134547
-0.00125971
-0.00123295
-0.00122611
-0.00123711
-0.00138034
-0.00258164
-0.0115815
-0.011208
-0.00231854
-0.00134253
-0.00126884
-0.00126992
-0.00129759
-0.00136877
-0.00148209
-0.00161099
-0.00147617
-0.00177768
-0.0018201
-0.00160453
-0.00149521
-0.0014557
-0.00143985
-0.00143949
-0.00162836
-0.00323977
-0.012893
-0.0120931
-0.00273779
-0.0015411
-0.00144643
-0.00143564
-0.00144828
-0.0015069
-0.00161462
-0.0017352
-0.00144362
-0.00173461
-0.00185148
-0.00160029
-0.00152935
-0.00151144
-0.00153079
-0.00162507
-0.00213226
-0.00466893
-0.0138819
-0.0128446
-0.00339439
-0.00177788
-0.00151309
-0.00146541
-0.0014791
-0.00153293
-0.00161558
-0.00178938
-0.00132174
-0.00150049
-0.00251408
-0.00242012
-0.00246779
-0.00264686
-0.00291388
-0.00342901
-0.00453979
-0.00697899
-0.0136507
-0.0126508
-0.00625792
-0.00393773
-0.00299528
-0.00260548
-0.00234958
-0.00217458
-0.00213926
-0.00206048
-0.00101319
-0.000610939
-0.00164734
-0.00238823
-0.00307
-0.00383181
-0.00472174
-0.00574951
-0.00677949
-0.00756027
-0.00936018
-0.00872968
-0.00755836
-0.00649863
-0.00525568
-0.00415066
-0.00323484
-0.00247765
-0.00183004
-0.00112532
-0.000156742
-0.000233359
-0.000236648
-0.000254907
-0.000284969
-0.000301226
-0.00031571
-0.000337821
-0.000390233
-0.000543246
-0.00349922
-0.00343124
-0.000604933
-0.000441361
-0.000405613
-0.000397203
-0.000394294
-0.000388586
-0.000372125
-0.000353055
-0.00034962
-0.00058093
-0.000586351
-0.000588693
-0.000583638
-0.000590063
-0.000613051
-0.000639101
-0.000668546
-0.000876183
-0.00545485
-0.00488487
-0.000781129
-0.000608948
-0.000586006
-0.000580149
-0.000582507
-0.000593094
-0.000619946
-0.000677547
-0.000667386
-0.000832149
-0.00083359
-0.000804648
-0.000784219
-0.000782092
-0.000803762
-0.000831624
-0.000872662
-0.00121949
-0.00738516
-0.00619059
-0.00103821
-0.000799446
-0.000800478
-0.000816379
-0.000845913
-0.000895073
-0.000945189
-0.000984059
-0.00104972
-0.000912589
-0.000953972
-0.000988449
-0.000955493
-0.000946798
-0.000958789
-0.000981986
-0.00104081
-0.0016078
-0.00889426
-0.00701259
-0.0013086
-0.000981333
-0.000991879
-0.00101745
-0.00104957
-0.00108747
-0.00115844
-0.00127329
-0.00139171
-0.00154051
-0.00129829
-0.00117998
-0.00116422
-0.00113914
-0.00113055
-0.00115062
-0.00122938
-0.00210729
-0.0101589
-0.00759561
-0.00158128
-0.00114564
-0.00114833
-0.00116958
-0.00119723
-0.00124558
-0.00134219
-0.00147237
-0.0014498
-0.0017038
-0.00158078
-0.00138028
-0.00129895
-0.00126741
-0.00125471
-0.00126681
-0.00141208
-0.00283401
-0.011208
-0.00804496
-0.0018412
-0.00127572
-0.00126128
-0.00127705
-0.00130709
-0.00137061
-0.00147949
-0.00160809
-0.00145611
-0.00172584
-0.00182067
-0.00162555
-0.00152535
-0.00149402
-0.00148207
-0.00148506
-0.00169605
-0.00369116
-0.0120931
-0.00843793
-0.00214245
-0.00147739
-0.00145061
-0.00145328
-0.00146133
-0.0015069
-0.00160875
-0.00172506
-0.00141919
-0.0016615
-0.00186229
-0.00160194
-0.00153006
-0.00151104
-0.00153614
-0.00165108
-0.00225531
-0.00495221
-0.0128446
-0.00894249
-0.00260546
-0.00163553
-0.00149177
-0.00145893
-0.00146823
-0.00151565
-0.0015948
-0.00177544
-0.00129113
-0.00140194
-0.00242801
-0.00239814
-0.00243462
-0.00259282
-0.00284031
-0.00334548
-0.00444954
-0.0068059
-0.0126508
-0.00906138
-0.00516931
-0.00358283
-0.0029061
-0.00257255
-0.00233456
-0.00217037
-0.00213527
-0.00200907
-0.000968965
-0.000502847
-0.00149588
-0.00220077
-0.00283889
-0.00353939
-0.00435262
-0.00528694
-0.00620144
-0.00689606
-0.00872968
-0.00681043
-0.0064393
-0.00571851
-0.00472029
-0.00379098
-0.00299813
-0.00232223
-0.00171834
-0.00104787
-0.000105453
-0.000234622
-0.000243506
-0.000273605
-0.000297656
-0.00030496
-0.000322018
-0.000342521
-0.000368862
-0.000410019
-0.000557795
-0.000604933
-0.000501696
-0.000488419
-0.00049538
-0.000507682
-0.000516571
-0.000515959
-0.00049788
-0.000453307
-0.000382906
-0.000580464
-0.000583364
-0.000566881
-0.000547781
-0.000549439
-0.000585227
-0.000626029
-0.000652482
-0.000682699
-0.000870848
-0.000781129
-0.000636338
-0.00063042
-0.000641058
-0.000651713
-0.000655375
-0.000648719
-0.00063073
-0.000602819
-0.000620767
-0.000838062
-0.0008337
-0.000775501
-0.000735352
-0.000725401
-0.000757881
-0.000803972
-0.000837318
-0.000908946
-0.00119987
-0.00103821
-0.000802643
-0.000795912
-0.000812062
-0.000822928
-0.000827332
-0.000834351
-0.0008673
-0.000953427
-0.00112355
-0.000966664
-0.000966432
-0.000968085
-0.000915254
-0.000892925
-0.000909176
-0.000947136
-0.000990464
-0.00112511
-0.00155943
-0.0013086
-0.000978496
-0.000963577
-0.000984175
-0.00100062
-0.0010178
-0.00105719
-0.00114488
-0.00127771
-0.00137874
-0.00156611
-0.00135935
-0.0012396
-0.00117349
-0.00110426
-0.001085
-0.00110538
-0.00114959
-0.00134779
-0.00193754
-0.00158128
-0.00114786
-0.00111736
-0.00113636
-0.00115537
-0.00118177
-0.00123991
-0.00134373
-0.00147531
-0.00143155
-0.00167846
-0.00161281
-0.00143329
-0.00133345
-0.00126521
-0.00122628
-0.0012258
-0.00125833
-0.00155793
-0.00231854
-0.0018412
-0.00129203
-0.00124213
-0.00125508
-0.00127209
-0.00130085
-0.00136653
-0.00147716
-0.00160326
-0.00143562
-0.0016911
-0.00182183
-0.00165938
-0.00156634
-0.00153391
-0.00151526
-0.00149413
-0.00149095
-0.00181793
-0.00273779
-0.00214245
-0.00149995
-0.00142982
-0.00143071
-0.00143863
-0.00145532
-0.00150162
-0.00159991
-0.00170912
-0.00139365
-0.00161218
-0.00191251
-0.00161565
-0.00154634
-0.00151655
-0.00151001
-0.00153241
-0.0016469
-0.00219433
-0.00339439
-0.00260546
-0.00167034
-0.00148858
-0.00145681
-0.00145087
-0.00146005
-0.0014984
-0.00157157
-0.00175678
-0.00125814
-0.00133596
-0.00235473
-0.00243387
-0.00247971
-0.00264884
-0.00286818
-0.00315355
-0.00360311
-0.00442792
-0.00625792
-0.00516931
-0.003816
-0.00322662
-0.00286633
-0.00258773
-0.0023595
-0.00219852
-0.00215657
-0.0019506
-0.000921455
-0.000446036
-0.00141533
-0.00208991
-0.00269655
-0.00333608
-0.00405076
-0.00484378
-0.00563921
-0.00634583
-0.00755836
-0.0064393
-0.00588139
-0.00511113
-0.00425522
-0.00347607
-0.00279169
-0.00218465
-0.00161205
-0.000971187
-5.032e-05
-0.000242664
-0.000262945
-0.000270751
-0.000263818
-0.000268989
-0.000297578
-0.000326011
-0.00034392
-0.000360523
-0.0003878
-0.000441361
-0.000488419
-0.000535493
-0.000580234
-0.000618547
-0.000645956
-0.00065903
-0.000652712
-0.000626753
-0.000616717
-0.000595952
-0.00056383
-0.000529471
-0.000506061
-0.000495642
-0.000536525
-0.000596446
-0.000632013
-0.000637704
-0.000634846
-0.000608948
-0.00063042
-0.000685697
-0.000741569
-0.000786711
-0.00081521
-0.000823689
-0.00080807
-0.000762156
-0.000681616
-0.000845628
-0.000788895
-0.000722711
-0.000676296
-0.000657845
-0.000697724
-0.000760936
-0.00081308
-0.000843387
-0.000848668
-0.000799446
-0.000795912
-0.000849928
-0.000908682
-0.000948284
-0.000963925
-0.000959649
-0.000950508
-0.000981161
-0.00113161
-0.00102082
-0.00100174
-0.000939352
-0.00086097
-0.000826884
-0.000849109
-0.000901238
-0.000957279
-0.00102084
-0.00103578
-0.000981333
-0.000963577
-0.00100611
-0.00105991
-0.00109141
-0.00110097
-0.00110885
-0.00115971
-0.00127898
-0.00136296
-0.00157114
-0.00140969
-0.00126439
-0.00113203
-0.00104552
-0.00102803
-0.00105891
-0.00110736
-0.00116389
-0.00120611
-0.00114564
-0.00111736
-0.00114388
-0.00118684
-0.00121235
-0.00122595
-0.00125751
-0.00134992
-0.00147408
-0.00140725
-0.00164783
-0.00163376
-0.0014622
-0.00131896
-0.00121952
-0.00118042
-0.0011828
-0.00120637
-0.00126171
-0.00134253
-0.00127572
-0.00124213
-0.00125679
-0.00128802
-0.00130917
-0.001328
-0.00137449
-0.00147757
-0.00158926
-0.00140619
-0.00165015
-0.00181587
-0.0016779
-0.00156442
-0.00149439
-0.00146244
-0.00144871
-0.00144006
-0.00145493
-0.0015411
-0.00147739
-0.00142982
-0.00141648
-0.00142309
-0.00143231
-0.00144764
-0.00149318
-0.00159143
-0.00169247
-0.00135385
-0.00155357
-0.00195268
-0.00162993
-0.00155815
-0.00151868
-0.00149832
-0.00148883
-0.0014988
-0.00157783
-0.00177788
-0.00163553
-0.00148858
-0.00145797
-0.00145891
-0.00146454
-0.00147396
-0.00150185
-0.00156187
-0.00172921
-0.00120301
-0.00125564
-0.00226648
-0.0024352
-0.00248099
-0.00264612
-0.0028447
-0.00304091
-0.00322914
-0.00346502
-0.00393773
-0.00358283
-0.00322662
-0.00295597
-0.00267708
-0.00244531
-0.0022655
-0.00214952
-0.00213179
-0.00186638
-0.000846518
-0.000373514
-0.0013005
-0.00193294
-0.00249719
-0.00306729
-0.00367777
-0.00433165
-0.00500809
-0.00567796
-0.00649863
-0.00571851
-0.00511113
-0.00441312
-0.00372112
-0.00308538
-0.00250755
-0.00197816
-0.00145221
-0.000852632
3.02797e-05
-0.000218119
-0.000259245
-0.000300595
-0.000321896
-0.00031311
-0.000292317
-0.000318321
-0.000331584
-0.000339164
-0.000341716
-0.000405613
-0.00049538
-0.000580234
-0.000657341
-0.000721075
-0.000766967
-0.000793583
-0.000799589
-0.000791833
-0.000816473
-0.000568994
-0.000497846
-0.000484316
-0.000471882
-0.000448727
-0.000486929
-0.000563887
-0.000619282
-0.000633434
-0.000618986
-0.000586006
-0.000641058
-0.000741569
-0.000840481
-0.00092064
-0.000975967
-0.00100738
-0.00101446
-0.000992656
-0.000935823
-0.000768488
-0.000709053
-0.000660645
-0.000632081
-0.00060969
-0.000654186
-0.000720266
-0.000792814
-0.000844894
-0.000841279
-0.000800478
-0.000812062
-0.000908682
-0.00101428
-0.00109225
-0.00113691
-0.00115516
-0.00115504
-0.00115117
-0.00121924
-0.00115815
-0.00100816
-0.00088036
-0.000809514
-0.000783188
-0.000814218
-0.000868874
-0.000936585
-0.00100469
-0.00102496
-0.000991879
-0.000984175
-0.00105991
-0.00115623
-0.00121988
-0.0012498
-0.00126322
-0.00127943
-0.00133138
-0.00134462
-0.00155168
-0.00142107
-0.00121176
-0.00104698
-0.000977965
-0.000984973
-0.00102999
-0.00108192
-0.00113649
-0.00117103
-0.00114833
-0.00113636
-0.00118684
-0.00126406
-0.00131403
-0.00133911
-0.001362
-0.0014047
-0.0014766
-0.00137277
-0.00160311
-0.00162936
-0.00144292
-0.00126333
-0.00116166
-0.00113854
-0.00115812
-0.00119177
-0.0012305
-0.00126884
-0.00126128
-0.00125508
-0.00128802
-0.00134468
-0.00138388
-0.00140897
-0.00144311
-0.00150196
-0.00157607
-0.00136072
-0.00158902
-0.00179841
-0.0016686
-0.00151262
-0.00141069
-0.00137706
-0.00138337
-0.00140139
-0.00141943
-0.00144643
-0.00145061
-0.00143071
-0.00142309
-0.00144333
-0.00146498
-0.00148507
-0.00152291
-0.0015957
-0.00166935
-0.00129317
-0.00147103
-0.00195062
-0.00162631
-0.00154426
-0.00149573
-0.00147589
-0.00146934
-0.00146635
-0.00147471
-0.00151309
-0.00149177
-0.00145681
-0.00145891
-0.00147592
-0.0014929
-0.00150713
-0.00153158
-0.00156811
-0.00169178
-0.00112215
-0.0011482
-0.00214595
-0.0023909
-0.0024121
-0.00253566
-0.00269411
-0.00284504
-0.00295369
-0.0029913
-0.00299528
-0.0029061
-0.00286633
-0.00267708
-0.00244319
-0.00225683
-0.00212015
-0.00204597
-0.00205871
-0.00174984
-0.00074266
-0.000272231
-0.00113508
-0.00171466
-0.00222791
-0.00272321
-0.00323362
-0.00375613
-0.00427813
-0.00477711
-0.00525568
-0.00472029
-0.00425522
-0.00372112
-0.0031757
-0.00265492
-0.00216901
-0.00171577
-0.00124407
-0.000693127
0.000134548
-0.000432109
-0.000461602
-0.000479746
-0.000469982
-0.000420395
-0.000301506
-0.000324798
-0.000332099
-0.000336049
-0.000333215
-0.000397203
-0.000507682
-0.000618547
-0.000721075
-0.000803465
-0.000858022
-0.000885138
-0.000887532
-0.000882176
-0.000916187
-0.000568307
-0.00062191
-0.000644184
-0.000625863
-0.000560772
-0.000505267
-0.000551941
-0.000617469
-0.000640792
-0.000621579
-0.000580149
-0.000651713
-0.000786711
-0.00092064
-0.00102444
-0.00108992
-0.00112555
-0.00114092
-0.00114083
-0.00114841
-0.000621927
-0.000698685
-0.000754059
-0.000761484
-0.000707563
-0.000663512
-0.000710597
-0.000773988
-0.000846612
-0.000859611
-0.000816379
-0.000822928
-0.000948284
-0.00109225
-0.00119554
-0.00124968
-0.00127326
-0.00128241
-0.0012735
-0.00125502
-0.00120399
-0.000939294
-0.000885884
-0.000885903
-0.000856523
-0.000835905
-0.000873239
-0.000930814
-0.000992851
-0.00103758
-0.00101745
-0.00100062
-0.00109141
-0.00121988
-0.00130115
-0.00133479
-0.00134969
-0.00135813
-0.00135974
-0.00131144
-0.00150481
-0.00136071
-0.00114665
-0.00104979
-0.00101222
-0.00100549
-0.00103635
-0.00108063
-0.00112779
-0.0011716
-0.00116958
-0.00115537
-0.00121235
-0.00131403
-0.0013785
-0.00140764
-0.0014269
-0.00144486
-0.00146614
-0.00132104
-0.00153731
-0.00159478
-0.00139562
-0.00123908
-0.00116893
-0.00115561
-0.00117644
-0.00120785
-0.00123919
-0.00126992
-0.00127705
-0.00127209
-0.00130917
-0.00138388
-0.00143603
-0.00146521
-0.0014929
-0.0015207
-0.00155155
-0.00129334
-0.00150111
-0.00177077
-0.00163928
-0.00146132
-0.00136187
-0.00133674
-0.00135351
-0.00138314
-0.0014102
-0.00143564
-0.00145328
-0.00143863
-0.00143231
-0.00146498
-0.00150026
-0.00152784
-0.00156173
-0.00160497
-0.00163213
-0.001206
-0.00135624
-0.00190646
-0.00161677
-0.00152149
-0.00146522
-0.00144881
-0.00145284
-0.00145865
-0.00146063
-0.00146541
-0.00145893
-0.00145087
-0.00146454
-0.0014929
-0.00152105
-0.00154155
-0.00156153
-0.00157021
-0.00163573
-0.00101159
-0.00100589
-0.00197917
-0.00227692
-0.00226209
-0.00231914
-0.00243028
-0.00255569
-0.00264916
-0.00266124
-0.00260548
-0.00257255
-0.00258773
-0.00244531
-0.00225683
-0.00211451
-0.00201364
-0.00196365
-0.00197537
-0.00160493
-0.000608133
-0.000138764
-0.000924453
-0.00144911
-0.00190197
-0.00232144
-0.0027428
-0.00315879
-0.00355
-0.0038901
-0.00415066
-0.00379098
-0.00347607
-0.00308538
-0.00265492
-0.00222849
-0.00182245
-0.0014346
-0.00100554
-0.000498453
0.000264947
-0.000652214
-0.000644452
-0.000640928
-0.000608678
-0.000537168
-0.000412835
-0.000313538
-0.000338626
-0.00034173
-0.000339038
-0.000394294
-0.000516571
-0.000645956
-0.000766967
-0.000858022
-0.00090585
-0.000915337
-0.000891306
-0.000856387
-0.00086898
-0.000865381
-0.000868195
-0.000859614
-0.000813188
-0.000717198
-0.000567646
-0.000568146
-0.000610933
-0.000649422
-0.000632434
-0.000582507
-0.000655375
-0.00081521
-0.000975967
-0.00108992
-0.00114324
-0.00115099
-0.00113878
-0.00112047
-0.00111471
-0.000849712
-0.000937857
-0.000987257
-0.000974771
-0.000892816
-0.000753565
-0.000727443
-0.000768623
-0.000833856
-0.000879742
-0.000845913
-0.000827332
-0.000963925
-0.00113691
-0.00124968
-0.0012836
-0.00127581
-0.00126088
-0.00124341
-0.00120878
-0.00121734
-0.00107869
-0.00108819
-0.00109998
-0.00105271
-0.000953832
-0.000925069
-0.000950274
-0.000995963
-0.00104489
-0.00104957
-0.0010178
-0.00110097
-0.0012498
-0.00133479
-0.00135191
-0.00134889
-0.00133949
-0.00132703
-0.00124392
-0.00144532
-0.00137363
-0.00126035
-0.00122517
-0.00119306
-0.0011354
-0.00111453
-0.00112716
-0.00115229
-0.00118187
-0.00119723
-0.00118177
-0.00122595
-0.00133911
-0.00140764
-0.00142924
-0.00143436
-0.00143259
-0.00141839
-0.00123923
-0.00144309
-0.00157784
-0.00145208
-0.0013617
-0.00131449
-0.00127672
-0.00126383
-0.0012705
-0.00128311
-0.00129759
-0.00130709
-0.00130085
-0.001328
-0.00140897
-0.00146521
-0.00148882
-0.00150179
-0.00150371
-0.00149933
-0.00119237
-0.00137634
-0.0017201
-0.00164952
-0.00152222
-0.00144292
-0.00140603
-0.00140224
-0.00141607
-0.00143269
-0.00144828
-0.00146133
-0.00145532
-0.00144764
-0.00148507
-0.00152784
-0.00155829
-0.00158559
-0.00160079
-0.0015645
-0.00107947
-0.0011961
-0.0018145
-0.00162825
-0.00155847
-0.00149955
-0.00147492
-0.00147362
-0.00147887
-0.00148092
-0.0014791
-0.00146823
-0.00146005
-0.00147396
-0.00150713
-0.00154155
-0.00156303
-0.00156957
-0.00154542
-0.00153915
-0.000857906
-0.000816723
-0.00175993
-0.00211908
-0.00209042
-0.00208449
-0.00215335
-0.00226014
-0.00234415
-0.00237124
-0.00234958
-0.00233456
-0.0023595
-0.0022655
-0.00212015
-0.00201364
-0.00194168
-0.00190574
-0.00185808
-0.00141507
-0.000430395
3.18702e-05
-0.000672932
-0.00115108
-0.00154729
-0.00189475
-0.00223698
-0.00256917
-0.0028661
-0.00309904
-0.00323484
-0.00299813
-0.00279169
-0.00250755
-0.00216901
-0.00182245
-0.00148386
-0.00114389
-0.000745447
-0.000267788
0.000430312
-0.000765417
-0.00074016
-0.000736235
-0.000711603
-0.000641664
-0.000518449
-0.000322474
-0.000340335
-0.000345401
-0.000345657
-0.000388586
-0.000515959
-0.00065903
-0.000793583
-0.000885138
-0.000915337
-0.000879159
-0.000794949
-0.000699682
-0.000672598
-0.00105115
-0.0010292
-0.00100562
-0.000958701
-0.000865563
-0.000710093
-0.000567232
-0.00059945
-0.000642919
-0.000646825
-0.000593094
-0.000648719
-0.000823689
-0.00100738
-0.00112555
-0.00115099
-0.00112174
-0.00106093
-0.000997637
-0.000964015
-0.00113996
-0.00114566
-0.00115656
-0.00113418
-0.0010594
-0.000910029
-0.000781123
-0.000785525
-0.000828711
-0.000890015
-0.000895073
-0.000834351
-0.000959649
-0.00115516
-0.00127326
-0.00127581
-0.00123754
-0.00118354
-0.00113378
-0.00108312
-0.00128992
-0.00127274
-0.00126821
-0.00126409
-0.00122498
-0.0011181
-0.00102237
-0.00101225
-0.00103436
-0.00106612
-0.00108747
-0.00105719
-0.00110885
-0.00126322
-0.00134969
-0.00134889
-0.00132032
-0.00127559
-0.00123327
-0.00112654
-0.00135067
-0.0014269
-0.00141391
-0.00139393
-0.00136722
-0.00130266
-0.00123989
-0.00122145
-0.00122337
-0.00123286
-0.00124558
-0.00123991
-0.00125751
-0.001362
-0.0014269
-0.00143436
-0.00140732
-0.00136621
-0.0013204
-0.00111022
-0.00130553
-0.00152181
-0.00152376
-0.00150712
-0.0014824
-0.00144041
-0.00139905
-0.00137916
-0.00137128
-0.00136877
-0.00137061
-0.00136653
-0.00137449
-0.00144311
-0.0014929
-0.00150179
-0.00149031
-0.00145768
-0.00138988
-0.00103919
-0.00119584
-0.00161279
-0.00166559
-0.00163903
-0.00159275
-0.0015502
-0.00152119
-0.00150962
-0.00150699
-0.0015069
-0.0015069
-0.00150162
-0.00149318
-0.00152291
-0.00156173
-0.00158559
-0.00158982
-0.00153617
-0.00142559
-0.000892714
-0.000967607
-0.0016413
-0.00162074
-0.00162082
-0.00160282
-0.00157742
-0.00155759
-0.00154731
-0.00154103
-0.00153293
-0.00151565
-0.0014984
-0.00150185
-0.00153158
-0.00156153
-0.00156957
-0.00155214
-0.00151709
-0.0013636
-0.000634472
-0.000558201
-0.00146195
-0.00191547
-0.00200624
-0.00198813
-0.00202581
-0.00209263
-0.00215385
-0.00217935
-0.00217458
-0.00217037
-0.00219852
-0.00214952
-0.00204597
-0.00196365
-0.00190574
-0.00186529
-0.00167246
-0.00114457
-0.000183939
0.000253415
-0.000371809
-0.000819491
-0.00118341
-0.00148834
-0.00176616
-0.00202662
-0.00225136
-0.00241275
-0.00247765
-0.00232223
-0.00218465
-0.00197816
-0.00171577
-0.0014346
-0.00114389
-0.000823588
-0.00044655
9.5784e-06
0.000644441
-0.00065735
-0.000652698
-0.000696212
-0.000731139
-0.000710034
-0.000617504
-0.000470243
-0.000344603
-0.000347325
-0.000352918
-0.000372125
-0.00049788
-0.000652712
-0.000799589
-0.000887532
-0.000891306
-0.000794949
-0.000623987
-0.000435704
-0.000348246
-0.000993596
-0.00097837
-0.000990159
-0.00100532
-0.000967213
-0.000836484
-0.000641969
-0.000593569
-0.000630983
-0.000657356
-0.000619946
-0.00063073
-0.00080807
-0.00101446
-0.00114092
-0.00113878
-0.00106093
-0.000931245
-0.000797061
-0.000719071
-0.00113468
-0.00113287
-0.00114134
-0.00116128
-0.0011501
-0.00104273
-0.000864891
-0.000822064
-0.000853767
-0.000901895
-0.000945189
-0.0008673
-0.000950508
-0.00115504
-0.00128241
-0.00126088
-0.00118354
-0.00106897
-0.000956922
-0.000874048
-0.00118943
-0.00123154
-0.00124717
-0.00127123
-0.00128688
-0.0012407
-0.00113412
-0.00110812
-0.00112071
-0.00113779
-0.00115844
-0.00114488
-0.00115971
-0.00127943
-0.00135813
-0.00133949
-0.00127559
-0.00116701
-0.00105462
-0.000930551
-0.00117348
-0.0013038
-0.00134553
-0.00138156
-0.00140949
-0.00140438
-0.00135993
-0.001341
-0.00133681
-0.00133594
-0.00134219
-0.00134373
-0.00134992
-0.0014047
-0.00144486
-0.00143259
-0.00136621
-0.00125039
-0.00111826
-0.000900156
-0.00108537
-0.00134495
-0.00142932
-0.00148332
-0.00151702
-0.00152708
-0.0015123
-0.00149896
-0.00148981
-0.00148209
-0.00147949
-0.00147716
-0.00147757
-0.00150196
-0.0015207
-0.00150371
-0.00145768
-0.00132694
-0.00116023
-0.000799008
-0.000922375
-0.00136297
-0.00150878
-0.00159686
-0.00163063
-0.00163463
-0.00162777
-0.00162149
-0.00161786
-0.00161462
-0.00160875
-0.00159991
-0.00159143
-0.0015957
-0.00160497
-0.00160079
-0.00153617
-0.00138364
-0.00115277
-0.00061082
-0.000635074
-0.0013015
-0.00151506
-0.00157633
-0.0015963
-0.00161931
-0.00163057
-0.00163142
-0.00162615
-0.00161558
-0.0015948
-0.00157157
-0.00156187
-0.00156811
-0.00157021
-0.00154542
-0.00151709
-0.00138791
-0.00104128
-0.000305279
-0.000193509
-0.00101708
-0.00152743
-0.00180087
-0.00193521
-0.00202155
-0.00208136
-0.00212797
-0.00214363
-0.00213926
-0.00213527
-0.00215657
-0.00213179
-0.00205871
-0.00197537
-0.00185808
-0.00167246
-0.00132741
-0.000735822
0.000165121
0.000549338
4.59966e-06
-0.00041777
-0.000770179
-0.00105292
-0.00129581
-0.00151068
-0.0016855
-0.00180257
-0.00183004
-0.00171834
-0.00161205
-0.00145221
-0.00124407
-0.00100554
-0.000745447
-0.00044655
-8.29021e-05
0.000353928
0.000926085
-0.000315288
-0.000361705
-0.000505696
-0.000659453
-0.000724975
-0.000671971
-0.000525228
-0.000351052
-0.000348704
-0.000346696
-0.000353055
-0.000453307
-0.000626753
-0.000791833
-0.000882176
-0.000856387
-0.000699682
-0.000435704
-0.000132628
4.33305e-05
-0.000734609
-0.000760579
-0.000849627
-0.000957322
-0.00101092
-0.000920371
-0.000719206
-0.000620174
-0.000636652
-0.000660268
-0.000677547
-0.000602819
-0.000762156
-0.000992656
-0.00114083
-0.00112047
-0.000997637
-0.000797061
-0.000572879
-0.000424187
-0.000901774
-0.000924823
-0.000996579
-0.00109428
-0.0011653
-0.00112589
-0.000956215
-0.00090776
-0.000926993
-0.000947411
-0.000984059
-0.000953427
-0.000981161
-0.00115117
-0.0012735
-0.00124341
-0.00113378
-0.000956922
-0.00075807
-0.000610672
-0.00094404
-0.000996364
-0.00107808
-0.00118658
-0.00126963
-0.00130296
-0.00124982
-0.00124387
-0.00125582
-0.00126129
-0.00127329
-0.00127771
-0.00127898
-0.00133138
-0.00135974
-0.00132703
-0.00123327
-0.00105462
-0.000840813
-0.000661764
-0.000887586
-0.00101392
-0.00112644
-0.00126587
-0.00136953
-0.00143604
-0.00145257
-0.00146485
-0.00147163
-0.00147036
-0.00147237
-0.00147531
-0.00147408
-0.0014766
-0.00146614
-0.00141839
-0.0013204
-0.00111826
-0.000859287
-0.00061052
-0.000755237
-0.000991721
-0.00116095
-0.00134518
-0.00147124
-0.00154578
-0.00158233
-0.00160358
-0.00161381
-0.00161099
-0.00160809
-0.00160326
-0.00158926
-0.00157607
-0.00155155
-0.00149933
-0.00138988
-0.00116023
-0.000837546
-0.000467929
-0.000531628
-0.000912601
-0.0011771
-0.00141386
-0.00155958
-0.00164335
-0.00169278
-0.00171815
-0.00173174
-0.0017352
-0.00172506
-0.00170912
-0.00169247
-0.00166935
-0.00163213
-0.0015645
-0.00142559
-0.00115277
-0.000762336
-0.000225942
-0.000175836
-0.000738547
-0.00112317
-0.00140767
-0.00156945
-0.0016655
-0.00172859
-0.00176974
-0.00178934
-0.00178938
-0.00177544
-0.00175678
-0.00172921
-0.00169178
-0.00163573
-0.00153915
-0.0013636
-0.00104128
-0.000554266
0.000137017
0.000303298
-0.000380253
-0.000890992
-0.00126014
-0.0015103
-0.00168996
-0.00182697
-0.00193597
-0.00201865
-0.00206048
-0.00200907
-0.0019506
-0.00186638
-0.00174984
-0.00160493
-0.00141507
-0.00114457
-0.000735822
-0.000150534
0.000632339
0.000931192
0.00046635
7.27825e-05
-0.000261595
-0.000526522
-0.000741961
-0.00091556
-0.00104714
-0.00112722
-0.00112532
-0.00104787
-0.000971187
-0.000852632
-0.000693127
-0.000498453
-0.000267788
9.5784e-06
0.000353928
0.0007669
0.00127616
1.20593e-05
-0.000107564
-0.00036164
-0.000617257
-0.000752225
-0.000715001
-0.000514572
-0.000314676
-0.000334265
-0.000327051
-0.00034962
-0.000382906
-0.000616717
-0.000816473
-0.000916187
-0.00086898
-0.000672598
-0.000348246
4.33305e-05
0.0003165
-0.000428218
-0.000522666
-0.000714111
-0.000910196
-0.00102824
-0.000967903
-0.0007295
-0.000656925
-0.000640175
-0.000649828
-0.000667386
-0.000620767
-0.000681616
-0.000935823
-0.00114841
-0.00111471
-0.000964015
-0.000719071
-0.000424187
-0.000186888
-0.00057674
-0.000667393
-0.000849688
-0.0010342
-0.00115549
-0.00120038
-0.00103952
-0.00104009
-0.00103661
-0.00101832
-0.00104972
-0.00112355
-0.00113161
-0.00121924
-0.00125502
-0.00120878
-0.00108312
-0.000874048
-0.000610672
-0.0003654
-0.000573529
-0.000684153
-0.000895832
-0.00109495
-0.00121645
-0.0012943
-0.00135163
-0.00138061
-0.00139485
-0.00139578
-0.00139171
-0.00137874
-0.00136296
-0.00134462
-0.00131144
-0.00124392
-0.00112654
-0.000930551
-0.000661764
-0.000370074
-0.000462805
-0.000620518
-0.000882392
-0.00109926
-0.0012376
-0.00133001
-0.00139662
-0.00144366
-0.00147041
-0.00146576
-0.0014498
-0.00143155
-0.00140725
-0.00137277
-0.00132104
-0.00123923
-0.00111022
-0.000900156
-0.00061052
-0.000259224
-0.000264417
-0.000500953
-0.000805817
-0.00105396
-0.00121666
-0.00132665
-0.00140308
-0.00145543
-0.00148484
-0.00147617
-0.00145611
-0.00143562
-0.00140619
-0.00136072
-0.00129334
-0.00119237
-0.00103919
-0.000799008
-0.000467929
-5.58483e-05
3.59064e-05
-0.000310129
-0.000653063
-0.000939353
-0.00113124
-0.00126296
-0.00135463
-0.00141731
-0.00145321
-0.00144362
-0.00141919
-0.00139365
-0.00135385
-0.00129317
-0.001206
-0.00107947
-0.000892714
-0.00061082
-0.000225942
0.000257726
0.000463317
9.00579e-06
-0.000388392
-0.000713889
-0.000940412
-0.00109741
-0.00120873
-0.00128599
-0.00133
-0.00132174
-0.00129113
-0.00125814
-0.00120301
-0.00112215
-0.00101159
-0.000857906
-0.000634472
-0.000305279
0.000137017
0.000704059
0.000972117
0.000466115
3.41042e-05
-0.000308079
-0.000554179
-0.000731389
-0.000861944
-0.000957432
-0.00101612
-0.00101319
-0.000968965
-0.000921455
-0.000846518
-0.00074266
-0.000608133
-0.000430395
-0.000183939
0.000165121
0.000632339
0.00123014
0.00143104
0.00105525
0.000721914
0.000446661
0.000239679
8.33726e-05
-3.4245e-05
-0.00012025
-0.000170872
-0.000156742
-0.000105453
-5.032e-05
3.02797e-05
0.000134548
0.000264947
0.000430312
0.000644441
0.000926085
0.00127616
0.00170357
)
;

boundaryField
{
    floor
    {
        type            fixedFluxPressure;
        gradient        uniform 0;
        value           nonuniform List<scalar> 
400
(
-5.4127e-06
-0.000259841
-0.000566731
-0.000677462
-0.000561206
-0.000296812
-0.000212396
-0.000219635
-0.000224937
-0.000227831
-0.000233359
-0.000234622
-0.000242664
-0.000218119
-0.000432109
-0.000652214
-0.000765417
-0.00065735
-0.000315288
1.20593e-05
-0.000259841
-0.00039264
-0.0005879
-0.000638562
-0.000526374
-0.000312359
-0.000222182
-0.000228828
-0.000230366
-0.000230367
-0.000236648
-0.000243506
-0.000262945
-0.000259245
-0.000461602
-0.000644452
-0.00074016
-0.000652698
-0.000361705
-0.000107564
-0.000566731
-0.0005879
-0.000639205
-0.000611244
-0.00048378
-0.000278568
-0.000235864
-0.000235006
-0.000237719
-0.000240361
-0.000254907
-0.000273605
-0.000270751
-0.000300595
-0.000479746
-0.000640928
-0.000736235
-0.000696212
-0.000505696
-0.00036164
-0.000677462
-0.000638562
-0.000611244
-0.000537518
-0.00041097
-0.00023081
-0.000250388
-0.000238545
-0.000246278
-0.000258814
-0.000284969
-0.000297656
-0.000263818
-0.000321896
-0.000469982
-0.000608678
-0.000711603
-0.000731139
-0.000659453
-0.000617257
-0.000561206
-0.000526374
-0.00048378
-0.00041097
-0.00030932
-0.000215404
-0.000255165
-0.000243815
-0.000250147
-0.000271732
-0.000301226
-0.00030496
-0.000268989
-0.00031311
-0.000420395
-0.000537168
-0.000641664
-0.000710034
-0.000724975
-0.000752225
-0.000296812
-0.000312359
-0.000278568
-0.00023081
-0.000215404
-0.000230257
-0.000248752
-0.000247528
-0.000254522
-0.000278647
-0.00031571
-0.000322018
-0.000297578
-0.000292317
-0.000301506
-0.000412835
-0.000518449
-0.000617504
-0.000671971
-0.000715001
-0.000212396
-0.000222182
-0.000235864
-0.000250388
-0.000255165
-0.000248752
-0.000251004
-0.000255615
-0.000269967
-0.00029637
-0.000337821
-0.000342521
-0.000326011
-0.000318321
-0.000324798
-0.000313538
-0.000322474
-0.000470243
-0.000525228
-0.000514572
-0.000219635
-0.000228828
-0.000235006
-0.000238545
-0.000243815
-0.000247528
-0.000255615
-0.000272695
-0.0003035
-0.000349452
-0.000390233
-0.000368862
-0.00034392
-0.000331584
-0.000332099
-0.000338626
-0.000340335
-0.000344603
-0.000351052
-0.000314676
-0.000224937
-0.000230366
-0.000237719
-0.000246278
-0.000250147
-0.000254522
-0.000269967
-0.0003035
-0.00036649
-0.000514079
-0.000543246
-0.000410019
-0.000360523
-0.000339164
-0.000336049
-0.00034173
-0.000345401
-0.000347325
-0.000348704
-0.000334265
-0.000227831
-0.000230367
-0.000240361
-0.000258814
-0.000271732
-0.000278647
-0.00029637
-0.000349452
-0.000514079
-0.0034186
-0.00349922
-0.000557795
-0.0003878
-0.000341716
-0.000333215
-0.000339038
-0.000345657
-0.000352918
-0.000346696
-0.000327051
-0.000233359
-0.000236648
-0.000254907
-0.000284969
-0.000301226
-0.00031571
-0.000337821
-0.000390233
-0.000543246
-0.00349922
-0.00343124
-0.000604933
-0.000441361
-0.000405613
-0.000397203
-0.000394294
-0.000388586
-0.000372125
-0.000353055
-0.00034962
-0.000234622
-0.000243506
-0.000273605
-0.000297656
-0.00030496
-0.000322018
-0.000342521
-0.000368862
-0.000410019
-0.000557795
-0.000604933
-0.000501696
-0.000488419
-0.00049538
-0.000507682
-0.000516571
-0.000515959
-0.00049788
-0.000453307
-0.000382906
-0.000242664
-0.000262945
-0.000270751
-0.000263818
-0.000268989
-0.000297578
-0.000326011
-0.00034392
-0.000360523
-0.0003878
-0.000441361
-0.000488419
-0.000535493
-0.000580234
-0.000618547
-0.000645956
-0.00065903
-0.000652712
-0.000626753
-0.000616717
-0.000218119
-0.000259245
-0.000300595
-0.000321896
-0.00031311
-0.000292317
-0.000318321
-0.000331584
-0.000339164
-0.000341716
-0.000405613
-0.00049538
-0.000580234
-0.000657341
-0.000721075
-0.000766967
-0.000793583
-0.000799589
-0.000791833
-0.000816473
-0.000432109
-0.000461602
-0.000479746
-0.000469982
-0.000420395
-0.000301506
-0.000324798
-0.000332099
-0.000336049
-0.000333215
-0.000397203
-0.000507682
-0.000618547
-0.000721075
-0.000803465
-0.000858022
-0.000885138
-0.000887532
-0.000882176
-0.000916187
-0.000652214
-0.000644452
-0.000640928
-0.000608678
-0.000537168
-0.000412835
-0.000313538
-0.000338626
-0.00034173
-0.000339038
-0.000394294
-0.000516571
-0.000645956
-0.000766967
-0.000858022
-0.00090585
-0.000915337
-0.000891306
-0.000856387
-0.00086898
-0.000765417
-0.00074016
-0.000736235
-0.000711603
-0.000641664
-0.000518449
-0.000322474
-0.000340335
-0.000345401
-0.000345657
-0.000388586
-0.000515959
-0.00065903
-0.000793583
-0.000885138
-0.000915337
-0.000879159
-0.000794949
-0.000699682
-0.000672598
-0.00065735
-0.000652698
-0.000696212
-0.000731139
-0.000710034
-0.000617504
-0.000470243
-0.000344603
-0.000347325
-0.000352918
-0.000372125
-0.00049788
-0.000652712
-0.000799589
-0.000887532
-0.000891306
-0.000794949
-0.000623987
-0.000435704
-0.000348246
-0.000315288
-0.000361705
-0.000505696
-0.000659453
-0.000724975
-0.000671971
-0.000525228
-0.000351052
-0.000348704
-0.000346696
-0.000353055
-0.000453307
-0.000626753
-0.000791833
-0.000882176
-0.000856387
-0.000699682
-0.000435704
-0.000132628
4.33305e-05
1.20593e-05
-0.000107564
-0.00036164
-0.000617257
-0.000752225
-0.000715001
-0.000514572
-0.000314676
-0.000334265
-0.000327051
-0.00034962
-0.000382906
-0.000616717
-0.000816473
-0.000916187
-0.00086898
-0.000672598
-0.000348246
4.33305e-05
0.0003165
)
;
    }
    ceiling
    {
        type            fixedFluxPressure;
        gradient        nonuniform List<scalar> 
400
(
0.217505
0.218992
0.22045
0.221728
0.222839
0.223789
0.22456
0.225113
0.225369
0.225111
0.224592
0.224356
0.223944
0.223331
0.222542
0.221603
0.220523
0.219282
0.217852
0.216295
0.218992
0.220624
0.222242
0.223702
0.225022
0.226207
0.227219
0.227987
0.2284
0.228234
0.227547
0.227217
0.226646
0.225818
0.224784
0.223596
0.22228
0.22081
0.219148
0.217369
0.22045
0.222242
0.223957
0.225523
0.226984
0.228358
0.229597
0.230588
0.231182
0.231126
0.230293
0.229865
0.229123
0.228078
0.226812
0.225414
0.223928
0.222312
0.220516
0.218573
0.221728
0.223702
0.225523
0.227199
0.228811
0.230404
0.231914
0.23319
0.234034
0.234132
0.233092
0.232526
0.231564
0.230267
0.228736
0.227098
0.225433
0.223675
0.22176
0.219655
0.222839
0.225022
0.226984
0.228811
0.23066
0.232581
0.23446
0.236125
0.237341
0.237727
0.236395
0.235556
0.23424
0.232573
0.230688
0.228725
0.226833
0.224919
0.222874
0.220593
0.223789
0.226207
0.228358
0.230404
0.232581
0.234895
0.237223
0.239407
0.241187
0.242115
0.240414
0.239068
0.237207
0.235033
0.232709
0.23037
0.228176
0.226078
0.223871
0.221395
0.22456
0.227219
0.229597
0.231914
0.23446
0.237223
0.240115
0.243016
0.245699
0.247732
0.245568
0.243215
0.240482
0.237607
0.234738
0.231973
0.229439
0.227119
0.224722
0.222048
0.225113
0.227987
0.230588
0.23319
0.236125
0.239407
0.243016
0.246944
0.251153
0.255553
0.252736
0.248263
0.244082
0.240217
0.236663
0.233414
0.230523
0.227966
0.22538
0.222523
0.225369
0.2284
0.231182
0.234034
0.237341
0.241187
0.245699
0.251153
0.258102
0.267601
0.263664
0.254655
0.247986
0.242707
0.238305
0.234524
0.231285
0.228515
0.225765
0.222759
0.225111
0.228234
0.231126
0.234132
0.237727
0.242115
0.247732
0.255553
0.267601
0.289112
0.282841
0.263731
0.252391
0.244916
0.239444
0.235106
0.231563
0.228634
0.225755
0.222651
0.224592
0.227547
0.230293
0.233092
0.236395
0.240414
0.245568
0.252736
0.263664
0.282841
0.268444
0.256222
0.248199
0.242387
0.237829
0.234063
0.230893
0.228181
0.225463
0.222508
0.224356
0.227217
0.229865
0.232526
0.235556
0.239068
0.243215
0.248263
0.254655
0.263731
0.256222
0.250014
0.244784
0.240332
0.236517
0.233209
0.230328
0.227769
0.225186
0.22236
0.223944
0.226646
0.229123
0.231564
0.23424
0.237207
0.240482
0.244082
0.247986
0.252391
0.248199
0.244784
0.241232
0.23783
0.234713
0.231898
0.229373
0.227041
0.224644
0.221992
0.223331
0.225818
0.228078
0.230267
0.232573
0.235033
0.237607
0.240217
0.242707
0.244916
0.242387
0.240332
0.23783
0.23521
0.232681
0.230321
0.228151
0.226066
0.223874
0.221425
0.222542
0.224784
0.226812
0.228736
0.230688
0.232709
0.234738
0.236663
0.238305
0.239444
0.237829
0.236517
0.234713
0.232681
0.230634
0.228668
0.226811
0.224935
0.222936
0.220698
0.221603
0.223596
0.225414
0.227098
0.228725
0.23037
0.231973
0.233414
0.234524
0.235106
0.234063
0.233209
0.231898
0.230321
0.228668
0.227031
0.22542
0.223712
0.221872
0.219836
0.220523
0.22228
0.223928
0.225433
0.226833
0.228176
0.229439
0.230523
0.231285
0.231563
0.230893
0.230328
0.229373
0.228151
0.226811
0.22542
0.223959
0.222397
0.22069
0.218841
0.219282
0.22081
0.222312
0.223675
0.224919
0.226078
0.227119
0.227966
0.228515
0.228634
0.228181
0.227769
0.227041
0.226066
0.224935
0.223712
0.222397
0.22096
0.21937
0.2177
0.217852
0.219148
0.220516
0.22176
0.222874
0.223871
0.224722
0.22538
0.225765
0.225755
0.225463
0.225186
0.224644
0.223874
0.222936
0.221872
0.22069
0.21937
0.217898
0.216409
0.216295
0.217369
0.218573
0.219655
0.220593
0.221395
0.222048
0.222523
0.222759
0.222651
0.222508
0.22236
0.221992
0.221425
0.220698
0.219836
0.218841
0.2177
0.216409
0.215116
)
;
        value           nonuniform List<scalar> 
400
(
0.0555955
0.0554881
0.0554627
0.0554727
0.0555188
0.0555833
0.0556477
0.0556932
0.0557016
0.0556668
0.0556451
0.0556429
0.0556126
0.0555606
0.0554968
0.0554327
0.0553843
0.05537
0.0553941
0.0555048
0.0554881
0.0553411
0.0552899
0.0552724
0.0552938
0.0553362
0.0553834
0.0554203
0.0554324
0.0554112
0.0553909
0.0553889
0.0553609
0.0553194
0.0552715
0.0552261
0.0551983
0.0552072
0.0552533
0.0553976
0.0554627
0.0552899
0.0552387
0.0552303
0.0552671
0.0553195
0.0553683
0.0554029
0.0554148
0.0553933
0.0553726
0.0553764
0.0553478
0.0553048
0.0552539
0.0552024
0.0551624
0.0551603
0.0552018
0.0553651
0.0554727
0.0552724
0.0552303
0.0552467
0.0553014
0.055364
0.0554202
0.0554634
0.0554845
0.0554631
0.0554341
0.055435
0.0553938
0.0553389
0.055282
0.0552272
0.0551749
0.0551486
0.0551785
0.0553604
0.0555188
0.0552938
0.0552671
0.0553014
0.0553744
0.0554498
0.0555202
0.0555814
0.0556193
0.0556001
0.0555594
0.0555529
0.0554928
0.0554201
0.0553505
0.0552866
0.0552199
0.0551767
0.055192
0.0553878
0.0555833
0.0553362
0.0553195
0.055364
0.0554498
0.0555432
0.055639
0.055731
0.0558025
0.0558069
0.0557508
0.0557162
0.0556239
0.0555246
0.0554344
0.0553555
0.0552777
0.0552236
0.0552257
0.0554322
0.0556477
0.0553834
0.0553683
0.0554202
0.0555202
0.055639
0.0557709
0.0559162
0.0560756
0.0561836
0.0561051
0.05596
0.055789
0.0556455
0.0555256
0.0554242
0.0553331
0.0552692
0.0552651
0.0554779
0.0556932
0.0554203
0.0554029
0.0554634
0.0555814
0.055731
0.0559162
0.0561865
0.0566233
0.0571088
0.0569826
0.0564265
0.0560125
0.0557761
0.0556157
0.0554873
0.0553793
0.0553059
0.0552978
0.0555104
0.0557016
0.0554324
0.0554148
0.0554845
0.0556193
0.0558025
0.0560756
0.0566233
0.0577639
0.05934
0.05902
0.0573179
0.0563185
0.0558995
0.0556861
0.055532
0.0554086
0.0553263
0.0553139
0.0555189
0.0556668
0.0554112
0.0553933
0.0554631
0.0556001
0.0558069
0.0561836
0.0571088
0.05934
0.0629177
0.0619805
0.0583743
0.056599
0.0559733
0.0557103
0.0555416
0.055413
0.0553284
0.0553134
0.0555061
0.0556451
0.0553909
0.0553726
0.0554341
0.0555594
0.0557508
0.0561051
0.0569826
0.05902
0.0619805
0.0603007
0.0576162
0.0563312
0.0558766
0.0556663
0.0555176
0.0554011
0.055327
0.0553178
0.0555216
0.0556429
0.0553889
0.0553764
0.055435
0.0555529
0.0557162
0.05596
0.0564265
0.0573179
0.0583743
0.0576162
0.0566221
0.0560848
0.0558277
0.0556532
0.0555105
0.0553973
0.0553302
0.0553253
0.0555398
0.0556126
0.0553609
0.0553478
0.0553938
0.0554928
0.0556239
0.055789
0.0560125
0.0563185
0.056599
0.0563312
0.0560848
0.0558948
0.0557364
0.0555929
0.055467
0.055365
0.055308
0.0553084
0.0555282
0.0555606
0.0553194
0.0553048
0.0553389
0.0554201
0.0555246
0.0556455
0.0557761
0.0558995
0.0559733
0.0558766
0.0558277
0.0557364
0.0556268
0.0555152
0.0554111
0.055322
0.0552725
0.0552753
0.0554907
0.0554968
0.0552715
0.0552539
0.055282
0.0553505
0.0554344
0.0555256
0.0556157
0.0556861
0.0557103
0.0556663
0.0556532
0.0555929
0.0555152
0.05543
0.0553446
0.0552682
0.0552281
0.0552355
0.0554395
0.0554327
0.0552261
0.0552024
0.0552272
0.0552866
0.0553555
0.0554242
0.0554873
0.055532
0.0555416
0.0555176
0.0555105
0.055467
0.0554111
0.0553446
0.0552739
0.0552112
0.0551825
0.0552002
0.0553893
0.0553843
0.0551983
0.0551624
0.0551749
0.0552199
0.0552777
0.0553331
0.0553793
0.0554086
0.055413
0.0554011
0.0553973
0.055365
0.055322
0.0552682
0.0552112
0.0551662
0.0551527
0.0551821
0.0553548
0.05537
0.0552072
0.0551603
0.0551486
0.0551767
0.0552236
0.0552692
0.0553059
0.0553263
0.0553284
0.055327
0.0553302
0.055308
0.0552725
0.0552281
0.0551825
0.0551527
0.0551572
0.0551965
0.0553512
0.0553941
0.0552533
0.0552018
0.0551785
0.055192
0.0552257
0.0552651
0.0552978
0.0553139
0.0553134
0.0553178
0.0553253
0.0553084
0.0552753
0.0552355
0.0552002
0.0551821
0.0551965
0.0552414
0.0553783
0.0555048
0.0553976
0.0553651
0.0553604
0.0553878
0.0554322
0.0554779
0.0555104
0.0555189
0.0555061
0.0555216
0.0555398
0.0555282
0.0554907
0.0554395
0.0553893
0.0553548
0.0553512
0.0553783
0.0554826
)
;
    }
    fixedWalls
    {
        type            fixedFluxPressure;
        gradient        uniform 0;
        value           nonuniform List<scalar> 
800
(
-5.4127e-06
-0.000453592
-0.000613181
-0.000619127
-0.000530293
-0.000367743
-0.000106084
0.000291114
0.000779219
0.00121932
-0.000259841
-0.000669312
-0.000834668
-0.000890125
-0.000865926
-0.000768089
-0.000585114
-0.000273134
0.000164096
0.000740015
-0.000566731
-0.000905017
-0.00106829
-0.0011487
-0.00115733
-0.00110431
-0.000977979
-0.000728312
-0.000327084
0.000350227
-0.000677462
-0.000978715
-0.00116808
-0.00132079
-0.00136938
-0.00134923
-0.00127092
-0.00107452
-0.00070163
4.05983e-05
-0.000561206
-0.000799951
-0.000943809
-0.00113415
-0.00149402
-0.0015041
-0.00146707
-0.00131655
-0.000970704
-0.000190877
-0.000296812
-0.000507499
-0.000728001
-0.00105285
-0.00155504
-0.00161012
-0.00160367
-0.00148832
-0.00116769
-0.00036382
-0.000212396
-0.000602186
-0.000739412
-0.00102434
-0.00157923
-0.00168172
-0.00169882
-0.00161183
-0.00131682
-0.0004924
-0.000219635
-0.000583379
-0.000786566
-0.000943327
-0.00157026
-0.00172507
-0.0017604
-0.00169833
-0.00143086
-0.000585056
-0.000224937
-0.00058236
-0.000803737
-0.000893195
-0.00151816
-0.0017465
-0.00179374
-0.00175012
-0.00150754
-0.000640761
-0.000227831
-0.000580392
-0.000811362
-0.000893151
-0.0014897
-0.00173528
-0.00177768
-0.00173461
-0.00150049
-0.000610939
-0.000233359
-0.00058093
-0.000832149
-0.000912589
-0.00154051
-0.0017038
-0.00172584
-0.0016615
-0.00140194
-0.000502847
-0.000234622
-0.000580464
-0.000838062
-0.000966664
-0.00156611
-0.00167846
-0.0016911
-0.00161218
-0.00133596
-0.000446036
-0.000242664
-0.000595952
-0.000845628
-0.00102082
-0.00157114
-0.00164783
-0.00165015
-0.00155357
-0.00125564
-0.000373514
-0.000218119
-0.000568994
-0.000768488
-0.00115815
-0.00155168
-0.00160311
-0.00158902
-0.00147103
-0.0011482
-0.000272231
-0.000432109
-0.000568307
-0.000621927
-0.00120399
-0.00150481
-0.00153731
-0.00150111
-0.00135624
-0.00100589
-0.000138764
-0.000652214
-0.000865381
-0.000849712
-0.00121734
-0.00144532
-0.00144309
-0.00137634
-0.0011961
-0.000816723
3.18702e-05
-0.000765417
-0.00105115
-0.00113996
-0.00128992
-0.00135067
-0.00130553
-0.00119584
-0.000967607
-0.000558201
0.000253415
-0.00065735
-0.000993596
-0.00113468
-0.00118943
-0.00117348
-0.00108537
-0.000922375
-0.000635074
-0.000193509
0.000549338
-0.000315288
-0.000734609
-0.000901774
-0.00094404
-0.000887586
-0.000755237
-0.000531628
-0.000175836
0.000303298
0.000931192
1.20593e-05
-0.000428218
-0.00057674
-0.000573529
-0.000462805
-0.000264417
3.59064e-05
0.000463317
0.000972117
0.00143104
1.20593e-05
-0.000428218
-0.00057674
-0.000573529
-0.000462805
-0.000264417
3.59064e-05
0.000463317
0.000972117
0.00143104
-0.000107564
-0.000522666
-0.000667393
-0.000684153
-0.000620518
-0.000500953
-0.000310129
9.00579e-06
0.000466115
0.00105525
-0.00036164
-0.000714111
-0.000849688
-0.000895832
-0.000882392
-0.000805817
-0.000653063
-0.000388392
3.41042e-05
0.000721914
-0.000617257
-0.000910196
-0.0010342
-0.00109495
-0.00109926
-0.00105396
-0.000939353
-0.000713889
-0.000308079
0.000446661
-0.000752225
-0.00102824
-0.00115549
-0.00121645
-0.0012376
-0.00121666
-0.00113124
-0.000940412
-0.000554179
0.000239679
-0.000715001
-0.000967903
-0.00120038
-0.0012943
-0.00133001
-0.00132665
-0.00126296
-0.00109741
-0.000731389
8.33726e-05
-0.000514572
-0.0007295
-0.00103952
-0.00135163
-0.00139662
-0.00140308
-0.00135463
-0.00120873
-0.000861944
-3.4245e-05
-0.000314676
-0.000656925
-0.00104009
-0.00138061
-0.00144366
-0.00145543
-0.00141731
-0.00128599
-0.000957432
-0.00012025
-0.000334265
-0.000640175
-0.00103661
-0.00139485
-0.00147041
-0.00148484
-0.00145321
-0.00133
-0.00101612
-0.000170872
-0.000327051
-0.000649828
-0.00101832
-0.00139578
-0.00146576
-0.00147617
-0.00144362
-0.00132174
-0.00101319
-0.000156742
-0.00034962
-0.000667386
-0.00104972
-0.00139171
-0.0014498
-0.00145611
-0.00141919
-0.00129113
-0.000968965
-0.000105453
-0.000382906
-0.000620767
-0.00112355
-0.00137874
-0.00143155
-0.00143562
-0.00139365
-0.00125814
-0.000921455
-5.032e-05
-0.000616717
-0.000681616
-0.00113161
-0.00136296
-0.00140725
-0.00140619
-0.00135385
-0.00120301
-0.000846518
3.02797e-05
-0.000816473
-0.000935823
-0.00121924
-0.00134462
-0.00137277
-0.00136072
-0.00129317
-0.00112215
-0.00074266
0.000134548
-0.000916187
-0.00114841
-0.00125502
-0.00131144
-0.00132104
-0.00129334
-0.001206
-0.00101159
-0.000608133
0.000264947
-0.00086898
-0.00111471
-0.00120878
-0.00124392
-0.00123923
-0.00119237
-0.00107947
-0.000857906
-0.000430395
0.000430312
-0.000672598
-0.000964015
-0.00108312
-0.00112654
-0.00111022
-0.00103919
-0.000892714
-0.000634472
-0.000183939
0.000644441
-0.000348246
-0.000719071
-0.000874048
-0.000930551
-0.000900156
-0.000799008
-0.00061082
-0.000305279
0.000165121
0.000926085
4.33305e-05
-0.000424187
-0.000610672
-0.000661764
-0.00061052
-0.000467929
-0.000225942
0.000137017
0.000632339
0.00127616
0.0003165
-0.000186888
-0.0003654
-0.000370074
-0.000259224
-5.58483e-05
0.000257726
0.000704059
0.00123014
0.00170357
-5.4127e-06
-0.000453592
-0.000613181
-0.000619127
-0.000530293
-0.000367743
-0.000106084
0.000291114
0.000779219
0.00121932
-0.000259841
-0.000669312
-0.000834668
-0.000890125
-0.000865926
-0.000768089
-0.000585114
-0.000273134
0.000164096
0.000740015
-0.000566731
-0.000905017
-0.00106829
-0.0011487
-0.00115733
-0.00110431
-0.000977979
-0.000728312
-0.000327084
0.000350227
-0.000677462
-0.000978715
-0.00116808
-0.00132079
-0.00136938
-0.00134923
-0.00127092
-0.00107452
-0.00070163
4.05983e-05
-0.000561206
-0.000799951
-0.000943809
-0.00113415
-0.00149402
-0.0015041
-0.00146707
-0.00131655
-0.000970704
-0.000190877
-0.000296812
-0.000507499
-0.000728001
-0.00105285
-0.00155504
-0.00161012
-0.00160367
-0.00148832
-0.00116769
-0.00036382
-0.000212396
-0.000602186
-0.000739412
-0.00102434
-0.00157923
-0.00168172
-0.00169882
-0.00161183
-0.00131682
-0.0004924
-0.000219635
-0.000583379
-0.000786566
-0.000943327
-0.00157026
-0.00172507
-0.0017604
-0.00169833
-0.00143086
-0.000585056
-0.000224937
-0.00058236
-0.000803737
-0.000893195
-0.00151816
-0.0017465
-0.00179374
-0.00175012
-0.00150754
-0.000640761
-0.000227831
-0.000580392
-0.000811362
-0.000893151
-0.0014897
-0.00173528
-0.00177768
-0.00173461
-0.00150049
-0.000610939
-0.000233359
-0.00058093
-0.000832149
-0.000912589
-0.00154051
-0.0017038
-0.00172584
-0.0016615
-0.00140194
-0.000502847
-0.000234622
-0.000580464
-0.000838062
-0.000966664
-0.00156611
-0.00167846
-0.0016911
-0.00161218
-0.00133596
-0.000446036
-0.000242664
-0.000595952
-0.000845628
-0.00102082
-0.00157114
-0.00164783
-0.00165015
-0.00155357
-0.00125564
-0.000373514
-0.000218119
-0.000568994
-0.000768488
-0.00115815
-0.00155168
-0.00160311
-0.00158902
-0.00147103
-0.0011482
-0.000272231
-0.000432109
-0.000568307
-0.000621927
-0.00120399
-0.00150481
-0.00153731
-0.00150111
-0.00135624
-0.00100589
-0.000138764
-0.000652214
-0.000865381
-0.000849712
-0.00121734
-0.00144532
-0.00144309
-0.00137634
-0.0011961
-0.000816723
3.18702e-05
-0.000765417
-0.00105115
-0.00113996
-0.00128992
-0.00135067
-0.00130553
-0.00119584
-0.000967607
-0.000558201
0.000253415
-0.00065735
-0.000993596
-0.00113468
-0.00118943
-0.00117348
-0.00108537
-0.000922375
-0.000635074
-0.000193509
0.000549338
-0.000315288
-0.000734609
-0.000901774
-0.00094404
-0.000887586
-0.000755237
-0.000531628
-0.000175836
0.000303298
0.000931192
1.20593e-05
-0.000428218
-0.00057674
-0.000573529
-0.000462805
-0.000264417
3.59064e-05
0.000463317
0.000972117
0.00143104
1.20593e-05
-0.000428218
-0.00057674
-0.000573529
-0.000462805
-0.000264417
3.59064e-05
0.000463317
0.000972117
0.00143104
-0.000107564
-0.000522666
-0.000667393
-0.000684153
-0.000620518
-0.000500953
-0.000310129
9.00579e-06
0.000466115
0.00105525
-0.00036164
-0.000714111
-0.000849688
-0.000895832
-0.000882392
-0.000805817
-0.000653063
-0.000388392
3.41042e-05
0.000721914
-0.000617257
-0.000910196
-0.0010342
-0.00109495
-0.00109926
-0.00105396
-0.000939353
-0.000713889
-0.000308079
0.000446661
-0.000752225
-0.00102824
-0.00115549
-0.00121645
-0.0012376
-0.00121666
-0.00113124
-0.000940412
-0.000554179
0.000239679
-0.000715001
-0.000967903
-0.00120038
-0.0012943
-0.00133001
-0.00132665
-0.00126296
-0.00109741
-0.000731389
8.33726e-05
-0.000514572
-0.0007295
-0.00103952
-0.00135163
-0.00139662
-0.00140308
-0.00135463
-0.00120873
-0.000861944
-3.4245e-05
-0.000314676
-0.000656925
-0.00104009
-0.00138061
-0.00144366
-0.00145543
-0.00141731
-0.00128599
-0.000957432
-0.00012025
-0.000334265
-0.000640175
-0.00103661
-0.00139485
-0.00147041
-0.00148484
-0.00145321
-0.00133
-0.00101612
-0.000170872
-0.000327051
-0.000649828
-0.00101832
-0.00139578
-0.00146576
-0.00147617
-0.00144362
-0.00132174
-0.00101319
-0.000156742
-0.00034962
-0.000667386
-0.00104972
-0.00139171
-0.0014498
-0.00145611
-0.00141919
-0.00129113
-0.000968965
-0.000105453
-0.000382906
-0.000620767
-0.00112355
-0.00137874
-0.00143155
-0.00143562
-0.00139365
-0.00125814
-0.000921455
-5.032e-05
-0.000616717
-0.000681616
-0.00113161
-0.00136296
-0.00140725
-0.00140619
-0.00135385
-0.00120301
-0.000846518
3.02797e-05
-0.000816473
-0.000935823
-0.00121924
-0.00134462
-0.00137277
-0.00136072
-0.00129317
-0.00112215
-0.00074266
0.000134548
-0.000916187
-0.00114841
-0.00125502
-0.00131144
-0.00132104
-0.00129334
-0.001206
-0.00101159
-0.000608133
0.000264947
-0.00086898
-0.00111471
-0.00120878
-0.00124392
-0.00123923
-0.00119237
-0.00107947
-0.000857906
-0.000430395
0.000430312
-0.000672598
-0.000964015
-0.00108312
-0.00112654
-0.00111022
-0.00103919
-0.000892714
-0.000634472
-0.000183939
0.000644441
-0.000348246
-0.000719071
-0.000874048
-0.000930551
-0.000900156
-0.000799008
-0.00061082
-0.000305279
0.000165121
0.000926085
4.33305e-05
-0.000424187
-0.000610672
-0.000661764
-0.00061052
-0.000467929
-0.000225942
0.000137017
0.000632339
0.00127616
0.0003165
-0.000186888
-0.0003654
-0.000370074
-0.000259224
-5.58483e-05
0.000257726
0.000704059
0.00123014
0.00170357
)
;
    }
}


// ************************************************************************* //
