/*--------------------------------*- C++ -*----------------------------------*\
  =========                 |
  \\      /  F ield         | OpenFOAM: The Open Source CFD Toolbox
   \\    /   O peration     | Website:  https://openfoam.org
    \\  /    A nd           | Version:  8
     \\/     M anipulation  |
\*---------------------------------------------------------------------------*/
FoamFile
{
    version     2.0;
    format      ascii;
    class       volScalarField;
    location    "1800";
    object      T;
}
// * * * * * * * * * * * * * * * * * * * * * * * * * * * * * * * * * * * * * //

dimensions      [0 0 0 1 0 0 0];

internalField   nonuniform List<scalar> 
4000
(
300.374
300.376
300.376
300.374
300.37
300.35
300.34
300.341
300.341
300.342
300.342
300.342
300.341
300.341
300.361
300.371
300.374
300.376
300.376
300.375
300.375
300.378
300.38
300.38
300.374
300.363
300.366
300.366
300.366
300.366
300.365
300.365
300.366
300.365
300.365
300.375
300.379
300.381
300.378
300.375
300.375
300.379
300.382
300.383
300.377
300.371
300.371
300.373
300.373
300.373
300.374
300.374
300.374
300.372
300.368
300.374
300.382
300.383
300.379
300.374
300.374
300.379
300.383
300.385
300.381
300.379
300.378
300.376
300.375
300.375
300.376
300.377
300.378
300.381
300.382
300.383
300.384
300.383
300.379
300.374
300.374
300.378
300.382
300.385
300.387
300.387
300.387
300.387
300.386
300.385
300.386
300.387
300.387
300.387
300.386
300.386
300.385
300.383
300.379
300.373
300.374
300.378
300.382
300.384
300.386
300.387
300.388
300.388
300.388
300.388
300.388
300.387
300.387
300.387
300.386
300.385
300.384
300.381
300.378
300.373
300.373
300.377
300.381
300.383
300.385
300.386
300.387
300.388
300.388
300.388
300.387
300.387
300.386
300.386
300.385
300.384
300.382
300.38
300.377
300.372
300.373
300.376
300.38
300.382
300.384
300.385
300.386
300.387
300.387
300.387
300.386
300.386
300.386
300.385
300.384
300.383
300.381
300.379
300.375
300.371
300.372
300.375
300.378
300.381
300.382
300.384
300.385
300.386
300.386
300.386
300.385
300.385
300.384
300.383
300.382
300.381
300.379
300.377
300.374
300.37
300.37
300.372
300.375
300.377
300.379
300.38
300.382
300.382
300.383
300.382
300.382
300.381
300.38
300.379
300.378
300.376
300.375
300.373
300.37
300.367
300.376
300.376
300.376
300.373
300.369
300.352
300.341
300.342
300.342
300.342
300.342
300.342
300.344
300.345
300.364
300.371
300.374
300.375
300.376
300.375
300.378
300.379
300.381
300.379
300.374
300.364
300.364
300.365
300.366
300.366
300.366
300.365
300.364
300.362
300.368
300.376
300.379
300.38
300.379
300.376
300.379
300.38
300.382
300.383
300.378
300.372
300.371
300.372
300.373
300.373
300.374
300.374
300.372
300.37
300.371
300.377
300.382
300.383
300.38
300.376
300.379
300.38
300.383
300.384
300.381
300.377
300.377
300.376
300.376
300.376
300.376
300.377
300.377
300.378
300.377
300.38
300.383
300.383
300.38
300.375
300.378
300.38
300.383
300.385
300.385
300.384
300.383
300.383
300.382
300.381
300.382
300.383
300.384
300.384
300.383
300.384
300.385
300.384
300.38
300.375
300.378
300.38
300.383
300.386
300.386
300.386
300.386
300.386
300.385
300.385
300.385
300.386
300.386
300.386
300.386
300.386
300.385
300.384
300.38
300.375
300.377
300.38
300.384
300.386
300.387
300.387
300.387
300.387
300.387
300.387
300.387
300.387
300.387
300.387
300.387
300.387
300.386
300.384
300.38
300.374
300.376
300.38
300.384
300.386
300.388
300.388
300.389
300.389
300.388
300.387
300.387
300.388
300.388
300.388
300.388
300.387
300.386
300.383
300.379
300.374
300.375
300.379
300.383
300.386
300.388
300.389
300.39
300.391
300.392
300.392
300.392
300.391
300.39
300.39
300.388
300.387
300.385
300.382
300.377
300.372
300.372
300.375
300.378
300.38
300.382
300.384
300.386
300.387
300.388
300.388
300.387
300.386
300.385
300.384
300.382
300.38
300.378
300.375
300.372
300.369
300.376
300.376
300.374
300.371
300.366
300.349
300.343
300.343
300.343
300.342
300.343
300.346
300.345
300.349
300.364
300.37
300.373
300.375
300.376
300.376
300.38
300.381
300.38
300.377
300.372
300.362
300.363
300.365
300.366
300.366
300.366
300.365
300.363
300.362
300.369
300.376
300.379
300.38
300.38
300.378
300.382
300.382
300.383
300.381
300.376
300.371
300.371
300.372
300.373
300.374
300.373
300.372
300.371
300.369
300.372
300.378
300.382
300.383
300.381
300.378
300.383
300.383
300.384
300.383
300.38
300.377
300.376
300.376
300.376
300.377
300.377
300.377
300.376
300.375
300.376
300.379
300.383
300.383
300.381
300.378
300.382
300.383
300.384
300.385
300.384
300.382
300.381
300.38
300.38
300.38
300.38
300.381
300.382
300.381
300.38
300.382
300.384
300.384
300.381
300.378
300.382
300.383
300.385
300.386
300.386
300.385
300.384
300.383
300.383
300.383
300.383
300.384
300.384
300.384
300.383
300.384
300.385
300.384
300.382
300.378
300.381
300.384
300.385
300.387
300.387
300.387
300.386
300.386
300.385
300.385
300.386
300.386
300.386
300.386
300.386
300.386
300.386
300.385
300.382
300.377
300.38
300.384
300.386
300.387
300.387
300.387
300.386
300.386
300.386
300.385
300.385
300.385
300.386
300.386
300.386
300.386
300.386
300.385
300.382
300.377
300.378
300.383
300.386
300.389
300.39
300.391
300.391
300.392
300.392
300.392
300.391
300.392
300.392
300.391
300.391
300.389
300.388
300.385
300.381
300.375
300.375
300.378
300.38
300.383
300.386
300.388
300.39
300.392
300.393
300.393
300.391
300.391
300.389
300.387
300.385
300.383
300.38
300.378
300.375
300.371
300.374
300.373
300.371
300.368
300.361
300.343
300.344
300.344
300.344
300.344
300.347
300.348
300.344
300.351
300.363
300.369
300.372
300.374
300.376
300.376
300.38
300.379
300.377
300.373
300.367
300.361
300.363
300.365
300.366
300.367
300.366
300.364
300.362
300.362
300.369
300.375
300.378
300.38
300.381
300.38
300.383
300.383
300.381
300.378
300.373
300.37
300.37
300.372
300.373
300.373
300.373
300.371
300.37
300.369
300.373
300.378
300.382
300.383
300.382
300.381
300.385
300.384
300.383
300.382
300.378
300.375
300.375
300.375
300.376
300.377
300.377
300.376
300.375
300.374
300.376
300.38
300.383
300.383
300.382
300.381
300.385
300.385
300.385
300.384
300.382
300.38
300.38
300.379
300.379
300.379
300.38
300.38
300.38
300.378
300.379
300.381
300.384
300.384
300.383
300.381
300.384
300.386
300.386
300.386
300.385
300.383
300.383
300.382
300.382
300.381
300.382
300.382
300.382
300.382
300.381
300.383
300.385
300.385
300.383
300.38
300.383
300.386
300.387
300.387
300.386
300.386
300.385
300.385
300.384
300.384
300.384
300.385
300.385
300.384
300.384
300.385
300.386
300.386
300.384
300.38
300.382
300.386
300.387
300.387
300.387
300.386
300.386
300.385
300.385
300.385
300.385
300.385
300.385
300.385
300.385
300.385
300.386
300.385
300.384
300.379
300.381
300.386
300.389
300.389
300.39
300.39
300.391
300.392
300.392
300.392
300.392
300.392
300.392
300.392
300.391
300.389
300.388
300.387
300.383
300.377
300.377
300.38
300.383
300.386
300.389
300.391
300.394
300.396
300.398
300.398
300.396
300.395
300.393
300.391
300.389
300.386
300.383
300.38
300.377
300.373
300.37
300.369
300.366
300.361
300.352
300.342
300.345
300.344
300.344
300.346
300.348
300.349
300.344
300.349
300.359
300.366
300.37
300.372
300.374
300.376
300.374
300.374
300.372
300.367
300.361
300.361
300.363
300.365
300.366
300.367
300.367
300.365
300.362
300.36
300.366
300.372
300.376
300.379
300.381
300.381
300.377
300.378
300.376
300.373
300.369
300.369
300.37
300.372
300.373
300.374
300.373
300.371
300.369
300.368
300.371
300.376
300.38
300.382
300.383
300.383
300.381
300.381
300.38
300.378
300.375
300.374
300.375
300.375
300.376
300.377
300.377
300.375
300.374
300.373
300.375
300.379
300.382
300.384
300.384
300.383
300.387
300.385
300.384
300.382
300.38
300.379
300.379
300.379
300.379
300.379
300.38
300.379
300.378
300.377
300.378
300.381
300.384
300.384
300.384
300.383
300.386
300.386
300.386
300.385
300.383
300.382
300.382
300.381
300.381
300.381
300.382
300.382
300.381
300.38
300.381
300.382
300.385
300.385
300.384
300.382
300.385
300.387
300.387
300.386
300.385
300.385
300.384
300.384
300.384
300.384
300.384
300.384
300.384
300.383
300.383
300.384
300.385
300.386
300.385
300.381
300.384
300.388
300.387
300.387
300.386
300.386
300.385
300.385
300.385
300.384
300.384
300.384
300.385
300.384
300.384
300.385
300.385
300.385
300.385
300.38
300.382
300.388
300.39
300.39
300.39
300.391
300.393
300.394
300.394
300.393
300.393
300.393
300.393
300.393
300.391
300.389
300.388
300.388
300.385
300.379
300.379
300.382
300.386
300.389
300.392
300.395
300.398
300.401
300.403
300.404
300.402
300.4
300.398
300.395
300.392
300.389
300.385
300.382
300.379
300.375
300.35
300.352
300.349
300.343
300.342
300.344
300.345
300.344
300.344
300.345
300.349
300.349
300.347
300.346
300.346
300.356
300.364
300.369
300.371
300.373
300.363
300.364
300.362
300.361
300.361
300.362
300.364
300.366
300.366
300.367
300.367
300.366
300.364
300.361
300.362
300.365
300.371
300.375
300.377
300.378
300.371
300.372
300.371
300.37
300.369
300.369
300.371
300.372
300.373
300.374
300.374
300.372
300.37
300.369
300.369
300.372
300.376
300.379
300.382
300.384
300.379
300.377
300.377
300.375
300.374
300.374
300.375
300.376
300.377
300.377
300.377
300.376
300.375
300.374
300.374
300.377
300.38
300.383
300.384
300.384
300.387
300.384
300.382
300.38
300.379
300.378
300.378
300.379
300.379
300.38
300.38
300.379
300.378
300.377
300.378
300.38
300.383
300.384
300.385
300.384
300.387
300.386
300.385
300.383
300.382
300.382
300.381
300.381
300.381
300.381
300.381
300.381
300.38
300.38
300.38
300.382
300.384
300.385
300.385
300.383
300.386
300.387
300.387
300.386
300.385
300.384
300.384
300.384
300.383
300.383
300.384
300.384
300.384
300.383
300.383
300.383
300.385
300.386
300.386
300.383
300.385
300.388
300.387
300.386
300.386
300.385
300.385
300.385
300.385
300.384
300.385
300.384
300.384
300.384
300.384
300.384
300.385
300.386
300.386
300.382
300.384
300.389
300.391
300.39
300.391
300.393
300.394
300.396
300.396
300.395
300.395
300.395
300.395
300.394
300.392
300.39
300.389
300.389
300.386
300.38
300.38
300.384
300.388
300.391
300.395
300.399
300.403
300.407
300.41
300.411
300.408
300.406
300.403
300.399
300.395
300.391
300.388
300.384
300.38
300.376
300.34
300.341
300.343
300.344
300.345
300.345
300.345
300.344
300.344
300.345
300.348
300.349
300.348
300.348
300.347
300.345
300.346
300.359
300.362
300.359
300.366
300.364
300.363
300.363
300.363
300.364
300.366
300.366
300.366
300.368
300.368
300.368
300.366
300.365
300.364
300.364
300.363
300.367
300.369
300.369
300.371
300.371
300.371
300.37
300.37
300.371
300.372
300.373
300.373
300.374
300.374
300.373
300.372
300.371
300.37
300.371
300.372
300.374
300.377
300.379
300.378
300.377
300.376
300.375
300.375
300.375
300.376
300.376
300.377
300.378
300.377
300.377
300.376
300.375
300.375
300.376
300.378
300.38
300.383
300.385
300.387
300.383
300.381
300.38
300.379
300.378
300.379
300.379
300.379
300.38
300.38
300.379
300.379
300.378
300.378
300.38
300.381
300.383
300.385
300.385
300.388
300.386
300.384
300.383
300.382
300.381
300.381
300.381
300.381
300.381
300.382
300.381
300.381
300.38
300.381
300.382
300.383
300.385
300.385
300.384
300.387
300.387
300.386
300.385
300.384
300.384
300.384
300.383
300.383
300.383
300.384
300.384
300.384
300.383
300.383
300.383
300.385
300.386
300.386
300.383
300.386
300.389
300.386
300.386
300.385
300.385
300.385
300.385
300.385
300.385
300.385
300.384
300.384
300.384
300.384
300.384
300.385
300.386
300.386
300.383
300.385
300.39
300.391
300.391
300.393
300.394
300.396
300.398
300.399
300.4
300.399
300.397
300.396
300.395
300.393
300.391
300.389
300.389
300.387
300.381
300.382
300.386
300.39
300.394
300.398
300.403
300.408
300.413
300.417
300.421
300.417
300.413
300.409
300.404
300.399
300.394
300.39
300.386
300.382
300.377
300.341
300.342
300.343
300.344
300.344
300.344
300.344
300.344
300.345
300.346
300.349
300.349
300.348
300.348
300.347
300.347
300.346
300.346
300.345
300.34
300.366
300.365
300.365
300.365
300.365
300.366
300.366
300.366
300.367
300.368
300.368
300.368
300.367
300.367
300.367
300.366
300.364
300.363
300.364
300.364
300.373
300.372
300.372
300.372
300.372
300.372
300.373
300.373
300.374
300.375
300.375
300.374
300.374
300.373
300.372
300.372
300.372
300.372
300.375
300.378
300.376
300.376
300.376
300.375
300.375
300.376
300.376
300.377
300.377
300.378
300.378
300.377
300.377
300.376
300.376
300.376
300.377
300.379
300.382
300.385
300.387
300.383
300.38
300.379
300.379
300.379
300.379
300.379
300.379
300.381
300.381
300.38
300.38
300.379
300.379
300.38
300.381
300.383
300.385
300.385
300.388
300.386
300.383
300.382
300.381
300.381
300.381
300.381
300.381
300.383
300.383
300.382
300.381
300.381
300.381
300.382
300.383
300.385
300.386
300.385
300.388
300.387
300.386
300.385
300.384
300.384
300.383
300.383
300.384
300.386
300.386
300.384
300.384
300.383
300.383
300.384
300.385
300.386
300.386
300.384
300.387
300.389
300.386
300.385
300.385
300.385
300.385
300.385
300.386
300.39
300.391
300.385
300.384
300.384
300.384
300.384
300.385
300.386
300.387
300.383
300.386
300.391
300.392
300.392
300.394
300.396
300.398
300.4
300.403
300.409
300.409
300.401
300.398
300.396
300.393
300.391
300.39
300.39
300.388
300.382
300.382
300.387
300.392
300.396
300.401
300.407
300.413
300.42
300.427
300.434
300.429
300.422
300.415
300.408
300.402
300.397
300.392
300.387
300.383
300.378
300.341
300.342
300.343
300.344
300.344
300.344
300.344
300.345
300.346
300.35
300.354
300.349
300.348
300.347
300.346
300.346
300.346
300.345
300.344
300.342
300.366
300.366
300.366
300.366
300.366
300.366
300.366
300.367
300.368
300.375
300.375
300.368
300.367
300.367
300.367
300.367
300.366
300.365
300.364
300.364
300.373
300.373
300.373
300.373
300.373
300.373
300.373
300.374
300.374
300.383
300.383
300.375
300.374
300.374
300.374
300.374
300.373
300.373
300.375
300.378
300.375
300.376
300.376
300.376
300.376
300.377
300.377
300.377
300.378
300.389
300.389
300.38
300.378
300.378
300.378
300.377
300.378
300.379
300.382
300.385
300.386
300.382
300.38
300.379
300.379
300.379
300.379
300.379
300.381
300.393
300.394
300.383
300.38
300.38
300.38
300.38
300.381
300.383
300.385
300.386
300.388
300.385
300.383
300.382
300.381
300.381
300.381
300.381
300.384
300.398
300.4
300.385
300.382
300.381
300.382
300.382
300.383
300.385
300.386
300.385
300.388
300.387
300.385
300.384
300.384
300.383
300.383
300.384
300.387
300.402
300.407
300.387
300.384
300.383
300.383
300.384
300.385
300.386
300.386
300.384
300.387
300.388
300.386
300.385
300.385
300.385
300.385
300.386
300.391
300.413
300.416
300.39
300.385
300.384
300.384
300.384
300.385
300.386
300.387
300.384
300.386
300.392
300.392
300.392
300.394
300.396
300.399
300.403
300.413
300.433
300.432
300.409
300.4
300.396
300.394
300.391
300.39
300.39
300.389
300.382
300.383
300.388
300.393
300.398
300.403
300.41
300.417
300.427
300.439
300.455
300.448
300.433
300.421
300.412
300.405
300.398
300.393
300.388
300.384
300.378
300.342
300.342
300.342
300.344
300.346
300.345
300.345
300.346
300.35
300.666
300.672
300.353
300.347
300.345
300.345
300.345
300.345
300.345
300.344
300.343
300.366
300.366
300.366
300.367
300.367
300.367
300.368
300.368
300.375
300.586
300.592
300.375
300.366
300.366
300.366
300.366
300.366
300.366
300.365
300.365
300.373
300.373
300.374
300.373
300.374
300.374
300.374
300.375
300.383
300.551
300.555
300.383
300.374
300.374
300.374
300.375
300.375
300.375
300.376
300.377
300.375
300.376
300.377
300.377
300.377
300.377
300.378
300.378
300.389
300.532
300.533
300.388
300.378
300.378
300.378
300.378
300.379
300.38
300.382
300.385
300.385
300.381
300.38
300.379
300.379
300.38
300.38
300.381
300.393
300.52
300.519
300.392
300.381
300.381
300.381
300.381
300.381
300.383
300.385
300.386
300.388
300.385
300.383
300.381
300.381
300.381
300.381
300.383
300.398
300.511
300.507
300.395
300.383
300.382
300.382
300.382
300.383
300.385
300.386
300.385
300.388
300.387
300.385
300.384
300.384
300.383
300.383
300.386
300.402
300.506
300.497
300.397
300.385
300.384
300.384
300.384
300.385
300.386
300.387
300.384
300.387
300.387
300.385
300.385
300.384
300.384
300.385
300.39
300.413
300.502
300.492
300.401
300.387
300.384
300.384
300.384
300.385
300.386
300.387
300.384
300.386
300.392
300.392
300.392
300.393
300.395
300.4
300.409
300.433
300.499
300.488
300.425
300.404
300.396
300.393
300.391
300.39
300.39
300.389
300.382
300.382
300.388
300.393
300.398
300.404
300.411
300.421
300.434
300.455
300.491
300.481
300.448
300.429
300.416
300.407
300.399
300.393
300.388
300.384
300.378
300.342
300.342
300.343
300.347
300.348
300.349
300.348
300.349
300.354
300.672
300.665
300.358
300.351
300.35
300.35
300.35
300.348
300.346
300.344
300.343
300.365
300.366
300.366
300.366
300.367
300.367
300.368
300.368
300.375
300.592
300.569
300.372
300.365
300.364
300.364
300.364
300.363
300.364
300.366
300.365
300.374
300.374
300.373
300.373
300.373
300.374
300.374
300.375
300.383
300.555
300.524
300.378
300.373
300.373
300.373
300.374
300.375
300.376
300.377
300.378
300.376
300.376
300.377
300.377
300.377
300.377
300.377
300.378
300.389
300.533
300.497
300.383
300.377
300.377
300.378
300.378
300.379
300.38
300.383
300.386
300.386
300.382
300.38
300.38
300.38
300.38
300.38
300.381
300.394
300.519
300.48
300.386
300.38
300.38
300.381
300.381
300.382
300.383
300.385
300.386
300.388
300.385
300.383
300.382
300.382
300.381
300.382
300.383
300.4
300.507
300.467
300.389
300.382
300.382
300.382
300.383
300.383
300.385
300.386
300.385
300.387
300.387
300.386
300.384
300.384
300.384
300.384
300.386
300.407
300.497
300.458
300.391
300.384
300.384
300.384
300.384
300.385
300.386
300.387
300.384
300.386
300.387
300.385
300.385
300.384
300.385
300.385
300.391
300.416
300.492
300.455
300.394
300.385
300.384
300.384
300.385
300.385
300.386
300.387
300.383
300.385
300.392
300.391
300.392
300.393
300.395
300.399
300.409
300.432
300.488
300.455
300.415
300.401
300.396
300.393
300.391
300.39
300.39
300.389
300.382
300.382
300.387
300.391
300.396
300.402
300.408
300.417
300.429
300.448
300.481
300.456
300.435
300.422
300.412
300.404
300.398
300.392
300.388
300.383
300.378
300.342
300.342
300.346
300.348
300.349
300.349
300.349
300.349
300.349
300.353
300.358
300.354
300.356
300.358
300.359
300.36
300.36
300.358
300.355
300.347
300.365
300.365
300.365
300.364
300.365
300.366
300.368
300.368
300.368
300.375
300.372
300.366
300.366
300.367
300.367
300.367
300.366
300.365
300.363
300.363
300.374
300.374
300.372
300.371
300.371
300.372
300.373
300.374
300.375
300.383
300.378
300.372
300.373
300.373
300.373
300.373
300.373
300.374
300.376
300.381
300.377
300.377
300.377
300.376
300.375
300.376
300.377
300.377
300.38
300.388
300.383
300.377
300.377
300.377
300.378
300.378
300.379
300.38
300.383
300.385
300.387
300.383
300.381
300.38
300.379
300.379
300.379
300.38
300.383
300.392
300.386
300.38
300.38
300.38
300.38
300.381
300.382
300.383
300.385
300.385
300.387
300.386
300.384
300.382
300.382
300.381
300.381
300.382
300.385
300.395
300.389
300.382
300.382
300.382
300.382
300.383
300.383
300.385
300.386
300.385
300.387
300.387
300.386
300.385
300.384
300.384
300.384
300.384
300.387
300.397
300.391
300.384
300.384
300.384
300.384
300.384
300.385
300.386
300.386
300.384
300.386
300.388
300.385
300.385
300.384
300.384
300.384
300.385
300.39
300.401
300.394
300.386
300.384
300.384
300.384
300.385
300.385
300.386
300.387
300.383
300.385
300.391
300.392
300.392
300.393
300.395
300.397
300.401
300.409
300.425
300.415
300.403
300.398
300.395
300.393
300.392
300.39
300.39
300.388
300.382
300.381
300.386
300.391
300.395
300.4
300.406
300.413
300.422
300.433
300.448
300.435
300.425
300.416
300.408
300.402
300.396
300.391
300.387
300.383
300.378
300.341
300.344
300.345
300.344
300.344
300.347
300.348
300.348
300.348
300.347
300.351
300.356
300.36
300.362
300.364
300.365
300.366
300.367
300.367
300.367
300.366
300.364
300.363
300.362
300.362
300.364
300.366
300.367
300.367
300.366
300.365
300.366
300.369
300.371
300.372
300.373
300.372
300.371
300.369
300.365
300.374
300.372
300.371
300.37
300.369
300.37
300.372
300.374
300.374
300.374
300.373
300.373
300.374
300.376
300.377
300.377
300.376
300.376
300.377
300.381
300.378
300.377
300.376
300.375
300.374
300.375
300.376
300.377
300.378
300.378
300.377
300.377
300.378
300.379
300.38
300.38
300.38
300.381
300.383
300.385
300.387
300.384
300.382
300.38
300.378
300.378
300.379
300.38
300.38
300.381
300.38
300.38
300.38
300.381
300.381
300.382
300.382
300.383
300.385
300.385
300.387
300.386
300.384
300.382
300.381
300.38
300.381
300.381
300.382
300.383
300.382
300.382
300.382
300.382
300.383
300.383
300.384
300.385
300.386
300.384
300.386
300.387
300.386
300.385
300.384
300.384
300.384
300.384
300.384
300.385
300.384
300.384
300.384
300.384
300.384
300.384
300.385
300.386
300.386
300.384
300.386
300.388
300.386
300.385
300.385
300.384
300.384
300.384
300.385
300.387
300.385
300.384
300.384
300.385
300.385
300.385
300.385
300.385
300.387
300.383
300.384
300.39
300.392
300.392
300.393
300.395
300.396
300.398
300.4
300.404
300.401
300.398
300.396
300.394
300.392
300.391
300.39
300.39
300.388
300.381
300.38
300.385
300.389
300.393
300.398
300.403
300.409
300.415
300.421
300.429
300.422
300.416
300.41
300.404
300.399
300.394
300.39
300.386
300.382
300.377
300.341
300.345
300.349
300.351
300.349
300.346
300.348
300.348
300.347
300.345
300.35
300.358
300.362
300.365
300.367
300.368
300.369
300.371
300.371
300.372
300.365
300.362
300.362
300.362
300.36
300.361
300.365
300.367
300.367
300.366
300.364
300.367
300.371
300.374
300.376
300.377
300.377
300.377
300.376
300.373
300.372
300.37
300.369
300.369
300.368
300.369
300.371
300.373
300.374
300.374
300.373
300.373
300.376
300.378
300.38
300.381
300.381
300.381
300.381
300.383
300.381
300.378
300.375
300.374
300.373
300.374
300.375
300.376
300.378
300.378
300.377
300.377
300.379
300.381
300.382
300.382
300.383
300.383
300.384
300.385
300.387
300.384
300.381
300.378
300.377
300.377
300.378
300.379
300.38
300.381
300.38
300.38
300.381
300.382
300.383
300.383
300.384
300.384
300.385
300.385
300.387
300.386
300.384
300.382
300.38
300.38
300.38
300.381
300.381
300.382
300.382
300.382
300.382
300.383
300.384
300.384
300.384
300.385
300.386
300.384
300.386
300.387
300.386
300.384
300.383
300.383
300.383
300.383
300.383
300.384
300.384
300.384
300.384
300.384
300.385
300.385
300.385
300.386
300.386
300.383
300.385
300.388
300.386
300.385
300.384
300.384
300.384
300.384
300.384
300.384
300.384
300.384
300.385
300.385
300.385
300.385
300.385
300.386
300.386
300.382
300.383
300.39
300.391
300.392
300.393
300.394
300.395
300.396
300.396
300.396
300.396
300.395
300.394
300.392
300.391
300.39
300.389
300.389
300.387
300.381
300.379
300.384
300.387
300.391
300.395
300.399
300.404
300.408
300.412
300.416
300.412
300.408
300.404
300.4
300.395
300.391
300.388
300.384
300.38
300.376
300.361
300.364
300.364
300.363
300.359
300.346
300.347
300.347
300.346
300.345
300.35
300.359
300.364
300.367
300.369
300.37
300.371
300.372
300.373
300.375
300.365
300.368
300.369
300.369
300.366
300.362
300.364
300.367
300.367
300.366
300.364
300.367
300.372
300.376
300.378
300.38
300.38
300.381
300.381
300.382
300.368
300.371
300.372
300.373
300.371
300.369
300.37
300.372
300.374
300.374
300.373
300.373
300.377
300.38
300.382
300.383
300.384
300.384
300.384
300.384
300.382
300.377
300.376
300.376
300.375
300.374
300.375
300.376
300.378
300.378
300.378
300.378
300.38
300.382
300.384
300.384
300.384
300.384
300.385
300.385
300.386
300.383
300.38
300.379
300.378
300.378
300.378
300.379
300.38
300.381
300.381
300.38
300.381
300.383
300.384
300.385
300.385
300.385
300.385
300.384
300.386
300.386
300.383
300.381
300.381
300.38
300.381
300.381
300.382
300.382
300.382
300.382
300.383
300.384
300.385
300.385
300.385
300.385
300.385
300.383
300.385
300.387
300.386
300.384
300.383
300.383
300.383
300.383
300.383
300.384
300.384
300.384
300.384
300.385
300.385
300.385
300.386
300.386
300.386
300.382
300.384
300.388
300.386
300.385
300.384
300.384
300.384
300.384
300.384
300.384
300.384
300.384
300.385
300.385
300.385
300.385
300.386
300.386
300.386
300.381
300.382
300.388
300.391
300.391
300.391
300.392
300.393
300.393
300.394
300.393
300.393
300.393
300.392
300.391
300.39
300.389
300.389
300.389
300.386
300.379
300.378
300.382
300.385
300.389
300.392
300.395
300.399
300.402
300.405
300.407
300.404
300.402
300.399
300.395
300.392
300.388
300.385
300.382
300.379
300.375
300.371
300.371
300.37
300.369
300.366
300.356
300.345
300.347
300.346
300.345
300.35
300.36
300.365
300.368
300.37
300.372
300.373
300.374
300.375
300.376
300.375
300.376
300.376
300.375
300.372
300.365
300.364
300.366
300.367
300.366
300.364
300.367
300.373
300.377
300.38
300.381
300.381
300.381
300.381
300.382
300.374
300.377
300.378
300.378
300.376
300.372
300.371
300.372
300.374
300.375
300.374
300.373
300.377
300.381
300.383
300.384
300.384
300.384
300.384
300.384
300.383
300.38
300.379
300.38
300.379
300.377
300.376
300.376
300.377
300.378
300.378
300.378
300.38
300.382
300.384
300.384
300.384
300.384
300.384
300.384
300.386
300.384
300.382
300.381
300.381
300.38
300.38
300.38
300.38
300.381
300.381
300.381
300.382
300.383
300.385
300.385
300.385
300.385
300.385
300.383
300.385
300.386
300.384
300.383
300.382
300.382
300.382
300.382
300.382
300.382
300.383
300.383
300.383
300.384
300.385
300.385
300.385
300.385
300.385
300.382
300.384
300.387
300.386
300.385
300.384
300.383
300.383
300.384
300.384
300.384
300.384
300.384
300.384
300.385
300.385
300.386
300.386
300.386
300.385
300.381
300.383
300.387
300.386
300.385
300.385
300.384
300.384
300.384
300.384
300.384
300.385
300.385
300.385
300.385
300.385
300.386
300.386
300.385
300.385
300.38
300.381
300.387
300.389
300.389
300.389
300.39
300.391
300.391
300.391
300.391
300.391
300.392
300.391
300.39
300.389
300.389
300.388
300.388
300.384
300.378
300.376
300.38
300.383
300.386
300.389
300.391
300.394
300.397
300.398
300.399
300.398
300.396
300.394
300.391
300.388
300.386
300.383
300.38
300.377
300.373
300.374
300.374
300.373
300.372
300.37
300.364
300.346
300.346
300.346
300.345
300.348
300.36
300.366
300.369
300.371
300.373
300.374
300.375
300.375
300.376
300.379
300.379
300.379
300.378
300.376
300.371
300.363
300.364
300.366
300.366
300.363
300.366
300.372
300.377
300.38
300.381
300.381
300.381
300.38
300.38
300.382
300.382
300.382
300.382
300.38
300.376
300.372
300.372
300.373
300.375
300.375
300.373
300.376
300.381
300.384
300.384
300.383
300.383
300.382
300.382
300.384
300.383
300.383
300.383
300.382
300.38
300.378
300.377
300.378
300.379
300.379
300.379
300.38
300.383
300.384
300.384
300.384
300.383
300.383
300.382
300.385
300.385
300.384
300.384
300.384
300.383
300.381
300.381
300.381
300.381
300.382
300.382
300.382
300.384
300.385
300.385
300.385
300.384
300.384
300.381
300.384
300.385
300.385
300.385
300.385
300.384
300.383
300.383
300.383
300.383
300.383
300.383
300.384
300.384
300.385
300.385
300.385
300.385
300.384
300.381
300.382
300.386
300.386
300.386
300.385
300.385
300.385
300.385
300.385
300.385
300.385
300.385
300.385
300.385
300.386
300.386
300.386
300.385
300.384
300.38
300.381
300.386
300.386
300.386
300.385
300.385
300.385
300.385
300.385
300.385
300.385
300.385
300.385
300.385
300.386
300.386
300.385
300.385
300.384
300.378
300.379
300.385
300.388
300.388
300.388
300.389
300.389
300.39
300.39
300.39
300.39
300.39
300.39
300.389
300.389
300.388
300.388
300.386
300.383
300.376
300.375
300.378
300.38
300.383
300.385
300.388
300.39
300.392
300.393
300.393
300.392
300.391
300.39
300.388
300.385
300.383
300.38
300.378
300.375
300.372
300.376
300.375
300.375
300.374
300.372
300.369
300.359
300.346
300.345
300.345
300.346
300.358
300.367
300.371
300.372
300.374
300.375
300.375
300.375
300.375
300.381
300.38
300.38
300.38
300.379
300.375
300.367
300.363
300.365
300.366
300.364
300.365
300.371
300.377
300.381
300.381
300.381
300.38
300.379
300.378
300.383
300.383
300.383
300.383
300.382
300.379
300.374
300.372
300.373
300.375
300.376
300.374
300.376
300.381
300.384
300.384
300.383
300.381
300.38
300.379
300.383
300.383
300.383
300.383
300.384
300.383
300.38
300.379
300.379
300.38
300.38
300.38
300.381
300.383
300.384
300.384
300.383
300.382
300.381
300.379
300.383
300.384
300.384
300.384
300.384
300.384
300.383
300.383
300.383
300.383
300.383
300.383
300.383
300.384
300.385
300.385
300.384
300.383
300.381
300.379
300.381
300.384
300.384
300.385
300.385
300.385
300.385
300.385
300.385
300.385
300.385
300.385
300.385
300.385
300.385
300.385
300.385
300.384
300.382
300.378
300.38
300.384
300.385
300.386
300.386
300.386
300.386
300.386
300.386
300.386
300.386
300.386
300.386
300.386
300.386
300.386
300.385
300.384
300.382
300.377
300.379
300.383
300.385
300.385
300.385
300.386
300.386
300.386
300.386
300.386
300.386
300.386
300.385
300.386
300.386
300.385
300.385
300.384
300.381
300.376
300.377
300.382
300.385
300.387
300.388
300.389
300.389
300.39
300.39
300.39
300.39
300.39
300.39
300.389
300.389
300.388
300.386
300.384
300.38
300.374
300.373
300.375
300.378
300.38
300.382
300.384
300.386
300.387
300.388
300.388
300.388
300.387
300.386
300.384
300.382
300.38
300.378
300.375
300.373
300.37
300.376
300.376
300.376
300.376
300.374
300.371
300.362
300.345
300.344
300.344
300.344
300.355
300.367
300.371
300.373
300.375
300.375
300.375
300.374
300.374
300.378
300.379
300.38
300.381
300.381
300.377
300.369
300.364
300.364
300.365
300.366
300.363
300.369
300.376
300.381
300.381
300.38
300.379
300.377
300.375
300.379
300.38
300.381
300.382
300.383
300.382
300.377
300.375
300.375
300.376
300.377
300.376
300.377
300.381
300.384
300.384
300.382
300.38
300.378
300.376
300.379
300.38
300.381
300.382
300.384
300.384
300.383
300.382
300.382
300.382
300.383
300.383
300.383
300.384
300.385
300.384
300.383
300.381
300.378
300.376
300.379
300.38
300.381
300.383
300.384
300.385
300.385
300.385
300.385
300.385
300.385
300.385
300.385
300.385
300.385
300.385
300.384
300.381
300.378
300.375
300.378
300.38
300.382
300.383
300.384
300.385
300.385
300.386
300.386
300.386
300.386
300.386
300.386
300.386
300.385
300.385
300.384
300.382
300.378
300.375
300.377
300.38
300.382
300.384
300.385
300.386
300.386
300.386
300.386
300.387
300.387
300.386
300.386
300.386
300.386
300.385
300.384
300.382
300.378
300.374
300.375
300.379
300.382
300.384
300.385
300.386
300.386
300.387
300.387
300.387
300.387
300.387
300.387
300.386
300.386
300.385
300.384
300.381
300.378
300.373
300.374
300.377
300.381
300.383
300.385
300.386
300.387
300.388
300.389
300.389
300.389
300.388
300.388
300.387
300.386
300.384
300.383
300.38
300.376
300.371
300.37
300.372
300.375
300.377
300.379
300.38
300.382
300.383
300.384
300.384
300.383
300.383
300.382
300.38
300.379
300.377
300.375
300.373
300.37
300.368
300.375
300.375
300.376
300.376
300.376
300.373
300.359
300.34
300.342
300.343
300.343
300.347
300.367
300.372
300.375
300.376
300.376
300.375
300.374
300.372
300.375
300.376
300.378
300.38
300.381
300.378
300.369
300.364
300.364
300.365
300.365
300.363
300.365
300.373
300.382
300.382
300.38
300.378
300.375
300.372
300.374
300.376
300.378
300.381
300.383
300.384
300.379
300.378
300.378
300.377
300.378
300.381
300.381
300.383
300.384
300.384
300.382
300.379
300.376
300.372
300.374
300.375
300.378
300.381
300.383
300.384
300.385
300.385
300.385
300.385
300.386
300.385
300.385
300.385
300.385
300.384
300.382
300.379
300.376
300.371
300.373
300.375
300.378
300.381
300.383
300.384
300.385
300.385
300.386
300.386
300.386
300.385
300.385
300.385
300.384
300.383
300.381
300.379
300.375
300.371
300.373
300.375
300.378
300.38
300.382
300.383
300.384
300.385
300.385
300.385
300.385
300.385
300.384
300.384
300.383
300.382
300.381
300.378
300.375
300.371
300.372
300.374
300.377
300.38
300.381
300.383
300.383
300.384
300.384
300.384
300.384
300.384
300.384
300.383
300.382
300.381
300.38
300.377
300.374
300.37
300.371
300.374
300.377
300.379
300.38
300.382
300.383
300.383
300.384
300.384
300.383
300.383
300.383
300.382
300.381
300.38
300.378
300.376
300.373
300.369
300.37
300.372
300.375
300.377
300.379
300.38
300.381
300.382
300.382
300.382
300.382
300.382
300.381
300.381
300.379
300.378
300.376
300.374
300.371
300.368
300.367
300.369
300.371
300.373
300.375
300.376
300.377
300.378
300.378
300.378
300.378
300.378
300.377
300.376
300.375
300.373
300.372
300.37
300.368
300.365
)
;

boundaryField
{
    floor
    {
        type            fixedValue;
        value           nonuniform List<scalar> 
400
(
300
300
300
300
300
300
300
300
300
300
300
300
300
300
300
300
300
300
300
300
300
300
300
300
300
300
300
300
300
300
300
300
300
300
300
300
300
300
300
300
300
300
300
300
300
300
300
300
300
300
300
300
300
300
300
300
300
300
300
300
300
300
300
300
300
300
300
300
300
300
300
300
300
300
300
300
300
300
300
300
300
300
300
300
300
300
300
300
300
300
300
300
300
300
300
300
300
300
300
300
300
300
300
300
300
300
300
300
300
300
300
300
300
300
300
300
300
300
300
300
300
300
300
300
300
300
300
300
300
300
300
300
300
300
300
300
300
300
300
300
300
300
300
300
300
300
300
300
300
300
300
300
300
300
300
300
300
300
300
300
300
300
300
300
300
300
300
300
300
300
300
300
300
300
300
300
300
300
300
300
300
300
300
300
300
300
300
300
300
600
600
300
300
300
300
300
300
300
300
300
300
300
300
300
300
300
300
300
300
600
600
300
300
300
300
300
300
300
300
300
300
300
300
300
300
300
300
300
300
300
300
300
300
300
300
300
300
300
300
300
300
300
300
300
300
300
300
300
300
300
300
300
300
300
300
300
300
300
300
300
300
300
300
300
300
300
300
300
300
300
300
300
300
300
300
300
300
300
300
300
300
300
300
300
300
300
300
300
300
300
300
300
300
300
300
300
300
300
300
300
300
300
300
300
300
300
300
300
300
300
300
300
300
300
300
300
300
300
300
300
300
300
300
300
300
300
300
300
300
300
300
300
300
300
300
300
300
300
300
300
300
300
300
300
300
300
300
300
300
300
300
300
300
300
300
300
300
300
300
300
300
300
300
300
300
300
300
300
300
300
300
300
300
300
300
300
300
300
300
300
300
300
300
300
300
300
300
300
300
300
300
300
300
300
300
300
300
300
300
300
)
;
    }
    ceiling
    {
        type            fixedValue;
        value           uniform 300;
    }
    fixedWalls
    {
        type            zeroGradient;
    }
}


// ************************************************************************* //
