/*--------------------------------*- C++ -*----------------------------------*\
  =========                 |
  \\      /  F ield         | OpenFOAM: The Open Source CFD Toolbox
   \\    /   O peration     | Website:  https://openfoam.org
    \\  /    A nd           | Version:  8
     \\/     M anipulation  |
\*---------------------------------------------------------------------------*/
FoamFile
{
    version     2.0;
    format      ascii;
    class       volScalarField;
    location    "800";
    object      alphat;
}
// * * * * * * * * * * * * * * * * * * * * * * * * * * * * * * * * * * * * * //

dimensions      [1 -1 -1 0 0 0 0];

internalField   nonuniform List<scalar> 
4000
(
0.000378404
0.000368045
0.000344711
0.000305941
0.000237328
0.000175998
0.00015879
0.000156883
0.000157901
0.00016024
0.000164507
0.000169038
0.000173337
0.00017728
0.000180779
0.000183683
0.000185551
0.000209964
0.000277962
0.000310878
0.000402401
0.000394383
0.000366857
0.000321052
0.000270536
0.000226368
0.000191432
0.000177343
0.000176234
0.000178827
0.000183449
0.000189841
0.000198463
0.00020713
0.000213496
0.000213333
0.000205932
0.000228441
0.000292921
0.000335161
0.000417355
0.000415046
0.000394724
0.000357001
0.000316057
0.000278777
0.000245649
0.000220331
0.000206133
0.000204446
0.000219386
0.000240701
0.000258347
0.000271318
0.000278951
0.000278725
0.000272374
0.000280031
0.00032785
0.000349882
0.00042747
0.000431481
0.000420968
0.000398041
0.000373158
0.000351488
0.000332108
0.000309174
0.000287575
0.000287975
0.000302318
0.000317977
0.000330717
0.00033952
0.000344294
0.000344956
0.00034264
0.00034459
0.000357996
0.000360135
0.000435738
0.000446599
0.000446207
0.000438672
0.000428511
0.000417251
0.000404161
0.000387996
0.000370383
0.000369974
0.000376654
0.000383779
0.000389522
0.000393121
0.000394189
0.000392453
0.000388303
0.000383716
0.000379734
0.000368769
0.00044355
0.000461298
0.000470231
0.000473067
0.000472153
0.000467635
0.000459197
0.000446943
0.000431391
0.000426578
0.0004289
0.000431775
0.000433709
0.000433998
0.000432101
0.000427505
0.000419988
0.000409679
0.000396098
0.000375494
0.000451283
0.000475747
0.000492385
0.000502578
0.000507829
0.000508077
0.000503322
0.000493877
0.000478892
0.000470651
0.000470658
0.00047108
0.000470602
0.000468446
0.000463856
0.00045613
0.000444909
0.000429609
0.000409216
0.000380906
0.000459459
0.000490933
0.000514247
0.000530644
0.000541178
0.000545534
0.000543573
0.000536053
0.000521816
0.000510524
0.000508755
0.000507461
0.000505175
0.000500939
0.000493809
0.00048287
0.000467407
0.000447078
0.000420876
0.000385768
0.000468868
0.000507767
0.000537446
0.000558825
0.000573534
0.000581473
0.000582314
0.000577222
0.000565061
0.000550715
0.000547171
0.000543827
0.000539272
0.000532502
0.000522458
0.000508161
0.000488809
0.000464282
0.000432966
0.000391298
0.00047962
0.000520353
0.000550893
0.000571766
0.000586244
0.000595629
0.000600587
0.000601371
0.000596823
0.000583535
0.000577045
0.000568875
0.000559111
0.000547691
0.000534393
0.000518689
0.00049962
0.000475726
0.000443629
0.000398909
0.000368045
0.000376968
0.000348014
0.000300635
0.000230103
0.000190844
0.000186192
0.000187182
0.000188752
0.00019129
0.000194388
0.000196777
0.000198628
0.00020018
0.000200717
0.000198915
0.000196379
0.000224045
0.000283595
0.000313193
0.000394383
0.000575356
0.000556886
0.000419777
0.000344659
0.000357321
0.000423369
0.000489998
0.000530561
0.000545832
0.000537409
0.00050755
0.000466195
0.000421298
0.000375689
0.000329599
0.000294945
0.00029988
0.000388513
0.000338942
0.000415046
0.000638319
0.000701327
0.000602012
0.000466088
0.000396781
0.000388619
0.000428841
0.000488514
0.000521257
0.000504552
0.000460299
0.000414674
0.000377796
0.000350593
0.000331129
0.000326836
0.000374977
0.000558115
0.000354894
0.000431481
0.000653335
0.000724602
0.000674327
0.000564234
0.000465098
0.000407251
0.000381931
0.000383595
0.000400339
0.000412312
0.000410534
0.000404103
0.000402781
0.000405289
0.000411605
0.000431069
0.000496813
0.000622409
0.000364475
0.000446599
0.000677667
0.000759072
0.000741459
0.000664864
0.000568895
0.00048333
0.000431849
0.000405405
0.000404818
0.000416358
0.000434723
0.000464253
0.000493602
0.000516201
0.000532051
0.000550737
0.000599373
0.000632312
0.00037215
0.000461298
0.00070945
0.000808511
0.000839464
0.000826721
0.000777934
0.000687094
0.000577226
0.000526043
0.00052066
0.00054775
0.000609891
0.000662033
0.000694541
0.000708412
0.000705627
0.00069444
0.000682692
0.000635404
0.000378664
0.000475747
0.000744397
0.000864933
0.000946056
0.00101447
0.00106331
0.00108048
0.00103681
0.000949861
0.000943419
0.00097527
0.000982125
0.000978696
0.000966964
0.000943882
0.000896642
0.000825187
0.000745753
0.000637073
0.000385871
0.000490933
0.000773102
0.000906391
0.00101477
0.00110588
0.00116483
0.00118737
0.0011832
0.00116537
0.00114289
0.00112018
0.0011026
0.00108526
0.00105852
0.00101648
0.000953611
0.000868073
0.000765377
0.00063427
0.000395076
0.000507767
0.000751096
0.000898036
0.00102573
0.00112924
0.00119938
0.00122144
0.00121597
0.00120653
0.00116322
0.00111594
0.001097
0.00108517
0.00105971
0.00101502
0.000945399
0.00084747
0.000731189
0.000607415
0.000407191
0.000520353
0.000564459
0.000598506
0.000623048
0.000641084
0.00065359
0.000660973
0.000663349
0.00065993
0.000645042
0.000635369
0.000623558
0.000609939
0.000594542
0.000577046
0.000556789
0.000532741
0.000503771
0.000466787
0.000417845
0.000344711
0.000348014
0.000320004
0.000268747
0.000207286
0.000196922
0.000200466
0.000203184
0.000206577
0.000209425
0.000211032
0.000211123
0.000210829
0.000210898
0.000209791
0.000206034
0.000203263
0.000233984
0.000286454
0.00031408
0.000366857
0.000556886
0.000475204
0.00038248
0.000366626
0.000444371
0.00055443
0.000656573
0.000726117
0.000760004
0.00075463
0.000713011
0.000650163
0.000575911
0.000491204
0.000403891
0.000338057
0.000331498
0.000408617
0.000339634
0.000394724
0.000701327
0.000727986
0.000586299
0.000483134
0.000458848
0.000511549
0.00062968
0.000763082
0.000842605
0.000836927
0.000760883
0.000655996
0.000552643
0.000461642
0.000393967
0.000367273
0.000424049
0.000638518
0.000356558
0.000420968
0.000724602
0.000811353
0.000737926
0.000607141
0.000515706
0.000480217
0.000502235
0.000577835
0.000672736
0.000718669
0.000679042
0.00058992
0.000510389
0.000455804
0.000427273
0.000433315
0.000525943
0.000760332
0.000366619
0.000446207
0.000759072
0.000852092
0.000811044
0.000695629
0.000585307
0.000509195
0.000479442
0.000499936
0.000553451
0.000595632
0.000600033
0.000576961
0.000545604
0.000516482
0.000501401
0.000516293
0.000629075
0.000800782
0.000374134
0.000470231
0.000808511
0.000913396
0.000900085
0.000811268
0.000710714
0.000622674
0.000561462
0.000552625
0.000586749
0.000632785
0.000665289
0.00067278
0.000662058
0.000641272
0.000619633
0.000620714
0.000725691
0.000800188
0.000381997
0.000492385
0.000864933
0.000995764
0.00103051
0.000999607
0.000943483
0.000895854
0.00085376
0.000838199
0.000869759
0.00092354
0.00095959
0.000966179
0.000943012
0.000893902
0.000829111
0.000792507
0.000816013
0.000776366
0.000392429
0.000514247
0.000906391
0.00109816
0.00122807
0.00132668
0.00137156
0.00135911
0.00132125
0.00128294
0.00128539
0.00132111
0.00134292
0.00134178
0.00130843
0.00124462
0.00115405
0.00104007
0.000909702
0.000749242
0.000406652
0.000537446
0.000898036
0.00117759
0.0014225
0.00159197
0.00170444
0.00170979
0.00165304
0.00157753
0.00152683
0.00153198
0.00154665
0.00155433
0.00150755
0.00142997
0.0013174
0.00115577
0.00094636
0.000718929
0.000423654
0.000550893
0.000598506
0.000635212
0.000662614
0.000683521
0.000698648
0.000708527
0.000713048
0.000711014
0.000696062
0.000682876
0.000667514
0.000650386
0.000631669
0.000610764
0.000586834
0.000558854
0.000526391
0.000486991
0.000436791
0.000305941
0.000300635
0.000268747
0.000216878
0.000194857
0.000201976
0.000206853
0.000212673
0.000219223
0.000222943
0.000221768
0.000218386
0.000215986
0.000215379
0.000213518
0.00020888
0.000208269
0.00024313
0.000288596
0.00031327
0.000321052
0.000419777
0.00038248
0.000356402
0.000399356
0.000500395
0.000638304
0.000770511
0.000866391
0.000910794
0.000893181
0.000823842
0.000728809
0.000626458
0.000515556
0.000410432
0.000342792
0.000342659
0.000398788
0.000338
0.000357001
0.000602012
0.000586299
0.00051023
0.000474858
0.000508115
0.000621692
0.000812126
0.00100085
0.00110398
0.00109365
0.00098914
0.000847868
0.000700428
0.000556368
0.000439539
0.000389248
0.000445576
0.000645301
0.000356742
0.000398041
0.000674327
0.000737926
0.000669762
0.000586138
0.000541222
0.000559033
0.000664589
0.000854603
0.00103791
0.00110259
0.00101308
0.000844318
0.000682583
0.000554454
0.000469438
0.000446366
0.000546879
0.000823239
0.000369803
0.000438672
0.000741459
0.000811044
0.000767186
0.000676728
0.000597895
0.000562008
0.000600651
0.000738322
0.00091541
0.00101611
0.000986296
0.000857211
0.000708515
0.000591456
0.000519266
0.000508924
0.000638277
0.000917793
0.000380382
0.000473067
0.000839464
0.000900085
0.000856259
0.000771276
0.000691818
0.000645931
0.000666389
0.000782383
0.000944792
0.00105315
0.00105403
0.000965791
0.000837382
0.000706905
0.000612956
0.000585299
0.000724566
0.000953049
0.000391165
0.000502578
0.000946056
0.00103051
0.00100255
0.000961225
0.000932182
0.000934984
0.000982524
0.00108446
0.00121486
0.001311
0.00132272
0.00125865
0.00114572
0.00100006
0.000843653
0.000742695
0.000832282
0.000936929
0.000404289
0.000530644
0.00101477
0.00122807
0.00136993
0.00142625
0.00147432
0.00151076
0.00152551
0.00153682
0.00157125
0.00161181
0.00160754
0.001564
0.00149484
0.00139462
0.00125485
0.00110254
0.00103137
0.000885907
0.000419964
0.000558825
0.00102573
0.0014225
0.00173757
0.00185766
0.00190765
0.0019052
0.00186153
0.00180334
0.00175295
0.00174438
0.0017446
0.00174403
0.00172865
0.00168176
0.00158259
0.00142301
0.00116796
0.000831158
0.000438307
0.000571766
0.000623048
0.000662614
0.000693198
0.000717916
0.000736446
0.000749488
0.000757611
0.000759767
0.000746435
0.000727178
0.000706546
0.000685319
0.000662961
0.000638453
0.000610772
0.000578798
0.000543153
0.000501671
0.000450247
0.000237328
0.000230103
0.000207286
0.000194857
0.000198473
0.000203149
0.00021025
0.00022185
0.000234095
0.000238041
0.000231786
0.000222584
0.000218698
0.000219959
0.000218424
0.000212166
0.000215031
0.000253884
0.000289124
0.000310468
0.000270536
0.000344659
0.000366626
0.000399356
0.000450673
0.00055879
0.000716019
0.000867617
0.000979324
0.00101813
0.000960165
0.000843827
0.000712224
0.000589288
0.000464172
0.000365531
0.000326796
0.000344682
0.000389111
0.000333942
0.000316057
0.000466088
0.000483134
0.000474858
0.000497696
0.000575317
0.000749174
0.000998378
0.00120513
0.00130139
0.00125104
0.00110232
0.000920175
0.000738156
0.000568852
0.0004363
0.000389997
0.000447277
0.000603265
0.000354515
0.000373158
0.000564234
0.000607141
0.000586138
0.000561637
0.000574206
0.00067166
0.000901282
0.00118866
0.00138514
0.00139781
0.00124181
0.0010209
0.000807231
0.000624957
0.000496097
0.000454546
0.000556219
0.000827182
0.000371717
0.000428511
0.000664864
0.000695629
0.000676728
0.000635938
0.000612913
0.000659872
0.000847427
0.00114172
0.00138332
0.0014507
0.00133394
0.00110856
0.0008766
0.000687626
0.000559832
0.000519133
0.000650786
0.000985965
0.000386748
0.000472153
0.000826721
0.000811268
0.000771276
0.00072848
0.000708917
0.000765402
0.000956904
0.00123752
0.00146956
0.00154523
0.0014586
0.00125911
0.00103038
0.000820786
0.000662115
0.000594427
0.000733777
0.00108263
0.000400892
0.000507829
0.00101447
0.000999607
0.000961225
0.00096546
0.00101738
0.00113666
0.00132049
0.00152814
0.0016882
0.00173427
0.00166513
0.00150611
0.00131596
0.00111473
0.00090941
0.000759706
0.000851861
0.00107962
0.000415825
0.000541178
0.00110588
0.00132668
0.00142625
0.00152342
0.00163855
0.00173975
0.00180811
0.00186082
0.00189121
0.00187985
0.00182106
0.00172191
0.0016165
0.00149038
0.00131883
0.00113479
0.00109505
0.00101438
0.000431048
0.000573534
0.00112924
0.00159197
0.00185766
0.00198271
0.00204897
0.00205828
0.00203427
0.00200111
0.00194478
0.00189336
0.0018641
0.0018574
0.00184638
0.00179979
0.00168709
0.00150109
0.00130834
0.000918768
0.000448581
0.000586244
0.000641084
0.000683521
0.000717916
0.000746197
0.000768259
0.000786039
0.00080024
0.000808768
0.000798427
0.000770894
0.000742688
0.000715844
0.000689148
0.000660908
0.000629835
0.000594517
0.000554968
0.000511541
0.000458865
0.000175998
0.000190844
0.000196922
0.000201976
0.000203149
0.000206619
0.000216249
0.000233615
0.00025151
0.00025242
0.000237742
0.000227385
0.000228369
0.000233706
0.000233483
0.000225793
0.000227798
0.000260935
0.000287007
0.000305118
0.000226368
0.000357321
0.000444371
0.000500395
0.00055879
0.000669966
0.000815642
0.000957191
0.00106322
0.00106313
0.000943417
0.000778608
0.000628365
0.000512663
0.000417046
0.000343456
0.000316979
0.000342423
0.000378139
0.00032754
0.000278777
0.000396781
0.000458848
0.000508115
0.000575317
0.000703953
0.000930586
0.00117591
0.00136066
0.00140972
0.00129713
0.00109937
0.000882646
0.000688523
0.000528587
0.000421434
0.000387616
0.000440537
0.000554459
0.000349825
0.000351488
0.000465098
0.000515706
0.000541222
0.000574206
0.000664646
0.000885223
0.00120655
0.00149227
0.00161394
0.00152417
0.00132482
0.00107064
0.000828579
0.000631308
0.000500305
0.000460812
0.000554821
0.000778133
0.000370919
0.000417251
0.000568895
0.000585307
0.000597895
0.000612913
0.000679672
0.000891193
0.00124224
0.001592
0.00176096
0.00168271
0.0014921
0.00122924
0.000961535
0.000741596
0.000589226
0.000535767
0.000661856
0.000997882
0.000390548
0.000467635
0.000777934
0.000710714
0.000691818
0.000708917
0.000804692
0.00105423
0.00141469
0.00176564
0.00191923
0.00182619
0.00164912
0.00140883
0.00114363
0.000905271
0.000717712
0.00062558
0.000756178
0.00117553
0.00040808
0.000508077
0.00106331
0.000943483
0.000932182
0.00101738
0.00119994
0.00146922
0.00176101
0.00200939
0.00207104
0.00194577
0.00181085
0.00161375
0.00139571
0.00118636
0.000977129
0.000811779
0.000888939
0.00118055
0.000424747
0.000545534
0.00116483
0.00137156
0.00147432
0.00163855
0.00182115
0.00197469
0.00209265
0.00217277
0.00213882
0.00200367
0.00189833
0.00176694
0.00164819
0.00152466
0.0013595
0.00117548
0.00114561
0.00110705
0.00043832
0.000581473
0.00119938
0.00170444
0.00190765
0.00204897
0.00212674
0.00215997
0.00217975
0.0021821
0.00210905
0.0019807
0.00189582
0.00187995
0.001879
0.00184089
0.00172966
0.00153704
0.00134728
0.000971594
0.000454234
0.000595629
0.00065359
0.000698648
0.000736446
0.000768259
0.000795455
0.000820582
0.000843948
0.000861423
0.0008553
0.000816846
0.000777577
0.000742808
0.000710334
0.000677424
0.000642481
0.000604114
0.000561984
0.000516799
0.000463101
0.00015879
0.000186192
0.000200466
0.000206853
0.00021025
0.000216249
0.000228316
0.00024807
0.000265494
0.000255284
0.000243958
0.000246203
0.000255449
0.000258276
0.000255071
0.000246584
0.000238983
0.0002597
0.000280349
0.000295803
0.000191432
0.000423369
0.00055443
0.000638304
0.000716019
0.000815642
0.000924818
0.00103364
0.00111139
0.00103846
0.000867266
0.000698844
0.000585585
0.000508803
0.000431685
0.00036348
0.000328153
0.000337817
0.000362202
0.000319212
0.000245649
0.000388619
0.000511549
0.000621692
0.000749174
0.000930586
0.00113324
0.0013238
0.00144861
0.001395
0.0012337
0.00102282
0.000812236
0.000643655
0.000517872
0.000432856
0.000398299
0.000430897
0.000505658
0.000343616
0.000332108
0.000407251
0.000480217
0.000559033
0.00067166
0.000885223
0.00118819
0.00149675
0.00172103
0.00169424
0.00150587
0.00127738
0.0010301
0.000796558
0.000622035
0.000512215
0.000477077
0.000549545
0.00071486
0.00036796
0.000404161
0.00048333
0.000509195
0.000562008
0.000659872
0.000891193
0.00126302
0.00167389
0.00198771
0.00197223
0.00171199
0.00147302
0.00123441
0.000972265
0.000758025
0.000613489
0.000562624
0.000672806
0.000965713
0.000390805
0.000459197
0.000687094
0.000622674
0.000645931
0.000765402
0.00105423
0.00147292
0.0019267
0.00224617
0.00218338
0.00186868
0.00162598
0.0014341
0.00118474
0.000949959
0.000764118
0.000669212
0.00078762
0.00121496
0.000410664
0.000503322
0.00108048
0.000895854
0.000934984
0.00113666
0.00146922
0.00185158
0.00221243
0.00240767
0.00231078
0.00199177
0.00176854
0.00162398
0.00142304
0.00122596
0.00103266
0.000874617
0.000937501
0.00124217
0.000428507
0.000543573
0.00118737
0.00135911
0.00151076
0.00173975
0.00197469
0.00218289
0.00236987
0.00245584
0.00235343
0.00208326
0.00188731
0.00174756
0.00162689
0.00151797
0.00138148
0.00121748
0.00119104
0.00116308
0.00043997
0.000582314
0.00122144
0.00170979
0.0019052
0.00205828
0.00215997
0.00224645
0.00234122
0.00238773
0.00230421
0.00208874
0.0018979
0.00184586
0.00184551
0.00181495
0.00171414
0.00153177
0.00134778
0.000991914
0.000453949
0.000600587
0.000660973
0.000708527
0.000749488
0.000786039
0.000820582
0.000855965
0.000891807
0.000921153
0.000921007
0.000869918
0.000814498
0.000768248
0.000727804
0.000688821
0.000649127
0.000607314
0.000563247
0.000517044
0.000463178
0.000156883
0.000187182
0.000203184
0.000212673
0.00022185
0.000233615
0.00024807
0.000264403
0.000277555
0.000271289
0.000269333
0.000276934
0.000283709
0.000282299
0.000276818
0.000266542
0.000253445
0.000250082
0.000265262
0.000278753
0.000177343
0.000489998
0.000656573
0.000770511
0.000867617
0.000957191
0.00103364
0.00109539
0.00111787
0.000956705
0.000813667
0.000700476
0.000641729
0.000578343
0.000503653
0.000420608
0.000360812
0.000339599
0.000343937
0.000310201
0.000220331
0.000428841
0.00062968
0.000812126
0.000998378
0.00117591
0.0013238
0.00145101
0.00152005
0.0014094
0.00118786
0.000984018
0.000823048
0.000675989
0.000561095
0.000475544
0.000425651
0.000426762
0.000461566
0.000337567
0.000309174
0.000381931
0.000502235
0.000664589
0.000901282
0.00120655
0.00149675
0.00175992
0.00191175
0.00181203
0.00149067
0.00121354
0.00100353
0.00079861
0.000645923
0.000548267
0.000507627
0.000548046
0.000652576
0.000364233
0.000387996
0.000431849
0.000479442
0.000600651
0.000847427
0.00124224
0.00167389
0.00206962
0.00226927
0.00214356
0.0017686
0.00142949
0.00120114
0.000976291
0.000781248
0.000651883
0.000603394
0.000688564
0.000921849
0.000388474
0.000446943
0.000577226
0.000561462
0.000666389
0.000956904
0.00141469
0.0019267
0.00236089
0.00252765
0.00238844
0.00200665
0.00162887
0.0014045
0.00120376
0.000985759
0.000813708
0.000725169
0.000827362
0.00122152
0.00040891
0.000493877
0.00103681
0.00085376
0.000982524
0.00132049
0.00176101
0.00221243
0.0025434
0.00265018
0.00253345
0.00218598
0.00179661
0.00160103
0.00144258
0.00125976
0.00108442
0.000942611
0.000992045
0.00127323
0.000426443
0.000536053
0.0011832
0.00132125
0.00152551
0.00180811
0.00209265
0.00236987
0.00260469
0.00268689
0.00259912
0.00231229
0.00192863
0.00172762
0.00159994
0.0015019
0.00139147
0.00125755
0.00122934
0.00119055
0.000435676
0.000577222
0.00121597
0.00165304
0.00186153
0.00203427
0.00217975
0.00234122
0.00252058
0.00262124
0.00256141
0.00230327
0.00193957
0.00180186
0.0017771
0.00174302
0.00165188
0.00149078
0.00132138
0.00098588
0.00044756
0.000601371
0.000663349
0.000713048
0.000757611
0.00080024
0.000843948
0.000891807
0.000942618
0.000986149
0.000993606
0.000932596
0.000855071
0.000792836
0.000741707
0.000694994
0.000649507
0.000603817
0.000558154
0.000511823
0.000458858
0.000157901
0.000188752
0.000206577
0.000219223
0.000234095
0.00025151
0.000265494
0.000277555
0.000297599
0.000302726
0.000306894
0.000311037
0.000306702
0.000302887
0.000297133
0.000287514
0.000273131
0.000256057
0.000246063
0.00025335
0.000176234
0.000530561
0.000726117
0.000866391
0.000979324
0.00106322
0.00111139
0.00111787
0.00109332
0.000928285
0.000891009
0.000842307
0.000755283
0.000678546
0.000601811
0.000514688
0.000422376
0.000364801
0.000338037
0.000300732
0.000206133
0.000488514
0.000763082
0.00100085
0.00120513
0.00136066
0.00144861
0.00152005
0.00155686
0.00141551
0.00130951
0.00117049
0.000930547
0.000773115
0.000646265
0.000543824
0.000469308
0.000435816
0.000433772
0.000333424
0.000287575
0.000383595
0.000577835
0.000854603
0.00118866
0.00149227
0.00172103
0.00191175
0.00195108
0.00177625
0.00166901
0.00142368
0.00108072
0.000871162
0.000712228
0.00060689
0.000550011
0.000555509
0.000607515
0.000361229
0.000370383
0.000405405
0.000499936
0.000738322
0.00114172
0.001592
0.00198771
0.00226927
0.00224541
0.00204693
0.00199354
0.00164952
0.00124723
0.00102833
0.000837504
0.000711091
0.000656328
0.000712299
0.000887466
0.000385342
0.000431391
0.000526043
0.000552625
0.000782383
0.00123752
0.00176564
0.00224617
0.00252765
0.00244332
0.00226382
0.00227543
0.00184421
0.00143242
0.00124833
0.00104178
0.000879166
0.000793581
0.000875269
0.00122204
0.000404883
0.000478892
0.000949861
0.000838199
0.00108446
0.00152814
0.00200939
0.00240767
0.00265018
0.0025713
0.00243744
0.00248623
0.00198336
0.00162121
0.00148682
0.00131258
0.00114772
0.00101844
0.00105171
0.00128627
0.000420503
0.000521816
0.00116537
0.00128294
0.00153682
0.00186082
0.00217277
0.00245584
0.00268689
0.00267986
0.00258901
0.00261504
0.00205538
0.00174067
0.00161166
0.00151398
0.00141646
0.0013021
0.00126483
0.00120305
0.000426699
0.000565061
0.00120653
0.00157753
0.00180334
0.00200111
0.0021821
0.00238773
0.00262124
0.0027359
0.00268498
0.00255852
0.00201926
0.00177905
0.00171797
0.00166829
0.00157987
0.00144098
0.00128626
0.000969436
0.000434739
0.000596823
0.00065993
0.000711014
0.000759767
0.000808768
0.000861423
0.000921153
0.000986149
0.00104106
0.00105038
0.000997596
0.000895525
0.000814241
0.000750608
0.000695083
0.000643188
0.000593672
0.000546526
0.000500269
0.000447707
0.00016024
0.00019129
0.000209425
0.000222943
0.000238041
0.00025242
0.000255284
0.000271289
0.000302726
0.000983884
0.00103506
0.000330068
0.00032213
0.000318049
0.000313453
0.000306019
0.000294231
0.000278007
0.000259213
0.000241965
0.000178827
0.000545832
0.000760004
0.000910794
0.00101813
0.00106313
0.00103846
0.000956705
0.000928285
0.00102938
0.0011633
0.00101993
0.000855143
0.000765003
0.000690793
0.000613967
0.000515953
0.000419809
0.000356736
0.000297007
0.000204446
0.000521257
0.000842605
0.00110398
0.00130139
0.00140972
0.001395
0.0014094
0.00141551
0.00127983
0.00154474
0.00139024
0.00101985
0.000861444
0.000738678
0.000623626
0.000526727
0.000459509
0.000425687
0.000331595
0.000287975
0.000400339
0.000672736
0.00103791
0.00138514
0.00161394
0.00169424
0.00181203
0.00177625
0.0014787
0.00191479
0.00161728
0.00116164
0.000965619
0.000798998
0.000677305
0.000599542
0.00057327
0.000587388
0.000359559
0.000369974
0.000404818
0.000553451
0.00091541
0.00138332
0.00176096
0.00197223
0.00214356
0.00204693
0.00168491
0.00225274
0.00179761
0.00132303
0.00112674
0.000923149
0.000785378
0.000716308
0.000744128
0.000875638
0.000382889
0.000426578
0.00052066
0.000586749
0.000944792
0.00146956
0.00191923
0.00218338
0.00238844
0.00226382
0.0019124
0.00253289
0.00194884
0.00150934
0.00135013
0.00113185
0.000964163
0.000871925
0.000928858
0.0012272
0.000401312
0.000470651
0.000943419
0.000869759
0.00121486
0.0016882
0.00207104
0.00231078
0.00253345
0.00243744
0.00214723
0.00271931
0.00205352
0.0017007
0.00158975
0.00140579
0.00123683
0.00110724
0.00111666
0.00128722
0.000415525
0.000510524
0.00114289
0.00128539
0.00157125
0.00189121
0.00213882
0.00235343
0.00259912
0.00258901
0.00237344
0.00278958
0.00208533
0.00180071
0.00169305
0.00159019
0.00148589
0.00136859
0.0013076
0.00120251
0.000420082
0.000550715
0.00116322
0.00152683
0.00175295
0.00194478
0.00210905
0.00230421
0.00256141
0.00268498
0.00255027
0.00265436
0.0020191
0.00178057
0.0017248
0.00166403
0.00156833
0.00143028
0.00127173
0.000945576
0.000425706
0.000583535
0.000645042
0.000696062
0.000746435
0.000798427
0.0008553
0.000921007
0.000993606
0.00105038
0.00103044
0.00103366
0.000916425
0.00082256
0.000750176
0.000687839
0.000631218
0.000579101
0.000531727
0.000487184
0.000437746
0.000164507
0.000194388
0.000211032
0.000221768
0.000231786
0.000237742
0.000243958
0.000269333
0.000306894
0.00103506
0.00103217
0.000333563
0.000330099
0.000328082
0.000325356
0.000320198
0.000311245
0.00029781
0.00028097
0.00026428
0.000183449
0.000537409
0.00075463
0.000893181
0.000960165
0.000943417
0.000867266
0.000813667
0.000891009
0.0011633
0.0011765
0.000972689
0.000886801
0.000813088
0.000751997
0.000691794
0.000612114
0.000500441
0.000397149
0.00029808
0.000219386
0.000504552
0.000836927
0.00109365
0.00125104
0.00129713
0.0012337
0.00118786
0.00130951
0.00154474
0.00150977
0.00125603
0.00105723
0.000923534
0.000806833
0.000696933
0.000587304
0.000495369
0.000433575
0.000331473
0.000302318
0.000412312
0.000718669
0.00110259
0.00139781
0.00152417
0.00150587
0.00149067
0.00166901
0.00191479
0.00180229
0.00143394
0.00123734
0.00105119
0.000883071
0.000744458
0.000648402
0.000599376
0.000593606
0.000359002
0.000376654
0.000416358
0.000595632
0.00101611
0.0014507
0.00168271
0.00171199
0.0017686
0.00199354
0.00225274
0.0020518
0.00160474
0.00145118
0.00124325
0.00102829
0.000863693
0.00077515
0.000779569
0.000885279
0.000381377
0.0004289
0.00054775
0.000632785
0.00105315
0.00154523
0.00182619
0.00186868
0.00200665
0.00227543
0.00253289
0.00225273
0.00178341
0.0016886
0.00149889
0.0012597
0.0010654
0.000953951
0.000982942
0.00122779
0.000398995
0.000470658
0.00097527
0.00092354
0.001311
0.00173427
0.00194577
0.00199177
0.00218598
0.00248623
0.00271931
0.00238495
0.00194733
0.00189139
0.00174585
0.00154475
0.00135391
0.0012071
0.00118394
0.00128014
0.000412589
0.000508755
0.00112018
0.00132111
0.00161181
0.00187985
0.00200367
0.00208326
0.00231229
0.00261504
0.00278958
0.00242963
0.0020328
0.00192568
0.00182181
0.00171268
0.00159034
0.00145323
0.00135846
0.00119443
0.000417164
0.000547171
0.00111594
0.00153198
0.00174438
0.00189336
0.0019807
0.00208874
0.00230327
0.00255852
0.00265436
0.00229812
0.00195434
0.00188285
0.0018403
0.0017558
0.00163262
0.00147218
0.00128889
0.000930453
0.00042338
0.000577045
0.000635369
0.000682876
0.000727178
0.000770894
0.000816846
0.000869918
0.000932596
0.000997596
0.00103366
0.000946394
0.000856491
0.000787606
0.000729226
0.000674836
0.000623198
0.000574303
0.000528676
0.000485038
0.000436314
0.000169038
0.000196777
0.000211123
0.000218386
0.000222584
0.000227385
0.000246203
0.000276934
0.000311037
0.000330068
0.000333563
0.000334822
0.000334729
0.00033505
0.000334107
0.000330852
0.000324262
0.000313464
0.000298372
0.000281353
0.000189841
0.00050755
0.000713011
0.000823842
0.000843827
0.000778608
0.000698844
0.000700476
0.000842307
0.00101993
0.000972689
0.000921756
0.000884728
0.000835322
0.000788179
0.000737661
0.000673508
0.000581107
0.000451207
0.000299476
0.000240701
0.000460299
0.000760883
0.00098914
0.00110232
0.00109937
0.00102282
0.000984018
0.00117049
0.00139024
0.00125603
0.00114511
0.00106975
0.000972969
0.000862227
0.000748439
0.000635667
0.000532392
0.0004522
0.000332267
0.000317977
0.000410534
0.000679042
0.00101308
0.00124181
0.00132482
0.00127738
0.00121354
0.00142368
0.00161728
0.00143394
0.00136591
0.00127914
0.00113576
0.000966045
0.000806799
0.000688681
0.000625047
0.000612989
0.000359104
0.000383779
0.000434723
0.000600033
0.000986296
0.00133394
0.0014921
0.00147302
0.00142949
0.00164952
0.00179761
0.00160474
0.0016035
0.00153584
0.00136593
0.00115034
0.000947178
0.000827719
0.000811939
0.000899471
0.000380603
0.000431775
0.000609891
0.000665289
0.00105403
0.0014586
0.00164912
0.00162598
0.00162887
0.00184421
0.00194884
0.00178341
0.0018456
0.00181623
0.00165372
0.00142309
0.0011847
0.00103596
0.0010338
0.00122379
0.000397733
0.00047108
0.000982125
0.00095959
0.00132272
0.00166513
0.00181085
0.00176854
0.00179661
0.00198336
0.00205352
0.00194733
0.00203262
0.0020191
0.00189971
0.00171255
0.00149295
0.00131303
0.00125016
0.00127226
0.000410562
0.000507461
0.0011026
0.00134292
0.00160754
0.00182106
0.00189833
0.00188731
0.00192863
0.00205538
0.00208533
0.0020328
0.0020402
0.00200667
0.00194566
0.0018444
0.00170474
0.00154094
0.00141123
0.00118835
0.000415578
0.000543827
0.001097
0.00154665
0.0017446
0.0018641
0.00189582
0.0018979
0.00193957
0.00201926
0.0020191
0.00195434
0.00194825
0.00196677
0.00193395
0.00184053
0.00170192
0.00152161
0.00131575
0.000929526
0.000422475
0.000568875
0.000623558
0.000667514
0.000706546
0.000742688
0.000777577
0.000814498
0.000855071
0.000895525
0.000916425
0.000856491
0.000800555
0.000751251
0.000704277
0.000657788
0.000612091
0.000567361
0.000524105
0.000481763
0.000434238
0.000173337
0.000198628
0.000210829
0.000215986
0.000218698
0.000228369
0.000255449
0.000283709
0.000306702
0.00032213
0.000330099
0.000334729
0.000338064
0.000340336
0.000340963
0.000339306
0.000334618
0.00032611
0.00031334
0.000294208
0.000198463
0.000466195
0.000650163
0.000728809
0.000712224
0.000628365
0.000585585
0.000641729
0.000755283
0.000855143
0.000886801
0.000884728
0.000868931
0.00084377
0.000808154
0.000759063
0.000694368
0.00060606
0.000480228
0.00030114
0.000258347
0.000414674
0.000655996
0.000847868
0.000920175
0.000882646
0.000812236
0.000823048
0.000930547
0.00101985
0.00105723
0.00106975
0.00105926
0.00100852
0.000918008
0.000800673
0.000674947
0.000558087
0.00047317
0.000333501
0.000330717
0.000404103
0.00058992
0.000844318
0.0010209
0.00107064
0.0010301
0.00100353
0.00108072
0.00116164
0.00123734
0.00127914
0.00127696
0.00120406
0.00106309
0.000888605
0.00073222
0.000648651
0.000634531
0.000359527
0.000389522
0.000464253
0.000576961
0.000857211
0.00110856
0.00122924
0.00123441
0.00120114
0.00124723
0.00132303
0.00145118
0.00153584
0.00154612
0.00146096
0.00128489
0.00106494
0.000889494
0.000843885
0.000915575
0.000380145
0.000433709
0.000662033
0.00067278
0.000965791
0.00125911
0.00140883
0.0014341
0.0014045
0.00143242
0.00150934
0.0016886
0.00181623
0.00184495
0.00176696
0.00158434
0.00133466
0.00113137
0.00108565
0.0012201
0.000396666
0.000470602
0.000978696
0.000966179
0.00125865
0.00150611
0.00161375
0.00162398
0.00160103
0.00162121
0.0017007
0.00189139
0.0020191
0.002059
0.00201047
0.00186867
0.00164852
0.00143115
0.00131848
0.00126774
0.000408954
0.000505175
0.00108526
0.00134178
0.001564
0.00172191
0.00176694
0.00174756
0.00172762
0.00174067
0.00180071
0.00192568
0.00200667
0.00204897
0.00203614
0.00195813
0.00181448
0.00163239
0.00146701
0.00118716
0.000414517
0.000539272
0.00108517
0.00155433
0.00174403
0.0018574
0.00187995
0.00184586
0.00180186
0.00177905
0.00178057
0.00188285
0.00196677
0.00200275
0.00197557
0.00189029
0.001754
0.0015683
0.00134742
0.000936912
0.000421669
0.000559111
0.000609939
0.000650386
0.000685319
0.000715844
0.000742808
0.000768248
0.000792836
0.000814241
0.00082256
0.000787606
0.000751251
0.000714287
0.000676223
0.000637127
0.000597628
0.000557637
0.000517269
0.000476687
0.000430823
0.00017728
0.00020018
0.000210898
0.000215379
0.000219959
0.000233706
0.000258276
0.000282299
0.000302887
0.000318049
0.000328082
0.00033505
0.000340336
0.000344371
0.000346665
0.000346659
0.000343764
0.000337129
0.000325461
0.000305737
0.00020713
0.000421298
0.000575911
0.000626458
0.000589288
0.000512663
0.000508803
0.000578343
0.000678546
0.000765003
0.000813088
0.000835322
0.00084377
0.000834181
0.000808762
0.000763524
0.000696925
0.000608447
0.000489701
0.000305553
0.000271318
0.000377796
0.000552643
0.000700428
0.000738156
0.000688523
0.000643655
0.000675989
0.000773115
0.000861444
0.000923534
0.000972969
0.00100852
0.00101113
0.000963282
0.000866347
0.000737276
0.000604773
0.000500698
0.000335362
0.00033952
0.000402781
0.000510389
0.000682583
0.000807231
0.000828579
0.000796558
0.00079861
0.000871162
0.000965619
0.00105119
0.00113576
0.00120406
0.00121885
0.00115037
0.00100503
0.000829426
0.000695752
0.000662378
0.000360255
0.000393121
0.000493602
0.000545604
0.000708515
0.0008766
0.000961535
0.000972265
0.000976291
0.00102833
0.00112674
0.00124325
0.00136593
0.00146096
0.00148126
0.00139546
0.00121402
0.00100149
0.000897618
0.000934371
0.000379824
0.000433998
0.000694541
0.000662058
0.000837382
0.00103038
0.00114363
0.00118474
0.00120376
0.00124833
0.00135013
0.00149889
0.00165372
0.00176696
0.00179271
0.00170292
0.00150477
0.00126704
0.0011571
0.00121967
0.000395492
0.000468446
0.000966964
0.000943012
0.00114572
0.00131596
0.00139571
0.00142304
0.00144258
0.00148682
0.00158975
0.00174585
0.00189971
0.00201047
0.00204111
0.00197049
0.00179568
0.00156608
0.00140034
0.00126751
0.000407456
0.000500939
0.00105852
0.00130843
0.00149484
0.0016165
0.00164819
0.00162689
0.00159994
0.00161166
0.00169305
0.00182181
0.00194566
0.00203614
0.00206842
0.00202547
0.00190263
0.00172148
0.00152635
0.00118975
0.000413524
0.000532502
0.00105971
0.00150755
0.00172865
0.00184638
0.001879
0.00184551
0.0017771
0.00171797
0.0017248
0.0018403
0.00193395
0.00197557
0.00196317
0.00189798
0.00177937
0.00160393
0.00137831
0.000947237
0.000420414
0.000547691
0.000594542
0.000631669
0.000662961
0.000689148
0.000710334
0.000727804
0.000741707
0.000750608
0.000750176
0.000729226
0.000704277
0.000676223
0.000645808
0.00061364
0.000580284
0.000545302
0.000508214
0.000469902
0.000426104
0.000180779
0.000200717
0.000209791
0.000213518
0.000218424
0.000233483
0.000255071
0.000276818
0.000297133
0.000313453
0.000325356
0.000334107
0.000340963
0.000346665
0.000350486
0.000352086
0.000350901
0.000346044
0.000336006
0.000316774
0.000213496
0.000375689
0.000491204
0.000515556
0.000464172
0.000417046
0.000431685
0.000503653
0.000601811
0.000690793
0.000751997
0.000788179
0.000808154
0.000808762
0.00080005
0.000771363
0.000713652
0.000627826
0.000510863
0.000315546
0.000278951
0.000350593
0.000461642
0.000556368
0.000568852
0.000528587
0.000517872
0.000561095
0.000646265
0.000738678
0.000806833
0.000862227
0.000918008
0.000963282
0.000967593
0.000917302
0.000815132
0.000684479
0.000554875
0.000338651
0.000344294
0.000405289
0.000455804
0.000554454
0.000624957
0.000631308
0.000622035
0.000645923
0.000712228
0.000798998
0.000883071
0.000966045
0.00106309
0.00115037
0.0011753
0.00110746
0.000963408
0.000798406
0.000706362
0.000361489
0.000394189
0.000516201
0.000516482
0.000591456
0.000687626
0.000741596
0.000758025
0.000781248
0.000837504
0.000923149
0.00102829
0.00115034
0.00128489
0.00139546
0.00142475
0.00134158
0.00117108
0.0010034
0.000960712
0.00037953
0.000432101
0.000708412
0.000641272
0.000706905
0.000820786
0.000905271
0.000949959
0.000985759
0.00104178
0.00113185
0.0012597
0.00142309
0.00158434
0.00170292
0.00172606
0.00162937
0.00143357
0.00126669
0.00122253
0.000393876
0.000463856
0.000943882
0.000893902
0.00100006
0.00111473
0.00118636
0.00122596
0.00125976
0.00131258
0.00140579
0.00154475
0.00171255
0.00186867
0.00197049
0.00198254
0.00188545
0.00169388
0.00149775
0.00126759
0.000405539
0.000493809
0.00101648
0.00124462
0.00139462
0.00149038
0.00152466
0.00151797
0.0015019
0.00151398
0.00159019
0.00171268
0.0018444
0.00195813
0.00202547
0.0020242
0.00194318
0.00178665
0.00157811
0.00118891
0.000411926
0.000522458
0.00101502
0.00142997
0.00168176
0.00179979
0.00184089
0.00181495
0.00174302
0.00166829
0.00166403
0.0017558
0.00184053
0.00189029
0.00189798
0.00185976
0.00176896
0.00161582
0.0013953
0.000952168
0.000418081
0.000534393
0.000577046
0.000610764
0.000638453
0.000660908
0.000677424
0.000688821
0.000694994
0.000695083
0.000687839
0.000674836
0.000657788
0.000637127
0.00061364
0.000587966
0.000560471
0.000530436
0.000496888
0.000461397
0.00042005
0.000183683
0.000198915
0.000206034
0.00020888
0.000212166
0.000225793
0.000246584
0.000266542
0.000287514
0.000306019
0.000320198
0.000330852
0.000339306
0.000346659
0.000352086
0.000355506
0.000356337
0.00035355
0.000345281
0.000326612
0.000213333
0.000329599
0.000403891
0.000410432
0.000365531
0.000343456
0.00036348
0.000420608
0.000514688
0.000613967
0.000691794
0.000737661
0.000759063
0.000763524
0.000771363
0.000767764
0.000733711
0.000661064
0.000542531
0.000327179
0.000278725
0.000331129
0.000393967
0.000439539
0.0004363
0.000421434
0.000432856
0.000475544
0.000543824
0.000623626
0.000696933
0.000748439
0.000800673
0.000866347
0.000917302
0.000932635
0.000887746
0.000781599
0.000627167
0.000344002
0.000344956
0.000411605
0.000427273
0.000469438
0.000496097
0.000500305
0.000512215
0.000548267
0.00060689
0.000677305
0.000744458
0.000806799
0.000888605
0.00100503
0.00110746
0.00113343
0.00107301
0.000942498
0.000773644
0.000363603
0.000392453
0.000532051
0.000501401
0.000519266
0.000559832
0.000589226
0.000613489
0.000651883
0.000711091
0.000785378
0.000863693
0.000947178
0.00106494
0.00121402
0.00134158
0.00137646
0.00129752
0.00114471
0.000995053
0.000379285
0.000427505
0.000705627
0.000619633
0.000612956
0.000662115
0.000717712
0.000764118
0.000813708
0.000879166
0.000964163
0.0010654
0.0011847
0.00133466
0.00150477
0.00162937
0.00165261
0.00155756
0.00137985
0.00121313
0.000391579
0.00045613
0.000896642
0.000829111
0.000843653
0.00090941
0.000977129
0.00103266
0.00108442
0.00114772
0.00123683
0.00135391
0.00149295
0.00164852
0.00179568
0.00188545
0.00187807
0.00176624
0.00157205
0.00125337
0.000402297
0.00048287
0.000953611
0.00115405
0.00125485
0.00131883
0.0013595
0.00138148
0.00139147
0.00141646
0.00148589
0.00159034
0.00170474
0.00181448
0.00190263
0.00194318
0.00191156
0.00179674
0.00158584
0.00116692
0.000408575
0.000508161
0.000945399
0.0013174
0.00158259
0.00168709
0.00172966
0.00171414
0.00165188
0.00157987
0.00156833
0.00163262
0.00170192
0.001754
0.00177937
0.00176896
0.0017098
0.00158564
0.00135114
0.000934688
0.000413598
0.000518689
0.000556789
0.000586834
0.000610772
0.000629835
0.000642481
0.000649127
0.000649507
0.000643188
0.000631218
0.000623198
0.000612091
0.000597628
0.000580284
0.000560471
0.000538279
0.000512823
0.000483415
0.000450983
0.000412402
0.000185551
0.000196379
0.000203263
0.000208269
0.000215031
0.000227798
0.000238983
0.000253445
0.000273131
0.000294231
0.000311245
0.000324262
0.000334618
0.000343764
0.000350901
0.000356337
0.000359529
0.000359234
0.000353021
0.00033491
0.000205932
0.000294945
0.000338057
0.000342792
0.000326796
0.000316979
0.000328153
0.000360812
0.000422376
0.000515953
0.000612114
0.000673508
0.000694368
0.000696925
0.000713652
0.000733711
0.000731925
0.000687095
0.000575846
0.000339926
0.000272374
0.000326836
0.000367273
0.000389248
0.000389997
0.000387616
0.000398299
0.000425651
0.000469308
0.000526727
0.000587304
0.000635667
0.000674947
0.000737276
0.000815132
0.000887746
0.000910791
0.000855092
0.000697761
0.0003527
0.00034264
0.000431069
0.000433315
0.000446366
0.000454546
0.000460812
0.000477077
0.000507627
0.000550011
0.000599542
0.000648402
0.000688681
0.00073222
0.000829426
0.000963408
0.00107301
0.00111466
0.00104797
0.000850349
0.000366865
0.000388303
0.000550737
0.000516293
0.000508924
0.000519133
0.000535767
0.000562624
0.000603394
0.000656328
0.000716308
0.00077515
0.000827719
0.000889494
0.00100149
0.00117108
0.00129752
0.0013329
0.00125232
0.00102517
0.000378946
0.000419988
0.00069444
0.000620714
0.000585299
0.000594427
0.00062558
0.000669212
0.000725169
0.000793581
0.000871925
0.000953951
0.00103596
0.00113137
0.00126704
0.00143357
0.00155756
0.00156056
0.00144444
0.00117982
0.000388399
0.000444909
0.000825187
0.000792507
0.000742695
0.000759706
0.000811779
0.000874617
0.000942611
0.00101844
0.00110724
0.0012071
0.00131303
0.00143115
0.00156608
0.00169388
0.00176624
0.00173547
0.00156024
0.00120476
0.000396767
0.000467407
0.000868073
0.00104007
0.00110254
0.00113479
0.00117548
0.00121748
0.00125755
0.0013021
0.00136859
0.00145323
0.00154094
0.00163239
0.00172148
0.00178665
0.00179674
0.00172296
0.00150648
0.00110446
0.000402139
0.000488809
0.00084747
0.00115577
0.00142301
0.00150109
0.00153704
0.00153177
0.00149078
0.00144098
0.00143028
0.00147218
0.00152161
0.0015683
0.00160393
0.00161582
0.00158564
0.00149122
0.00124949
0.000883381
0.000405635
0.00049962
0.000532741
0.000558854
0.000578798
0.000594517
0.000604114
0.000607314
0.000603817
0.000593672
0.000579101
0.000574303
0.000567361
0.000557637
0.000545302
0.000530436
0.000512823
0.000491549
0.000466896
0.000437993
0.000402588
0.000209964
0.000224045
0.000233984
0.00024313
0.000253884
0.000260935
0.0002597
0.000250082
0.000256057
0.000278007
0.00029781
0.000313464
0.00032611
0.000337129
0.000346044
0.00035355
0.000359234
0.000361765
0.000358101
0.000340927
0.000228441
0.00029988
0.000331498
0.000342659
0.000344682
0.000342423
0.000337817
0.000339599
0.000364801
0.000419809
0.000500441
0.000581107
0.00060606
0.000608447
0.000627826
0.000661064
0.000687095
0.000678227
0.000592352
0.000350615
0.000280031
0.000374977
0.000424049
0.000445576
0.000447277
0.000440537
0.000430897
0.000426762
0.000435816
0.000459509
0.000495369
0.000532392
0.000558087
0.000604773
0.000684479
0.000781599
0.000855092
0.000859827
0.000733251
0.000361474
0.00034459
0.000496813
0.000525943
0.000546879
0.000556219
0.000554821
0.000549545
0.000548046
0.000555509
0.00057327
0.000599376
0.000625047
0.000648651
0.000695752
0.000798406
0.000942498
0.00104797
0.00105299
0.000879138
0.000370525
0.000383716
0.000599373
0.000629075
0.000638277
0.000650786
0.000661856
0.000672806
0.000688564
0.000712299
0.000744128
0.000779569
0.000811939
0.000843885
0.000897618
0.0010034
0.00114471
0.00125232
0.00123834
0.00101577
0.000378014
0.000409679
0.000682692
0.000725691
0.000724566
0.000733777
0.000756178
0.00078762
0.000827362
0.000875269
0.000928858
0.000982942
0.0010338
0.00108565
0.0011571
0.00126669
0.00137985
0.00144444
0.00138269
0.00110772
0.000383656
0.000429609
0.000745753
0.000816013
0.000832282
0.000851861
0.000888939
0.000937501
0.000992045
0.00105171
0.00111666
0.00118394
0.00125016
0.00131848
0.00140034
0.00149775
0.00157205
0.00156024
0.00142803
0.00110126
0.000388721
0.000447078
0.000765377
0.000909702
0.00103137
0.00109505
0.00114561
0.00119104
0.00122934
0.00126483
0.0013076
0.00135846
0.00141123
0.00146701
0.00152635
0.00157811
0.00158584
0.00150648
0.00131746
0.000988611
0.000392119
0.000464282
0.000731189
0.00094636
0.00116796
0.00130834
0.00134728
0.00134778
0.00132138
0.00128626
0.00127173
0.00128889
0.00131575
0.00134742
0.00137831
0.0013953
0.00135114
0.00124949
0.00105804
0.000789754
0.000393574
0.000475726
0.000503771
0.000526391
0.000543153
0.000554968
0.000561984
0.000563247
0.000558154
0.000546526
0.000531727
0.000528676
0.000524105
0.000517269
0.000508214
0.000496888
0.000483415
0.000466896
0.000446814
0.00042168
0.000389747
0.000277962
0.000283595
0.000286454
0.000288596
0.000289124
0.000287007
0.000280349
0.000265262
0.000246063
0.000259213
0.00028097
0.000298372
0.00031334
0.000325461
0.000336006
0.000345281
0.000353021
0.000358101
0.000357611
0.000344051
0.000292921
0.000388513
0.000408617
0.000398788
0.000389111
0.000378139
0.000362202
0.000343937
0.000338037
0.000356736
0.000397149
0.000451207
0.000480228
0.000489701
0.000510863
0.000542531
0.000575846
0.000592352
0.000550601
0.000356145
0.00032785
0.000558115
0.000638518
0.000645301
0.000603265
0.000554459
0.000505658
0.000461566
0.000433772
0.000425687
0.000433575
0.0004522
0.00047317
0.000500698
0.000554875
0.000627167
0.000697761
0.000733251
0.000668325
0.000365044
0.000357996
0.000622409
0.000760332
0.000823239
0.000827182
0.000778133
0.00071486
0.000652576
0.000607515
0.000587388
0.000593606
0.000612989
0.000634531
0.000662378
0.000706362
0.000773644
0.000850349
0.000879138
0.000777069
0.000370116
0.000379734
0.000632312
0.000800782
0.000917793
0.000985965
0.000997882
0.000965713
0.000921849
0.000887466
0.000875638
0.000885279
0.000899471
0.000915575
0.000934371
0.000960712
0.000995053
0.00102517
0.00101577
0.000866889
0.000373141
0.000396098
0.000635404
0.000800188
0.000953049
0.00108263
0.00117553
0.00121496
0.00122152
0.00122204
0.0012272
0.00122779
0.00122379
0.0012201
0.00121967
0.00122253
0.00121313
0.00117982
0.00110772
0.000915849
0.000374978
0.000409216
0.000637073
0.000776366
0.000936929
0.00107962
0.00118055
0.00124217
0.00127323
0.00128627
0.00128722
0.00128014
0.00127226
0.00126774
0.00126751
0.00126759
0.00125337
0.00120476
0.00110126
0.000885023
0.000376745
0.000420876
0.00063427
0.000749242
0.000885907
0.00101438
0.00110705
0.00116308
0.00119055
0.00120305
0.00120251
0.00119443
0.00118835
0.00118716
0.00118975
0.00118891
0.00116692
0.00110446
0.000988611
0.000793154
0.000377086
0.000432966
0.000607415
0.000718929
0.000831158
0.000918768
0.000971594
0.000991914
0.00098588
0.000969436
0.000945576
0.000930453
0.000929526
0.000936912
0.000947237
0.000952168
0.000934688
0.000883381
0.000789754
0.000650184
0.000376036
0.000443629
0.000466787
0.000486991
0.000501671
0.000511541
0.000516799
0.000517044
0.000511823
0.000500269
0.000487184
0.000485038
0.000481763
0.000476687
0.000469902
0.000461397
0.000450983
0.000437993
0.00042168
0.000400057
0.000371786
0.000310878
0.000313193
0.00031408
0.00031327
0.000310468
0.000305118
0.000295803
0.000278753
0.00025335
0.000241965
0.00026428
0.000281353
0.000294208
0.000305737
0.000316774
0.000326612
0.00033491
0.000340927
0.000344051
0.000343475
0.000335161
0.000338942
0.000339634
0.000338
0.000333942
0.00032754
0.000319212
0.000310201
0.000300732
0.000297007
0.00029808
0.000299476
0.00030114
0.000305553
0.000315546
0.000327179
0.000339926
0.000350615
0.000356145
0.000352273
0.000349882
0.000354894
0.000356558
0.000356742
0.000354515
0.000349825
0.000343616
0.000337567
0.000333424
0.000331595
0.000331473
0.000332267
0.000333501
0.000335362
0.000338651
0.000344002
0.0003527
0.000361474
0.000365044
0.000356072
0.000360135
0.000364475
0.000366619
0.000369803
0.000371717
0.000370919
0.00036796
0.000364233
0.000361229
0.000359559
0.000359002
0.000359104
0.000359527
0.000360255
0.000361489
0.000363603
0.000366865
0.000370525
0.000370116
0.000356492
0.000368769
0.00037215
0.000374134
0.000380382
0.000386748
0.000390548
0.000390805
0.000388474
0.000385342
0.000382889
0.000381377
0.000380603
0.000380145
0.000379824
0.00037953
0.000379285
0.000378946
0.000378014
0.000373141
0.000355789
0.000375494
0.000378664
0.000381997
0.000391165
0.000400892
0.00040808
0.000410664
0.00040891
0.000404883
0.000401312
0.000398995
0.000397733
0.000396666
0.000395492
0.000393876
0.000391579
0.000388399
0.000383656
0.000374978
0.00035448
0.000380906
0.000385871
0.000392429
0.000404289
0.000415825
0.000424747
0.000428507
0.000426443
0.000420503
0.000415525
0.000412589
0.000410562
0.000408954
0.000407456
0.000405539
0.000402297
0.000396767
0.000388721
0.000376745
0.000352726
0.000385768
0.000395076
0.000406652
0.000419964
0.000431048
0.00043832
0.00043997
0.000435676
0.000426699
0.000420082
0.000417164
0.000415578
0.000414517
0.000413524
0.000411926
0.000408575
0.000402139
0.000392119
0.000377086
0.000350772
0.000391298
0.000407191
0.000423654
0.000438307
0.000448581
0.000454234
0.000453949
0.00044756
0.000434739
0.000425706
0.00042338
0.000422475
0.000421669
0.000420414
0.000418081
0.000413598
0.000405635
0.000393574
0.000376036
0.000349101
0.000398909
0.000417845
0.000436791
0.000450247
0.000458865
0.000463101
0.000463178
0.000458858
0.000447707
0.000437746
0.000436314
0.000434238
0.000430823
0.000426104
0.00042005
0.000412402
0.000402588
0.000389747
0.000371786
0.000348124
)
;

boundaryField
{
    floor
    {
        type            compressible::alphatWallFunction;
        Prt             0.85;
        value           nonuniform List<scalar> 
400
(
5.33071e-05
5.16872e-05
4.8028e-05
4.18014e-05
3.05963e-05
2.19405e-05
1.98388e-05
1.96444e-05
1.98195e-05
2.02043e-05
2.09192e-05
2.16717e-05
2.23909e-05
2.30568e-05
2.36251e-05
2.40862e-05
2.44153e-05
2.77086e-05
3.83513e-05
4.33346e-05
5.16872e-05
5.29755e-05
4.8214e-05
4.0736e-05
2.97549e-05
2.48643e-05
2.44755e-05
2.46736e-05
2.49579e-05
2.53727e-05
2.58697e-05
2.62464e-05
2.654e-05
2.67849e-05
2.68568e-05
2.65517e-05
2.61689e-05
3.00343e-05
3.92156e-05
4.3731e-05
4.8028e-05
4.8214e-05
4.39756e-05
3.56847e-05
2.68265e-05
2.61916e-05
2.67693e-05
2.72441e-05
2.78234e-05
2.82813e-05
2.85075e-05
2.84929e-05
2.8427e-05
2.84215e-05
2.82212e-05
2.76105e-05
2.72349e-05
3.17846e-05
3.97856e-05
4.39229e-05
4.18014e-05
4.0736e-05
3.56847e-05
2.79476e-05
2.56506e-05
2.69211e-05
2.77469e-05
2.87649e-05
2.98429e-05
3.03967e-05
3.01509e-05
2.95707e-05
2.91696e-05
2.90639e-05
2.87552e-05
2.80205e-05
2.80513e-05
3.34416e-05
4.01882e-05
4.38639e-05
3.05963e-05
2.97549e-05
2.68265e-05
2.56506e-05
2.62437e-05
2.7016e-05
2.82768e-05
3.02667e-05
3.22212e-05
3.27345e-05
3.16483e-05
3.01561e-05
2.95942e-05
2.98384e-05
2.9635e-05
2.87335e-05
2.92755e-05
3.52395e-05
4.03148e-05
4.35008e-05
2.19405e-05
2.48643e-05
2.61916e-05
2.69211e-05
2.7016e-05
2.75958e-05
2.92641e-05
3.21652e-05
3.49302e-05
3.4861e-05
3.25225e-05
3.09621e-05
3.12823e-05
3.21736e-05
3.21768e-05
3.10953e-05
3.13386e-05
3.62321e-05
4.00021e-05
4.27338e-05
1.98388e-05
2.44755e-05
2.67693e-05
2.77469e-05
2.82768e-05
2.92641e-05
3.12516e-05
3.44173e-05
3.69715e-05
3.5235e-05
3.3618e-05
3.40786e-05
3.55511e-05
3.59959e-05
3.55335e-05
3.42566e-05
3.30548e-05
3.58847e-05
3.89471e-05
4.13172e-05
1.96444e-05
2.46736e-05
2.72441e-05
2.87649e-05
3.02667e-05
3.21652e-05
3.44173e-05
3.68777e-05
3.88224e-05
3.7813e-05
3.76897e-05
3.89209e-05
3.98631e-05
3.96557e-05
3.88566e-05
3.7326e-05
3.52987e-05
3.44216e-05
3.64989e-05
3.86011e-05
1.98195e-05
2.49579e-05
2.78234e-05
2.98429e-05
3.22212e-05
3.49302e-05
3.69715e-05
3.88224e-05
4.18268e-05
4.26495e-05
4.33967e-05
4.39916e-05
4.33052e-05
4.2732e-05
4.18991e-05
4.04951e-05
3.8346e-05
3.57018e-05
3.38143e-05
3.45725e-05
2.02043e-05
2.53727e-05
2.82813e-05
3.03967e-05
3.27345e-05
3.4861e-05
3.5235e-05
3.7813e-05
4.26495e-05
0
0
4.67927e-05
4.55827e-05
4.49602e-05
4.42974e-05
4.32216e-05
4.1486e-05
3.90474e-05
3.61675e-05
3.34125e-05
2.09192e-05
2.58697e-05
2.85075e-05
3.01509e-05
3.16483e-05
3.25225e-05
3.3618e-05
3.76897e-05
4.33967e-05
0
0
4.73063e-05
4.67502e-05
4.6422e-05
4.60303e-05
4.52846e-05
4.39695e-05
4.19624e-05
3.94013e-05
3.68434e-05
2.16717e-05
2.62464e-05
2.84929e-05
2.95707e-05
3.01561e-05
3.09621e-05
3.40786e-05
3.89209e-05
4.39916e-05
4.67927e-05
4.73063e-05
4.74682e-05
4.74055e-05
4.74394e-05
4.7305e-05
4.68318e-05
4.58617e-05
4.42523e-05
4.19663e-05
3.93338e-05
2.23909e-05
2.654e-05
2.8427e-05
2.91696e-05
2.95942e-05
3.12823e-05
3.55511e-05
3.98631e-05
4.33052e-05
4.55827e-05
4.67502e-05
4.74055e-05
4.78846e-05
4.82173e-05
4.83095e-05
4.80655e-05
4.73722e-05
4.61102e-05
4.41749e-05
4.12308e-05
2.30568e-05
2.67849e-05
2.84215e-05
2.90639e-05
2.98384e-05
3.21736e-05
3.59959e-05
3.96557e-05
4.2732e-05
4.49602e-05
4.6422e-05
4.74394e-05
4.82173e-05
4.88175e-05
4.91513e-05
4.91462e-05
4.87118e-05
4.77162e-05
4.59561e-05
4.29547e-05
2.36251e-05
2.68568e-05
2.82212e-05
2.87552e-05
2.9635e-05
3.21768e-05
3.55335e-05
3.88566e-05
4.18991e-05
4.42974e-05
4.60303e-05
4.7305e-05
4.83095e-05
4.91513e-05
4.97092e-05
4.994e-05
4.97572e-05
4.90263e-05
4.7516e-05
4.46128e-05
2.40862e-05
2.65517e-05
2.76105e-05
2.80205e-05
2.87335e-05
3.10953e-05
3.42566e-05
3.7326e-05
4.04951e-05
4.32216e-05
4.52846e-05
4.68318e-05
4.80655e-05
4.91462e-05
4.994e-05
5.04402e-05
5.05563e-05
5.0133e-05
4.88908e-05
4.6093e-05
2.44153e-05
2.61689e-05
2.72349e-05
2.80513e-05
2.92755e-05
3.13386e-05
3.30548e-05
3.52987e-05
3.8346e-05
4.1486e-05
4.39695e-05
4.58617e-05
4.73722e-05
4.87118e-05
4.97572e-05
5.05563e-05
5.10234e-05
5.09719e-05
5.00401e-05
4.7343e-05
2.77086e-05
3.00343e-05
3.17846e-05
3.34416e-05
3.52395e-05
3.62321e-05
3.58847e-05
3.44216e-05
3.57018e-05
3.90474e-05
4.19624e-05
4.42523e-05
4.61102e-05
4.77162e-05
4.90263e-05
5.0133e-05
5.09719e-05
5.13428e-05
5.07958e-05
4.82527e-05
3.83513e-05
3.92156e-05
3.97856e-05
4.01882e-05
4.03148e-05
4.00021e-05
3.89471e-05
3.64989e-05
3.38143e-05
3.61675e-05
3.94013e-05
4.19663e-05
4.41749e-05
4.59561e-05
4.7516e-05
4.88908e-05
5.00401e-05
5.07958e-05
5.07276e-05
4.87321e-05
4.33346e-05
4.3731e-05
4.39229e-05
4.38639e-05
4.35008e-05
4.27338e-05
4.13172e-05
3.86011e-05
3.45725e-05
3.34125e-05
3.68434e-05
3.93338e-05
4.12308e-05
4.29547e-05
4.46128e-05
4.6093e-05
4.7343e-05
4.82527e-05
4.87321e-05
4.86618e-05
)
;
    }
    ceiling
    {
        type            compressible::alphatWallFunction;
        Prt             0.85;
        value           nonuniform List<scalar> 
400
(
6.83309e-05
7.42147e-05
7.85988e-05
8.15862e-05
8.36541e-05
8.49921e-05
8.56994e-05
8.58143e-05
8.5152e-05
8.32819e-05
8.23412e-05
8.11598e-05
7.97448e-05
7.80847e-05
7.61466e-05
7.38545e-05
7.1071e-05
6.75861e-05
6.29105e-05
5.63875e-05
7.42147e-05
8.05041e-05
8.53331e-05
8.88047e-05
9.13492e-05
9.31064e-05
9.4139e-05
9.4467e-05
9.39648e-05
9.18705e-05
9.05035e-05
8.88275e-05
8.68868e-05
8.4683e-05
8.21692e-05
7.92512e-05
7.5782e-05
7.15997e-05
6.62586e-05
5.91721e-05
7.85988e-05
8.53331e-05
9.04925e-05
9.4333e-05
9.72547e-05
9.93565e-05
0.000100721
0.000101336
0.000101035
9.89198e-05
9.70878e-05
9.49347e-05
9.25214e-05
8.98728e-05
8.68999e-05
8.34867e-05
7.94875e-05
7.48399e-05
6.91896e-05
6.196e-05
8.15862e-05
8.88047e-05
9.4333e-05
9.85897e-05
0.000102019
0.000104569
0.000106347
0.000107442
0.000107716
0.000105819
0.000103174
0.000100316
9.73573e-05
9.42205e-05
9.07649e-05
8.68515e-05
8.23183e-05
7.72509e-05
7.13336e-05
6.3951e-05
8.36541e-05
9.13492e-05
9.72547e-05
0.000102019
0.00010591
0.00010892
0.000111326
0.000113235
0.000114369
0.00011288
0.000109128
0.000105259
0.000101553
9.78402e-05
9.38894e-05
8.95276e-05
8.45608e-05
7.89648e-05
7.27947e-05
6.52449e-05
8.49921e-05
9.31064e-05
9.93565e-05
0.000104569
0.00010892
0.000112609
0.000115996
0.000119128
0.000121447
0.000120536
0.00011533
0.00010999
0.000105231
0.00010075
9.61788e-05
9.13043e-05
8.59374e-05
8.00107e-05
7.35994e-05
6.59072e-05
8.56994e-05
9.4139e-05
0.000100721
0.000106347
0.000111326
0.000115996
0.00012075
0.000125528
0.000129386
0.000129288
0.00012242
0.00011495
0.000108668
0.000103127
9.77476e-05
9.22398e-05
8.64134e-05
8.02323e-05
7.36852e-05
6.59691e-05
8.58143e-05
9.4467e-05
0.000101336
0.000107442
0.000113235
0.000119128
0.000125528
0.000132247
0.000137902
0.000138846
0.000130706
0.000120348
0.000111957
0.000104994
9.85799e-05
9.22932e-05
8.5948e-05
7.9555e-05
7.29904e-05
6.5398e-05
8.5152e-05
9.39648e-05
0.000101035
0.000107716
0.000114369
0.000121447
0.000129386
0.000137902
0.000144944
0.000146237
0.000139196
0.000125669
0.000114782
0.000106156
9.85571e-05
9.14068e-05
8.45348e-05
7.79192e-05
7.13448e-05
6.3794e-05
8.32819e-05
9.18705e-05
9.89198e-05
0.000105819
0.00011288
0.000120536
0.000129288
0.000138846
0.000146237
0.000144184
0.000143804
0.000128295
0.000115778
0.000105996
9.74857e-05
8.9697e-05
8.24777e-05
7.58552e-05
6.95286e-05
6.24151e-05
8.23412e-05
9.05035e-05
9.70878e-05
0.000103174
0.000109128
0.00011533
0.00012242
0.000130706
0.000139196
0.000143804
0.000132204
0.000120318
0.000111086
0.000103162
9.57129e-05
8.85927e-05
8.18025e-05
7.5398e-05
6.9189e-05
6.21779e-05
8.11598e-05
8.88275e-05
9.49347e-05
0.000100316
0.000105259
0.00010999
0.00011495
0.000120348
0.000125669
0.000128295
0.000120318
0.000112834
0.000106164
9.97519e-05
9.3362e-05
8.70431e-05
8.0815e-05
7.47274e-05
6.86966e-05
6.18571e-05
7.97448e-05
8.68868e-05
9.25214e-05
9.73573e-05
0.000101553
0.000105231
0.000108668
0.000111957
0.000114782
0.000115778
0.000111086
0.000106164
0.000101122
9.58966e-05
9.04991e-05
8.5017e-05
7.94312e-05
7.37353e-05
6.79499e-05
6.13478e-05
7.80847e-05
8.4683e-05
8.98728e-05
9.42205e-05
9.78402e-05
0.00010075
0.000103127
0.000104994
0.000106156
0.000105996
0.000103162
9.97519e-05
9.58966e-05
9.16953e-05
8.72306e-05
8.25805e-05
7.76769e-05
7.24291e-05
6.69614e-05
6.06536e-05
7.61466e-05
8.21692e-05
8.68999e-05
9.07649e-05
9.38894e-05
9.61788e-05
9.77476e-05
9.85799e-05
9.85571e-05
9.74857e-05
9.57129e-05
9.3362e-05
9.04991e-05
8.72306e-05
8.36445e-05
7.97922e-05
7.55652e-05
7.08034e-05
6.57308e-05
5.97706e-05
7.38545e-05
7.92512e-05
8.34867e-05
8.68515e-05
8.95276e-05
9.13043e-05
9.22398e-05
9.22932e-05
9.14068e-05
8.9697e-05
8.85927e-05
8.70431e-05
8.5017e-05
8.25805e-05
7.97922e-05
7.66648e-05
7.3066e-05
6.88802e-05
6.42326e-05
5.86618e-05
7.1071e-05
7.5782e-05
7.94875e-05
8.23183e-05
8.45608e-05
8.59374e-05
8.64134e-05
8.5948e-05
8.45348e-05
8.24777e-05
8.18025e-05
8.0815e-05
7.94312e-05
7.76769e-05
7.55652e-05
7.3066e-05
7.00418e-05
6.65207e-05
6.2367e-05
5.72422e-05
6.75861e-05
7.15997e-05
7.48399e-05
7.72509e-05
7.89648e-05
8.00107e-05
8.02323e-05
7.9555e-05
7.79192e-05
7.58552e-05
7.5398e-05
7.47274e-05
7.37353e-05
7.24291e-05
7.08034e-05
6.88802e-05
6.65207e-05
6.36426e-05
6.00189e-05
5.53816e-05
6.29105e-05
6.62586e-05
6.91896e-05
7.13336e-05
7.27947e-05
7.35994e-05
7.36852e-05
7.29904e-05
7.13448e-05
6.95286e-05
6.9189e-05
6.86966e-05
6.79499e-05
6.69614e-05
6.57308e-05
6.42326e-05
6.2367e-05
6.00189e-05
5.68883e-05
5.27638e-05
5.63875e-05
5.91721e-05
6.196e-05
6.3951e-05
6.52449e-05
6.59072e-05
6.59691e-05
6.5398e-05
6.3794e-05
6.24151e-05
6.21779e-05
6.18571e-05
6.13478e-05
6.06536e-05
5.97706e-05
5.86618e-05
5.72422e-05
5.53816e-05
5.27638e-05
4.92898e-05
)
;
    }
    fixedWalls
    {
        type            compressible::alphatWallFunction;
        Prt             0.85;
        value           nonuniform List<scalar> 
800
(
5.32435e-05
5.67659e-05
5.8975e-05
6.04773e-05
6.17105e-05
6.28785e-05
6.40362e-05
6.52578e-05
6.66576e-05
6.82527e-05
5.16249e-05
5.55628e-05
5.86286e-05
6.10508e-05
6.32828e-05
6.54518e-05
6.75789e-05
6.98017e-05
7.22638e-05
7.413e-05
4.79695e-05
5.12882e-05
5.55435e-05
5.94856e-05
6.32364e-05
6.67763e-05
7.00187e-05
7.319e-05
7.65396e-05
7.85089e-05
4.17504e-05
4.41689e-05
4.98279e-05
5.60623e-05
6.21536e-05
6.72386e-05
7.15464e-05
7.55947e-05
7.96301e-05
8.14927e-05
3.05583e-05
3.65883e-05
4.36339e-05
5.24029e-05
6.07159e-05
6.71686e-05
7.23632e-05
7.71582e-05
8.17662e-05
8.35579e-05
2.19115e-05
2.97799e-05
3.80463e-05
4.92831e-05
5.91555e-05
6.65802e-05
7.24524e-05
7.78287e-05
8.29292e-05
8.4894e-05
1.98117e-05
2.459e-05
3.31357e-05
4.65373e-05
5.73382e-05
6.54197e-05
7.18153e-05
7.75909e-05
8.3081e-05
8.56004e-05
1.96175e-05
2.28048e-05
2.94349e-05
4.32818e-05
5.50171e-05
6.36876e-05
7.04907e-05
7.65476e-05
8.23843e-05
8.57149e-05
1.97923e-05
2.28045e-05
2.74497e-05
4.01855e-05
5.24743e-05
6.14387e-05
6.83392e-05
7.45064e-05
8.06405e-05
8.50531e-05
2.01766e-05
2.32824e-05
2.74213e-05
4.02212e-05
5.24153e-05
6.07659e-05
6.71798e-05
7.29181e-05
7.86306e-05
8.3185e-05
2.08908e-05
2.40658e-05
2.98479e-05
4.22567e-05
5.33681e-05
6.10711e-05
6.71359e-05
7.26158e-05
7.80797e-05
8.22455e-05
2.16426e-05
2.51329e-05
3.29654e-05
4.45561e-05
5.43833e-05
6.14491e-05
6.71491e-05
7.23799e-05
7.75555e-05
8.10656e-05
2.2361e-05
2.64264e-05
3.55203e-05
4.64039e-05
5.51819e-05
6.16804e-05
6.70278e-05
7.19984e-05
7.68565e-05
7.96524e-05
2.30263e-05
2.76657e-05
3.73535e-05
4.76374e-05
5.56486e-05
6.16614e-05
6.66561e-05
7.13295e-05
7.58319e-05
7.79945e-05
2.35939e-05
2.85139e-05
3.83467e-05
4.82383e-05
5.57229e-05
6.13121e-05
6.59257e-05
7.02409e-05
7.43368e-05
7.60588e-05
2.40545e-05
2.83628e-05
3.80777e-05
4.81798e-05
5.53649e-05
6.05613e-05
6.47433e-05
6.86046e-05
7.22327e-05
7.37696e-05
2.43834e-05
2.70111e-05
3.6717e-05
4.76256e-05
5.4645e-05
5.93838e-05
6.30492e-05
6.63149e-05
6.9401e-05
7.09894e-05
2.76728e-05
3.03783e-05
3.75588e-05
4.78146e-05
5.39077e-05
5.782e-05
6.07692e-05
6.33208e-05
6.58197e-05
6.75087e-05
3.83023e-05
4.02478e-05
4.54188e-05
5.00805e-05
5.33843e-05
5.58343e-05
5.77752e-05
5.94887e-05
6.12587e-05
6.28384e-05
4.32803e-05
4.68938e-05
4.90769e-05
5.05912e-05
5.18717e-05
5.28647e-05
5.36619e-05
5.43787e-05
5.51955e-05
5.63225e-05
4.32803e-05
4.68938e-05
4.90769e-05
5.05912e-05
5.18717e-05
5.28647e-05
5.36619e-05
5.43787e-05
5.51955e-05
5.63225e-05
4.36763e-05
4.75143e-05
4.9901e-05
5.133e-05
5.24404e-05
5.33683e-05
5.44001e-05
5.57338e-05
5.75131e-05
5.9104e-05
4.38679e-05
4.76726e-05
5.01971e-05
5.16951e-05
5.27899e-05
5.39238e-05
5.54361e-05
5.74956e-05
5.9966e-05
6.18889e-05
4.38089e-05
4.7502e-05
5.02856e-05
5.2223e-05
5.37757e-05
5.5348e-05
5.72633e-05
5.954e-05
6.218e-05
6.38775e-05
4.34461e-05
4.69888e-05
5.00468e-05
5.25801e-05
5.47821e-05
5.68526e-05
5.90498e-05
6.1252e-05
6.37616e-05
6.51699e-05
4.26799e-05
4.61336e-05
4.94685e-05
5.25615e-05
5.54147e-05
5.79636e-05
6.04048e-05
6.23759e-05
6.46542e-05
6.58313e-05
4.12649e-05
4.49828e-05
4.8664e-05
5.22268e-05
5.5531e-05
5.83952e-05
6.09791e-05
6.26601e-05
6.46647e-05
6.5893e-05
3.85524e-05
4.37163e-05
4.78575e-05
5.17549e-05
5.52512e-05
5.81828e-05
6.0711e-05
6.20728e-05
6.37864e-05
6.53224e-05
3.45289e-05
4.23929e-05
4.72876e-05
5.13478e-05
5.48282e-05
5.76338e-05
5.98898e-05
6.08209e-05
6.19728e-05
6.37201e-05
3.33698e-05
4.19191e-05
4.70092e-05
5.10957e-05
5.44701e-05
5.71193e-05
5.9179e-05
5.98789e-05
6.06985e-05
6.23427e-05
3.67964e-05
4.19743e-05
4.69404e-05
5.09762e-05
5.42202e-05
5.67546e-05
5.87385e-05
5.94359e-05
6.03312e-05
6.21058e-05
3.92838e-05
4.20769e-05
4.69847e-05
5.09365e-05
5.40657e-05
5.65388e-05
5.84272e-05
5.91849e-05
6.01729e-05
6.17855e-05
4.11787e-05
4.22119e-05
4.70914e-05
5.09458e-05
5.39618e-05
5.63583e-05
5.81796e-05
5.90145e-05
6.00361e-05
6.1277e-05
4.29008e-05
4.2812e-05
4.73079e-05
5.1012e-05
5.38887e-05
5.61732e-05
5.79533e-05
5.88599e-05
5.98415e-05
6.05837e-05
4.45573e-05
4.4307e-05
4.77661e-05
5.11727e-05
5.38362e-05
5.59369e-05
5.76729e-05
5.86238e-05
5.9497e-05
5.97018e-05
4.60361e-05
4.6071e-05
4.85632e-05
5.14855e-05
5.38105e-05
5.56268e-05
5.72066e-05
5.81383e-05
5.88461e-05
5.85944e-05
4.72851e-05
4.80029e-05
4.9885e-05
5.19873e-05
5.37794e-05
5.5179e-05
5.64116e-05
5.72073e-05
5.76937e-05
5.71765e-05
4.81941e-05
4.96212e-05
5.12228e-05
5.25595e-05
5.36694e-05
5.45051e-05
5.52507e-05
5.57519e-05
5.5942e-05
5.5318e-05
4.86733e-05
5.04671e-05
5.17823e-05
5.25306e-05
5.29772e-05
5.32484e-05
5.35061e-05
5.35511e-05
5.3376e-05
5.27031e-05
4.86035e-05
4.9918e-05
5.04829e-05
5.0543e-05
5.04346e-05
5.02346e-05
4.9967e-05
4.96668e-05
4.94027e-05
4.92328e-05
5.32435e-05
5.67659e-05
5.8975e-05
6.04773e-05
6.17105e-05
6.28785e-05
6.40362e-05
6.52578e-05
6.66576e-05
6.82527e-05
5.16249e-05
5.55628e-05
5.86286e-05
6.10508e-05
6.32828e-05
6.54518e-05
6.75789e-05
6.98017e-05
7.22638e-05
7.413e-05
4.79695e-05
5.12882e-05
5.55435e-05
5.94856e-05
6.32364e-05
6.67763e-05
7.00187e-05
7.319e-05
7.65396e-05
7.85089e-05
4.17504e-05
4.41689e-05
4.98279e-05
5.60623e-05
6.21536e-05
6.72386e-05
7.15464e-05
7.55947e-05
7.96301e-05
8.14927e-05
3.05583e-05
3.65883e-05
4.36339e-05
5.24029e-05
6.07159e-05
6.71686e-05
7.23632e-05
7.71582e-05
8.17662e-05
8.35579e-05
2.19115e-05
2.97799e-05
3.80463e-05
4.92831e-05
5.91555e-05
6.65802e-05
7.24524e-05
7.78287e-05
8.29292e-05
8.4894e-05
1.98117e-05
2.459e-05
3.31357e-05
4.65373e-05
5.73382e-05
6.54197e-05
7.18153e-05
7.75909e-05
8.3081e-05
8.56004e-05
1.96175e-05
2.28048e-05
2.94349e-05
4.32818e-05
5.50171e-05
6.36876e-05
7.04907e-05
7.65476e-05
8.23843e-05
8.57149e-05
1.97923e-05
2.28045e-05
2.74497e-05
4.01855e-05
5.24743e-05
6.14387e-05
6.83392e-05
7.45064e-05
8.06405e-05
8.50531e-05
2.01766e-05
2.32824e-05
2.74213e-05
4.02212e-05
5.24153e-05
6.07659e-05
6.71798e-05
7.29181e-05
7.86306e-05
8.3185e-05
2.08908e-05
2.40658e-05
2.98479e-05
4.22567e-05
5.33681e-05
6.10711e-05
6.71359e-05
7.26158e-05
7.80797e-05
8.22455e-05
2.16426e-05
2.51329e-05
3.29654e-05
4.45561e-05
5.43833e-05
6.14491e-05
6.71491e-05
7.23799e-05
7.75555e-05
8.10656e-05
2.2361e-05
2.64264e-05
3.55203e-05
4.64039e-05
5.51819e-05
6.16804e-05
6.70278e-05
7.19984e-05
7.68565e-05
7.96524e-05
2.30263e-05
2.76657e-05
3.73535e-05
4.76374e-05
5.56486e-05
6.16614e-05
6.66561e-05
7.13295e-05
7.58319e-05
7.79945e-05
2.35939e-05
2.85139e-05
3.83467e-05
4.82383e-05
5.57229e-05
6.13121e-05
6.59257e-05
7.02409e-05
7.43368e-05
7.60588e-05
2.40545e-05
2.83628e-05
3.80777e-05
4.81798e-05
5.53649e-05
6.05613e-05
6.47433e-05
6.86046e-05
7.22327e-05
7.37696e-05
2.43834e-05
2.70111e-05
3.6717e-05
4.76256e-05
5.4645e-05
5.93838e-05
6.30492e-05
6.63149e-05
6.9401e-05
7.09894e-05
2.76728e-05
3.03783e-05
3.75588e-05
4.78146e-05
5.39077e-05
5.782e-05
6.07692e-05
6.33208e-05
6.58197e-05
6.75087e-05
3.83023e-05
4.02478e-05
4.54188e-05
5.00805e-05
5.33843e-05
5.58343e-05
5.77752e-05
5.94887e-05
6.12587e-05
6.28384e-05
4.32803e-05
4.68938e-05
4.90769e-05
5.05912e-05
5.18717e-05
5.28647e-05
5.36619e-05
5.43787e-05
5.51955e-05
5.63225e-05
4.32803e-05
4.68938e-05
4.90769e-05
5.05912e-05
5.18717e-05
5.28647e-05
5.36619e-05
5.43787e-05
5.51955e-05
5.63225e-05
4.36763e-05
4.75143e-05
4.9901e-05
5.133e-05
5.24404e-05
5.33683e-05
5.44001e-05
5.57338e-05
5.75131e-05
5.9104e-05
4.38679e-05
4.76726e-05
5.01971e-05
5.16951e-05
5.27899e-05
5.39238e-05
5.54361e-05
5.74956e-05
5.9966e-05
6.18889e-05
4.38089e-05
4.7502e-05
5.02856e-05
5.2223e-05
5.37757e-05
5.5348e-05
5.72633e-05
5.954e-05
6.218e-05
6.38775e-05
4.34461e-05
4.69888e-05
5.00468e-05
5.25801e-05
5.47821e-05
5.68526e-05
5.90498e-05
6.1252e-05
6.37616e-05
6.51699e-05
4.26799e-05
4.61336e-05
4.94685e-05
5.25615e-05
5.54147e-05
5.79636e-05
6.04048e-05
6.23759e-05
6.46542e-05
6.58313e-05
4.12649e-05
4.49828e-05
4.8664e-05
5.22268e-05
5.5531e-05
5.83952e-05
6.09791e-05
6.26601e-05
6.46647e-05
6.5893e-05
3.85524e-05
4.37163e-05
4.78575e-05
5.17549e-05
5.52512e-05
5.81828e-05
6.0711e-05
6.20728e-05
6.37864e-05
6.53224e-05
3.45289e-05
4.23929e-05
4.72876e-05
5.13478e-05
5.48282e-05
5.76338e-05
5.98898e-05
6.08209e-05
6.19728e-05
6.37201e-05
3.33698e-05
4.19191e-05
4.70092e-05
5.10957e-05
5.44701e-05
5.71193e-05
5.9179e-05
5.98789e-05
6.06985e-05
6.23427e-05
3.67964e-05
4.19743e-05
4.69404e-05
5.09762e-05
5.42202e-05
5.67546e-05
5.87385e-05
5.94359e-05
6.03312e-05
6.21058e-05
3.92838e-05
4.20769e-05
4.69847e-05
5.09365e-05
5.40657e-05
5.65388e-05
5.84272e-05
5.91849e-05
6.01729e-05
6.17855e-05
4.11787e-05
4.22119e-05
4.70914e-05
5.09458e-05
5.39618e-05
5.63583e-05
5.81796e-05
5.90145e-05
6.00361e-05
6.1277e-05
4.29008e-05
4.2812e-05
4.73079e-05
5.1012e-05
5.38887e-05
5.61732e-05
5.79533e-05
5.88599e-05
5.98415e-05
6.05837e-05
4.45573e-05
4.4307e-05
4.77661e-05
5.11727e-05
5.38362e-05
5.59369e-05
5.76729e-05
5.86238e-05
5.9497e-05
5.97018e-05
4.60361e-05
4.6071e-05
4.85632e-05
5.14855e-05
5.38105e-05
5.56268e-05
5.72066e-05
5.81383e-05
5.88461e-05
5.85944e-05
4.72851e-05
4.80029e-05
4.9885e-05
5.19873e-05
5.37794e-05
5.5179e-05
5.64116e-05
5.72073e-05
5.76937e-05
5.71765e-05
4.81941e-05
4.96212e-05
5.12228e-05
5.25595e-05
5.36694e-05
5.45051e-05
5.52507e-05
5.57519e-05
5.5942e-05
5.5318e-05
4.86733e-05
5.04671e-05
5.17823e-05
5.25306e-05
5.29772e-05
5.32484e-05
5.35061e-05
5.35511e-05
5.3376e-05
5.27031e-05
4.86035e-05
4.9918e-05
5.04829e-05
5.0543e-05
5.04346e-05
5.02346e-05
4.9967e-05
4.96668e-05
4.94027e-05
4.92328e-05
)
;
    }
}


// ************************************************************************* //
