/*--------------------------------*- C++ -*----------------------------------*\
  =========                 |
  \\      /  F ield         | OpenFOAM: The Open Source CFD Toolbox
   \\    /   O peration     | Website:  https://openfoam.org
    \\  /    A nd           | Version:  8
     \\/     M anipulation  |
\*---------------------------------------------------------------------------*/
FoamFile
{
    version     2.0;
    format      ascii;
    class       volScalarField;
    location    "800";
    object      nut;
}
// * * * * * * * * * * * * * * * * * * * * * * * * * * * * * * * * * * * * * //

dimensions      [0 2 -1 0 0 0 0];

internalField   nonuniform List<scalar> 
4000
(
0.00037899
0.00036847
0.000345107
0.000306285
0.000237581
0.00017618
0.000158954
0.000157045
0.000158065
0.000160406
0.000164678
0.000169215
0.000173518
0.000177466
0.00018097
0.000183877
0.000185747
0.000210191
0.000278283
0.000311239
0.000402864
0.000394842
0.000367286
0.000321423
0.00027084
0.00022662
0.000191647
0.000177542
0.000176432
0.000179029
0.000183657
0.000190057
0.00019869
0.000207367
0.000213741
0.000213579
0.000206167
0.0002287
0.000293265
0.00033555
0.000417836
0.000415529
0.000395188
0.000357422
0.000316426
0.000279099
0.000245931
0.000220584
0.00020637
0.000204683
0.000219642
0.000240984
0.000258651
0.000271638
0.000279281
0.000279054
0.000272694
0.000280359
0.000328237
0.000350286
0.000427962
0.000431984
0.000421464
0.000398514
0.000373603
0.000351907
0.000332504
0.000309541
0.000287916
0.000288318
0.000302679
0.000318356
0.000331112
0.000339925
0.000344705
0.000345366
0.000343047
0.000344997
0.000358415
0.00036055
0.000436239
0.000447119
0.000446733
0.000439194
0.000429023
0.000417751
0.000404646
0.000388462
0.000370829
0.000370419
0.000377106
0.000384239
0.000389988
0.000393591
0.000394659
0.000392919
0.000388762
0.000384168
0.000380177
0.000369191
0.000444059
0.000461836
0.000470785
0.000473629
0.000472717
0.000468196
0.000459748
0.000447481
0.00043191
0.000427091
0.000429415
0.000432293
0.000434228
0.000434516
0.000432616
0.000428012
0.000420484
0.000410159
0.000396557
0.000375922
0.000451801
0.0004763
0.000492964
0.000503174
0.000508435
0.000508685
0.000503926
0.000494471
0.000479468
0.000471217
0.000471223
0.000471645
0.000471165
0.000469005
0.000464407
0.000456669
0.000445432
0.00043011
0.000409689
0.000381339
0.000459986
0.000491503
0.000514851
0.000531272
0.000541822
0.000546186
0.000544224
0.000536696
0.000522444
0.000511138
0.000509365
0.000508069
0.000505778
0.000501535
0.000494394
0.000483439
0.000467955
0.000447598
0.000421359
0.000386205
0.000469405
0.000508355
0.000538075
0.000559484
0.000574214
0.000582165
0.00058301
0.000577914
0.000565738
0.000551375
0.000547826
0.000544476
0.000539913
0.000533132
0.000523073
0.000508756
0.000489378
0.000464818
0.000433461
0.000391739
0.000480166
0.00052095
0.000551531
0.000572432
0.000586931
0.00059633
0.000601296
0.000602082
0.00059753
0.000584226
0.000577727
0.000569545
0.000559767
0.000548331
0.000535014
0.000519288
0.000500194
0.000476268
0.00044413
0.000399355
0.00036847
0.000377403
0.000348412
0.00030097
0.000230346
0.000191041
0.000186385
0.000187376
0.000188949
0.00019149
0.000194591
0.000196983
0.000198836
0.00020039
0.000200928
0.000199125
0.000196585
0.000224289
0.000283923
0.000313557
0.000394842
0.000576028
0.000557536
0.000420256
0.000345044
0.000357718
0.000423841
0.000490547
0.000531157
0.000546447
0.000538016
0.000508125
0.000466724
0.000421777
0.000376117
0.000329974
0.000295279
0.000300221
0.000388969
0.000339336
0.000415529
0.000639066
0.000702152
0.000602717
0.000466627
0.000397235
0.000389063
0.000429332
0.000489076
0.00052186
0.000505137
0.000460835
0.000415158
0.000378238
0.000351004
0.000331516
0.000327216
0.000375414
0.000558774
0.000355304
0.000431984
0.000654101
0.000725458
0.000675127
0.000564902
0.000465646
0.000407729
0.000382379
0.000384046
0.00040081
0.000412798
0.00041102
0.000404582
0.000403259
0.000405771
0.000412094
0.00043158
0.000497402
0.000623142
0.000364895
0.000447119
0.000678461
0.00075997
0.000742342
0.000665658
0.000569575
0.000483907
0.000432364
0.000405889
0.000405301
0.000416855
0.000435243
0.000464808
0.000494192
0.000516818
0.000532686
0.000551393
0.000600084
0.000633053
0.000372577
0.000461836
0.000710282
0.00080947
0.000840466
0.000827713
0.000778868
0.000687919
0.000577919
0.000526675
0.000521286
0.000548408
0.000610625
0.000662829
0.000695376
0.000709262
0.000706471
0.000695268
0.000683501
0.000636148
0.000379098
0.0004763
0.000745271
0.000865961
0.000947189
0.00101569
0.00106459
0.00108179
0.00103807
0.000951009
0.000944559
0.000976449
0.000983312
0.000979877
0.00096813
0.000945018
0.000897717
0.000826171
0.000746635
0.000637816
0.000386312
0.000491503
0.000774012
0.00090747
0.00101599
0.00110721
0.00116624
0.00118881
0.00118463
0.00116679
0.00114428
0.00112154
0.00110394
0.00108657
0.00105979
0.0010177
0.000954754
0.000869107
0.000766281
0.000635008
0.000395526
0.000508355
0.000751978
0.000899103
0.00102696
0.0011306
0.00120083
0.00122293
0.00121746
0.001208
0.00116464
0.0011173
0.00109833
0.00108649
0.00106099
0.00101623
0.000946527
0.000848473
0.000732046
0.000608118
0.000407653
0.00052095
0.000565113
0.000599206
0.000623781
0.000641843
0.000654368
0.000661763
0.000664145
0.000660723
0.000645818
0.000636131
0.000624303
0.000610664
0.000595244
0.000577723
0.000557438
0.000533357
0.000504348
0.000467317
0.000418314
0.000345107
0.000348412
0.000320366
0.000269039
0.000207501
0.000197126
0.000200674
0.000203395
0.000206792
0.000209644
0.000211252
0.000211344
0.000211049
0.000211119
0.000210011
0.000206251
0.000203478
0.000234241
0.000286785
0.000314446
0.000367286
0.000557536
0.000475752
0.00038291
0.000367032
0.000444864
0.000555047
0.000657308
0.000726932
0.000760859
0.000755481
0.000713816
0.000650898
0.000576563
0.00049176
0.000404347
0.000338437
0.000331878
0.000409097
0.00034003
0.000395188
0.000702152
0.00072884
0.000586978
0.000483687
0.00045937
0.000512132
0.0006304
0.00076396
0.000843576
0.000837894
0.000761764
0.000656757
0.000553285
0.000462179
0.000394424
0.000367699
0.000424545
0.000639274
0.000356972
0.000421464
0.000725458
0.000812313
0.000738798
0.000607854
0.000516308
0.000480776
0.00050282
0.000578509
0.000673523
0.000719512
0.000679841
0.000590615
0.000510991
0.000456343
0.000427777
0.000433826
0.000526565
0.000761231
0.000367043
0.000446733
0.00075997
0.000853103
0.00081201
0.000696457
0.000586001
0.000509797
0.000480009
0.000500527
0.000554107
0.000596339
0.000600746
0.000577648
0.000546254
0.000517098
0.000501998
0.000516908
0.000629824
0.000801727
0.000374566
0.000470785
0.00080947
0.000914484
0.000901161
0.000812239
0.000711565
0.000623418
0.000562133
0.000553284
0.00058745
0.000633542
0.000666086
0.000673587
0.000662852
0.00064204
0.000620375
0.000621457
0.000726556
0.000801131
0.000382437
0.000492964
0.000865961
0.000996955
0.00103175
0.00100081
0.000944618
0.000896931
0.000854786
0.000839207
0.000870805
0.000924651
0.000960746
0.000967344
0.000944148
0.000894978
0.000830108
0.000793458
0.000816987
0.00077728
0.00039288
0.000514851
0.00090747
0.00109948
0.00122956
0.00132829
0.00137322
0.00136075
0.00132285
0.00128449
0.00128695
0.00132271
0.00134454
0.0013434
0.00131001
0.00124613
0.00115544
0.00104132
0.000910788
0.000750123
0.000407119
0.000538075
0.000899103
0.00117901
0.00142423
0.0015939
0.00170652
0.00171188
0.00165506
0.00157946
0.0015287
0.00153385
0.00154853
0.00155622
0.00150938
0.0014317
0.00131899
0.00115715
0.000947484
0.000719769
0.000424138
0.000551531
0.000599206
0.00063596
0.000663401
0.000684338
0.000699488
0.000709383
0.000713913
0.000711879
0.00069691
0.000683705
0.00066832
0.000651167
0.000632422
0.000611487
0.000587523
0.000559505
0.000526999
0.000487547
0.000437284
0.000306285
0.00030097
0.000269039
0.000217104
0.000195059
0.000202186
0.000207068
0.000212894
0.000219451
0.000223175
0.000222
0.000218614
0.000216211
0.000215605
0.000213742
0.000209099
0.00020849
0.000243401
0.00028893
0.000313635
0.000321423
0.000420256
0.00038291
0.000356797
0.000399797
0.00050095
0.000639015
0.000771373
0.000867364
0.000911818
0.000894187
0.00082477
0.00072963
0.000627164
0.000516136
0.000410893
0.000343177
0.000343054
0.000399256
0.000338396
0.000357422
0.000602717
0.000586978
0.000510814
0.000475398
0.000508691
0.0006224
0.000813055
0.001002
0.00110525
0.00109491
0.000990283
0.000848848
0.000701239
0.000557011
0.000440046
0.000389697
0.000446098
0.000646065
0.000357159
0.000398514
0.000675127
0.000738798
0.000670548
0.000586822
0.00054185
0.000559681
0.00066536
0.000855598
0.00103913
0.00110388
0.00101427
0.000845309
0.000683385
0.000555105
0.000469989
0.000446891
0.000547526
0.000824214
0.000370234
0.000439194
0.000742342
0.00081201
0.000768098
0.00067753
0.0005986
0.000562669
0.000601357
0.000739192
0.000916491
0.00101732
0.000987464
0.000858228
0.000709356
0.000592158
0.000519882
0.000509528
0.000639037
0.000918881
0.000380825
0.000473629
0.000840466
0.000901161
0.000857282
0.000772196
0.000692642
0.000646699
0.000667181
0.000783313
0.000945917
0.0010544
0.00105529
0.000966945
0.000838383
0.00070775
0.000613688
0.000585998
0.000725432
0.000954179
0.000391619
0.000503174
0.000947189
0.00103175
0.00100375
0.000962379
0.000933299
0.000936104
0.000983701
0.00108576
0.00121632
0.00131257
0.00132431
0.00126017
0.0011471
0.00100127
0.000844666
0.000743587
0.00083328
0.000938041
0.000404758
0.000531272
0.00101599
0.00122956
0.00137158
0.00142797
0.0014761
0.00151259
0.00152735
0.00153867
0.00157315
0.00161376
0.00160948
0.00156589
0.00149664
0.00139631
0.00125637
0.00110387
0.00103261
0.000886957
0.00042045
0.000559484
0.00102696
0.00142423
0.00173968
0.00185993
0.00190998
0.00190754
0.00186382
0.00180555
0.0017551
0.00174652
0.00174673
0.00174616
0.00173075
0.0016838
0.0015845
0.00142473
0.00116936
0.000832137
0.000438811
0.000572432
0.000623781
0.000663401
0.000694028
0.000718782
0.00073734
0.000750402
0.00075854
0.000760702
0.000747356
0.000728071
0.000707408
0.00068615
0.000663758
0.000639214
0.000611494
0.000579476
0.000543784
0.000502247
0.000450757
0.000237581
0.000230346
0.000207501
0.000195059
0.000198679
0.000203361
0.000210469
0.00022208
0.000234339
0.000238289
0.000232028
0.000222817
0.000218927
0.000220191
0.000218654
0.000212391
0.000215261
0.00025417
0.000289458
0.00031083
0.00027084
0.000345044
0.000367032
0.000399797
0.000451171
0.000559412
0.000716819
0.000868589
0.000980423
0.00101928
0.000961245
0.000844777
0.000713025
0.000589949
0.000464692
0.00036594
0.000327165
0.000345081
0.000389569
0.000334335
0.000316426
0.000466627
0.000483687
0.000475398
0.00049826
0.00057597
0.000750028
0.000999522
0.00120652
0.00130289
0.00125248
0.00110359
0.000921236
0.000739007
0.000569507
0.000436801
0.000390447
0.000447802
0.000603981
0.000354932
0.000373603
0.000564902
0.000607854
0.000586822
0.000562288
0.00057487
0.000672437
0.000902328
0.00119004
0.00138675
0.00139944
0.00124327
0.0010221
0.000808176
0.000625688
0.000496676
0.000455078
0.000556878
0.000828165
0.000372153
0.000429023
0.000665658
0.000696457
0.00067753
0.000636687
0.000613632
0.000660646
0.000848422
0.00114306
0.00138495
0.00145241
0.00133552
0.00110988
0.000877637
0.000688439
0.000560494
0.000519747
0.000651562
0.000987139
0.000387202
0.000472717
0.000827713
0.000812239
0.000772196
0.000729346
0.000709758
0.000766309
0.000958039
0.00123899
0.00147131
0.00154707
0.00146034
0.00126061
0.00103161
0.000821765
0.000662903
0.000595137
0.000734655
0.00108392
0.000401362
0.000508435
0.00101569
0.00100081
0.000962379
0.000966617
0.00101859
0.00113802
0.00132207
0.00152997
0.00169022
0.00173635
0.00166713
0.00150792
0.00131754
0.00111607
0.000910501
0.000760617
0.000852885
0.00108091
0.000416311
0.000541822
0.00110721
0.00132829
0.00142797
0.00152526
0.00164053
0.00174185
0.0018103
0.00186308
0.0018935
0.00188212
0.00182326
0.00172399
0.00161845
0.00149218
0.00132042
0.00113615
0.00109637
0.00101559
0.000431549
0.000574214
0.0011306
0.0015939
0.00185993
0.00198513
0.00205148
0.00206081
0.00203678
0.00200358
0.00194718
0.00189569
0.00186639
0.00185967
0.00184863
0.00180198
0.00168913
0.0015029
0.00130992
0.000919856
0.000449099
0.000586931
0.000641843
0.000684338
0.000718782
0.000747104
0.000769199
0.000787007
0.000801232
0.000809776
0.000799427
0.000771853
0.000743604
0.000716719
0.000689982
0.000661701
0.000630584
0.000595217
0.000555615
0.000512131
0.000459387
0.00017618
0.000191041
0.000197126
0.000202186
0.000203361
0.000206835
0.000216474
0.000233859
0.000251772
0.000252683
0.00023799
0.000227623
0.000228609
0.000233954
0.000233733
0.000226037
0.000228048
0.000261231
0.000287339
0.000305474
0.00022662
0.000357718
0.000444864
0.00050095
0.000559412
0.000670714
0.000816555
0.000958263
0.00106441
0.00106433
0.000944475
0.000779482
0.000629069
0.000513237
0.000417513
0.000343841
0.000317339
0.000342821
0.000378585
0.000327927
0.000279099
0.000397235
0.00045937
0.000508691
0.00057597
0.000704754
0.00093165
0.00117726
0.00136222
0.00141134
0.00129862
0.00110063
0.000883663
0.000689314
0.000529194
0.000421918
0.000388065
0.000441055
0.000555118
0.000350238
0.000351907
0.000465646
0.000516308
0.00054185
0.00057487
0.000665414
0.000886248
0.00120795
0.00149401
0.00161582
0.00152595
0.00132637
0.00107189
0.000829547
0.000632044
0.000500888
0.000461353
0.00055548
0.00077906
0.000371357
0.000417751
0.000569575
0.000586001
0.0005986
0.000613632
0.000680468
0.000892238
0.00124369
0.00159387
0.00176303
0.0016847
0.00149386
0.00123069
0.000962671
0.00074247
0.000589921
0.000536401
0.000662646
0.000999074
0.000391008
0.000468196
0.000778868
0.000711565
0.000692642
0.000709758
0.000805645
0.00105548
0.00141637
0.00176774
0.00192152
0.00182836
0.00165108
0.0014105
0.00114499
0.000906349
0.000718566
0.000626326
0.000757084
0.00117694
0.00040856
0.000508685
0.00106459
0.000944618
0.000933299
0.00101859
0.00120138
0.00147098
0.00176312
0.0020118
0.00207354
0.00194811
0.00181303
0.00161568
0.00139739
0.00118779
0.000978299
0.000812752
0.000890008
0.00118196
0.000425245
0.000546186
0.00116624
0.00137322
0.0014761
0.00164053
0.00182335
0.00197708
0.00209519
0.00217542
0.00214144
0.00200611
0.00190063
0.00176908
0.00165018
0.0015265
0.00136114
0.0011769
0.00114699
0.00110838
0.000438832
0.000582165
0.00120083
0.00170652
0.00190998
0.00205148
0.00212935
0.00216264
0.00218246
0.00218483
0.00211169
0.00198316
0.00189816
0.00188226
0.0018813
0.00184313
0.00173175
0.0015389
0.0013489
0.000972749
0.000454761
0.00059633
0.000654368
0.000699488
0.00073734
0.000769199
0.000796437
0.000821603
0.000845008
0.000862514
0.00085639
0.000817876
0.000778547
0.000743725
0.000711201
0.000678242
0.000643248
0.000604829
0.000562642
0.000517397
0.00046363
0.000158954
0.000186385
0.000200674
0.000207068
0.000210469
0.000216474
0.000228553
0.000248328
0.00026577
0.000255549
0.000244213
0.000246464
0.000255723
0.000258555
0.000255348
0.000246852
0.000239246
0.000259994
0.000280672
0.000296147
0.000191647
0.000423841
0.000555047
0.000639015
0.000716819
0.000816555
0.000925854
0.00103479
0.00111263
0.00103962
0.000868238
0.000699627
0.000586243
0.000509375
0.000432171
0.00036389
0.000328526
0.000338209
0.000362628
0.00031959
0.000245931
0.000389063
0.000512132
0.0006224
0.000750028
0.00093165
0.00113454
0.00132531
0.00145027
0.0013966
0.00123512
0.00102399
0.000813171
0.000644395
0.000518466
0.000433354
0.000398761
0.000431405
0.000506259
0.000344024
0.000332504
0.000407729
0.000480776
0.000559681
0.000672437
0.000886248
0.00118957
0.00149849
0.00172304
0.00169622
0.00150763
0.00127887
0.0010313
0.000797488
0.00062276
0.000512813
0.000477637
0.000550197
0.000715713
0.000368395
0.000404646
0.000483907
0.000509797
0.000562669
0.000660646
0.000892238
0.0012645
0.00167586
0.00199006
0.00197457
0.00171402
0.00147476
0.00123587
0.000973412
0.000758919
0.000614213
0.000563291
0.00067361
0.000966868
0.000391267
0.000459748
0.000687919
0.000623418
0.000646699
0.000766309
0.00105548
0.00147466
0.00192899
0.00224886
0.00218601
0.00187092
0.00162792
0.00143581
0.00118615
0.000951089
0.000765027
0.00067001
0.000788564
0.00121642
0.000411149
0.000503926
0.00108179
0.000896931
0.000936104
0.00113802
0.00147098
0.0018538
0.0022151
0.00241061
0.00231361
0.00199419
0.00177066
0.00162593
0.00142475
0.00122742
0.0010339
0.000875666
0.00093863
0.00124366
0.000429012
0.000544224
0.00118881
0.00136075
0.00151259
0.00174185
0.00197708
0.00218555
0.00237278
0.00245889
0.00235637
0.00208582
0.0018896
0.00174968
0.00162885
0.0015198
0.00138314
0.00121894
0.00119247
0.00116448
0.000440485
0.00058301
0.00122293
0.00171188
0.00190754
0.00206081
0.00216264
0.00224925
0.00234416
0.00239077
0.00230716
0.00209137
0.00190026
0.00184813
0.00184776
0.00181716
0.00171622
0.00153362
0.0013494
0.000993096
0.000454477
0.000601296
0.000661763
0.000709383
0.000750402
0.000787007
0.000821603
0.000857043
0.000892943
0.000922341
0.000922208
0.000871033
0.000815526
0.000769204
0.000728698
0.000689657
0.000649906
0.000608035
0.000563908
0.000517644
0.000463707
0.000157045
0.000187376
0.000203395
0.000212894
0.00022208
0.000233859
0.000248328
0.000264678
0.000277842
0.000271573
0.00026962
0.000277234
0.000284018
0.000282608
0.000277122
0.000266835
0.000253724
0.00025036
0.000265563
0.000279072
0.000177542
0.000490547
0.000657308
0.000771373
0.000868589
0.000958263
0.00103479
0.00109661
0.00111911
0.000957779
0.000814587
0.00070127
0.000642459
0.000579001
0.000504225
0.000421085
0.000361223
0.00033999
0.000344339
0.000310569
0.000220584
0.000429332
0.0006304
0.000813055
0.000999522
0.00117726
0.00132531
0.00145268
0.0015218
0.00141104
0.00118925
0.000985161
0.000824001
0.00067677
0.000561743
0.000476094
0.000426146
0.000427264
0.000462114
0.000337969
0.000309541
0.000382379
0.00050282
0.00066536
0.000902328
0.00120795
0.00149849
0.00176197
0.001914
0.0018142
0.00149245
0.00121497
0.0010047
0.000799544
0.000646679
0.000548909
0.000508224
0.000548697
0.000653355
0.000364666
0.000388462
0.000432364
0.000480009
0.000601357
0.000848422
0.00124369
0.00167586
0.00207206
0.002272
0.0021462
0.00177075
0.00143119
0.00120256
0.000977445
0.000782171
0.000652654
0.000604111
0.000689387
0.000922953
0.000388934
0.000447481
0.000577919
0.000562133
0.000667181
0.000958039
0.00141637
0.00192899
0.00236373
0.00253076
0.00239145
0.00200913
0.00163082
0.00140617
0.00120519
0.000986933
0.000814677
0.000726035
0.000828355
0.00122299
0.000409393
0.000494471
0.00103807
0.000854786
0.000983701
0.00132207
0.00176312
0.0022151
0.00254652
0.00265352
0.0025367
0.00218871
0.00179878
0.00160295
0.00144431
0.00126127
0.00108572
0.000943743
0.00099324
0.00127476
0.000426945
0.000536696
0.00118463
0.00132285
0.00152735
0.0018103
0.00209519
0.00237278
0.00260795
0.00269034
0.00260251
0.00231521
0.00193099
0.00172971
0.00160187
0.00150371
0.00139314
0.00125906
0.00123083
0.00119198
0.000436188
0.000577914
0.00121746
0.00165506
0.00186382
0.00203678
0.00218246
0.00234416
0.00252381
0.00262467
0.00256482
0.00230623
0.001942
0.00180409
0.00177928
0.00174514
0.00165388
0.00149258
0.00132298
0.000987057
0.000448081
0.000602082
0.000664145
0.000713913
0.00075854
0.000801232
0.000845008
0.000892943
0.000943838
0.000987449
0.000994942
0.000933815
0.000856165
0.000793832
0.000742623
0.000695841
0.000650288
0.000604535
0.00055881
0.000512418
0.000459383
0.000158065
0.000188949
0.000206792
0.000219451
0.000234339
0.000251772
0.00026577
0.000277842
0.000297908
0.000303064
0.000307243
0.000311384
0.000307042
0.000303223
0.000297463
0.000287834
0.000273435
0.000256341
0.000246336
0.000253632
0.000176432
0.000531157
0.000726932
0.000867364
0.000980423
0.00106441
0.00111263
0.00111911
0.00109454
0.000929407
0.000892127
0.00084329
0.000756155
0.000679327
0.000602502
0.000515277
0.000422859
0.000365221
0.000338431
0.000301089
0.00020637
0.000489076
0.00076396
0.001002
0.00120652
0.00136222
0.00145027
0.0015218
0.0015587
0.00141736
0.00131121
0.00117189
0.000931638
0.000774018
0.000647017
0.000544458
0.000469856
0.000436329
0.000434287
0.000333822
0.000287916
0.000384046
0.000578509
0.000855598
0.00119004
0.00149401
0.00172304
0.001914
0.0019535
0.00177868
0.0016712
0.0014254
0.001082
0.000872189
0.000713065
0.000607605
0.000550661
0.00055617
0.000608241
0.000361658
0.000370829
0.000405889
0.000500527
0.000739192
0.00114306
0.00159387
0.00199006
0.002272
0.0022483
0.00204979
0.00199616
0.00165152
0.00124871
0.00102955
0.000838497
0.000711935
0.00065711
0.000713152
0.00088853
0.000385799
0.00043191
0.000526675
0.000553284
0.000783313
0.00123899
0.00176774
0.00224886
0.00253076
0.00244654
0.00226702
0.00227841
0.00184646
0.00143413
0.00124982
0.00104302
0.000880217
0.000794531
0.000876321
0.0012235
0.000405362
0.000479468
0.000951009
0.000839207
0.00108576
0.00152997
0.0020118
0.00241061
0.00265352
0.00257475
0.00244088
0.00248947
0.00198578
0.00162316
0.00148861
0.00131416
0.0011491
0.00101967
0.00105298
0.00128782
0.000420999
0.000522444
0.00116679
0.00128449
0.00153867
0.00186308
0.00217542
0.00245889
0.00269034
0.00268349
0.00259267
0.00261846
0.00205792
0.00174278
0.00161361
0.00151581
0.00141817
0.00130367
0.00126635
0.00120449
0.000427199
0.000565738
0.001208
0.00157946
0.00180555
0.00200358
0.00218483
0.00239077
0.00262467
0.00273964
0.00268878
0.0025619
0.00202182
0.00178125
0.00172007
0.00167032
0.00158179
0.00144272
0.00128781
0.000970594
0.000435245
0.00059753
0.000660723
0.000711879
0.000760702
0.000809776
0.000862514
0.000922341
0.000987449
0.00104247
0.00105185
0.000998931
0.000896685
0.000815272
0.00075154
0.000695932
0.000643962
0.000594378
0.000547169
0.00050085
0.000448218
0.000160406
0.00019149
0.000209644
0.000223175
0.000238289
0.000252683
0.000255549
0.000271573
0.000303064
0.000986128
0.00103726
0.000330448
0.000322491
0.000318405
0.000313804
0.000306363
0.000294563
0.00027832
0.000259505
0.000242236
0.000179029
0.000546447
0.000760859
0.000911818
0.00101928
0.00106433
0.00103962
0.000957779
0.000929407
0.00103153
0.00116536
0.00102116
0.000856143
0.000765894
0.000691595
0.000614678
0.00051655
0.000420296
0.000357154
0.000297359
0.000204683
0.00052186
0.000843576
0.00110525
0.00130289
0.00141134
0.0013966
0.00141104
0.00141736
0.00128233
0.00154721
0.00139194
0.00102106
0.000862459
0.000739547
0.000624358
0.000527346
0.000460052
0.000426194
0.00033199
0.000288318
0.00040081
0.000673523
0.00103913
0.00138675
0.00161582
0.00169622
0.0018142
0.00177868
0.00148141
0.00191765
0.00161927
0.00116302
0.000966764
0.000799945
0.000678108
0.000600254
0.000573954
0.00058809
0.000359986
0.000370419
0.000405301
0.000554107
0.000916491
0.00138495
0.00176303
0.00197457
0.0021462
0.00204979
0.00168783
0.00225595
0.00179981
0.00132461
0.00112808
0.000924249
0.000786314
0.000717164
0.00074502
0.000876688
0.000383342
0.000427091
0.000521286
0.00058745
0.000945917
0.00147131
0.00192152
0.00218601
0.00239145
0.00226702
0.00191556
0.00253638
0.00195123
0.00151115
0.00135175
0.0011332
0.000965318
0.000872972
0.000929976
0.00122868
0.000401786
0.000471217
0.000944559
0.000870805
0.00121632
0.00169022
0.00207354
0.00231361
0.0025367
0.00244088
0.00215063
0.00272298
0.00205604
0.00170275
0.00159166
0.00140748
0.00123832
0.00110857
0.00111801
0.00128877
0.000416015
0.000511138
0.00114428
0.00128695
0.00157315
0.0018935
0.00214144
0.00235637
0.00260251
0.00259267
0.00237708
0.0027933
0.00208791
0.00180289
0.0016951
0.00159211
0.00148768
0.00137024
0.00130917
0.00120396
0.000420574
0.000551375
0.00116464
0.0015287
0.0017551
0.00194718
0.00211169
0.00230716
0.00256482
0.00268878
0.00255412
0.00265793
0.00202167
0.00178278
0.00172691
0.00166605
0.00157023
0.00143201
0.00127326
0.000946705
0.000426201
0.000584226
0.000645818
0.00069691
0.000747356
0.000799427
0.00085639
0.000922208
0.000994942
0.00105185
0.00103196
0.00103507
0.000917627
0.000823607
0.00075111
0.000688679
0.000631977
0.000579788
0.000532351
0.000487749
0.000438245
0.000164678
0.000194591
0.000211252
0.000222
0.000232028
0.00023799
0.000244213
0.00026962
0.000307243
0.00103726
0.00103411
0.000333944
0.000330471
0.000328451
0.000325724
0.00032056
0.000311598
0.000298149
0.000281291
0.000264583
0.000183657
0.000538016
0.000755481
0.000894187
0.000961245
0.000944475
0.000868238
0.000814587
0.000892127
0.00116536
0.00117825
0.000973849
0.000887843
0.000814042
0.000752878
0.000692603
0.00061283
0.000501027
0.000397617
0.000298435
0.000219642
0.000505137
0.000837894
0.00109491
0.00125248
0.00129862
0.00123512
0.00118925
0.00131121
0.00154721
0.00151182
0.00125755
0.00105848
0.00092463
0.000807789
0.000697758
0.000588
0.000495958
0.000434092
0.000331868
0.000302679
0.000412798
0.000719512
0.00110388
0.00139944
0.00152595
0.00150763
0.00149245
0.0016712
0.00191765
0.00180465
0.00143567
0.00123882
0.00105244
0.000884123
0.000745345
0.000649175
0.000600092
0.000594316
0.000359429
0.000377106
0.000416855
0.000596339
0.00101732
0.00145241
0.0016847
0.00171402
0.00177075
0.00199616
0.00225595
0.00205443
0.00160668
0.00145291
0.00124474
0.00102952
0.000864726
0.000776079
0.000780505
0.000886341
0.000381829
0.000429415
0.000548408
0.000633542
0.0010544
0.00154707
0.00182836
0.00187092
0.00200913
0.00227841
0.00253638
0.00225558
0.00178557
0.00169063
0.00150068
0.00126121
0.00106668
0.000955099
0.000984127
0.00122926
0.000399466
0.000471223
0.000976449
0.000924651
0.00131257
0.00173635
0.00194811
0.00199419
0.00218871
0.00248947
0.00272298
0.00238795
0.0019497
0.00189367
0.00174795
0.00154661
0.00135554
0.00120856
0.00118537
0.00128168
0.000413075
0.000509365
0.00112154
0.00132271
0.00161376
0.00188212
0.00200611
0.00208582
0.00231521
0.00261846
0.0027933
0.00243268
0.00203528
0.00192801
0.00182401
0.00171475
0.00159226
0.00145498
0.0013601
0.00119586
0.000417652
0.000547826
0.0011173
0.00153385
0.00174652
0.00189569
0.00198316
0.00209137
0.00230623
0.0025619
0.00265793
0.00230105
0.00195677
0.00188517
0.00184255
0.00175793
0.00163459
0.00147396
0.00129045
0.000931562
0.000423871
0.000577727
0.000636131
0.000683705
0.000728071
0.000771853
0.000817876
0.000871033
0.000933815
0.000998931
0.00103507
0.000947643
0.000857592
0.000788597
0.000730126
0.000675655
0.000623944
0.000574982
0.000529295
0.000485599
0.000436811
0.000169215
0.000196983
0.000211344
0.000218614
0.000222817
0.000227623
0.000246464
0.000277234
0.000311384
0.000330448
0.000333944
0.000335199
0.000335107
0.000335429
0.000334487
0.000331228
0.000324632
0.000313823
0.000298715
0.000281679
0.000190057
0.000508125
0.000713816
0.00082477
0.000844777
0.000779482
0.000699627
0.00070127
0.00084329
0.00102116
0.000973849
0.000922842
0.000885771
0.000836306
0.000789108
0.00073853
0.000674302
0.000581793
0.000451741
0.000299833
0.000240984
0.000460835
0.000761764
0.000990283
0.00110359
0.00110063
0.00102399
0.000985161
0.00117189
0.00139194
0.00125755
0.00114647
0.00107102
0.000974128
0.000863254
0.00074933
0.000636424
0.000533027
0.000452741
0.000332663
0.000318356
0.00041102
0.000679841
0.00101427
0.00124327
0.00132637
0.00127887
0.00121497
0.0014254
0.00161927
0.00143567
0.00136754
0.00128066
0.00113712
0.0009672
0.000807764
0.000689506
0.000625796
0.000613723
0.00035953
0.000384239
0.000435243
0.000600746
0.000987464
0.00133552
0.00149386
0.00147476
0.00143119
0.00165152
0.00179981
0.00160668
0.00160542
0.00153768
0.00136757
0.00115172
0.000948314
0.000828713
0.000812915
0.00090055
0.000381053
0.000432293
0.000610625
0.000666086
0.00105529
0.00146034
0.00165108
0.00162792
0.00163082
0.00184646
0.00195123
0.00178557
0.00184782
0.00181841
0.00165571
0.0014248
0.00118612
0.0010372
0.00103505
0.00122526
0.000398202
0.000471645
0.000983312
0.000960746
0.00132431
0.00166713
0.00181303
0.00177066
0.00179878
0.00198578
0.00205604
0.0019497
0.00203507
0.00202153
0.001902
0.00171461
0.00149475
0.00131462
0.00125167
0.00127379
0.000411044
0.000508069
0.00110394
0.00134454
0.00160948
0.00182326
0.00190063
0.0018896
0.00193099
0.00205792
0.00208791
0.00203528
0.00204267
0.00200909
0.00194801
0.00184662
0.0017068
0.0015428
0.00141293
0.00118977
0.000416064
0.000544476
0.00109833
0.00154853
0.00174673
0.00186639
0.00189816
0.00190026
0.001942
0.00202182
0.00202167
0.00195677
0.00195065
0.00196917
0.0019363
0.00184276
0.00170398
0.00152345
0.00131733
0.000930632
0.000422964
0.000569545
0.000624303
0.00066832
0.000707408
0.000743604
0.000778547
0.000815526
0.000856165
0.000896685
0.000917627
0.000857592
0.000801565
0.000752183
0.000705138
0.000658581
0.00061282
0.00056803
0.000524717
0.000482318
0.000434732
0.000173518
0.000198836
0.000211049
0.000216211
0.000218927
0.000228609
0.000255723
0.000284018
0.000307042
0.000322491
0.000330471
0.000335107
0.000338447
0.000340722
0.000341351
0.000339693
0.000335001
0.000326485
0.000313702
0.000294549
0.00019869
0.000466724
0.000650898
0.00072963
0.000713025
0.000629069
0.000586243
0.000642459
0.000756155
0.000856143
0.000887843
0.000885771
0.000869956
0.000844767
0.000809109
0.000759961
0.00069519
0.000606778
0.000480798
0.000301498
0.000258651
0.000415158
0.000656757
0.000848848
0.000921236
0.000883663
0.000813171
0.000824001
0.000931638
0.00102106
0.00105848
0.00107102
0.00106052
0.00100973
0.000919104
0.000801629
0.000675753
0.000558754
0.000473736
0.000333898
0.000331112
0.000404582
0.000590615
0.000845309
0.0010221
0.00107189
0.0010313
0.0010047
0.001082
0.00116302
0.00123882
0.00128066
0.00127849
0.0012055
0.00106436
0.000889669
0.000733097
0.000649429
0.00063529
0.000359953
0.000389988
0.000464808
0.000577648
0.000858228
0.00110988
0.00123069
0.00123587
0.00120256
0.00124871
0.00132461
0.00145291
0.00153768
0.00154798
0.00146271
0.00128644
0.00106622
0.000890563
0.0008449
0.000916672
0.000380594
0.000434228
0.000662829
0.000673587
0.000966945
0.00126061
0.0014105
0.00143581
0.00140617
0.00143413
0.00151115
0.00169063
0.00181841
0.00184717
0.00176908
0.00158624
0.00133627
0.00113273
0.00108696
0.00122156
0.000397133
0.000471165
0.000979877
0.000967344
0.00126017
0.00150792
0.00161568
0.00162593
0.00160295
0.00162316
0.00170275
0.00189367
0.00202153
0.00206148
0.00201289
0.00187092
0.0016505
0.00143288
0.00132008
0.00126926
0.000409434
0.000505778
0.00108657
0.0013434
0.00156589
0.00172399
0.00176908
0.00174968
0.00172971
0.00174278
0.00180289
0.00192801
0.00200909
0.00205144
0.0020386
0.00196049
0.00181667
0.00163436
0.00146878
0.00118858
0.000415001
0.000539913
0.00108649
0.00155622
0.00174616
0.00185967
0.00188226
0.00184813
0.00180409
0.00178125
0.00178278
0.00188517
0.00196917
0.00200519
0.00197797
0.00189258
0.00175612
0.00157019
0.00134904
0.000938024
0.000422156
0.000559767
0.000610664
0.000651167
0.00068615
0.000716719
0.000743725
0.000769204
0.000793832
0.000815272
0.000823607
0.000788597
0.000752183
0.000715162
0.000677041
0.000637889
0.000598335
0.000558291
0.00051787
0.000477235
0.000431312
0.000177466
0.00020039
0.000211119
0.000215605
0.000220191
0.000233954
0.000258555
0.000282608
0.000303223
0.000318405
0.000328451
0.000335429
0.000340722
0.000344763
0.000347061
0.000347056
0.000344159
0.000337517
0.000325838
0.000306093
0.000207367
0.000421777
0.000576563
0.000627164
0.000589949
0.000513237
0.000509375
0.000579001
0.000679327
0.000765894
0.000814042
0.000836306
0.000844767
0.000835167
0.000809718
0.000764427
0.00069775
0.000609168
0.000490282
0.000305916
0.000271638
0.000378238
0.000553285
0.000701239
0.000739007
0.000689314
0.000644395
0.00067677
0.000774018
0.000862459
0.00092463
0.000974128
0.00100973
0.00101233
0.000964433
0.000867382
0.000738157
0.000605496
0.000501296
0.00033576
0.000339925
0.000403259
0.000510991
0.000683385
0.000808176
0.000829547
0.000797488
0.000799544
0.000872189
0.000966764
0.00105244
0.00113712
0.0012055
0.00122031
0.00115175
0.00100623
0.00083042
0.000696585
0.00066317
0.000360682
0.000393591
0.000494192
0.000546254
0.000709356
0.000877637
0.000962671
0.000973412
0.000977445
0.00102955
0.00112808
0.00124474
0.00136757
0.00146271
0.00148304
0.00139714
0.00121547
0.00100269
0.000898697
0.00093549
0.000380272
0.000434516
0.000695376
0.000662852
0.000838383
0.00103161
0.00114499
0.00118615
0.00120519
0.00124982
0.00135175
0.00150068
0.00165571
0.00176908
0.00179486
0.00170496
0.00150658
0.00126857
0.00115849
0.00122113
0.000395957
0.000469005
0.00096813
0.000944148
0.0011471
0.00131754
0.00139739
0.00142475
0.00144431
0.00148861
0.00159166
0.00174795
0.001902
0.00201289
0.00204356
0.00197286
0.00179784
0.00156797
0.00140203
0.00126903
0.000407933
0.000501535
0.00105979
0.00131001
0.00149664
0.00161845
0.00165018
0.00162885
0.00160187
0.00161361
0.0016951
0.00182401
0.00194801
0.0020386
0.00207092
0.00202791
0.00190492
0.00172355
0.00152819
0.00119117
0.000414006
0.000533132
0.00106099
0.00150938
0.00173075
0.00184863
0.0018813
0.00184776
0.00177928
0.00172007
0.00172691
0.00184255
0.0019363
0.00197797
0.00196555
0.00190027
0.00178151
0.00160586
0.00137996
0.000948358
0.000420899
0.000548331
0.000595244
0.000632422
0.000663758
0.000689982
0.000711201
0.000728698
0.000742623
0.00075154
0.00075111
0.000730126
0.000705138
0.000677041
0.000646581
0.000614368
0.000580966
0.000545938
0.000508801
0.00047044
0.000426585
0.00018097
0.000200928
0.000210011
0.000213742
0.000218654
0.000233733
0.000255348
0.000277122
0.000297463
0.000313804
0.000325724
0.000334487
0.000341351
0.000347061
0.000350888
0.00035249
0.000351304
0.000346443
0.000336395
0.000317142
0.000213741
0.000376117
0.00049176
0.000516136
0.000464692
0.000417513
0.000432171
0.000504225
0.000602502
0.000691595
0.000752878
0.000789108
0.000809109
0.000809718
0.000800996
0.000772275
0.000714496
0.000628569
0.000511467
0.000315919
0.000279281
0.000351004
0.000462179
0.000557011
0.000569507
0.000529194
0.000518466
0.000561743
0.000647017
0.000739547
0.000807789
0.000863254
0.000919104
0.000964433
0.000968748
0.000918397
0.000816104
0.000685295
0.000555536
0.000339052
0.000344705
0.000405771
0.000456343
0.000555105
0.000625688
0.000632044
0.00062276
0.000646679
0.000713065
0.000799945
0.000884123
0.0009672
0.00106436
0.00115175
0.0011767
0.00110878
0.00096456
0.000799361
0.000707204
0.000361915
0.000394659
0.000516818
0.000517098
0.000592158
0.000688439
0.00074247
0.000758919
0.000782171
0.000838497
0.000924249
0.00102952
0.00115172
0.00128644
0.00139714
0.00142646
0.00134319
0.00117249
0.00100461
0.000961859
0.000379977
0.000432616
0.000709262
0.00064204
0.00070775
0.000821765
0.000906349
0.000951089
0.000986933
0.00104302
0.0011332
0.00126121
0.0014248
0.00158624
0.00170496
0.00172814
0.00163133
0.0014353
0.00126821
0.00122399
0.000394337
0.000464407
0.000945018
0.000894978
0.00100127
0.00111607
0.00118779
0.00122742
0.00126127
0.00131416
0.00140748
0.00154661
0.00171461
0.00187092
0.00197286
0.00198493
0.00188772
0.00169592
0.00149955
0.00126911
0.000406013
0.000494394
0.0010177
0.00124613
0.00139631
0.00149218
0.0015265
0.0015198
0.00150371
0.00151581
0.00159211
0.00171475
0.00184662
0.00196049
0.00202791
0.00202663
0.00194552
0.0017888
0.00158001
0.00119032
0.000412404
0.000523073
0.00101623
0.0014317
0.0016838
0.00180198
0.00184313
0.00181716
0.00174514
0.00167032
0.00166605
0.00175793
0.00184276
0.00189258
0.00190027
0.001862
0.00177108
0.00161776
0.00139697
0.00095329
0.000418561
0.000535014
0.000577723
0.000611487
0.000639214
0.000661701
0.000678242
0.000689657
0.000695841
0.000695932
0.000688679
0.000675655
0.000658581
0.000637889
0.000614368
0.000588657
0.000561125
0.00053105
0.000497459
0.000461922
0.000420523
0.000183877
0.000199125
0.000206251
0.000209099
0.000212391
0.000226037
0.000246852
0.000266835
0.000287834
0.000306363
0.00032056
0.000331228
0.000339693
0.000347056
0.00035249
0.000355915
0.000356748
0.000353957
0.00034568
0.00032699
0.000213579
0.000329974
0.000404347
0.000410893
0.00036594
0.000343841
0.00036389
0.000421085
0.000515277
0.000614678
0.000692603
0.00073853
0.000759961
0.000764427
0.000772275
0.000768671
0.000734577
0.000661843
0.000543171
0.000327565
0.000279054
0.000331516
0.000394424
0.000440046
0.000436801
0.000421918
0.000433354
0.000476094
0.000544458
0.000624358
0.000697758
0.00074933
0.000801629
0.000867382
0.000918397
0.000933746
0.000888802
0.000782527
0.00062791
0.000344408
0.000345366
0.000412094
0.000427777
0.000469989
0.000496676
0.000500888
0.000512813
0.000548909
0.000607605
0.000678108
0.000745345
0.000807764
0.000889669
0.00100623
0.00110878
0.00113478
0.00107429
0.000943621
0.000774563
0.000364031
0.000392919
0.000532686
0.000501998
0.000519882
0.000560494
0.000589921
0.000614213
0.000652654
0.000711935
0.000786314
0.000864726
0.000948314
0.00106622
0.00121547
0.00134319
0.00137811
0.00129907
0.00114608
0.000996237
0.00037973
0.000428012
0.000706471
0.000620375
0.000613688
0.000662903
0.000718566
0.000765027
0.000814677
0.000880217
0.000965318
0.00106668
0.00118612
0.00133627
0.00150658
0.00163133
0.00165459
0.00155943
0.0013815
0.00121458
0.000392037
0.000456669
0.000897717
0.000830108
0.000844666
0.000910501
0.000978299
0.0010339
0.00108572
0.0011491
0.00123832
0.00135554
0.00149475
0.0016505
0.00179784
0.00188772
0.00188033
0.00176836
0.00157393
0.00125486
0.000402765
0.000483439
0.000954754
0.00115544
0.00125637
0.00132042
0.00136114
0.00138314
0.00139314
0.00141817
0.00148768
0.00159226
0.0017068
0.00181667
0.00190492
0.00194552
0.00191386
0.0017989
0.00158775
0.0011683
0.000409048
0.000508756
0.000946527
0.00131899
0.0015845
0.00168913
0.00173175
0.00171622
0.00165388
0.00158179
0.00157023
0.00163459
0.00170398
0.00175612
0.00178151
0.00177108
0.00171185
0.00158753
0.00135275
0.000935785
0.000414072
0.000519288
0.000557438
0.000587523
0.000611494
0.000630584
0.000643248
0.000649906
0.000650288
0.000643962
0.000631977
0.000623944
0.00061282
0.000598335
0.000580966
0.000561125
0.000538903
0.000513414
0.000483968
0.000451493
0.000412865
0.000185747
0.000196585
0.000203478
0.00020849
0.000215261
0.000228048
0.000239246
0.000253724
0.000273435
0.000294563
0.000311598
0.000324632
0.000335001
0.000344159
0.000351304
0.000356748
0.000359943
0.000359648
0.000353428
0.000335297
0.000206167
0.000295279
0.000338437
0.000343177
0.000327165
0.000317339
0.000328526
0.000361223
0.000422859
0.00051655
0.00061283
0.000674302
0.00069519
0.00069775
0.000714496
0.000734577
0.000732787
0.000687902
0.000576521
0.000340323
0.000272694
0.000327216
0.000367699
0.000389697
0.000390447
0.000388065
0.000398761
0.000426146
0.000469856
0.000527346
0.000588
0.000636424
0.000675753
0.000738157
0.000816104
0.000888802
0.000911872
0.000856104
0.000698584
0.000353114
0.000343047
0.00043158
0.000433826
0.000446891
0.000455078
0.000461353
0.000477637
0.000508224
0.000550661
0.000600254
0.000649175
0.000689506
0.000733097
0.00083042
0.00096456
0.00107429
0.00111599
0.00104922
0.000851355
0.000367294
0.000388762
0.000551393
0.000516908
0.000509528
0.000519747
0.000536401
0.000563291
0.000604111
0.00065711
0.000717164
0.000776079
0.000828713
0.000890563
0.00100269
0.00117249
0.00129907
0.0013345
0.00125381
0.00102639
0.000379388
0.000420484
0.000695268
0.000621457
0.000585998
0.000595137
0.000626326
0.00067001
0.000726035
0.000794531
0.000872972
0.000955099
0.0010372
0.00113273
0.00126857
0.0014353
0.00155943
0.00156243
0.00144617
0.00118122
0.000388851
0.000445432
0.000826171
0.000793458
0.000743587
0.000760617
0.000812752
0.000875666
0.000943743
0.00101967
0.00110857
0.00120856
0.00131462
0.00143288
0.00156797
0.00169592
0.00176836
0.00173755
0.00156211
0.00120619
0.000397226
0.000467955
0.000869107
0.00104132
0.00110387
0.00113615
0.0011769
0.00121894
0.00125906
0.00130367
0.00137024
0.00145498
0.0015428
0.00163436
0.00172355
0.0017888
0.0017989
0.00172503
0.00150828
0.00110577
0.000402602
0.000489378
0.000848473
0.00115715
0.00142473
0.0015029
0.0015389
0.00153362
0.00149258
0.00144272
0.00143201
0.00147396
0.00152345
0.00157019
0.00160586
0.00161776
0.00158753
0.001493
0.00125097
0.000884412
0.000406097
0.000500194
0.000533357
0.000559505
0.000579476
0.000595217
0.000604829
0.000608035
0.000604535
0.000594378
0.000579788
0.000574982
0.00056803
0.000558291
0.000545938
0.00053105
0.000513414
0.000492112
0.000467427
0.000438486
0.000403037
0.000210191
0.000224289
0.000234241
0.000243401
0.00025417
0.000261231
0.000259994
0.00025036
0.000256341
0.00027832
0.000298149
0.000313823
0.000326485
0.000337517
0.000346443
0.000353957
0.000359648
0.000362181
0.000358513
0.000341319
0.0002287
0.000300221
0.000331878
0.000343054
0.000345081
0.000342821
0.000338209
0.00033999
0.000365221
0.000420296
0.000501027
0.000581793
0.000606778
0.000609168
0.000628569
0.000661843
0.000687902
0.00067902
0.000593042
0.000351022
0.000280359
0.000375414
0.000424545
0.000446098
0.000447802
0.000441055
0.000431405
0.000427264
0.000436329
0.000460052
0.000495958
0.000533027
0.000558754
0.000605496
0.000685295
0.000782527
0.000856104
0.000860839
0.000734109
0.000361894
0.000344997
0.000497402
0.000526565
0.000547526
0.000556878
0.00055548
0.000550197
0.000548697
0.00055617
0.000573954
0.000600092
0.000625796
0.000649429
0.000696585
0.000799361
0.000943621
0.00104922
0.00105423
0.000880169
0.000370955
0.000384168
0.000600084
0.000629824
0.000639037
0.000651562
0.000662646
0.00067361
0.000689387
0.000713152
0.00074502
0.000780505
0.000812915
0.0008449
0.000898697
0.00100461
0.00114608
0.00125381
0.00123981
0.00101697
0.000378451
0.000410159
0.000683501
0.000726556
0.000725432
0.000734655
0.000757084
0.000788564
0.000828355
0.000876321
0.000929976
0.000984127
0.00103505
0.00108696
0.00115849
0.00126821
0.0013815
0.00144617
0.00138433
0.00110902
0.000384099
0.00043011
0.000746635
0.000816987
0.00083328
0.000852885
0.000890008
0.00093863
0.00099324
0.00105298
0.00111801
0.00118537
0.00125167
0.00132008
0.00140203
0.00149955
0.00157393
0.00156211
0.00142973
0.00110255
0.000389168
0.000447598
0.000766281
0.000910788
0.00103261
0.00109637
0.00114699
0.00119247
0.00123083
0.00126635
0.00130917
0.0013601
0.00141293
0.00146878
0.00152819
0.00158001
0.00158775
0.00150828
0.00131903
0.000989768
0.000392567
0.000464818
0.000732046
0.000947484
0.00116936
0.00130992
0.0013489
0.0013494
0.00132298
0.00128781
0.00127326
0.00129045
0.00131733
0.00134904
0.00137996
0.00139697
0.00135275
0.00125097
0.00105929
0.000790668
0.000394019
0.000476268
0.000504348
0.000526999
0.000543784
0.000555615
0.000562642
0.000563908
0.00055881
0.000547169
0.000532351
0.000529295
0.000524717
0.00051787
0.000508801
0.000497459
0.000483968
0.000467427
0.000447319
0.000422152
0.00039018
0.000278283
0.000283923
0.000286785
0.00028893
0.000289458
0.000287339
0.000280672
0.000265563
0.000246336
0.000259505
0.000281291
0.000298715
0.000313702
0.000325838
0.000336395
0.00034568
0.000353428
0.000358513
0.000358021
0.000344444
0.000293265
0.000388969
0.000409097
0.000399256
0.000389569
0.000378585
0.000362628
0.000344339
0.000338431
0.000357154
0.000397617
0.000451741
0.000480798
0.000490282
0.000511467
0.000543171
0.000576521
0.000593042
0.000551237
0.000356554
0.000328237
0.000558774
0.000639274
0.000646065
0.000603981
0.000555118
0.000506259
0.000462114
0.000434287
0.000426194
0.000434092
0.000452741
0.000473736
0.000501296
0.000555536
0.00062791
0.000698584
0.000734109
0.0006691
0.000365462
0.000358415
0.000623142
0.000761231
0.000824214
0.000828165
0.00077906
0.000715713
0.000653355
0.000608241
0.00058809
0.000594316
0.000613723
0.00063529
0.00066317
0.000707204
0.000774563
0.000851355
0.000880169
0.000777971
0.00037054
0.000380177
0.000633053
0.000801727
0.000918881
0.000987139
0.000999074
0.000966868
0.000922953
0.00088853
0.000876688
0.000886341
0.00090055
0.000916672
0.00093549
0.000961859
0.000996237
0.00102639
0.00101697
0.000867896
0.000373567
0.000396557
0.000636148
0.000801131
0.000954179
0.00108392
0.00117694
0.00121642
0.00122299
0.0012235
0.00122868
0.00122926
0.00122526
0.00122156
0.00122113
0.00122399
0.00121458
0.00118122
0.00110902
0.000916913
0.000375406
0.000409689
0.000637816
0.00077728
0.000938041
0.00108091
0.00118196
0.00124366
0.00127476
0.00128782
0.00128877
0.00128168
0.00127379
0.00126926
0.00126903
0.00126911
0.00125486
0.00120619
0.00110255
0.000886049
0.000377173
0.000421359
0.000635008
0.000750123
0.000886957
0.00101559
0.00110838
0.00116448
0.00119198
0.00120449
0.00120396
0.00119586
0.00118977
0.00118858
0.00119117
0.00119032
0.0011683
0.00110577
0.000989768
0.00079407
0.000377512
0.000433461
0.000608118
0.000719769
0.000832137
0.000919856
0.000972749
0.000993096
0.000987057
0.000970594
0.000946705
0.000931562
0.000930632
0.000938024
0.000948358
0.00095329
0.000935785
0.000884412
0.000790668
0.000650926
0.000376458
0.00044413
0.000467317
0.000487547
0.000502247
0.000512131
0.000517397
0.000517644
0.000512418
0.00050085
0.000487749
0.000485599
0.000482318
0.000477235
0.00047044
0.000461922
0.000451493
0.000438486
0.000422152
0.000400502
0.000372196
0.000311239
0.000313557
0.000314446
0.000313635
0.00031083
0.000305474
0.000296147
0.000279072
0.000253632
0.000242236
0.000264583
0.000281679
0.000294549
0.000306093
0.000317142
0.00032699
0.000335297
0.000341319
0.000344444
0.000343865
0.00033555
0.000339336
0.00034003
0.000338396
0.000334335
0.000327927
0.00031959
0.000310569
0.000301089
0.000297359
0.000298435
0.000299833
0.000301498
0.000305916
0.000315919
0.000327565
0.000340323
0.000351022
0.000356554
0.000352672
0.000350286
0.000355304
0.000356972
0.000357159
0.000354932
0.000350238
0.000344024
0.000337969
0.000333822
0.00033199
0.000331868
0.000332663
0.000333898
0.00033576
0.000339052
0.000344408
0.000353114
0.000361894
0.000365462
0.000356475
0.00036055
0.000364895
0.000367043
0.000370234
0.000372153
0.000371357
0.000368395
0.000364666
0.000361658
0.000359986
0.000359429
0.00035953
0.000359953
0.000360682
0.000361915
0.000364031
0.000367294
0.000370955
0.00037054
0.000356894
0.000369191
0.000372577
0.000374566
0.000380825
0.000387202
0.000391008
0.000391267
0.000388934
0.000385799
0.000383342
0.000381829
0.000381053
0.000380594
0.000380272
0.000379977
0.00037973
0.000379388
0.000378451
0.000373567
0.00035619
0.000375922
0.000379098
0.000382437
0.000391619
0.000401362
0.00040856
0.000411149
0.000409393
0.000405362
0.000401786
0.000399466
0.000398202
0.000397133
0.000395957
0.000394337
0.000392037
0.000388851
0.000384099
0.000375406
0.000354879
0.000381339
0.000386312
0.00039288
0.000404758
0.000416311
0.000425245
0.000429012
0.000426945
0.000420999
0.000416015
0.000413075
0.000411044
0.000409434
0.000407933
0.000406013
0.000402765
0.000397226
0.000389168
0.000377173
0.000353121
0.000386205
0.000395526
0.000407119
0.00042045
0.000431549
0.000438832
0.000440485
0.000436188
0.000427199
0.000420574
0.000417652
0.000416064
0.000415001
0.000414006
0.000412404
0.000409048
0.000402602
0.000392567
0.000377512
0.000351164
0.000391739
0.000407653
0.000424138
0.000438811
0.000449099
0.000454761
0.000454477
0.000448081
0.000435245
0.000426201
0.000423871
0.000422964
0.000422156
0.000420899
0.000418561
0.000414072
0.000406097
0.000394019
0.000376458
0.000349488
0.000399355
0.000418314
0.000437284
0.000450757
0.000459387
0.00046363
0.000463707
0.000459383
0.000448218
0.000438245
0.000436811
0.000434732
0.000431312
0.000426585
0.000420523
0.000412865
0.000403037
0.00039018
0.000372196
0.000348506
)
;

boundaryField
{
    floor
    {
        type            nutkWallFunction;
        Cmu             0.09;
        kappa           0.41;
        E               9.8;
        value           nonuniform List<scalar> 
400
(
4.53111e-05
4.39341e-05
4.08238e-05
3.55312e-05
2.60068e-05
1.86495e-05
1.6863e-05
1.66977e-05
1.68466e-05
1.71736e-05
1.77813e-05
1.84209e-05
1.90322e-05
1.95983e-05
2.00813e-05
2.04733e-05
2.0753e-05
2.35523e-05
3.25986e-05
3.68344e-05
4.39341e-05
4.50292e-05
4.09819e-05
3.46256e-05
2.52917e-05
2.11346e-05
2.08041e-05
2.09726e-05
2.12142e-05
2.15668e-05
2.19892e-05
2.23094e-05
2.2559e-05
2.27672e-05
2.28283e-05
2.2569e-05
2.22436e-05
2.55292e-05
3.33333e-05
3.71714e-05
4.08238e-05
4.09819e-05
3.73792e-05
3.0332e-05
2.28025e-05
2.22628e-05
2.27539e-05
2.31575e-05
2.36499e-05
2.40391e-05
2.42314e-05
2.4219e-05
2.41629e-05
2.41582e-05
2.3988e-05
2.3469e-05
2.31497e-05
2.70169e-05
3.38178e-05
3.73344e-05
3.55312e-05
3.46256e-05
3.0332e-05
2.37555e-05
2.1803e-05
2.28829e-05
2.35849e-05
2.44501e-05
2.53665e-05
2.58372e-05
2.56283e-05
2.51351e-05
2.47941e-05
2.47043e-05
2.4442e-05
2.38175e-05
2.38436e-05
2.84254e-05
3.416e-05
3.72843e-05
2.60068e-05
2.52917e-05
2.28025e-05
2.1803e-05
2.23072e-05
2.29636e-05
2.40353e-05
2.57267e-05
2.7388e-05
2.78244e-05
2.6901e-05
2.56327e-05
2.51551e-05
2.53626e-05
2.51898e-05
2.44235e-05
2.48841e-05
2.99536e-05
3.42676e-05
3.69757e-05
1.86495e-05
2.11346e-05
2.22628e-05
2.28829e-05
2.29636e-05
2.34564e-05
2.48745e-05
2.73404e-05
2.96907e-05
2.96319e-05
2.76442e-05
2.63178e-05
2.659e-05
2.73476e-05
2.73503e-05
2.6431e-05
2.66378e-05
3.07973e-05
3.40018e-05
3.63237e-05
1.6863e-05
2.08041e-05
2.27539e-05
2.35849e-05
2.40353e-05
2.48745e-05
2.65638e-05
2.92547e-05
3.14258e-05
2.99498e-05
2.85753e-05
2.89668e-05
3.02184e-05
3.05965e-05
3.02035e-05
2.91181e-05
2.80966e-05
3.0502e-05
3.3105e-05
3.51196e-05
1.66977e-05
2.09726e-05
2.31575e-05
2.44501e-05
2.57267e-05
2.73404e-05
2.92547e-05
3.1346e-05
3.2999e-05
3.21411e-05
3.20363e-05
3.30827e-05
3.38836e-05
3.37074e-05
3.30281e-05
3.17271e-05
3.00039e-05
2.92583e-05
3.1024e-05
3.2811e-05
1.68466e-05
2.12142e-05
2.36499e-05
2.53665e-05
2.7388e-05
2.96907e-05
3.14258e-05
3.2999e-05
3.55528e-05
3.62521e-05
3.68872e-05
3.73929e-05
3.68094e-05
3.63222e-05
3.56143e-05
3.44208e-05
3.25941e-05
3.03465e-05
2.87422e-05
2.93866e-05
1.71736e-05
2.15668e-05
2.40391e-05
2.58372e-05
2.78244e-05
2.96319e-05
2.99498e-05
3.21411e-05
3.62521e-05
0
0
3.97738e-05
3.87453e-05
3.82162e-05
3.76528e-05
3.67383e-05
3.52631e-05
3.31903e-05
3.07423e-05
2.84006e-05
1.77813e-05
2.19892e-05
2.42314e-05
2.56283e-05
2.6901e-05
2.76442e-05
2.85753e-05
3.20363e-05
3.68872e-05
0
0
4.02104e-05
3.97377e-05
3.94587e-05
3.91258e-05
3.84919e-05
3.73741e-05
3.56681e-05
3.34911e-05
3.13169e-05
1.84209e-05
2.23094e-05
2.4219e-05
2.51351e-05
2.56327e-05
2.63178e-05
2.89668e-05
3.30827e-05
3.73929e-05
3.97738e-05
4.02104e-05
4.0348e-05
4.02947e-05
4.03235e-05
4.02093e-05
3.98071e-05
3.89824e-05
3.76145e-05
3.56714e-05
3.34338e-05
1.90322e-05
2.2559e-05
2.41629e-05
2.47941e-05
2.51551e-05
2.659e-05
3.02184e-05
3.38836e-05
3.68094e-05
3.87453e-05
3.97377e-05
4.02947e-05
4.07019e-05
4.09847e-05
4.10631e-05
4.08556e-05
4.02664e-05
3.91937e-05
3.75487e-05
3.50462e-05
1.95983e-05
2.27672e-05
2.41582e-05
2.47043e-05
2.53626e-05
2.73476e-05
3.05965e-05
3.37074e-05
3.63222e-05
3.82162e-05
3.94587e-05
4.03235e-05
4.09847e-05
4.14948e-05
4.17786e-05
4.17743e-05
4.1405e-05
4.05588e-05
3.90627e-05
3.65115e-05
2.00813e-05
2.28283e-05
2.3988e-05
2.4442e-05
2.51898e-05
2.73503e-05
3.02035e-05
3.30281e-05
3.56143e-05
3.76528e-05
3.91258e-05
4.02093e-05
4.10631e-05
4.17786e-05
4.22529e-05
4.2449e-05
4.22936e-05
4.16723e-05
4.03886e-05
3.79209e-05
2.04733e-05
2.2569e-05
2.3469e-05
2.38175e-05
2.44235e-05
2.6431e-05
2.91181e-05
3.17271e-05
3.44208e-05
3.67383e-05
3.84919e-05
3.98071e-05
4.08556e-05
4.17743e-05
4.2449e-05
4.28742e-05
4.29729e-05
4.26131e-05
4.15572e-05
3.91791e-05
2.0753e-05
2.22436e-05
2.31497e-05
2.38436e-05
2.48841e-05
2.66378e-05
2.80966e-05
3.00039e-05
3.25941e-05
3.52631e-05
3.73741e-05
3.89824e-05
4.02664e-05
4.1405e-05
4.22936e-05
4.29729e-05
4.33699e-05
4.33261e-05
4.25341e-05
4.02416e-05
2.35523e-05
2.55292e-05
2.70169e-05
2.84254e-05
2.99536e-05
3.07973e-05
3.0502e-05
2.92583e-05
3.03465e-05
3.31903e-05
3.56681e-05
3.76145e-05
3.91937e-05
4.05588e-05
4.16723e-05
4.26131e-05
4.33261e-05
4.36414e-05
4.31764e-05
4.10148e-05
3.25986e-05
3.33333e-05
3.38178e-05
3.416e-05
3.42676e-05
3.40018e-05
3.3105e-05
3.1024e-05
2.87422e-05
3.07423e-05
3.34911e-05
3.56714e-05
3.75487e-05
3.90627e-05
4.03886e-05
4.15572e-05
4.25341e-05
4.31764e-05
4.31185e-05
4.14223e-05
3.68344e-05
3.71714e-05
3.73344e-05
3.72843e-05
3.69757e-05
3.63237e-05
3.51196e-05
3.2811e-05
2.93866e-05
2.84006e-05
3.13169e-05
3.34338e-05
3.50462e-05
3.65115e-05
3.79209e-05
3.91791e-05
4.02416e-05
4.10148e-05
4.14223e-05
4.13626e-05
)
;
    }
    ceiling
    {
        type            nutkWallFunction;
        Cmu             0.09;
        kappa           0.41;
        E               9.8;
        value           nonuniform List<scalar> 
400
(
5.80812e-05
6.30825e-05
6.6809e-05
6.93483e-05
7.1106e-05
7.22432e-05
7.28445e-05
7.29422e-05
7.23792e-05
7.07896e-05
6.99901e-05
6.89858e-05
6.77831e-05
6.6372e-05
6.47246e-05
6.27763e-05
6.04103e-05
5.74482e-05
5.34739e-05
4.79294e-05
6.30825e-05
6.84285e-05
7.25331e-05
7.5484e-05
7.76468e-05
7.91404e-05
8.00181e-05
8.0297e-05
7.98701e-05
7.80899e-05
7.69279e-05
7.55034e-05
7.38538e-05
7.19806e-05
6.98438e-05
6.73635e-05
6.44147e-05
6.08597e-05
5.63199e-05
5.02962e-05
6.6809e-05
7.25331e-05
7.69186e-05
8.01831e-05
8.26665e-05
8.44531e-05
8.56131e-05
8.61354e-05
8.58797e-05
8.40818e-05
8.25246e-05
8.06945e-05
7.86432e-05
7.63919e-05
7.38649e-05
7.09637e-05
6.75644e-05
6.36139e-05
5.88112e-05
5.2666e-05
6.93483e-05
7.5484e-05
8.01831e-05
8.38012e-05
8.67163e-05
8.88838e-05
9.03954e-05
9.13257e-05
9.15583e-05
8.99457e-05
8.76979e-05
8.52686e-05
8.27537e-05
8.00875e-05
7.71502e-05
7.38238e-05
6.99706e-05
6.56633e-05
6.06336e-05
5.43583e-05
7.1106e-05
7.76468e-05
8.26665e-05
8.67163e-05
9.00239e-05
9.25823e-05
9.46271e-05
9.62494e-05
9.72133e-05
9.5948e-05
9.2759e-05
8.94705e-05
8.63201e-05
8.31641e-05
7.9806e-05
7.60984e-05
7.18767e-05
6.712e-05
6.18755e-05
5.54582e-05
7.22432e-05
7.91404e-05
8.44531e-05
8.88838e-05
9.25823e-05
9.57181e-05
9.85966e-05
0.000101259
0.00010323
0.000102455
9.80301e-05
9.34918e-05
8.9446e-05
8.56374e-05
8.1752e-05
7.76086e-05
7.30468e-05
6.80091e-05
6.25595e-05
5.60211e-05
7.28445e-05
8.00181e-05
8.56131e-05
9.03954e-05
9.46271e-05
9.85966e-05
0.000102637
0.000106699
0.000109978
0.000109894
0.000104057
9.77075e-05
9.23682e-05
8.76583e-05
8.30854e-05
7.84038e-05
7.34514e-05
6.81975e-05
6.26324e-05
5.60737e-05
7.29422e-05
8.0297e-05
8.61354e-05
9.13257e-05
9.62494e-05
0.000101259
0.000106699
0.00011241
0.000117217
0.000118019
0.0001111
0.000102296
9.51638e-05
8.9245e-05
8.37929e-05
7.84492e-05
7.30558e-05
6.76217e-05
6.20418e-05
5.55883e-05
7.23792e-05
7.98701e-05
8.58797e-05
9.15583e-05
9.72133e-05
0.00010323
0.000109978
0.000117217
0.000123203
0.000124302
0.000118317
0.000106819
9.75646e-05
9.02329e-05
8.37736e-05
7.76958e-05
7.18546e-05
6.62313e-05
6.06431e-05
5.42249e-05
7.07896e-05
7.80899e-05
8.40818e-05
8.99457e-05
9.5948e-05
0.000102455
0.000109894
0.000118019
0.000124302
0.000122557
0.000122233
0.000109051
9.84113e-05
9.00969e-05
8.28629e-05
7.62424e-05
7.0106e-05
6.44769e-05
5.90993e-05
5.30529e-05
6.99901e-05
7.69279e-05
8.25246e-05
8.76979e-05
9.2759e-05
9.80301e-05
0.000104057
0.0001111
0.000118317
0.000122233
0.000112373
0.000102271
9.44234e-05
8.76879e-05
8.1356e-05
7.53038e-05
6.95322e-05
6.40883e-05
5.88107e-05
5.28512e-05
6.89858e-05
7.55034e-05
8.06945e-05
8.52686e-05
8.94705e-05
9.34918e-05
9.77075e-05
0.000102296
0.000106819
0.000109051
0.000102271
9.59092e-05
9.02393e-05
8.47891e-05
7.93577e-05
7.39867e-05
6.86928e-05
6.35183e-05
5.83921e-05
5.25785e-05
6.77831e-05
7.38538e-05
7.86432e-05
8.27537e-05
8.63201e-05
8.9446e-05
9.23682e-05
9.51638e-05
9.75646e-05
9.84113e-05
9.44234e-05
9.02393e-05
8.59537e-05
8.15121e-05
7.69242e-05
7.22644e-05
6.75165e-05
6.2675e-05
5.77574e-05
5.21457e-05
6.6372e-05
7.19806e-05
7.63919e-05
8.00875e-05
8.31641e-05
8.56374e-05
8.76583e-05
8.9245e-05
9.02329e-05
9.00969e-05
8.76879e-05
8.47891e-05
8.15121e-05
7.7941e-05
7.4146e-05
7.01934e-05
6.60254e-05
6.15647e-05
5.69172e-05
5.15556e-05
6.47246e-05
6.98438e-05
7.38649e-05
7.71502e-05
7.9806e-05
8.1752e-05
8.30854e-05
8.37929e-05
8.37736e-05
8.28629e-05
8.1356e-05
7.93577e-05
7.69242e-05
7.4146e-05
7.10979e-05
6.78233e-05
6.42304e-05
6.01829e-05
5.58712e-05
5.0805e-05
6.27763e-05
6.73635e-05
7.09637e-05
7.38238e-05
7.60984e-05
7.76086e-05
7.84038e-05
7.84492e-05
7.76958e-05
7.62424e-05
7.53038e-05
7.39867e-05
7.22644e-05
7.01934e-05
6.78233e-05
6.51651e-05
6.21061e-05
5.85482e-05
5.45977e-05
4.98625e-05
6.04103e-05
6.44147e-05
6.75644e-05
6.99706e-05
7.18767e-05
7.30468e-05
7.34514e-05
7.30558e-05
7.18546e-05
7.0106e-05
6.95322e-05
6.86928e-05
6.75165e-05
6.60254e-05
6.42304e-05
6.21061e-05
5.95355e-05
5.65426e-05
5.3012e-05
4.86559e-05
5.74482e-05
6.08597e-05
6.36139e-05
6.56633e-05
6.712e-05
6.80091e-05
6.81975e-05
6.76217e-05
6.62313e-05
6.44769e-05
6.40883e-05
6.35183e-05
6.2675e-05
6.15647e-05
6.01829e-05
5.85482e-05
5.65426e-05
5.40962e-05
5.10161e-05
4.70743e-05
5.34739e-05
5.63199e-05
5.88112e-05
6.06336e-05
6.18755e-05
6.25595e-05
6.26324e-05
6.20418e-05
6.06431e-05
5.90993e-05
5.88107e-05
5.83921e-05
5.77574e-05
5.69172e-05
5.58712e-05
5.45977e-05
5.3012e-05
5.10161e-05
4.8355e-05
4.48492e-05
4.79294e-05
5.02962e-05
5.2666e-05
5.43583e-05
5.54582e-05
5.60211e-05
5.60737e-05
5.55883e-05
5.42249e-05
5.30529e-05
5.28512e-05
5.25785e-05
5.21457e-05
5.15556e-05
5.0805e-05
4.98625e-05
4.86559e-05
4.70743e-05
4.48492e-05
4.18964e-05
)
;
    }
    fixedWalls
    {
        type            nutkWallFunction;
        Cmu             0.09;
        kappa           0.41;
        E               9.8;
        value           nonuniform List<scalar> 
800
(
4.53089e-05
4.83066e-05
5.01865e-05
5.14648e-05
5.25143e-05
5.35082e-05
5.44933e-05
5.55327e-05
5.67238e-05
5.80809e-05
4.39318e-05
4.72833e-05
4.98923e-05
5.19536e-05
5.3853e-05
5.56988e-05
5.75089e-05
5.94004e-05
6.14954e-05
6.30828e-05
4.0821e-05
4.3646e-05
4.72676e-05
5.06224e-05
5.38143e-05
5.68267e-05
5.95859e-05
6.22845e-05
6.51347e-05
6.68098e-05
3.55278e-05
3.75869e-05
4.24037e-05
4.77096e-05
5.28934e-05
5.72207e-05
6.08865e-05
6.43315e-05
6.77654e-05
6.93494e-05
2.60023e-05
3.1135e-05
3.71321e-05
4.45955e-05
5.16702e-05
5.71614e-05
6.1582e-05
6.56626e-05
6.95836e-05
7.11074e-05
1.8644e-05
2.53412e-05
3.23767e-05
4.19406e-05
5.03424e-05
5.66609e-05
6.16583e-05
6.62335e-05
7.05737e-05
7.22448e-05
1.68573e-05
2.09249e-05
2.81977e-05
3.96038e-05
4.8796e-05
5.56735e-05
6.11163e-05
6.60314e-05
7.07032e-05
7.28462e-05
1.66921e-05
1.94059e-05
2.50484e-05
3.68333e-05
4.68208e-05
5.41996e-05
5.99892e-05
6.51436e-05
7.01105e-05
7.29438e-05
1.68409e-05
1.94057e-05
2.33592e-05
3.41982e-05
4.46568e-05
5.22858e-05
5.81583e-05
6.34066e-05
6.86266e-05
7.23807e-05
1.7168e-05
1.98123e-05
2.33352e-05
3.42287e-05
4.46066e-05
5.17132e-05
5.71715e-05
6.20548e-05
6.69161e-05
7.07909e-05
1.77757e-05
2.04791e-05
2.54003e-05
3.5961e-05
4.54174e-05
5.19729e-05
5.7134e-05
6.17975e-05
6.64471e-05
6.99913e-05
1.84154e-05
2.13873e-05
2.80535e-05
3.79179e-05
4.62813e-05
5.22944e-05
5.71451e-05
6.15966e-05
6.60008e-05
6.89869e-05
1.90268e-05
2.24881e-05
3.02278e-05
3.94904e-05
4.69608e-05
5.24911e-05
5.70418e-05
6.12717e-05
6.54057e-05
6.7784e-05
1.95929e-05
2.35428e-05
3.1788e-05
4.05401e-05
4.73579e-05
5.24748e-05
5.67252e-05
6.07022e-05
6.45334e-05
6.63727e-05
2.0076e-05
2.42647e-05
3.26332e-05
4.10514e-05
4.7421e-05
5.21773e-05
5.61034e-05
5.97755e-05
6.32607e-05
6.47251e-05
2.0468e-05
2.41361e-05
3.24043e-05
4.10015e-05
4.71161e-05
5.15381e-05
5.50969e-05
5.83826e-05
6.14697e-05
6.27766e-05
2.07478e-05
2.29856e-05
3.12461e-05
4.05298e-05
4.65032e-05
5.05358e-05
5.36548e-05
5.64337e-05
5.90595e-05
6.04102e-05
2.35473e-05
2.58509e-05
3.19624e-05
4.06905e-05
4.58755e-05
4.92046e-05
5.17141e-05
5.38853e-05
5.60114e-05
5.74477e-05
3.25946e-05
3.42507e-05
3.86514e-05
4.26183e-05
4.54296e-05
4.75142e-05
4.91656e-05
5.06236e-05
5.21294e-05
5.34729e-05
3.6831e-05
3.99059e-05
4.17635e-05
4.3052e-05
4.41415e-05
4.49863e-05
4.56644e-05
4.62742e-05
4.6969e-05
4.79276e-05
3.6831e-05
3.99059e-05
4.17635e-05
4.3052e-05
4.41415e-05
4.49863e-05
4.56644e-05
4.62742e-05
4.6969e-05
4.79276e-05
3.7168e-05
4.04341e-05
4.24649e-05
4.36808e-05
4.46256e-05
4.5415e-05
4.62929e-05
4.74276e-05
4.89415e-05
5.02948e-05
3.73311e-05
4.05689e-05
4.27171e-05
4.39917e-05
4.49232e-05
4.58881e-05
4.71749e-05
4.89274e-05
5.10293e-05
5.26649e-05
3.7281e-05
4.0424e-05
4.27927e-05
4.44413e-05
4.57625e-05
4.71005e-05
4.87303e-05
5.06675e-05
5.29137e-05
5.43575e-05
3.69723e-05
3.99875e-05
4.25898e-05
4.47455e-05
4.66194e-05
4.83813e-05
5.02509e-05
5.21248e-05
5.426e-05
5.54574e-05
3.63202e-05
3.92599e-05
4.20979e-05
4.473e-05
4.7158e-05
4.9327e-05
5.14043e-05
5.30815e-05
5.50198e-05
5.60205e-05
3.5116e-05
3.82807e-05
4.14134e-05
4.44454e-05
4.72572e-05
4.96945e-05
5.18932e-05
5.33235e-05
5.50289e-05
5.60731e-05
3.2807e-05
3.7203e-05
4.07272e-05
4.40439e-05
4.70191e-05
4.95138e-05
5.16652e-05
5.28238e-05
5.42815e-05
5.55876e-05
2.93823e-05
3.60767e-05
4.02423e-05
4.36975e-05
4.66592e-05
4.90466e-05
5.09663e-05
5.17584e-05
5.27382e-05
5.4224e-05
2.83961e-05
3.56736e-05
4.00055e-05
4.3483e-05
4.63544e-05
4.86088e-05
5.03614e-05
5.09567e-05
5.16537e-05
5.30518e-05
3.13128e-05
3.57206e-05
3.99469e-05
4.33813e-05
4.61418e-05
4.82984e-05
4.99865e-05
5.05796e-05
5.13411e-05
5.28501e-05
3.34299e-05
3.58079e-05
3.99846e-05
4.33474e-05
4.60102e-05
4.81147e-05
4.97215e-05
5.0366e-05
5.12062e-05
5.25774e-05
3.50425e-05
3.59228e-05
4.00753e-05
4.33552e-05
4.59217e-05
4.7961e-05
4.95107e-05
5.02208e-05
5.10897e-05
5.21445e-05
3.6508e-05
3.64335e-05
4.02595e-05
4.34115e-05
4.58594e-05
4.78034e-05
4.9318e-05
5.00892e-05
5.09239e-05
5.15543e-05
3.79176e-05
3.77055e-05
4.06493e-05
4.35481e-05
4.58146e-05
4.76021e-05
4.90792e-05
4.98881e-05
5.06305e-05
5.08036e-05
3.9176e-05
3.92065e-05
4.13274e-05
4.38142e-05
4.57925e-05
4.7338e-05
4.86822e-05
4.94747e-05
5.00765e-05
4.98611e-05
4.02387e-05
4.08502e-05
4.2452e-05
4.42409e-05
4.57658e-05
4.69567e-05
4.80054e-05
4.86822e-05
4.90955e-05
4.86543e-05
4.10121e-05
4.22269e-05
4.35899e-05
4.47274e-05
4.56718e-05
4.63828e-05
4.7017e-05
4.74432e-05
4.76045e-05
4.70725e-05
4.14196e-05
4.29463e-05
4.40654e-05
4.47022e-05
4.50822e-05
4.53128e-05
4.55319e-05
4.55699e-05
4.54205e-05
4.48471e-05
4.13599e-05
4.24784e-05
4.2959e-05
4.301e-05
4.29177e-05
4.27474e-05
4.25195e-05
4.22638e-05
4.20389e-05
4.18939e-05
4.53089e-05
4.83066e-05
5.01865e-05
5.14648e-05
5.25143e-05
5.35082e-05
5.44933e-05
5.55327e-05
5.67238e-05
5.80809e-05
4.39318e-05
4.72833e-05
4.98923e-05
5.19536e-05
5.3853e-05
5.56988e-05
5.75089e-05
5.94004e-05
6.14954e-05
6.30828e-05
4.0821e-05
4.3646e-05
4.72676e-05
5.06224e-05
5.38143e-05
5.68267e-05
5.95859e-05
6.22845e-05
6.51347e-05
6.68098e-05
3.55278e-05
3.75869e-05
4.24037e-05
4.77096e-05
5.28934e-05
5.72207e-05
6.08865e-05
6.43315e-05
6.77654e-05
6.93494e-05
2.60023e-05
3.1135e-05
3.71321e-05
4.45955e-05
5.16702e-05
5.71614e-05
6.1582e-05
6.56626e-05
6.95836e-05
7.11074e-05
1.8644e-05
2.53412e-05
3.23767e-05
4.19406e-05
5.03424e-05
5.66609e-05
6.16583e-05
6.62335e-05
7.05737e-05
7.22448e-05
1.68573e-05
2.09249e-05
2.81977e-05
3.96038e-05
4.8796e-05
5.56735e-05
6.11163e-05
6.60314e-05
7.07032e-05
7.28462e-05
1.66921e-05
1.94059e-05
2.50484e-05
3.68333e-05
4.68208e-05
5.41996e-05
5.99892e-05
6.51436e-05
7.01105e-05
7.29438e-05
1.68409e-05
1.94057e-05
2.33592e-05
3.41982e-05
4.46568e-05
5.22858e-05
5.81583e-05
6.34066e-05
6.86266e-05
7.23807e-05
1.7168e-05
1.98123e-05
2.33352e-05
3.42287e-05
4.46066e-05
5.17132e-05
5.71715e-05
6.20548e-05
6.69161e-05
7.07909e-05
1.77757e-05
2.04791e-05
2.54003e-05
3.5961e-05
4.54174e-05
5.19729e-05
5.7134e-05
6.17975e-05
6.64471e-05
6.99913e-05
1.84154e-05
2.13873e-05
2.80535e-05
3.79179e-05
4.62813e-05
5.22944e-05
5.71451e-05
6.15966e-05
6.60008e-05
6.89869e-05
1.90268e-05
2.24881e-05
3.02278e-05
3.94904e-05
4.69608e-05
5.24911e-05
5.70418e-05
6.12717e-05
6.54057e-05
6.7784e-05
1.95929e-05
2.35428e-05
3.1788e-05
4.05401e-05
4.73579e-05
5.24748e-05
5.67252e-05
6.07022e-05
6.45334e-05
6.63727e-05
2.0076e-05
2.42647e-05
3.26332e-05
4.10514e-05
4.7421e-05
5.21773e-05
5.61034e-05
5.97755e-05
6.32607e-05
6.47251e-05
2.0468e-05
2.41361e-05
3.24043e-05
4.10015e-05
4.71161e-05
5.15381e-05
5.50969e-05
5.83826e-05
6.14697e-05
6.27766e-05
2.07478e-05
2.29856e-05
3.12461e-05
4.05298e-05
4.65032e-05
5.05358e-05
5.36548e-05
5.64337e-05
5.90595e-05
6.04102e-05
2.35473e-05
2.58509e-05
3.19624e-05
4.06905e-05
4.58755e-05
4.92046e-05
5.17141e-05
5.38853e-05
5.60114e-05
5.74477e-05
3.25946e-05
3.42507e-05
3.86514e-05
4.26183e-05
4.54296e-05
4.75142e-05
4.91656e-05
5.06236e-05
5.21294e-05
5.34729e-05
3.6831e-05
3.99059e-05
4.17635e-05
4.3052e-05
4.41415e-05
4.49863e-05
4.56644e-05
4.62742e-05
4.6969e-05
4.79276e-05
3.6831e-05
3.99059e-05
4.17635e-05
4.3052e-05
4.41415e-05
4.49863e-05
4.56644e-05
4.62742e-05
4.6969e-05
4.79276e-05
3.7168e-05
4.04341e-05
4.24649e-05
4.36808e-05
4.46256e-05
4.5415e-05
4.62929e-05
4.74276e-05
4.89415e-05
5.02948e-05
3.73311e-05
4.05689e-05
4.27171e-05
4.39917e-05
4.49232e-05
4.58881e-05
4.71749e-05
4.89274e-05
5.10293e-05
5.26649e-05
3.7281e-05
4.0424e-05
4.27927e-05
4.44413e-05
4.57625e-05
4.71005e-05
4.87303e-05
5.06675e-05
5.29137e-05
5.43575e-05
3.69723e-05
3.99875e-05
4.25898e-05
4.47455e-05
4.66194e-05
4.83813e-05
5.02509e-05
5.21248e-05
5.426e-05
5.54574e-05
3.63202e-05
3.92599e-05
4.20979e-05
4.473e-05
4.7158e-05
4.9327e-05
5.14043e-05
5.30815e-05
5.50198e-05
5.60205e-05
3.5116e-05
3.82807e-05
4.14134e-05
4.44454e-05
4.72572e-05
4.96945e-05
5.18932e-05
5.33235e-05
5.50289e-05
5.60731e-05
3.2807e-05
3.7203e-05
4.07272e-05
4.40439e-05
4.70191e-05
4.95138e-05
5.16652e-05
5.28238e-05
5.42815e-05
5.55876e-05
2.93823e-05
3.60767e-05
4.02423e-05
4.36975e-05
4.66592e-05
4.90466e-05
5.09663e-05
5.17584e-05
5.27382e-05
5.4224e-05
2.83961e-05
3.56736e-05
4.00055e-05
4.3483e-05
4.63544e-05
4.86088e-05
5.03614e-05
5.09567e-05
5.16537e-05
5.30518e-05
3.13128e-05
3.57206e-05
3.99469e-05
4.33813e-05
4.61418e-05
4.82984e-05
4.99865e-05
5.05796e-05
5.13411e-05
5.28501e-05
3.34299e-05
3.58079e-05
3.99846e-05
4.33474e-05
4.60102e-05
4.81147e-05
4.97215e-05
5.0366e-05
5.12062e-05
5.25774e-05
3.50425e-05
3.59228e-05
4.00753e-05
4.33552e-05
4.59217e-05
4.7961e-05
4.95107e-05
5.02208e-05
5.10897e-05
5.21445e-05
3.6508e-05
3.64335e-05
4.02595e-05
4.34115e-05
4.58594e-05
4.78034e-05
4.9318e-05
5.00892e-05
5.09239e-05
5.15543e-05
3.79176e-05
3.77055e-05
4.06493e-05
4.35481e-05
4.58146e-05
4.76021e-05
4.90792e-05
4.98881e-05
5.06305e-05
5.08036e-05
3.9176e-05
3.92065e-05
4.13274e-05
4.38142e-05
4.57925e-05
4.7338e-05
4.86822e-05
4.94747e-05
5.00765e-05
4.98611e-05
4.02387e-05
4.08502e-05
4.2452e-05
4.42409e-05
4.57658e-05
4.69567e-05
4.80054e-05
4.86822e-05
4.90955e-05
4.86543e-05
4.10121e-05
4.22269e-05
4.35899e-05
4.47274e-05
4.56718e-05
4.63828e-05
4.7017e-05
4.74432e-05
4.76045e-05
4.70725e-05
4.14196e-05
4.29463e-05
4.40654e-05
4.47022e-05
4.50822e-05
4.53128e-05
4.55319e-05
4.55699e-05
4.54205e-05
4.48471e-05
4.13599e-05
4.24784e-05
4.2959e-05
4.301e-05
4.29177e-05
4.27474e-05
4.25195e-05
4.22638e-05
4.20389e-05
4.18939e-05
)
;
    }
}


// ************************************************************************* //
