/*--------------------------------*- C++ -*----------------------------------*\
  =========                 |
  \\      /  F ield         | OpenFOAM: The Open Source CFD Toolbox
   \\    /   O peration     | Website:  https://openfoam.org
    \\  /    A nd           | Version:  8
     \\/     M anipulation  |
\*---------------------------------------------------------------------------*/
FoamFile
{
    version     2.0;
    format      ascii;
    class       volScalarField;
    location    "800";
    object      p;
}
// * * * * * * * * * * * * * * * * * * * * * * * * * * * * * * * * * * * * * //

dimensions      [1 -1 -2 0 0 0 0];

internalField   nonuniform List<scalar> 
4000
(
-2.4497
-2.45002
-2.45041
-2.45055
-2.45054
-2.45054
-2.45058
-2.45061
-2.45065
-2.45068
-2.45071
-2.45072
-2.45073
-2.45072
-2.45069
-2.45064
-2.45055
-2.45047
-2.45038
-2.45009
-7.34965
-7.34984
-7.35008
-7.35021
-7.35025
-7.35029
-7.35031
-7.35033
-7.35036
-7.35038
-7.35039
-7.3504
-7.35039
-7.35037
-7.35032
-7.35026
-7.35019
-7.3501
-7.35
-7.34979
-12.2493
-12.2494
-12.2495
-12.2496
-12.2497
-12.2498
-12.2498
-12.2498
-12.2498
-12.2498
-12.2498
-12.2498
-12.2498
-12.2497
-12.2497
-12.2496
-12.2496
-12.2495
-12.2494
-12.2493
-17.1487
-17.1488
-17.1489
-17.149
-17.149
-17.1491
-17.1491
-17.1491
-17.1491
-17.1491
-17.1491
-17.149
-17.149
-17.149
-17.149
-17.1489
-17.1489
-17.1488
-17.1487
-17.1486
-22.048
-22.0481
-22.0482
-22.0482
-22.0483
-22.0483
-22.0483
-22.0483
-22.0483
-22.0483
-22.0483
-22.0483
-22.0483
-22.0483
-22.0482
-22.0482
-22.0481
-22.0481
-22.048
-22.0479
-26.9472
-26.9473
-26.9474
-26.9475
-26.9475
-26.9476
-26.9476
-26.9476
-26.9475
-26.9475
-26.9475
-26.9475
-26.9475
-26.9475
-26.9475
-26.9474
-26.9474
-26.9473
-26.9472
-26.9471
-31.8462
-31.8464
-31.8465
-31.8466
-31.8467
-31.8467
-31.8467
-31.8467
-31.8467
-31.8467
-31.8467
-31.8467
-31.8467
-31.8466
-31.8466
-31.8466
-31.8466
-31.8465
-31.8464
-31.8462
-36.7451
-36.7453
-36.7455
-36.7456
-36.7457
-36.7457
-36.7457
-36.7457
-36.7458
-36.7457
-36.7457
-36.7457
-36.7457
-36.7457
-36.7457
-36.7457
-36.7456
-36.7456
-36.7454
-36.7452
-41.6439
-41.6442
-41.6443
-41.6445
-41.6445
-41.6445
-41.6445
-41.6445
-41.6446
-41.6446
-41.6445
-41.6445
-41.6446
-41.6446
-41.6446
-41.6446
-41.6446
-41.6446
-41.6444
-41.6442
-46.543
-46.5432
-46.5433
-46.5433
-46.5433
-46.5432
-46.5431
-46.5431
-46.5431
-46.5432
-46.5432
-46.5432
-46.5433
-46.5434
-46.5436
-46.5437
-46.5437
-46.5437
-46.5437
-46.5435
-2.45002
-2.45021
-2.45044
-2.45052
-2.45051
-2.45054
-2.45058
-2.45061
-2.45064
-2.45067
-2.4507
-2.45072
-2.45072
-2.45071
-2.45069
-2.45064
-2.45056
-2.45049
-2.45041
-2.45015
-7.34984
-7.34995
-7.3501
-7.35018
-7.35024
-7.35028
-7.3503
-7.35033
-7.35035
-7.35037
-7.35039
-7.3504
-7.35039
-7.35037
-7.35033
-7.35028
-7.35021
-7.35012
-7.35002
-7.34982
-12.2494
-12.2494
-12.2495
-12.2496
-12.2497
-12.2498
-12.2498
-12.2498
-12.2498
-12.2498
-12.2498
-12.2498
-12.2498
-12.2498
-12.2497
-12.2497
-12.2496
-12.2495
-12.2494
-12.2493
-17.1488
-17.1488
-17.1489
-17.149
-17.1491
-17.1491
-17.1491
-17.1491
-17.1491
-17.1491
-17.1491
-17.1491
-17.1491
-17.1491
-17.149
-17.149
-17.1489
-17.1488
-17.1488
-17.1487
-22.0481
-22.0482
-22.0482
-22.0483
-22.0484
-22.0484
-22.0484
-22.0484
-22.0484
-22.0484
-22.0484
-22.0484
-22.0484
-22.0484
-22.0483
-22.0483
-22.0482
-22.0482
-22.0481
-22.048
-26.9473
-26.9474
-26.9475
-26.9476
-26.9477
-26.9477
-26.9477
-26.9477
-26.9477
-26.9477
-26.9476
-26.9476
-26.9476
-26.9476
-26.9476
-26.9476
-26.9475
-26.9474
-26.9474
-26.9472
-31.8464
-31.8466
-31.8467
-31.8468
-31.8469
-31.8469
-31.8469
-31.8469
-31.8469
-31.8468
-31.8468
-31.8468
-31.8468
-31.8468
-31.8468
-31.8467
-31.8467
-31.8466
-31.8465
-31.8464
-36.7453
-36.7456
-36.7457
-36.7459
-36.7459
-36.746
-36.746
-36.7459
-36.7459
-36.7459
-36.7459
-36.7459
-36.7459
-36.7459
-36.7459
-36.7458
-36.7458
-36.7458
-36.7456
-36.7454
-41.6442
-41.6445
-41.6447
-41.6448
-41.6449
-41.6449
-41.6449
-41.6449
-41.6449
-41.6449
-41.6449
-41.6449
-41.6449
-41.6449
-41.6449
-41.6449
-41.6449
-41.6448
-41.6447
-41.6444
-46.5432
-46.5435
-46.5436
-46.5437
-46.5437
-46.5437
-46.5436
-46.5436
-46.5436
-46.5436
-46.5436
-46.5437
-46.5437
-46.5438
-46.5439
-46.5439
-46.544
-46.544
-46.5439
-46.5437
-2.45041
-2.45044
-2.45051
-2.45051
-2.45051
-2.45054
-2.45057
-2.45061
-2.45064
-2.45067
-2.45069
-2.45071
-2.45071
-2.45071
-2.45069
-2.45066
-2.4506
-2.45057
-2.45051
-2.45032
-7.35008
-7.3501
-7.35014
-7.35019
-7.35025
-7.35028
-7.3503
-7.35032
-7.35035
-7.35037
-7.35038
-7.35039
-7.35039
-7.35037
-7.35035
-7.35031
-7.35026
-7.35017
-7.35011
-7.34994
-12.2495
-12.2495
-12.2496
-12.2497
-12.2497
-12.2498
-12.2498
-12.2498
-12.2498
-12.2498
-12.2498
-12.2498
-12.2498
-12.2498
-12.2497
-12.2497
-12.2497
-12.2496
-12.2495
-12.2494
-17.1489
-17.1489
-17.149
-17.149
-17.1491
-17.1491
-17.1491
-17.1491
-17.1491
-17.1491
-17.1491
-17.1491
-17.1491
-17.1491
-17.1491
-17.149
-17.149
-17.1489
-17.1489
-17.1488
-22.0482
-22.0482
-22.0483
-22.0484
-22.0484
-22.0484
-22.0484
-22.0484
-22.0484
-22.0484
-22.0484
-22.0484
-22.0484
-22.0483
-22.0483
-22.0483
-22.0483
-22.0482
-22.0482
-22.0481
-26.9474
-26.9475
-26.9476
-26.9476
-26.9477
-26.9477
-26.9477
-26.9476
-26.9476
-26.9476
-26.9476
-26.9476
-26.9476
-26.9476
-26.9476
-26.9476
-26.9475
-26.9475
-26.9474
-26.9473
-31.8465
-31.8467
-31.8468
-31.8468
-31.8469
-31.8469
-31.8469
-31.8468
-31.8468
-31.8468
-31.8467
-31.8467
-31.8467
-31.8467
-31.8467
-31.8467
-31.8467
-31.8467
-31.8466
-31.8465
-36.7455
-36.7457
-36.7459
-36.746
-36.746
-36.746
-36.746
-36.7459
-36.7459
-36.7459
-36.7459
-36.7458
-36.7458
-36.7458
-36.7458
-36.7459
-36.7459
-36.7458
-36.7458
-36.7455
-41.6443
-41.6447
-41.6449
-41.645
-41.645
-41.645
-41.645
-41.645
-41.645
-41.645
-41.6449
-41.6449
-41.6449
-41.6449
-41.645
-41.645
-41.645
-41.6449
-41.6448
-41.6446
-46.5433
-46.5436
-46.5438
-46.5439
-46.5439
-46.5438
-46.5438
-46.5437
-46.5437
-46.5437
-46.5437
-46.5437
-46.5438
-46.5439
-46.5439
-46.544
-46.544
-46.544
-46.544
-46.5437
-2.45055
-2.45052
-2.45051
-2.4505
-2.45052
-2.45055
-2.45058
-2.4506
-2.45063
-2.45066
-2.45068
-2.4507
-2.4507
-2.45071
-2.4507
-2.45069
-2.45067
-2.45067
-2.45066
-2.45053
-7.35021
-7.35018
-7.35019
-7.35024
-7.35027
-7.35028
-7.3503
-7.35032
-7.35034
-7.35036
-7.35037
-7.35038
-7.35038
-7.35038
-7.35036
-7.35034
-7.3503
-7.35024
-7.35021
-7.35009
-12.2496
-12.2496
-12.2497
-12.2497
-12.2498
-12.2498
-12.2498
-12.2498
-12.2498
-12.2498
-12.2498
-12.2498
-12.2498
-12.2498
-12.2498
-12.2498
-12.2497
-12.2497
-12.2496
-12.2495
-17.149
-17.149
-17.149
-17.1491
-17.1491
-17.1491
-17.1491
-17.1491
-17.1491
-17.1491
-17.1491
-17.1491
-17.1491
-17.1491
-17.1491
-17.1491
-17.149
-17.149
-17.1489
-17.1489
-22.0482
-22.0483
-22.0484
-22.0484
-22.0484
-22.0484
-22.0484
-22.0484
-22.0484
-22.0484
-22.0484
-22.0484
-22.0484
-22.0483
-22.0483
-22.0483
-22.0483
-22.0483
-22.0483
-22.0482
-26.9475
-26.9476
-26.9476
-26.9477
-26.9477
-26.9477
-26.9476
-26.9476
-26.9476
-26.9476
-26.9476
-26.9476
-26.9476
-26.9476
-26.9475
-26.9475
-26.9475
-26.9475
-26.9475
-26.9474
-31.8466
-31.8468
-31.8468
-31.8469
-31.8469
-31.8469
-31.8468
-31.8468
-31.8468
-31.8468
-31.8467
-31.8467
-31.8467
-31.8467
-31.8467
-31.8467
-31.8467
-31.8467
-31.8467
-31.8466
-36.7456
-36.7459
-36.746
-36.746
-36.746
-36.746
-36.7459
-36.7459
-36.7459
-36.7459
-36.7458
-36.7458
-36.7458
-36.7458
-36.7458
-36.7458
-36.7459
-36.7459
-36.7458
-36.7457
-41.6445
-41.6448
-41.645
-41.6451
-41.6451
-41.645
-41.645
-41.645
-41.6449
-41.6449
-41.6449
-41.6449
-41.6449
-41.6449
-41.6449
-41.645
-41.645
-41.645
-41.6449
-41.6447
-46.5433
-46.5437
-46.5439
-46.544
-46.5439
-46.5439
-46.5438
-46.5437
-46.5436
-46.5436
-46.5436
-46.5437
-46.5438
-46.5439
-46.5439
-46.544
-46.544
-46.5441
-46.544
-46.5438
-2.45054
-2.45051
-2.45051
-2.45052
-2.45054
-2.45056
-2.45058
-2.45061
-2.45063
-2.45065
-2.45067
-2.45069
-2.4507
-2.45071
-2.45073
-2.45075
-2.45077
-2.45079
-2.4508
-2.45074
-7.35025
-7.35024
-7.35025
-7.35027
-7.35027
-7.35028
-7.3503
-7.35031
-7.35033
-7.35035
-7.35037
-7.35038
-7.35038
-7.35038
-7.35037
-7.35037
-7.35035
-7.35029
-7.35029
-7.35022
-12.2497
-12.2497
-12.2497
-12.2498
-12.2498
-12.2498
-12.2498
-12.2498
-12.2498
-12.2498
-12.2498
-12.2498
-12.2498
-12.2498
-12.2498
-12.2498
-12.2497
-12.2497
-12.2497
-12.2496
-17.149
-17.1491
-17.1491
-17.1491
-17.1491
-17.1491
-17.1491
-17.1491
-17.1491
-17.1491
-17.1491
-17.1491
-17.1491
-17.1491
-17.1491
-17.1491
-17.1491
-17.149
-17.149
-17.1489
-22.0483
-22.0484
-22.0484
-22.0484
-22.0484
-22.0484
-22.0484
-22.0484
-22.0484
-22.0484
-22.0484
-22.0484
-22.0484
-22.0483
-22.0483
-22.0483
-22.0483
-22.0483
-22.0483
-22.0482
-26.9475
-26.9477
-26.9477
-26.9477
-26.9477
-26.9476
-26.9476
-26.9476
-26.9476
-26.9476
-26.9476
-26.9476
-26.9476
-26.9475
-26.9475
-26.9475
-26.9475
-26.9475
-26.9476
-26.9475
-31.8467
-31.8469
-31.8469
-31.8469
-31.8469
-31.8468
-31.8468
-31.8468
-31.8468
-31.8468
-31.8467
-31.8467
-31.8467
-31.8467
-31.8467
-31.8467
-31.8467
-31.8467
-31.8467
-31.8466
-36.7457
-36.7459
-36.746
-36.746
-36.746
-36.7459
-36.7459
-36.7459
-36.7459
-36.7459
-36.7458
-36.7458
-36.7458
-36.7458
-36.7458
-36.7458
-36.7458
-36.7458
-36.7459
-36.7457
-41.6445
-41.6449
-41.645
-41.6451
-41.645
-41.645
-41.6449
-41.6449
-41.6449
-41.6449
-41.6449
-41.6449
-41.6449
-41.6449
-41.6449
-41.6449
-41.6449
-41.645
-41.6449
-41.6447
-46.5433
-46.5437
-46.5439
-46.5439
-46.5439
-46.5438
-46.5436
-46.5434
-46.5434
-46.5434
-46.5434
-46.5436
-46.5437
-46.5438
-46.5439
-46.5439
-46.544
-46.544
-46.544
-46.5438
-2.45054
-2.45054
-2.45054
-2.45055
-2.45056
-2.45057
-2.45059
-2.45061
-2.45063
-2.45065
-2.45067
-2.45069
-2.45071
-2.45073
-2.45077
-2.45083
-2.45086
-2.45088
-2.4509
-2.45088
-7.35029
-7.35028
-7.35028
-7.35028
-7.35028
-7.35029
-7.3503
-7.35032
-7.35033
-7.35035
-7.35036
-7.35037
-7.35037
-7.35038
-7.35038
-7.3504
-7.35037
-7.35034
-7.35035
-7.35031
-12.2498
-12.2498
-12.2498
-12.2498
-12.2498
-12.2497
-12.2498
-12.2498
-12.2498
-12.2498
-12.2498
-12.2498
-12.2498
-12.2498
-12.2498
-12.2498
-12.2498
-12.2497
-12.2497
-12.2497
-17.1491
-17.1491
-17.1491
-17.1491
-17.1491
-17.1491
-17.1491
-17.1491
-17.1491
-17.1491
-17.1491
-17.1491
-17.1491
-17.1491
-17.1491
-17.1491
-17.1491
-17.149
-17.149
-17.149
-22.0483
-22.0484
-22.0484
-22.0484
-22.0484
-22.0484
-22.0484
-22.0484
-22.0484
-22.0484
-22.0484
-22.0484
-22.0483
-22.0483
-22.0483
-22.0483
-22.0483
-22.0483
-22.0483
-22.0483
-26.9476
-26.9477
-26.9477
-26.9477
-26.9476
-26.9476
-26.9476
-26.9476
-26.9476
-26.9476
-26.9476
-26.9476
-26.9475
-26.9475
-26.9475
-26.9475
-26.9475
-26.9475
-26.9476
-26.9475
-31.8467
-31.8469
-31.8469
-31.8469
-31.8468
-31.8468
-31.8468
-31.8468
-31.8468
-31.8468
-31.8467
-31.8467
-31.8467
-31.8467
-31.8467
-31.8467
-31.8467
-31.8467
-31.8467
-31.8466
-36.7457
-36.746
-36.746
-36.746
-36.7459
-36.7459
-36.7459
-36.7458
-36.7458
-36.7458
-36.7458
-36.7458
-36.7458
-36.7458
-36.7458
-36.7458
-36.7458
-36.7458
-36.7458
-36.7457
-41.6445
-41.6449
-41.645
-41.645
-41.645
-41.6449
-41.6449
-41.6448
-41.6447
-41.6447
-41.6448
-41.6449
-41.6449
-41.6449
-41.6449
-41.6449
-41.6449
-41.6449
-41.6449
-41.6447
-46.5432
-46.5437
-46.5438
-46.5439
-46.5438
-46.5436
-46.5433
-46.543
-46.5429
-46.5428
-46.5431
-46.5434
-46.5436
-46.5437
-46.5438
-46.5439
-46.5439
-46.544
-46.544
-46.5437
-2.45058
-2.45058
-2.45057
-2.45058
-2.45058
-2.45059
-2.45061
-2.45062
-2.45064
-2.45067
-2.45069
-2.45072
-2.45074
-2.45078
-2.45082
-2.45087
-2.45089
-2.45091
-2.45094
-2.45096
-7.35031
-7.3503
-7.3503
-7.3503
-7.3503
-7.3503
-7.35031
-7.35032
-7.35033
-7.35036
-7.35037
-7.35037
-7.35037
-7.35038
-7.35039
-7.35041
-7.35039
-7.35036
-7.35037
-7.35036
-12.2498
-12.2498
-12.2498
-12.2498
-12.2498
-12.2498
-12.2498
-12.2498
-12.2498
-12.2498
-12.2498
-12.2498
-12.2498
-12.2498
-12.2498
-12.2498
-12.2498
-12.2497
-12.2497
-12.2497
-17.1491
-17.1491
-17.1491
-17.1491
-17.1491
-17.1491
-17.1491
-17.1491
-17.1491
-17.1491
-17.1491
-17.1491
-17.1491
-17.1491
-17.1491
-17.1491
-17.1491
-17.149
-17.149
-17.149
-22.0483
-22.0484
-22.0484
-22.0484
-22.0484
-22.0484
-22.0484
-22.0484
-22.0484
-22.0484
-22.0484
-22.0483
-22.0483
-22.0483
-22.0483
-22.0483
-22.0483
-22.0483
-22.0483
-22.0483
-26.9476
-26.9477
-26.9477
-26.9476
-26.9476
-26.9476
-26.9476
-26.9476
-26.9476
-26.9476
-26.9476
-26.9475
-26.9475
-26.9475
-26.9475
-26.9475
-26.9475
-26.9475
-26.9476
-26.9475
-31.8467
-31.8469
-31.8469
-31.8468
-31.8468
-31.8468
-31.8468
-31.8467
-31.8467
-31.8467
-31.8467
-31.8467
-31.8467
-31.8467
-31.8466
-31.8466
-31.8466
-31.8467
-31.8467
-31.8466
-36.7457
-36.746
-36.746
-36.7459
-36.7459
-36.7459
-36.7458
-36.7457
-36.7457
-36.7457
-36.7457
-36.7458
-36.7458
-36.7458
-36.7457
-36.7457
-36.7457
-36.7458
-36.7458
-36.7457
-41.6445
-41.6449
-41.645
-41.645
-41.6449
-41.6449
-41.6447
-41.6445
-41.6443
-41.6443
-41.6446
-41.6448
-41.6448
-41.6449
-41.6448
-41.6448
-41.6448
-41.6449
-41.6449
-41.6447
-46.5431
-46.5436
-46.5438
-46.5438
-46.5436
-46.5433
-46.5429
-46.5424
-46.542
-46.5419
-46.5425
-46.5431
-46.5434
-46.5436
-46.5437
-46.5438
-46.5439
-46.5439
-46.544
-46.5437
-2.45061
-2.45061
-2.45061
-2.4506
-2.45061
-2.45061
-2.45062
-2.45064
-2.45066
-2.45073
-2.45078
-2.45079
-2.45082
-2.45085
-2.45088
-2.45091
-2.45091
-2.45091
-2.45093
-2.45098
-7.35033
-7.35033
-7.35032
-7.35032
-7.35031
-7.35032
-7.35032
-7.35034
-7.35035
-7.3504
-7.35041
-7.3504
-7.3504
-7.3504
-7.35041
-7.35043
-7.35042
-7.3504
-7.35038
-7.35038
-12.2498
-12.2498
-12.2498
-12.2498
-12.2498
-12.2498
-12.2498
-12.2498
-12.2498
-12.2498
-12.2498
-12.2498
-12.2498
-12.2498
-12.2498
-12.2498
-12.2498
-12.2498
-12.2497
-12.2497
-17.1491
-17.1491
-17.1491
-17.1491
-17.1491
-17.1491
-17.1491
-17.1491
-17.1491
-17.1491
-17.1491
-17.1491
-17.1491
-17.1491
-17.1491
-17.1491
-17.1491
-17.149
-17.149
-17.149
-22.0483
-22.0484
-22.0484
-22.0484
-22.0484
-22.0484
-22.0484
-22.0484
-22.0484
-22.0484
-22.0484
-22.0483
-22.0483
-22.0483
-22.0483
-22.0483
-22.0483
-22.0483
-22.0483
-22.0482
-26.9476
-26.9477
-26.9476
-26.9476
-26.9476
-26.9476
-26.9476
-26.9476
-26.9476
-26.9476
-26.9475
-26.9475
-26.9475
-26.9475
-26.9475
-26.9475
-26.9475
-26.9475
-26.9475
-26.9475
-31.8467
-31.8469
-31.8468
-31.8468
-31.8468
-31.8468
-31.8467
-31.8467
-31.8466
-31.8466
-31.8466
-31.8467
-31.8466
-31.8466
-31.8466
-31.8466
-31.8466
-31.8466
-31.8467
-31.8466
-36.7457
-36.7459
-36.7459
-36.7459
-36.7459
-36.7458
-36.7457
-36.7456
-36.7454
-36.7454
-36.7456
-36.7457
-36.7457
-36.7457
-36.7457
-36.7457
-36.7457
-36.7457
-36.7458
-36.7457
-41.6445
-41.6449
-41.645
-41.645
-41.6449
-41.6448
-41.6445
-41.644
-41.6436
-41.6437
-41.6442
-41.6446
-41.6448
-41.6448
-41.6448
-41.6448
-41.6448
-41.6448
-41.6449
-41.6447
-46.5431
-46.5436
-46.5437
-46.5437
-46.5434
-46.543
-46.5424
-46.5414
-46.5406
-46.5404
-46.5416
-46.5427
-46.5432
-46.5435
-46.5436
-46.5437
-46.5438
-46.5439
-46.5439
-46.5437
-2.45065
-2.45064
-2.45064
-2.45063
-2.45063
-2.45063
-2.45064
-2.45066
-2.45067
-2.45086
-2.45095
-2.45094
-2.45096
-2.45096
-2.45097
-2.45097
-2.45097
-2.45094
-2.45093
-2.45097
-7.35036
-7.35035
-7.35035
-7.35034
-7.35033
-7.35033
-7.35033
-7.35035
-7.35035
-7.35038
-7.35043
-7.35046
-7.35046
-7.35045
-7.35045
-7.35046
-7.35046
-7.35044
-7.35041
-7.3504
-12.2498
-12.2498
-12.2498
-12.2498
-12.2498
-12.2498
-12.2498
-12.2498
-12.2498
-12.2498
-12.2498
-12.2498
-12.2498
-12.2498
-12.2498
-12.2498
-12.2498
-12.2498
-12.2497
-12.2497
-17.1491
-17.1491
-17.1491
-17.1491
-17.1491
-17.1491
-17.1491
-17.1491
-17.1491
-17.1491
-17.149
-17.1491
-17.1491
-17.149
-17.149
-17.149
-17.149
-17.149
-17.149
-17.149
-22.0483
-22.0484
-22.0484
-22.0484
-22.0484
-22.0484
-22.0484
-22.0484
-22.0483
-22.0483
-22.0483
-22.0483
-22.0483
-22.0483
-22.0483
-22.0483
-22.0483
-22.0483
-22.0483
-22.0482
-26.9475
-26.9477
-26.9476
-26.9476
-26.9476
-26.9476
-26.9476
-26.9476
-26.9475
-26.9474
-26.9474
-26.9475
-26.9474
-26.9474
-26.9474
-26.9474
-26.9474
-26.9475
-26.9475
-26.9474
-31.8467
-31.8469
-31.8468
-31.8468
-31.8468
-31.8468
-31.8467
-31.8466
-31.8464
-31.8464
-31.8465
-31.8466
-31.8466
-31.8466
-31.8466
-31.8466
-31.8466
-31.8466
-31.8466
-31.8466
-36.7458
-36.7459
-36.7459
-36.7459
-36.7459
-36.7458
-36.7457
-36.7454
-36.745
-36.7451
-36.7454
-36.7457
-36.7457
-36.7457
-36.7457
-36.7457
-36.7457
-36.7457
-36.7457
-36.7456
-41.6446
-41.6449
-41.645
-41.6449
-41.6449
-41.6447
-41.6443
-41.6436
-41.6429
-41.6429
-41.6438
-41.6445
-41.6447
-41.6448
-41.6448
-41.6448
-41.6448
-41.6448
-41.6448
-41.6447
-46.5431
-46.5436
-46.5437
-46.5436
-46.5434
-46.5429
-46.542
-46.5406
-46.5392
-46.5387
-46.5407
-46.5424
-46.5432
-46.5435
-46.5436
-46.5437
-46.5438
-46.5439
-46.5439
-46.5437
-2.45068
-2.45067
-2.45067
-2.45066
-2.45065
-2.45065
-2.45067
-2.45073
-2.45086
-2.45183
-2.45191
-2.45132
-2.45115
-2.45109
-2.45107
-2.45106
-2.45105
-2.45103
-2.451
-2.45101
-7.35038
-7.35037
-7.35037
-7.35036
-7.35035
-7.35035
-7.35036
-7.3504
-7.35038
-7.34994
-7.35023
-7.35058
-7.35054
-7.35051
-7.3505
-7.3505
-7.3505
-7.35049
-7.35045
-7.35042
-12.2498
-12.2498
-12.2498
-12.2498
-12.2498
-12.2498
-12.2498
-12.2498
-12.2498
-12.2494
-12.2496
-12.2498
-12.2498
-12.2498
-12.2498
-12.2498
-12.2498
-12.2498
-12.2498
-12.2497
-17.1491
-17.1491
-17.1491
-17.1491
-17.1491
-17.1491
-17.1491
-17.1491
-17.1491
-17.1488
-17.1489
-17.1491
-17.149
-17.149
-17.149
-17.149
-17.149
-17.149
-17.149
-17.149
-22.0483
-22.0484
-22.0484
-22.0484
-22.0484
-22.0484
-22.0484
-22.0484
-22.0483
-22.048
-22.0481
-22.0482
-22.0482
-22.0482
-22.0482
-22.0482
-22.0482
-22.0483
-22.0483
-22.0482
-26.9475
-26.9477
-26.9476
-26.9476
-26.9476
-26.9476
-26.9476
-26.9476
-26.9474
-26.9472
-26.9473
-26.9474
-26.9474
-26.9474
-26.9474
-26.9474
-26.9474
-26.9474
-26.9475
-26.9474
-31.8467
-31.8468
-31.8468
-31.8468
-31.8468
-31.8468
-31.8467
-31.8466
-31.8464
-31.8463
-31.8464
-31.8465
-31.8465
-31.8465
-31.8465
-31.8465
-31.8465
-31.8466
-31.8466
-31.8466
-36.7457
-36.7459
-36.7459
-36.7459
-36.7459
-36.7458
-36.7457
-36.7454
-36.7451
-36.7451
-36.7454
-36.7457
-36.7457
-36.7456
-36.7456
-36.7456
-36.7456
-36.7457
-36.7457
-36.7456
-41.6446
-41.6449
-41.645
-41.6449
-41.6449
-41.6447
-41.6443
-41.6437
-41.6429
-41.6429
-41.6439
-41.6446
-41.6447
-41.6447
-41.6447
-41.6447
-41.6447
-41.6448
-41.6448
-41.6446
-46.5432
-46.5436
-46.5437
-46.5436
-46.5434
-46.5428
-46.5419
-46.5404
-46.5387
-46.538
-46.5406
-46.5423
-46.5431
-46.5434
-46.5436
-46.5437
-46.5438
-46.5439
-46.5439
-46.5437
-2.45071
-2.4507
-2.45069
-2.45068
-2.45067
-2.45067
-2.45069
-2.45078
-2.45095
-2.45191
-2.45196
-2.45142
-2.45124
-2.45118
-2.45115
-2.45114
-2.45114
-2.45111
-2.45108
-2.45108
-7.35039
-7.35039
-7.35038
-7.35037
-7.35037
-7.35036
-7.35037
-7.35041
-7.35043
-7.35023
-7.35045
-7.35063
-7.35059
-7.35056
-7.35055
-7.35055
-7.35055
-7.35053
-7.35049
-7.35045
-12.2498
-12.2498
-12.2498
-12.2498
-12.2498
-12.2498
-12.2498
-12.2498
-12.2498
-12.2496
-12.2497
-12.2498
-12.2498
-12.2498
-12.2498
-12.2498
-12.2498
-12.2498
-12.2498
-12.2497
-17.1491
-17.1491
-17.1491
-17.1491
-17.1491
-17.1491
-17.1491
-17.1491
-17.149
-17.1489
-17.149
-17.149
-17.149
-17.149
-17.149
-17.149
-17.149
-17.149
-17.149
-17.149
-22.0483
-22.0484
-22.0484
-22.0484
-22.0484
-22.0484
-22.0484
-22.0484
-22.0483
-22.0481
-22.0482
-22.0482
-22.0482
-22.0482
-22.0482
-22.0482
-22.0482
-22.0483
-22.0483
-22.0482
-26.9475
-26.9476
-26.9476
-26.9476
-26.9476
-26.9476
-26.9476
-26.9475
-26.9474
-26.9473
-26.9473
-26.9474
-26.9474
-26.9474
-26.9474
-26.9474
-26.9474
-26.9474
-26.9475
-26.9474
-31.8467
-31.8468
-31.8467
-31.8467
-31.8467
-31.8467
-31.8467
-31.8466
-31.8465
-31.8464
-31.8465
-31.8465
-31.8465
-31.8465
-31.8465
-31.8465
-31.8465
-31.8465
-31.8466
-31.8465
-36.7457
-36.7459
-36.7459
-36.7458
-36.7458
-36.7458
-36.7457
-36.7456
-36.7454
-36.7454
-36.7456
-36.7456
-36.7456
-36.7456
-36.7456
-36.7456
-36.7456
-36.7456
-36.7457
-36.7456
-41.6445
-41.6449
-41.6449
-41.6449
-41.6449
-41.6448
-41.6446
-41.6442
-41.6438
-41.6439
-41.6444
-41.6447
-41.6447
-41.6447
-41.6447
-41.6447
-41.6447
-41.6448
-41.6448
-41.6446
-46.5432
-46.5436
-46.5437
-46.5436
-46.5434
-46.5431
-46.5425
-46.5416
-46.5407
-46.5406
-46.5418
-46.5428
-46.5432
-46.5434
-46.5436
-46.5437
-46.5438
-46.5438
-46.5439
-46.5437
-2.45072
-2.45072
-2.45071
-2.4507
-2.45069
-2.45069
-2.45072
-2.45079
-2.45094
-2.45132
-2.45142
-2.45132
-2.45126
-2.45123
-2.45122
-2.45121
-2.4512
-2.45118
-2.45113
-2.45113
-7.3504
-7.3504
-7.35039
-7.35038
-7.35038
-7.35037
-7.35037
-7.3504
-7.35046
-7.35058
-7.35063
-7.35063
-7.35061
-7.35059
-7.35059
-7.35058
-7.35058
-7.35055
-7.3505
-7.35046
-12.2498
-12.2498
-12.2498
-12.2498
-12.2498
-12.2498
-12.2498
-12.2498
-12.2498
-12.2498
-12.2498
-12.2498
-12.2498
-12.2498
-12.2498
-12.2498
-12.2498
-12.2498
-12.2498
-12.2497
-17.149
-17.1491
-17.1491
-17.1491
-17.1491
-17.1491
-17.1491
-17.1491
-17.1491
-17.1491
-17.149
-17.149
-17.149
-17.149
-17.149
-17.149
-17.149
-17.149
-17.149
-17.149
-22.0483
-22.0484
-22.0484
-22.0484
-22.0484
-22.0484
-22.0483
-22.0483
-22.0483
-22.0482
-22.0482
-22.0482
-22.0482
-22.0482
-22.0482
-22.0482
-22.0482
-22.0482
-22.0483
-22.0482
-26.9475
-26.9476
-26.9476
-26.9476
-26.9476
-26.9476
-26.9475
-26.9475
-26.9475
-26.9474
-26.9474
-26.9474
-26.9473
-26.9473
-26.9473
-26.9473
-26.9474
-26.9474
-26.9474
-26.9474
-31.8467
-31.8468
-31.8467
-31.8467
-31.8467
-31.8467
-31.8467
-31.8467
-31.8466
-31.8465
-31.8465
-31.8465
-31.8465
-31.8465
-31.8465
-31.8465
-31.8465
-31.8465
-31.8466
-31.8465
-36.7457
-36.7459
-36.7458
-36.7458
-36.7458
-36.7458
-36.7458
-36.7457
-36.7457
-36.7457
-36.7456
-36.7456
-36.7456
-36.7456
-36.7456
-36.7456
-36.7456
-36.7456
-36.7457
-36.7456
-41.6445
-41.6449
-41.6449
-41.6449
-41.6449
-41.6449
-41.6448
-41.6446
-41.6445
-41.6446
-41.6447
-41.6447
-41.6447
-41.6447
-41.6447
-41.6447
-41.6447
-41.6447
-41.6448
-41.6446
-46.5432
-46.5437
-46.5437
-46.5437
-46.5436
-46.5434
-46.5431
-46.5427
-46.5424
-46.5423
-46.5428
-46.5431
-46.5434
-46.5435
-46.5436
-46.5437
-46.5438
-46.5439
-46.5439
-46.5437
-2.45073
-2.45072
-2.45071
-2.4507
-2.4507
-2.45071
-2.45074
-2.45082
-2.45096
-2.45115
-2.45124
-2.45126
-2.45126
-2.45125
-2.45125
-2.45125
-2.45123
-2.4512
-2.45114
-2.45113
-7.35039
-7.35039
-7.35039
-7.35038
-7.35038
-7.35037
-7.35037
-7.3504
-7.35046
-7.35054
-7.35059
-7.35061
-7.35061
-7.35061
-7.35061
-7.3506
-7.35059
-7.35055
-7.35049
-7.35044
-12.2498
-12.2498
-12.2498
-12.2498
-12.2498
-12.2498
-12.2498
-12.2498
-12.2498
-12.2498
-12.2498
-12.2498
-12.2498
-12.2498
-12.2498
-12.2498
-12.2498
-12.2498
-12.2498
-12.2497
-17.149
-17.1491
-17.1491
-17.1491
-17.1491
-17.1491
-17.1491
-17.1491
-17.1491
-17.149
-17.149
-17.149
-17.149
-17.149
-17.149
-17.149
-17.149
-17.149
-17.149
-17.1489
-22.0483
-22.0484
-22.0484
-22.0484
-22.0484
-22.0483
-22.0483
-22.0483
-22.0483
-22.0482
-22.0482
-22.0482
-22.0482
-22.0482
-22.0482
-22.0482
-22.0482
-22.0482
-22.0483
-22.0482
-26.9475
-26.9476
-26.9476
-26.9476
-26.9476
-26.9475
-26.9475
-26.9475
-26.9474
-26.9474
-26.9474
-26.9473
-26.9473
-26.9473
-26.9473
-26.9473
-26.9474
-26.9474
-26.9474
-26.9474
-31.8467
-31.8468
-31.8467
-31.8467
-31.8467
-31.8467
-31.8467
-31.8466
-31.8466
-31.8465
-31.8465
-31.8465
-31.8465
-31.8464
-31.8464
-31.8465
-31.8465
-31.8465
-31.8466
-31.8465
-36.7457
-36.7459
-36.7458
-36.7458
-36.7458
-36.7458
-36.7458
-36.7457
-36.7457
-36.7457
-36.7456
-36.7456
-36.7456
-36.7456
-36.7455
-36.7456
-36.7456
-36.7456
-36.7457
-36.7456
-41.6446
-41.6449
-41.6449
-41.6449
-41.6449
-41.6449
-41.6448
-41.6448
-41.6447
-41.6447
-41.6447
-41.6447
-41.6447
-41.6447
-41.6447
-41.6447
-41.6447
-41.6447
-41.6448
-41.6446
-46.5433
-46.5437
-46.5438
-46.5438
-46.5437
-46.5436
-46.5434
-46.5432
-46.5432
-46.5431
-46.5432
-46.5434
-46.5435
-46.5436
-46.5437
-46.5437
-46.5438
-46.5439
-46.5439
-46.5437
-2.45072
-2.45071
-2.45071
-2.45071
-2.45071
-2.45073
-2.45078
-2.45085
-2.45096
-2.45109
-2.45118
-2.45123
-2.45125
-2.45126
-2.45126
-2.45125
-2.45123
-2.45118
-2.4511
-2.45107
-7.35037
-7.35037
-7.35037
-7.35038
-7.35038
-7.35038
-7.35038
-7.3504
-7.35045
-7.35051
-7.35056
-7.35059
-7.35061
-7.35062
-7.35061
-7.35061
-7.35059
-7.35054
-7.35047
-7.35041
-12.2497
-12.2498
-12.2498
-12.2498
-12.2498
-12.2498
-12.2498
-12.2498
-12.2498
-12.2498
-12.2498
-12.2498
-12.2498
-12.2498
-12.2498
-12.2498
-12.2498
-12.2498
-12.2497
-12.2497
-17.149
-17.1491
-17.1491
-17.1491
-17.1491
-17.1491
-17.1491
-17.1491
-17.149
-17.149
-17.149
-17.149
-17.149
-17.149
-17.149
-17.149
-17.149
-17.149
-17.149
-17.1489
-22.0483
-22.0484
-22.0483
-22.0483
-22.0483
-22.0483
-22.0483
-22.0483
-22.0483
-22.0482
-22.0482
-22.0482
-22.0482
-22.0482
-22.0482
-22.0482
-22.0482
-22.0482
-22.0482
-22.0482
-26.9475
-26.9476
-26.9476
-26.9476
-26.9475
-26.9475
-26.9475
-26.9475
-26.9474
-26.9474
-26.9474
-26.9473
-26.9473
-26.9473
-26.9473
-26.9473
-26.9473
-26.9474
-26.9474
-26.9473
-31.8466
-31.8468
-31.8467
-31.8467
-31.8467
-31.8467
-31.8467
-31.8466
-31.8466
-31.8465
-31.8465
-31.8465
-31.8464
-31.8464
-31.8464
-31.8465
-31.8465
-31.8465
-31.8465
-31.8465
-36.7457
-36.7459
-36.7458
-36.7458
-36.7458
-36.7458
-36.7458
-36.7457
-36.7457
-36.7456
-36.7456
-36.7456
-36.7456
-36.7455
-36.7456
-36.7456
-36.7456
-36.7456
-36.7456
-36.7455
-41.6446
-41.6449
-41.6449
-41.6449
-41.6449
-41.6449
-41.6449
-41.6448
-41.6448
-41.6447
-41.6447
-41.6447
-41.6447
-41.6447
-41.6447
-41.6447
-41.6447
-41.6447
-41.6448
-41.6446
-46.5434
-46.5438
-46.5439
-46.5439
-46.5438
-46.5437
-46.5436
-46.5435
-46.5435
-46.5434
-46.5434
-46.5435
-46.5436
-46.5437
-46.5437
-46.5438
-46.5439
-46.5439
-46.5439
-46.5438
-2.45069
-2.45069
-2.45069
-2.4507
-2.45073
-2.45077
-2.45082
-2.45088
-2.45097
-2.45107
-2.45115
-2.45122
-2.45125
-2.45126
-2.45125
-2.45123
-2.45118
-2.45111
-2.451
-2.45095
-7.35032
-7.35033
-7.35035
-7.35036
-7.35037
-7.35038
-7.35039
-7.35041
-7.35045
-7.3505
-7.35055
-7.35059
-7.35061
-7.35061
-7.35061
-7.35059
-7.35056
-7.3505
-7.35042
-7.35034
-12.2497
-12.2497
-12.2497
-12.2498
-12.2498
-12.2498
-12.2498
-12.2498
-12.2498
-12.2498
-12.2498
-12.2498
-12.2498
-12.2498
-12.2498
-12.2498
-12.2498
-12.2497
-12.2497
-12.2496
-17.149
-17.149
-17.1491
-17.1491
-17.1491
-17.1491
-17.1491
-17.1491
-17.149
-17.149
-17.149
-17.149
-17.149
-17.149
-17.149
-17.149
-17.149
-17.149
-17.149
-17.1489
-22.0482
-22.0483
-22.0483
-22.0483
-22.0483
-22.0483
-22.0483
-22.0483
-22.0483
-22.0482
-22.0482
-22.0482
-22.0482
-22.0482
-22.0482
-22.0482
-22.0482
-22.0482
-22.0482
-22.0481
-26.9475
-26.9476
-26.9476
-26.9475
-26.9475
-26.9475
-26.9475
-26.9475
-26.9474
-26.9474
-26.9474
-26.9473
-26.9473
-26.9473
-26.9473
-26.9473
-26.9474
-26.9474
-26.9474
-26.9473
-31.8466
-31.8468
-31.8467
-31.8467
-31.8467
-31.8467
-31.8466
-31.8466
-31.8466
-31.8465
-31.8465
-31.8465
-31.8464
-31.8464
-31.8464
-31.8465
-31.8465
-31.8465
-31.8465
-31.8465
-36.7457
-36.7459
-36.7458
-36.7458
-36.7458
-36.7458
-36.7457
-36.7457
-36.7457
-36.7456
-36.7456
-36.7456
-36.7455
-36.7456
-36.7456
-36.7456
-36.7456
-36.7456
-36.7456
-36.7455
-41.6446
-41.6449
-41.645
-41.6449
-41.6449
-41.6449
-41.6448
-41.6448
-41.6448
-41.6447
-41.6447
-41.6447
-41.6447
-41.6447
-41.6447
-41.6447
-41.6447
-41.6448
-41.6448
-41.6446
-46.5436
-46.5439
-46.5439
-46.5439
-46.5439
-46.5438
-46.5437
-46.5436
-46.5436
-46.5436
-46.5436
-46.5436
-46.5437
-46.5437
-46.5438
-46.5439
-46.5439
-46.544
-46.544
-46.5438
-2.45064
-2.45064
-2.45066
-2.45069
-2.45075
-2.45083
-2.45087
-2.45091
-2.45097
-2.45106
-2.45114
-2.45121
-2.45125
-2.45125
-2.45123
-2.45118
-2.4511
-2.45098
-2.45084
-2.45077
-7.35026
-7.35028
-7.35031
-7.35034
-7.35037
-7.3504
-7.35041
-7.35043
-7.35046
-7.3505
-7.35055
-7.35058
-7.3506
-7.35061
-7.35059
-7.35056
-7.35051
-7.35043
-7.35032
-7.35024
-12.2496
-12.2497
-12.2497
-12.2498
-12.2498
-12.2498
-12.2498
-12.2498
-12.2498
-12.2498
-12.2498
-12.2498
-12.2498
-12.2498
-12.2498
-12.2498
-12.2498
-12.2497
-12.2496
-12.2495
-17.1489
-17.149
-17.149
-17.1491
-17.1491
-17.1491
-17.1491
-17.1491
-17.149
-17.149
-17.149
-17.149
-17.149
-17.149
-17.149
-17.149
-17.149
-17.149
-17.1489
-17.1488
-22.0482
-22.0483
-22.0483
-22.0483
-22.0483
-22.0483
-22.0483
-22.0483
-22.0483
-22.0482
-22.0482
-22.0482
-22.0482
-22.0482
-22.0482
-22.0482
-22.0482
-22.0482
-22.0482
-22.0481
-26.9474
-26.9476
-26.9476
-26.9475
-26.9475
-26.9475
-26.9475
-26.9475
-26.9474
-26.9474
-26.9474
-26.9473
-26.9473
-26.9473
-26.9473
-26.9473
-26.9474
-26.9474
-26.9474
-26.9473
-31.8466
-31.8467
-31.8467
-31.8467
-31.8467
-31.8467
-31.8466
-31.8466
-31.8466
-31.8465
-31.8465
-31.8465
-31.8465
-31.8465
-31.8465
-31.8465
-31.8465
-31.8465
-31.8465
-31.8464
-36.7457
-36.7458
-36.7459
-36.7458
-36.7458
-36.7458
-36.7457
-36.7457
-36.7457
-36.7456
-36.7456
-36.7456
-36.7456
-36.7456
-36.7456
-36.7456
-36.7456
-36.7456
-36.7456
-36.7455
-41.6446
-41.6449
-41.645
-41.645
-41.6449
-41.6449
-41.6448
-41.6448
-41.6448
-41.6447
-41.6447
-41.6447
-41.6447
-41.6447
-41.6447
-41.6447
-41.6448
-41.6448
-41.6448
-41.6446
-46.5437
-46.5439
-46.544
-46.544
-46.5439
-46.5439
-46.5438
-46.5437
-46.5437
-46.5437
-46.5437
-46.5437
-46.5437
-46.5438
-46.5439
-46.5439
-46.544
-46.544
-46.544
-46.5438
-2.45055
-2.45056
-2.4506
-2.45067
-2.45077
-2.45086
-2.45089
-2.45091
-2.45097
-2.45105
-2.45114
-2.4512
-2.45123
-2.45123
-2.45118
-2.4511
-2.45097
-2.4508
-2.45059
-2.45049
-7.35019
-7.35021
-7.35026
-7.3503
-7.35035
-7.35037
-7.35039
-7.35042
-7.35046
-7.3505
-7.35055
-7.35058
-7.35059
-7.35059
-7.35056
-7.35051
-7.35043
-7.35031
-7.35017
-7.35008
-12.2496
-12.2496
-12.2497
-12.2497
-12.2497
-12.2498
-12.2498
-12.2498
-12.2498
-12.2498
-12.2498
-12.2498
-12.2498
-12.2498
-12.2498
-12.2498
-12.2497
-12.2496
-12.2495
-12.2495
-17.1489
-17.1489
-17.149
-17.149
-17.1491
-17.1491
-17.1491
-17.1491
-17.149
-17.149
-17.149
-17.149
-17.149
-17.149
-17.149
-17.149
-17.149
-17.1489
-17.1489
-17.1488
-22.0481
-22.0482
-22.0483
-22.0483
-22.0483
-22.0483
-22.0483
-22.0483
-22.0483
-22.0482
-22.0482
-22.0482
-22.0482
-22.0482
-22.0482
-22.0482
-22.0482
-22.0482
-22.0481
-22.048
-26.9474
-26.9475
-26.9475
-26.9475
-26.9475
-26.9475
-26.9475
-26.9475
-26.9474
-26.9474
-26.9474
-26.9474
-26.9474
-26.9473
-26.9474
-26.9474
-26.9474
-26.9473
-26.9473
-26.9472
-31.8466
-31.8467
-31.8467
-31.8467
-31.8467
-31.8467
-31.8466
-31.8466
-31.8466
-31.8465
-31.8465
-31.8465
-31.8465
-31.8465
-31.8465
-31.8465
-31.8465
-31.8465
-31.8465
-31.8464
-36.7456
-36.7458
-36.7459
-36.7459
-36.7458
-36.7458
-36.7457
-36.7457
-36.7457
-36.7456
-36.7456
-36.7456
-36.7456
-36.7456
-36.7456
-36.7456
-36.7456
-36.7456
-36.7456
-36.7455
-41.6446
-41.6449
-41.645
-41.645
-41.6449
-41.6449
-41.6448
-41.6448
-41.6448
-41.6447
-41.6447
-41.6447
-41.6447
-41.6447
-41.6447
-41.6448
-41.6448
-41.6448
-41.6447
-41.6446
-46.5437
-46.544
-46.544
-46.544
-46.544
-46.5439
-46.5439
-46.5438
-46.5438
-46.5438
-46.5438
-46.5438
-46.5438
-46.5439
-46.5439
-46.544
-46.544
-46.544
-46.544
-46.5439
-2.45047
-2.45049
-2.45057
-2.45067
-2.45079
-2.45088
-2.45091
-2.45091
-2.45094
-2.45103
-2.45111
-2.45118
-2.4512
-2.45118
-2.45111
-2.45098
-2.4508
-2.45054
-2.45025
-2.45009
-7.3501
-7.35012
-7.35017
-7.35024
-7.35029
-7.35034
-7.35036
-7.3504
-7.35044
-7.35049
-7.35053
-7.35055
-7.35055
-7.35054
-7.3505
-7.35043
-7.35031
-7.35014
-7.34996
-7.34984
-12.2495
-12.2495
-12.2496
-12.2497
-12.2497
-12.2497
-12.2497
-12.2498
-12.2498
-12.2498
-12.2498
-12.2498
-12.2498
-12.2498
-12.2497
-12.2497
-12.2496
-12.2495
-12.2494
-12.2493
-17.1488
-17.1488
-17.1489
-17.149
-17.149
-17.149
-17.149
-17.149
-17.149
-17.149
-17.149
-17.149
-17.149
-17.149
-17.149
-17.149
-17.1489
-17.1488
-17.1488
-17.1487
-22.0481
-22.0482
-22.0482
-22.0483
-22.0483
-22.0483
-22.0483
-22.0483
-22.0483
-22.0483
-22.0483
-22.0482
-22.0482
-22.0482
-22.0482
-22.0482
-22.0482
-22.0481
-22.0481
-22.048
-26.9473
-26.9474
-26.9475
-26.9475
-26.9475
-26.9475
-26.9475
-26.9475
-26.9475
-26.9474
-26.9474
-26.9474
-26.9474
-26.9474
-26.9474
-26.9474
-26.9473
-26.9473
-26.9473
-26.9472
-31.8465
-31.8466
-31.8467
-31.8467
-31.8467
-31.8467
-31.8467
-31.8466
-31.8466
-31.8466
-31.8465
-31.8465
-31.8465
-31.8465
-31.8465
-31.8465
-31.8465
-31.8465
-31.8464
-31.8463
-36.7456
-36.7458
-36.7458
-36.7459
-36.7458
-36.7458
-36.7458
-36.7457
-36.7457
-36.7457
-36.7456
-36.7456
-36.7456
-36.7456
-36.7456
-36.7456
-36.7456
-36.7456
-36.7456
-36.7454
-41.6446
-41.6448
-41.6449
-41.645
-41.645
-41.6449
-41.6449
-41.6448
-41.6448
-41.6448
-41.6448
-41.6447
-41.6447
-41.6447
-41.6448
-41.6448
-41.6448
-41.6448
-41.6447
-41.6445
-46.5437
-46.544
-46.544
-46.5441
-46.544
-46.544
-46.5439
-46.5439
-46.5439
-46.5439
-46.5438
-46.5439
-46.5439
-46.5439
-46.544
-46.544
-46.544
-46.544
-46.544
-46.5439
-2.45038
-2.45041
-2.45051
-2.45066
-2.4508
-2.4509
-2.45094
-2.45093
-2.45093
-2.451
-2.45108
-2.45113
-2.45114
-2.4511
-2.451
-2.45084
-2.45059
-2.45025
-2.44987
-2.44962
-7.35
-7.35002
-7.35011
-7.35021
-7.35029
-7.35035
-7.35037
-7.35038
-7.35041
-7.35045
-7.35049
-7.3505
-7.35049
-7.35047
-7.35042
-7.35032
-7.35017
-7.34996
-7.34972
-7.34956
-12.2494
-12.2494
-12.2495
-12.2496
-12.2497
-12.2497
-12.2497
-12.2497
-12.2497
-12.2498
-12.2498
-12.2498
-12.2498
-12.2497
-12.2497
-12.2496
-12.2495
-12.2494
-12.2493
-12.2492
-17.1487
-17.1488
-17.1489
-17.1489
-17.149
-17.149
-17.149
-17.149
-17.149
-17.149
-17.149
-17.149
-17.149
-17.149
-17.149
-17.1489
-17.1489
-17.1488
-17.1487
-17.1486
-22.048
-22.0481
-22.0482
-22.0483
-22.0483
-22.0483
-22.0483
-22.0483
-22.0483
-22.0483
-22.0483
-22.0483
-22.0483
-22.0482
-22.0482
-22.0482
-22.0481
-22.0481
-22.048
-22.0479
-26.9472
-26.9474
-26.9474
-26.9475
-26.9476
-26.9476
-26.9476
-26.9475
-26.9475
-26.9475
-26.9475
-26.9474
-26.9474
-26.9474
-26.9474
-26.9474
-26.9473
-26.9473
-26.9472
-26.9471
-31.8464
-31.8465
-31.8466
-31.8467
-31.8467
-31.8467
-31.8467
-31.8467
-31.8466
-31.8466
-31.8466
-31.8466
-31.8466
-31.8465
-31.8465
-31.8465
-31.8465
-31.8464
-31.8464
-31.8463
-36.7454
-36.7456
-36.7458
-36.7458
-36.7459
-36.7458
-36.7458
-36.7458
-36.7457
-36.7457
-36.7457
-36.7457
-36.7457
-36.7456
-36.7456
-36.7456
-36.7456
-36.7456
-36.7455
-36.7453
-41.6444
-41.6447
-41.6448
-41.6449
-41.6449
-41.6449
-41.6449
-41.6449
-41.6448
-41.6448
-41.6448
-41.6448
-41.6448
-41.6448
-41.6448
-41.6448
-41.6447
-41.6447
-41.6446
-41.6445
-46.5437
-46.5439
-46.544
-46.544
-46.544
-46.544
-46.544
-46.5439
-46.5439
-46.5439
-46.5439
-46.5439
-46.5439
-46.5439
-46.544
-46.544
-46.544
-46.544
-46.544
-46.5438
-2.45009
-2.45015
-2.45032
-2.45053
-2.45074
-2.45088
-2.45096
-2.45098
-2.45097
-2.45101
-2.45108
-2.45113
-2.45113
-2.45107
-2.45095
-2.45077
-2.45049
-2.45009
-2.44962
-2.44929
-7.34979
-7.34982
-7.34994
-7.35009
-7.35022
-7.35031
-7.35036
-7.35038
-7.3504
-7.35042
-7.35045
-7.35046
-7.35044
-7.35041
-7.35034
-7.35024
-7.35008
-7.34984
-7.34956
-7.34934
-12.2493
-12.2493
-12.2494
-12.2495
-12.2496
-12.2497
-12.2497
-12.2497
-12.2497
-12.2497
-12.2497
-12.2497
-12.2497
-12.2497
-12.2496
-12.2495
-12.2495
-12.2493
-12.2492
-12.249
-17.1486
-17.1487
-17.1488
-17.1489
-17.1489
-17.149
-17.149
-17.149
-17.149
-17.149
-17.149
-17.149
-17.1489
-17.1489
-17.1489
-17.1488
-17.1488
-17.1487
-17.1486
-17.1485
-22.0479
-22.048
-22.0481
-22.0482
-22.0482
-22.0483
-22.0483
-22.0482
-22.0482
-22.0482
-22.0482
-22.0482
-22.0482
-22.0482
-22.0481
-22.0481
-22.048
-22.048
-22.0479
-22.0478
-26.9471
-26.9472
-26.9473
-26.9474
-26.9475
-26.9475
-26.9475
-26.9475
-26.9474
-26.9474
-26.9474
-26.9474
-26.9474
-26.9473
-26.9473
-26.9473
-26.9472
-26.9472
-26.9471
-26.947
-31.8462
-31.8464
-31.8465
-31.8466
-31.8466
-31.8466
-31.8466
-31.8466
-31.8466
-31.8466
-31.8465
-31.8465
-31.8465
-31.8465
-31.8465
-31.8464
-31.8464
-31.8463
-31.8463
-31.8462
-36.7452
-36.7454
-36.7455
-36.7457
-36.7457
-36.7457
-36.7457
-36.7457
-36.7456
-36.7456
-36.7456
-36.7456
-36.7456
-36.7455
-36.7455
-36.7455
-36.7455
-36.7454
-36.7453
-36.7452
-41.6442
-41.6444
-41.6446
-41.6447
-41.6447
-41.6447
-41.6447
-41.6447
-41.6447
-41.6446
-41.6446
-41.6446
-41.6446
-41.6446
-41.6446
-41.6446
-41.6446
-41.6445
-41.6445
-41.6443
-46.5435
-46.5437
-46.5437
-46.5438
-46.5438
-46.5437
-46.5437
-46.5437
-46.5437
-46.5437
-46.5437
-46.5437
-46.5437
-46.5438
-46.5438
-46.5438
-46.5439
-46.5439
-46.5438
-46.5437
)
;

boundaryField
{
    floor
    {
        type            calculated;
        value           nonuniform List<scalar> 
400
(
-9.50821e-06
-0.000348292
-0.000728275
-0.000809169
-0.000647344
-0.000577499
-0.000600804
-0.000639028
-0.000682624
-0.000725925
-0.000760232
-0.000784215
-0.000795992
-0.000794306
-0.000775835
-0.000730422
-0.000638897
-0.00062005
-0.000716273
-0.000435777
-0.000348292
-0.00053489
-0.00074845
-0.000746112
-0.000591371
-0.000569673
-0.0006112
-0.00065087
-0.000691695
-0.00073167
-0.000762679
-0.000783328
-0.000792114
-0.000788578
-0.000768991
-0.000724683
-0.000637581
-0.000666856
-0.000739174
-0.000494701
-0.000728275
-0.00074845
-0.000776509
-0.000664524
-0.000544623
-0.000574092
-0.00061427
-0.00064941
-0.000687576
-0.000724801
-0.000753094
-0.000769963
-0.000777397
-0.000776923
-0.000764421
-0.000732401
-0.000676539
-0.000762085
-0.000848509
-0.000670422
-0.000809169
-0.000746112
-0.000664524
-0.000557813
-0.000551589
-0.000591812
-0.000619246
-0.000648691
-0.000683296
-0.000717691
-0.000743022
-0.000756824
-0.000765412
-0.000772564
-0.000773014
-0.000765478
-0.000757524
-0.000896197
-0.00099799
-0.000891677
-0.000647344
-0.000591371
-0.000544623
-0.000551589
-0.000587829
-0.000611743
-0.000629847
-0.000653298
-0.000683072
-0.000713278
-0.00073412
-0.000746325
-0.000762048
-0.000785757
-0.000811169
-0.000846625
-0.000893132
-0.00104836
-0.00114103
-0.00109657
-0.000577499
-0.000569673
-0.000574092
-0.000591812
-0.000611743
-0.00062726
-0.0006412
-0.000661374
-0.000683052
-0.000708551
-0.00072833
-0.000750481
-0.000787236
-0.00083436
-0.000885761
-0.000967956
-0.00104088
-0.00115837
-0.00123705
-0.00124386
-0.000600804
-0.0006112
-0.00061427
-0.000619246
-0.000629847
-0.0006412
-0.000654152
-0.000672003
-0.000680236
-0.000712686
-0.000759487
-0.000811642
-0.000868722
-0.000920985
-0.000975014
-0.00104049
-0.00108995
-0.00118523
-0.00126286
-0.00131009
-0.000639028
-0.00065087
-0.00064941
-0.000648691
-0.000653298
-0.000661374
-0.000672003
-0.000688372
-0.000694586
-0.0007989
-0.000894382
-0.000946089
-0.000992782
-0.00103419
-0.00106972
-0.00109893
-0.00110709
-0.001135
-0.00120808
-0.00128276
-0.000682624
-0.000691695
-0.000687576
-0.000683296
-0.000683072
-0.000683052
-0.000680236
-0.000694586
-0.000713365
-0.00109072
-0.00124404
-0.00117262
-0.0011701
-0.00117924
-0.00118984
-0.00119834
-0.00119173
-0.00116212
-0.00115007
-0.00120565
-0.000725925
-0.00073167
-0.000724801
-0.000717691
-0.000713278
-0.000708551
-0.000712686
-0.0007989
-0.00109072
-0.00490685
-0.00460476
-0.0016471
-0.00138711
-0.00132976
-0.00131516
-0.00131366
-0.00131027
-0.00129083
-0.00125602
-0.00125117
-0.000760232
-0.000762679
-0.000753094
-0.000743022
-0.00073412
-0.00072833
-0.000759487
-0.000894382
-0.00124404
-0.00460476
-0.00405075
-0.00171988
-0.00149649
-0.00143732
-0.00142013
-0.00141775
-0.00141698
-0.00140409
-0.00137763
-0.00139212
-0.000784215
-0.000783328
-0.000769963
-0.000756824
-0.000746325
-0.000750481
-0.000811642
-0.000946089
-0.00117262
-0.0016471
-0.00171988
-0.00158505
-0.00152425
-0.00150134
-0.00149545
-0.00149678
-0.00149684
-0.00148214
-0.00145165
-0.00146891
-0.000795992
-0.000792114
-0.000777397
-0.000765412
-0.000762048
-0.000787236
-0.000868722
-0.000992782
-0.0011701
-0.00138711
-0.00149649
-0.00152425
-0.00153259
-0.00153704
-0.00154085
-0.00154334
-0.00153931
-0.00151462
-0.00147047
-0.00147179
-0.000794306
-0.000788578
-0.000776923
-0.000772564
-0.000785757
-0.00083436
-0.000920985
-0.00103419
-0.00117924
-0.00132976
-0.00143732
-0.00150134
-0.00153704
-0.00155433
-0.00156056
-0.00155742
-0.00154217
-0.00150092
-0.0014305
-0.00141362
-0.000775835
-0.000768991
-0.000764421
-0.000773014
-0.000811169
-0.000885761
-0.000975014
-0.00106972
-0.00118984
-0.00131516
-0.00142013
-0.00149545
-0.00154085
-0.00156056
-0.00155939
-0.00154046
-0.00150267
-0.00143349
-0.00133259
-0.00129537
-0.000730422
-0.000724683
-0.000732401
-0.000765478
-0.000846625
-0.000967956
-0.00104049
-0.00109893
-0.00119834
-0.00131366
-0.00141775
-0.00149678
-0.00154334
-0.00155742
-0.00154046
-0.00149521
-0.00142109
-0.00130898
-0.00116777
-0.00110698
-0.000638897
-0.000637581
-0.000676539
-0.000757524
-0.000893132
-0.00104088
-0.00108995
-0.00110709
-0.00119173
-0.00131027
-0.00141698
-0.00149684
-0.00153931
-0.00154217
-0.00150267
-0.00142109
-0.00129491
-0.00111912
-0.000917456
-0.000819011
-0.00062005
-0.000666856
-0.000762085
-0.000896197
-0.00104836
-0.00115837
-0.00118523
-0.001135
-0.00116212
-0.00129083
-0.00140409
-0.00148214
-0.00151462
-0.00150092
-0.00143349
-0.00130898
-0.00111912
-0.000859305
-0.000569782
-0.000409044
-0.000716273
-0.000739174
-0.000848509
-0.00099799
-0.00114103
-0.00123705
-0.00126286
-0.00120808
-0.00115007
-0.00125602
-0.00137763
-0.00145165
-0.00147047
-0.0014305
-0.00133259
-0.00116777
-0.000917456
-0.000569782
-0.00017395
7.71897e-05
-0.000435777
-0.000494701
-0.000670422
-0.000891677
-0.00109657
-0.00124386
-0.00131009
-0.00128276
-0.00120565
-0.00125117
-0.00139212
-0.00146891
-0.00147179
-0.00141362
-0.00129537
-0.00110698
-0.000819011
-0.000409044
7.71897e-05
0.00042558
)
;
    }
    ceiling
    {
        type            calculated;
        value           nonuniform List<scalar> 
400
(
-48.9927
-48.9929
-48.993
-48.993
-48.9929
-48.9928
-48.9927
-48.9927
-48.9927
-48.9928
-48.9928
-48.9928
-48.993
-48.9931
-48.9932
-48.9933
-48.9934
-48.9934
-48.9934
-48.9933
-48.9929
-48.9932
-48.9933
-48.9933
-48.9933
-48.9933
-48.9932
-48.9932
-48.9932
-48.9932
-48.9932
-48.9932
-48.9933
-48.9934
-48.9935
-48.9936
-48.9936
-48.9936
-48.9936
-48.9934
-48.993
-48.9933
-48.9934
-48.9935
-48.9935
-48.9934
-48.9933
-48.9932
-48.9932
-48.9932
-48.9932
-48.9933
-48.9934
-48.9935
-48.9935
-48.9936
-48.9937
-48.9937
-48.9937
-48.9935
-48.993
-48.9933
-48.9935
-48.9935
-48.9935
-48.9934
-48.9933
-48.9932
-48.9931
-48.9931
-48.9931
-48.9932
-48.9933
-48.9934
-48.9935
-48.9936
-48.9937
-48.9937
-48.9937
-48.9935
-48.9929
-48.9933
-48.9935
-48.9935
-48.9934
-48.9933
-48.9931
-48.9929
-48.9928
-48.9928
-48.9929
-48.9931
-48.9932
-48.9933
-48.9934
-48.9935
-48.9936
-48.9937
-48.9937
-48.9935
-48.9928
-48.9933
-48.9934
-48.9934
-48.9933
-48.9931
-48.9928
-48.9925
-48.9923
-48.9922
-48.9925
-48.9928
-48.9931
-48.9932
-48.9934
-48.9935
-48.9935
-48.9936
-48.9937
-48.9935
-48.9927
-48.9932
-48.9933
-48.9933
-48.9931
-48.9928
-48.9923
-48.9917
-48.9913
-48.9912
-48.9918
-48.9925
-48.9929
-48.9931
-48.9933
-48.9934
-48.9935
-48.9936
-48.9936
-48.9934
-48.9927
-48.9932
-48.9932
-48.9932
-48.9929
-48.9925
-48.9917
-48.9907
-48.9898
-48.9896
-48.9909
-48.992
-48.9927
-48.993
-48.9932
-48.9933
-48.9934
-48.9935
-48.9936
-48.9934
-48.9927
-48.9932
-48.9932
-48.9931
-48.9928
-48.9923
-48.9913
-48.9898
-48.9883
-48.9878
-48.9899
-48.9917
-48.9926
-48.9929
-48.9931
-48.9933
-48.9934
-48.9935
-48.9936
-48.9934
-48.9928
-48.9932
-48.9932
-48.9931
-48.9928
-48.9922
-48.9912
-48.9896
-48.9878
-48.9869
-48.9897
-48.9916
-48.9925
-48.9929
-48.9931
-48.9932
-48.9934
-48.9935
-48.9936
-48.9934
-48.9928
-48.9932
-48.9932
-48.9931
-48.9929
-48.9925
-48.9918
-48.9909
-48.9899
-48.9897
-48.9911
-48.9921
-48.9927
-48.9929
-48.9931
-48.9932
-48.9934
-48.9935
-48.9935
-48.9934
-48.9928
-48.9932
-48.9933
-48.9932
-48.9931
-48.9928
-48.9925
-48.992
-48.9917
-48.9916
-48.9921
-48.9926
-48.9928
-48.993
-48.9931
-48.9933
-48.9934
-48.9935
-48.9936
-48.9934
-48.993
-48.9933
-48.9934
-48.9933
-48.9932
-48.9931
-48.9929
-48.9927
-48.9926
-48.9925
-48.9927
-48.9928
-48.993
-48.9931
-48.9932
-48.9933
-48.9934
-48.9935
-48.9936
-48.9934
-48.9931
-48.9934
-48.9935
-48.9934
-48.9933
-48.9932
-48.9931
-48.993
-48.9929
-48.9929
-48.9929
-48.993
-48.9931
-48.9932
-48.9933
-48.9934
-48.9935
-48.9936
-48.9936
-48.9935
-48.9932
-48.9935
-48.9935
-48.9935
-48.9934
-48.9934
-48.9933
-48.9932
-48.9931
-48.9931
-48.9931
-48.9931
-48.9932
-48.9933
-48.9934
-48.9935
-48.9936
-48.9936
-48.9937
-48.9935
-48.9933
-48.9936
-48.9936
-48.9936
-48.9935
-48.9935
-48.9934
-48.9933
-48.9933
-48.9932
-48.9932
-48.9933
-48.9933
-48.9934
-48.9935
-48.9936
-48.9936
-48.9937
-48.9937
-48.9936
-48.9934
-48.9936
-48.9937
-48.9937
-48.9936
-48.9935
-48.9935
-48.9934
-48.9934
-48.9934
-48.9934
-48.9934
-48.9934
-48.9935
-48.9936
-48.9936
-48.9937
-48.9937
-48.9938
-48.9936
-48.9934
-48.9936
-48.9937
-48.9937
-48.9937
-48.9936
-48.9936
-48.9935
-48.9935
-48.9935
-48.9935
-48.9935
-48.9935
-48.9936
-48.9936
-48.9937
-48.9937
-48.9938
-48.9938
-48.9936
-48.9934
-48.9936
-48.9937
-48.9937
-48.9937
-48.9937
-48.9936
-48.9936
-48.9936
-48.9936
-48.9935
-48.9936
-48.9936
-48.9936
-48.9937
-48.9937
-48.9938
-48.9938
-48.9937
-48.9936
-48.9933
-48.9934
-48.9935
-48.9935
-48.9935
-48.9935
-48.9934
-48.9934
-48.9934
-48.9934
-48.9934
-48.9934
-48.9934
-48.9935
-48.9935
-48.9936
-48.9936
-48.9936
-48.9936
-48.9935
)
;
    }
    fixedWalls
    {
        type            calculated;
        value           nonuniform List<scalar> 
800
(
-2.4497
-7.34965
-12.2493
-17.1487
-22.048
-26.9472
-31.8462
-36.7451
-41.6439
-46.543
-2.45002
-7.34984
-12.2494
-17.1488
-22.0481
-26.9473
-31.8464
-36.7453
-41.6442
-46.5432
-2.45041
-7.35008
-12.2495
-17.1489
-22.0482
-26.9474
-31.8465
-36.7455
-41.6443
-46.5433
-2.45055
-7.35021
-12.2496
-17.149
-22.0482
-26.9475
-31.8466
-36.7456
-41.6445
-46.5433
-2.45054
-7.35025
-12.2497
-17.149
-22.0483
-26.9475
-31.8467
-36.7457
-41.6445
-46.5433
-2.45054
-7.35029
-12.2498
-17.1491
-22.0483
-26.9476
-31.8467
-36.7457
-41.6445
-46.5432
-2.45058
-7.35031
-12.2498
-17.1491
-22.0483
-26.9476
-31.8467
-36.7457
-41.6445
-46.5431
-2.45061
-7.35033
-12.2498
-17.1491
-22.0483
-26.9476
-31.8467
-36.7457
-41.6445
-46.5431
-2.45065
-7.35036
-12.2498
-17.1491
-22.0483
-26.9475
-31.8467
-36.7458
-41.6446
-46.5431
-2.45068
-7.35038
-12.2498
-17.1491
-22.0483
-26.9475
-31.8467
-36.7457
-41.6446
-46.5432
-2.45071
-7.35039
-12.2498
-17.1491
-22.0483
-26.9475
-31.8467
-36.7457
-41.6445
-46.5432
-2.45072
-7.3504
-12.2498
-17.149
-22.0483
-26.9475
-31.8467
-36.7457
-41.6445
-46.5432
-2.45073
-7.35039
-12.2498
-17.149
-22.0483
-26.9475
-31.8467
-36.7457
-41.6446
-46.5433
-2.45072
-7.35037
-12.2497
-17.149
-22.0483
-26.9475
-31.8466
-36.7457
-41.6446
-46.5434
-2.45069
-7.35032
-12.2497
-17.149
-22.0482
-26.9475
-31.8466
-36.7457
-41.6446
-46.5436
-2.45064
-7.35026
-12.2496
-17.1489
-22.0482
-26.9474
-31.8466
-36.7457
-41.6446
-46.5437
-2.45055
-7.35019
-12.2496
-17.1489
-22.0481
-26.9474
-31.8466
-36.7456
-41.6446
-46.5437
-2.45047
-7.3501
-12.2495
-17.1488
-22.0481
-26.9473
-31.8465
-36.7456
-41.6446
-46.5437
-2.45038
-7.35
-12.2494
-17.1487
-22.048
-26.9472
-31.8464
-36.7454
-41.6444
-46.5437
-2.45009
-7.34979
-12.2493
-17.1486
-22.0479
-26.9471
-31.8462
-36.7452
-41.6442
-46.5435
-2.45009
-7.34979
-12.2493
-17.1486
-22.0479
-26.9471
-31.8462
-36.7452
-41.6442
-46.5435
-2.45015
-7.34982
-12.2493
-17.1487
-22.048
-26.9472
-31.8464
-36.7454
-41.6444
-46.5437
-2.45032
-7.34994
-12.2494
-17.1488
-22.0481
-26.9473
-31.8465
-36.7455
-41.6446
-46.5437
-2.45053
-7.35009
-12.2495
-17.1489
-22.0482
-26.9474
-31.8466
-36.7457
-41.6447
-46.5438
-2.45074
-7.35022
-12.2496
-17.1489
-22.0482
-26.9475
-31.8466
-36.7457
-41.6447
-46.5438
-2.45088
-7.35031
-12.2497
-17.149
-22.0483
-26.9475
-31.8466
-36.7457
-41.6447
-46.5437
-2.45096
-7.35036
-12.2497
-17.149
-22.0483
-26.9475
-31.8466
-36.7457
-41.6447
-46.5437
-2.45098
-7.35038
-12.2497
-17.149
-22.0482
-26.9475
-31.8466
-36.7457
-41.6447
-46.5437
-2.45097
-7.3504
-12.2497
-17.149
-22.0482
-26.9474
-31.8466
-36.7456
-41.6447
-46.5437
-2.45101
-7.35042
-12.2497
-17.149
-22.0482
-26.9474
-31.8466
-36.7456
-41.6446
-46.5437
-2.45108
-7.35045
-12.2497
-17.149
-22.0482
-26.9474
-31.8465
-36.7456
-41.6446
-46.5437
-2.45113
-7.35046
-12.2497
-17.149
-22.0482
-26.9474
-31.8465
-36.7456
-41.6446
-46.5437
-2.45113
-7.35044
-12.2497
-17.1489
-22.0482
-26.9474
-31.8465
-36.7456
-41.6446
-46.5437
-2.45107
-7.35041
-12.2497
-17.1489
-22.0482
-26.9473
-31.8465
-36.7455
-41.6446
-46.5438
-2.45095
-7.35034
-12.2496
-17.1489
-22.0481
-26.9473
-31.8465
-36.7455
-41.6446
-46.5438
-2.45077
-7.35024
-12.2495
-17.1488
-22.0481
-26.9473
-31.8464
-36.7455
-41.6446
-46.5438
-2.45049
-7.35008
-12.2495
-17.1488
-22.048
-26.9472
-31.8464
-36.7455
-41.6446
-46.5439
-2.45009
-7.34984
-12.2493
-17.1487
-22.048
-26.9472
-31.8463
-36.7454
-41.6445
-46.5439
-2.44962
-7.34956
-12.2492
-17.1486
-22.0479
-26.9471
-31.8463
-36.7453
-41.6445
-46.5438
-2.44929
-7.34934
-12.249
-17.1485
-22.0478
-26.947
-31.8462
-36.7452
-41.6443
-46.5437
-2.4497
-7.34965
-12.2493
-17.1487
-22.048
-26.9472
-31.8462
-36.7451
-41.6439
-46.543
-2.45002
-7.34984
-12.2494
-17.1488
-22.0481
-26.9473
-31.8464
-36.7453
-41.6442
-46.5432
-2.45041
-7.35008
-12.2495
-17.1489
-22.0482
-26.9474
-31.8465
-36.7455
-41.6443
-46.5433
-2.45055
-7.35021
-12.2496
-17.149
-22.0482
-26.9475
-31.8466
-36.7456
-41.6445
-46.5433
-2.45054
-7.35025
-12.2497
-17.149
-22.0483
-26.9475
-31.8467
-36.7457
-41.6445
-46.5433
-2.45054
-7.35029
-12.2498
-17.1491
-22.0483
-26.9476
-31.8467
-36.7457
-41.6445
-46.5432
-2.45058
-7.35031
-12.2498
-17.1491
-22.0483
-26.9476
-31.8467
-36.7457
-41.6445
-46.5431
-2.45061
-7.35033
-12.2498
-17.1491
-22.0483
-26.9476
-31.8467
-36.7457
-41.6445
-46.5431
-2.45065
-7.35036
-12.2498
-17.1491
-22.0483
-26.9475
-31.8467
-36.7458
-41.6446
-46.5431
-2.45068
-7.35038
-12.2498
-17.1491
-22.0483
-26.9475
-31.8467
-36.7457
-41.6446
-46.5432
-2.45071
-7.35039
-12.2498
-17.1491
-22.0483
-26.9475
-31.8467
-36.7457
-41.6445
-46.5432
-2.45072
-7.3504
-12.2498
-17.149
-22.0483
-26.9475
-31.8467
-36.7457
-41.6445
-46.5432
-2.45073
-7.35039
-12.2498
-17.149
-22.0483
-26.9475
-31.8467
-36.7457
-41.6446
-46.5433
-2.45072
-7.35037
-12.2497
-17.149
-22.0483
-26.9475
-31.8466
-36.7457
-41.6446
-46.5434
-2.45069
-7.35032
-12.2497
-17.149
-22.0482
-26.9475
-31.8466
-36.7457
-41.6446
-46.5436
-2.45064
-7.35026
-12.2496
-17.1489
-22.0482
-26.9474
-31.8466
-36.7457
-41.6446
-46.5437
-2.45055
-7.35019
-12.2496
-17.1489
-22.0481
-26.9474
-31.8466
-36.7456
-41.6446
-46.5437
-2.45047
-7.3501
-12.2495
-17.1488
-22.0481
-26.9473
-31.8465
-36.7456
-41.6446
-46.5437
-2.45038
-7.35
-12.2494
-17.1487
-22.048
-26.9472
-31.8464
-36.7454
-41.6444
-46.5437
-2.45009
-7.34979
-12.2493
-17.1486
-22.0479
-26.9471
-31.8462
-36.7452
-41.6442
-46.5435
-2.45009
-7.34979
-12.2493
-17.1486
-22.0479
-26.9471
-31.8462
-36.7452
-41.6442
-46.5435
-2.45015
-7.34982
-12.2493
-17.1487
-22.048
-26.9472
-31.8464
-36.7454
-41.6444
-46.5437
-2.45032
-7.34994
-12.2494
-17.1488
-22.0481
-26.9473
-31.8465
-36.7455
-41.6446
-46.5437
-2.45053
-7.35009
-12.2495
-17.1489
-22.0482
-26.9474
-31.8466
-36.7457
-41.6447
-46.5438
-2.45074
-7.35022
-12.2496
-17.1489
-22.0482
-26.9475
-31.8466
-36.7457
-41.6447
-46.5438
-2.45088
-7.35031
-12.2497
-17.149
-22.0483
-26.9475
-31.8466
-36.7457
-41.6447
-46.5437
-2.45096
-7.35036
-12.2497
-17.149
-22.0483
-26.9475
-31.8466
-36.7457
-41.6447
-46.5437
-2.45098
-7.35038
-12.2497
-17.149
-22.0482
-26.9475
-31.8466
-36.7457
-41.6447
-46.5437
-2.45097
-7.3504
-12.2497
-17.149
-22.0482
-26.9474
-31.8466
-36.7456
-41.6447
-46.5437
-2.45101
-7.35042
-12.2497
-17.149
-22.0482
-26.9474
-31.8466
-36.7456
-41.6446
-46.5437
-2.45108
-7.35045
-12.2497
-17.149
-22.0482
-26.9474
-31.8465
-36.7456
-41.6446
-46.5437
-2.45113
-7.35046
-12.2497
-17.149
-22.0482
-26.9474
-31.8465
-36.7456
-41.6446
-46.5437
-2.45113
-7.35044
-12.2497
-17.1489
-22.0482
-26.9474
-31.8465
-36.7456
-41.6446
-46.5437
-2.45107
-7.35041
-12.2497
-17.1489
-22.0482
-26.9473
-31.8465
-36.7455
-41.6446
-46.5438
-2.45095
-7.35034
-12.2496
-17.1489
-22.0481
-26.9473
-31.8465
-36.7455
-41.6446
-46.5438
-2.45077
-7.35024
-12.2495
-17.1488
-22.0481
-26.9473
-31.8464
-36.7455
-41.6446
-46.5438
-2.45049
-7.35008
-12.2495
-17.1488
-22.048
-26.9472
-31.8464
-36.7455
-41.6446
-46.5439
-2.45009
-7.34984
-12.2493
-17.1487
-22.048
-26.9472
-31.8463
-36.7454
-41.6445
-46.5439
-2.44962
-7.34956
-12.2492
-17.1486
-22.0479
-26.9471
-31.8463
-36.7453
-41.6445
-46.5438
-2.44929
-7.34934
-12.249
-17.1485
-22.0478
-26.947
-31.8462
-36.7452
-41.6443
-46.5437
)
;
    }
}


// ************************************************************************* //
