/*--------------------------------*- C++ -*----------------------------------*\
  =========                 |
  \\      /  F ield         | OpenFOAM: The Open Source CFD Toolbox
   \\    /   O peration     | Website:  https://openfoam.org
    \\  /    A nd           | Version:  8
     \\/     M anipulation  |
\*---------------------------------------------------------------------------*/
FoamFile
{
    version     2.0;
    format      ascii;
    class       volScalarField;
    location    "800";
    object      p_rgh;
}
// * * * * * * * * * * * * * * * * * * * * * * * * * * * * * * * * * * * * * //

dimensions      [1 -1 -2 0 0 0 0];

internalField   nonuniform List<scalar> 
4000
(
-9.50821e-06
-0.000348292
-0.000728275
-0.000809169
-0.000647344
-0.000577499
-0.000600804
-0.000639028
-0.000682624
-0.000725925
-0.000760232
-0.000784215
-0.000795992
-0.000794306
-0.000775835
-0.000730422
-0.000638897
-0.00062005
-0.000716273
-0.000435777
-0.000608162
-0.00088641
-0.00117501
-0.00118851
-0.00101513
-0.000978804
-0.00103422
-0.00109202
-0.00113287
-0.00117225
-0.00121519
-0.00125638
-0.00128511
-0.0012947
-0.00127578
-0.00121611
-0.00107637
-0.000939838
-0.00111973
-0.000810339
-0.000867712
-0.00114023
-0.00143895
-0.00159027
-0.00151348
-0.00140068
-0.00133192
-0.0013381
-0.00140222
-0.00148241
-0.00157798
-0.00165161
-0.00168895
-0.00168932
-0.00165368
-0.00157466
-0.00144633
-0.00132582
-0.00131969
-0.000907468
-0.000931558
-0.00125946
-0.00158778
-0.00183516
-0.00195516
-0.00200518
-0.00202033
-0.00199068
-0.00195196
-0.00197429
-0.00200959
-0.00202375
-0.00200946
-0.00196763
-0.00190021
-0.00180926
-0.00170304
-0.00157003
-0.00130246
-0.000857912
-0.000855085
-0.00127855
-0.00164868
-0.00193667
-0.00212296
-0.00224124
-0.002311
-0.00234765
-0.00235539
-0.00232617
-0.00228819
-0.00224261
-0.00218377
-0.00210781
-0.0020106
-0.00188738
-0.00173154
-0.0015142
-0.00119389
-0.000674275
-0.000665961
-0.00118097
-0.00162003
-0.00196276
-0.00219044
-0.00233969
-0.00243223
-0.0024842
-0.00249935
-0.00245661
-0.00240119
-0.00233596
-0.00225556
-0.002157
-0.00203398
-0.00187721
-0.00167286
-0.0013875
-0.000993292
-0.00037756
-0.00030623
-0.000937781
-0.00146403
-0.00187553
-0.00215357
-0.00233556
-0.00245205
-0.00252314
-0.00255232
-0.00250146
-0.00242528
-0.00233788
-0.00223393
-0.00211027
-0.00195823
-0.00176437
-0.00151154
-0.00115444
-0.000667564
6.0763e-05
0.000268224
-0.000493667
-0.00111161
-0.00159298
-0.00192314
-0.002141
-0.00228402
-0.00237909
-0.00243292
-0.00238727
-0.00228988
-0.00217792
-0.00204844
-0.00189905
-0.00172124
-0.00149553
-0.00118901
-0.000755295
-0.000169529
0.000673683
0.000954245
0.000114993
-0.000541763
-0.00103665
-0.00137487
-0.00160114
-0.00175645
-0.00187446
-0.00196746
-0.00194643
-0.001831
-0.00170388
-0.0015599
-0.00139233
-0.00119373
-0.000947067
-0.000620351
-0.000163169
0.000471871
0.00137032
0.00147557
0.000811263
0.000314771
-5.07848e-05
-0.000293082
-0.000447449
-0.000548313
-0.000628801
-0.000713806
-0.000743052
-0.000651582
-0.000556957
-0.000443601
-0.000301765
-0.000125275
9.54853e-05
0.000377924
0.000753408
0.00125271
0.00194926
-0.000348292
-0.00053489
-0.00074845
-0.000746112
-0.000591371
-0.000569673
-0.0006112
-0.00065087
-0.000691695
-0.00073167
-0.000762679
-0.000783328
-0.000792114
-0.000788578
-0.000768991
-0.000724683
-0.000637581
-0.000666856
-0.000739174
-0.000494701
-0.00088641
-0.00102694
-0.00116861
-0.00107829
-0.000948182
-0.000947603
-0.00100344
-0.00106335
-0.00111157
-0.00115223
-0.00118784
-0.00121616
-0.00123137
-0.00123277
-0.00121075
-0.0011484
-0.00102525
-0.000994085
-0.0011429
-0.000861067
-0.00114023
-0.00127639
-0.00145688
-0.00148635
-0.00137027
-0.00128959
-0.00126705
-0.00130885
-0.00138136
-0.00144395
-0.00149276
-0.00153349
-0.00157114
-0.00158726
-0.00156641
-0.00149006
-0.00136506
-0.00131049
-0.00138255
-0.000965525
-0.00125946
-0.00142502
-0.00165983
-0.00184675
-0.0018838
-0.00181954
-0.00177295
-0.00175107
-0.00175474
-0.00179079
-0.00184193
-0.00188574
-0.00191439
-0.00192596
-0.00190414
-0.00184501
-0.00177113
-0.00168275
-0.0014643
-0.000934884
-0.00127855
-0.00150607
-0.00180954
-0.00207502
-0.00222467
-0.00227087
-0.00224384
-0.00221988
-0.00220478
-0.00220927
-0.00222569
-0.0022374
-0.00224139
-0.00222345
-0.00218115
-0.00210944
-0.00200428
-0.00182517
-0.00145216
-0.000809248
-0.00118097
-0.00153653
-0.00193955
-0.00227981
-0.00247311
-0.00257189
-0.00259436
-0.00256269
-0.00254854
-0.00253615
-0.00253029
-0.00253373
-0.00251507
-0.00247235
-0.00240394
-0.00229731
-0.0021326
-0.00185626
-0.00137798
-0.000586743
-0.000937781
-0.00150169
-0.00202662
-0.00244769
-0.00269171
-0.0028193
-0.00286821
-0.00286353
-0.0028302
-0.00281448
-0.00280294
-0.00277231
-0.00272313
-0.00265474
-0.00256145
-0.00242218
-0.00219393
-0.00182202
-0.00120766
-0.00024846
-0.000493667
-0.00133431
-0.00198579
-0.00248208
-0.00277367
-0.00292788
-0.00300259
-0.00303214
-0.00303271
-0.00300182
-0.00294636
-0.00287608
-0.0027879
-0.00267959
-0.00254483
-0.0023633
-0.00208615
-0.00163325
-0.000884529
0.000235531
0.000114993
-0.000901479
-0.00168035
-0.00225674
-0.00263465
-0.00288049
-0.00303658
-0.00314368
-0.00322222
-0.00321109
-0.00308808
-0.00294885
-0.00278664
-0.00258829
-0.0023563
-0.00207855
-0.00171181
-0.00116256
-0.000332936
0.000849161
0.000811263
3.93647e-05
-0.000549834
-0.00101663
-0.00135835
-0.00160576
-0.00178217
-0.00190608
-0.00201453
-0.00206459
-0.00190947
-0.00173755
-0.00152622
-0.00127846
-0.000996277
-0.000675575
-0.000300674
0.000167187
0.000765937
0.0015824
-0.000728275
-0.00074845
-0.000776509
-0.000664524
-0.000544623
-0.000574092
-0.00061427
-0.00064941
-0.000687576
-0.000724801
-0.000753094
-0.000769963
-0.000777397
-0.000776923
-0.000764421
-0.000732401
-0.000676539
-0.000762085
-0.000848509
-0.000670422
-0.00117501
-0.00116861
-0.00111113
-0.000957928
-0.000901818
-0.000927111
-0.000987167
-0.00104713
-0.00109397
-0.00113337
-0.00116418
-0.00118592
-0.00119655
-0.00119379
-0.00116986
-0.00111039
-0.00102593
-0.00108754
-0.00123737
-0.00100951
-0.00143895
-0.00145688
-0.00145304
-0.00135058
-0.00126254
-0.00121458
-0.00122369
-0.00128914
-0.00136211
-0.00141206
-0.00144769
-0.00147772
-0.00150199
-0.00151112
-0.00148839
-0.00142737
-0.00134954
-0.00139974
-0.00148425
-0.00111889
-0.00158778
-0.00165983
-0.00176142
-0.00181143
-0.00174583
-0.0016579
-0.00160108
-0.00159439
-0.00162711
-0.0016794
-0.00173013
-0.00176986
-0.00180398
-0.00182464
-0.00181675
-0.00177148
-0.00171314
-0.00171917
-0.00161662
-0.00111855
-0.00164868
-0.00180954
-0.0019652
-0.00211238
-0.00214442
-0.00209565
-0.00202672
-0.00198575
-0.0019814
-0.00200582
-0.0020404
-0.00207215
-0.00209838
-0.00211633
-0.0021163
-0.00208059
-0.0020318
-0.00197463
-0.0016732
-0.00103635
-0.00162003
-0.00193955
-0.00216093
-0.00235221
-0.00243445
-0.00242139
-0.00236823
-0.00231793
-0.00229783
-0.00230427
-0.00232521
-0.00235032
-0.00236969
-0.00237739
-0.00236605
-0.0023243
-0.0022551
-0.0021151
-0.00168594
-0.00087839
-0.00146403
-0.00202662
-0.00235389
-0.00259611
-0.00269905
-0.00269065
-0.00264335
-0.00259927
-0.00257655
-0.00257316
-0.00257877
-0.00259012
-0.00260131
-0.00260336
-0.00258692
-0.002542
-0.00244865
-0.00220086
-0.00163566
-0.00062332
-0.00111161
-0.00198579
-0.00249109
-0.00278658
-0.00288514
-0.00287698
-0.00287201
-0.00286023
-0.00285037
-0.00283399
-0.00280327
-0.00277392
-0.00274055
-0.00270553
-0.00266817
-0.00260742
-0.00249125
-0.0021695
-0.00144363
-0.000236207
-0.000541763
-0.00168035
-0.00243656
-0.00292554
-0.003197
-0.00336266
-0.00342971
-0.00344674
-0.00343151
-0.00341992
-0.00337151
-0.00330709
-0.00321539
-0.00306046
-0.00286457
-0.00264419
-0.0023646
-0.00187047
-0.000990185
0.000361171
0.000314771
-0.000549834
-0.00117275
-0.00166521
-0.0020333
-0.00231005
-0.00252214
-0.00268129
-0.00282536
-0.00291443
-0.00270006
-0.00246726
-0.00218759
-0.00187454
-0.00152953
-0.00115606
-0.000747484
-0.000260606
0.000360668
0.00124091
-0.000809169
-0.000746112
-0.000664524
-0.000557813
-0.000551589
-0.000591812
-0.000619246
-0.000648691
-0.000683296
-0.000717691
-0.000743022
-0.000756824
-0.000765412
-0.000772564
-0.000773014
-0.000765478
-0.000757524
-0.000896197
-0.00099799
-0.000891677
-0.00118851
-0.00107829
-0.000957928
-0.000878056
-0.000877484
-0.000919095
-0.000988596
-0.00104318
-0.00108385
-0.00111889
-0.00114697
-0.00116472
-0.00117021
-0.00116223
-0.00113567
-0.00109218
-0.00105977
-0.00119492
-0.00134807
-0.00119558
-0.00159027
-0.00148635
-0.00135058
-0.00124551
-0.00118378
-0.00116534
-0.00120358
-0.00128126
-0.00134819
-0.00139261
-0.00142569
-0.00145094
-0.00146362
-0.00145832
-0.00142606
-0.00138067
-0.00135796
-0.0014967
-0.00159844
-0.00131538
-0.00183516
-0.00184675
-0.00181143
-0.0017202
-0.00161678
-0.00152773
-0.00148974
-0.00151231
-0.0015713
-0.00163289
-0.00167829
-0.0017092
-0.00173163
-0.00174094
-0.00172331
-0.00167463
-0.00166536
-0.00177837
-0.00176716
-0.00135652
-0.00193667
-0.00207502
-0.00211238
-0.00210437
-0.00202976
-0.00192818
-0.00185231
-0.0018291
-0.00185113
-0.0018936
-0.00193593
-0.00197124
-0.00199862
-0.00201319
-0.0020038
-0.00197178
-0.00197428
-0.00203921
-0.00188504
-0.00133054
-0.00196276
-0.00227981
-0.00235221
-0.00238015
-0.00234032
-0.00225436
-0.00217588
-0.00213661
-0.00213785
-0.00216178
-0.00219204
-0.00222392
-0.00225208
-0.00226723
-0.0022599
-0.00223639
-0.00223658
-0.00224191
-0.00196869
-0.00123266
-0.00187553
-0.00244769
-0.00259611
-0.00265098
-0.00261095
-0.00253271
-0.00246744
-0.002436
-0.00243362
-0.00244318
-0.0024532
-0.0024715
-0.00249311
-0.00250466
-0.00249802
-0.00247804
-0.00246927
-0.00240157
-0.00200047
-0.00103224
-0.00159298
-0.00248208
-0.00278658
-0.0028336
-0.00282479
-0.0028033
-0.00279548
-0.00279941
-0.00280914
-0.00280176
-0.00276115
-0.00273003
-0.00270535
-0.00267796
-0.00264572
-0.00261327
-0.00258288
-0.00244179
-0.00188976
-0.00066067
-0.00103665
-0.00225674
-0.00292554
-0.00325584
-0.00335642
-0.00342989
-0.0034976
-0.00354742
-0.003569
-0.00357406
-0.00348351
-0.0033888
-0.00327706
-0.00314132
-0.00298546
-0.00282955
-0.00268361
-0.0023245
-0.00148152
-4.53856e-05
-5.07848e-05
-0.00101663
-0.00166521
-0.00215927
-0.00253385
-0.00282443
-0.00305055
-0.00322248
-0.00339289
-0.00354253
-0.00328595
-0.00301841
-0.00269868
-0.00233009
-0.00192737
-0.00150736
-0.0010764
-0.000593091
2.98053e-05
0.000958946
-0.000647344
-0.000591371
-0.000544623
-0.000551589
-0.000587829
-0.000611743
-0.000629847
-0.000653298
-0.000683072
-0.000713278
-0.00073412
-0.000746325
-0.000762048
-0.000785757
-0.000811169
-0.000846625
-0.000893132
-0.00104836
-0.00114103
-0.00109657
-0.00101513
-0.000948182
-0.000901818
-0.000877484
-0.000889982
-0.00095005
-0.00100606
-0.00104551
-0.00107569
-0.00110472
-0.00113032
-0.00114268
-0.00114177
-0.00112961
-0.00110307
-0.00108831
-0.0011306
-0.00130011
-0.00144886
-0.00136524
-0.00151348
-0.00137027
-0.00126254
-0.00118378
-0.00114658
-0.00115132
-0.00121418
-0.001289
-0.0013411
-0.00137964
-0.00141177
-0.00143058
-0.00143298
-0.00141422
-0.00137964
-0.00134278
-0.00139002
-0.00157839
-0.00169114
-0.00149097
-0.00195516
-0.0018838
-0.00174583
-0.00161678
-0.00150951
-0.00144597
-0.00144612
-0.00149848
-0.00156416
-0.00161981
-0.00165958
-0.00168273
-0.00169202
-0.0016829
-0.0016423
-0.00159988
-0.00165442
-0.0018381
-0.00188426
-0.00156206
-0.00212296
-0.00222467
-0.00214442
-0.00202976
-0.00190263
-0.00179815
-0.00174933
-0.00175992
-0.00180304
-0.0018524
-0.00189407
-0.00192672
-0.0019417
-0.00193443
-0.00190151
-0.00186966
-0.00192567
-0.00208143
-0.00204633
-0.00157387
-0.00219044
-0.00247311
-0.00243445
-0.00234032
-0.00222177
-0.00211348
-0.00205257
-0.00204555
-0.00207159
-0.00210634
-0.00213298
-0.00215968
-0.00218092
-0.00218018
-0.00215505
-0.00213071
-0.0021794
-0.00229439
-0.00217692
-0.00150502
-0.00215357
-0.00269171
-0.00269905
-0.00261095
-0.00249808
-0.0024102
-0.0023725
-0.00237741
-0.002403
-0.00242169
-0.00241232
-0.00241312
-0.00242606
-0.00242546
-0.0024032
-0.00237866
-0.00240861
-0.00246902
-0.00223959
-0.00131942
-0.00192314
-0.00277367
-0.00288514
-0.00282479
-0.00277933
-0.00277403
-0.00280407
-0.00285629
-0.00291333
-0.00292042
-0.00282166
-0.00274249
-0.00269419
-0.00265069
-0.0026019
-0.00256006
-0.00255884
-0.00253697
-0.00215636
-0.000953479
-0.00137487
-0.00263465
-0.003197
-0.00335642
-0.00342544
-0.00352918
-0.00364395
-0.00374894
-0.0038416
-0.00389263
-0.00370848
-0.00354616
-0.00338304
-0.00320387
-0.00301173
-0.00283088
-0.0027014
-0.0025503
-0.00178949
-0.000323991
-0.000293082
-0.00135835
-0.0020333
-0.00253385
-0.00290437
-0.00320786
-0.00345529
-0.00365175
-0.00387897
-0.00413269
-0.00380789
-0.00349535
-0.00312111
-0.00269059
-0.00222758
-0.00176023
-0.00131775
-0.000821716
-0.00019933
0.000768073
-0.000577499
-0.000569673
-0.000574092
-0.000591812
-0.000611743
-0.00062726
-0.0006412
-0.000661374
-0.000683052
-0.000708551
-0.00072833
-0.000750481
-0.000787236
-0.00083436
-0.000885761
-0.000967956
-0.00104088
-0.00115837
-0.00123705
-0.00124386
-0.000978804
-0.000947603
-0.000927111
-0.000919095
-0.00095005
-0.000992139
-0.00102505
-0.00104742
-0.00106175
-0.00108721
-0.00110973
-0.00111813
-0.00111389
-0.00110688
-0.00110412
-0.00113639
-0.00120963
-0.00137302
-0.00151381
-0.00149218
-0.00140068
-0.00128959
-0.00121458
-0.00116534
-0.00115132
-0.00118695
-0.00125116
-0.00130183
-0.00133352
-0.00137344
-0.0014003
-0.0014098
-0.00140343
-0.00137754
-0.00134276
-0.00134513
-0.00143884
-0.00163392
-0.0017533
-0.00161847
-0.00200518
-0.00181954
-0.0016579
-0.00152773
-0.00144597
-0.00142593
-0.00146222
-0.00151874
-0.00156773
-0.00162083
-0.0016546
-0.0016665
-0.00166072
-0.00163189
-0.00158558
-0.00157245
-0.00167562
-0.00188167
-0.00195776
-0.00170425
-0.00224124
-0.00227087
-0.00209565
-0.00192818
-0.00179815
-0.00172603
-0.00171974
-0.00175568
-0.00180781
-0.00186672
-0.00189394
-0.00190041
-0.0018983
-0.00187474
-0.00183165
-0.00181432
-0.00191272
-0.00211039
-0.00214493
-0.00173339
-0.00233969
-0.00257189
-0.00242139
-0.00225436
-0.00211348
-0.002028
-0.00200927
-0.00204071
-0.00210329
-0.00216207
-0.00215405
-0.00213479
-0.00213158
-0.00211578
-0.00208036
-0.00206062
-0.00214173
-0.00231421
-0.00230307
-0.00167542
-0.00233556
-0.0028193
-0.00269065
-0.00253271
-0.0024102
-0.00235567
-0.00236535
-0.00242419
-0.00252886
-0.00259
-0.00249912
-0.00241027
-0.00238493
-0.00236646
-0.00233307
-0.00230676
-0.00235704
-0.00248414
-0.00236711
-0.00149779
-0.002141
-0.00292788
-0.00287698
-0.0028033
-0.00277403
-0.00280893
-0.00289599
-0.0030328
-0.00320165
-0.00327007
-0.00302781
-0.00280915
-0.00270015
-0.00263039
-0.00256621
-0.00251454
-0.00252363
-0.00256135
-0.00228769
-0.00113342
-0.00160114
-0.00288049
-0.00336266
-0.00342989
-0.00352918
-0.00368028
-0.00384952
-0.00402833
-0.00424364
-0.00441144
-0.00404436
-0.00376051
-0.00351782
-0.00328039
-0.00304424
-0.00283176
-0.00269323
-0.00259093
-0.00195181
-0.000497324
-0.000447449
-0.00160576
-0.00231005
-0.00282443
-0.00320786
-0.00353102
-0.00378436
-0.00398075
-0.00426855
-0.00468848
-0.00428442
-0.00394442
-0.00351804
-0.0030166
-0.00248182
-0.00195327
-0.00147616
-0.000984382
-0.000349693
0.000648191
-0.000600804
-0.0006112
-0.00061427
-0.000619246
-0.000629847
-0.0006412
-0.000654152
-0.000672003
-0.000680236
-0.000712686
-0.000759487
-0.000811642
-0.000868722
-0.000920985
-0.000975014
-0.00104049
-0.00108995
-0.00118523
-0.00126286
-0.00131009
-0.00103422
-0.00100344
-0.000987167
-0.000988596
-0.00100606
-0.00102505
-0.00103886
-0.00104589
-0.00105113
-0.00108821
-0.00110741
-0.00111284
-0.0011258
-0.00114256
-0.00115785
-0.00119111
-0.00125313
-0.00138887
-0.0015261
-0.00157037
-0.00133192
-0.00126705
-0.00122369
-0.00120358
-0.00121418
-0.00125116
-0.00128801
-0.00130986
-0.00132437
-0.00137634
-0.00140472
-0.00139791
-0.00138552
-0.00136862
-0.00135691
-0.00138256
-0.00147841
-0.00165197
-0.00177729
-0.00169719
-0.00202033
-0.00177295
-0.00160108
-0.00148974
-0.00144612
-0.00146222
-0.00150375
-0.00153874
-0.00159479
-0.00167861
-0.00169356
-0.00165758
-0.00163423
-0.00160559
-0.00157686
-0.00159265
-0.0017078
-0.00190247
-0.00199686
-0.00178624
-0.002311
-0.00224384
-0.00202672
-0.00185231
-0.00174933
-0.00171974
-0.00174263
-0.00179706
-0.00191706
-0.00203919
-0.00200885
-0.00190558
-0.00186796
-0.0018393
-0.00180635
-0.00181248
-0.0019283
-0.00212759
-0.00219507
-0.00182014
-0.00243223
-0.00259436
-0.00236823
-0.00217588
-0.00205257
-0.00200927
-0.00203594
-0.00214199
-0.00235504
-0.00253892
-0.00239464
-0.00217108
-0.00210122
-0.00207369
-0.00204328
-0.00203959
-0.00213777
-0.00232355
-0.00236307
-0.00176555
-0.00245205
-0.00286821
-0.00264335
-0.00246744
-0.0023725
-0.00236535
-0.00243924
-0.00266187
-0.00300519
-0.00321631
-0.00286336
-0.00248533
-0.00236055
-0.00232229
-0.00228958
-0.00227332
-0.00233761
-0.00248551
-0.00242565
-0.00159613
-0.00228402
-0.00300259
-0.00287201
-0.00279548
-0.00280407
-0.00289599
-0.00307803
-0.00338349
-0.00381994
-0.00408257
-0.00348531
-0.00293565
-0.00270748
-0.0026043
-0.00253245
-0.00248525
-0.00250313
-0.00256391
-0.00234531
-0.00123397
-0.00175645
-0.00303658
-0.00342971
-0.0034976
-0.00364395
-0.00384952
-0.00408577
-0.00437199
-0.0048036
-0.00522665
-0.00450329
-0.00400409
-0.00364136
-0.00333381
-0.00305978
-0.0028292
-0.00268672
-0.00259818
-0.00204162
-0.00059901
-0.000548313
-0.00178217
-0.00252214
-0.00305055
-0.00345529
-0.00378436
-0.00400215
-0.00413553
-0.00445099
-0.00511973
-0.00463983
-0.00433098
-0.00387436
-0.00329995
-0.00268981
-0.00210037
-0.00158545
-0.00108915
-0.000437598
0.000578928
-0.000639028
-0.00065087
-0.00064941
-0.000648691
-0.000653298
-0.000661374
-0.000672003
-0.000688372
-0.000694586
-0.0007989
-0.000894382
-0.000946089
-0.000992782
-0.00103419
-0.00106972
-0.00109893
-0.00110709
-0.001135
-0.00120808
-0.00128276
-0.00109202
-0.00106335
-0.00104713
-0.00104318
-0.00104551
-0.00104742
-0.00104589
-0.00105086
-0.00104796
-0.0011519
-0.00121845
-0.00122481
-0.00124797
-0.00125457
-0.00125395
-0.00125759
-0.00128699
-0.00136519
-0.00148778
-0.0016104
-0.0013381
-0.00130885
-0.00128914
-0.00128126
-0.001289
-0.00130183
-0.00130986
-0.00131264
-0.00137757
-0.00158225
-0.0016439
-0.00151971
-0.00147063
-0.00144139
-0.00142814
-0.00144745
-0.00152061
-0.00165318
-0.00177544
-0.00174237
-0.00199068
-0.00175107
-0.00159439
-0.00151231
-0.00149848
-0.00151874
-0.00153874
-0.00158624
-0.00181876
-0.00218639
-0.00219092
-0.00181386
-0.001684
-0.00163981
-0.00162363
-0.00164992
-0.00175225
-0.00191683
-0.00201566
-0.00182793
-0.00234765
-0.00221988
-0.00198575
-0.0018291
-0.00175992
-0.00175568
-0.00179706
-0.00195474
-0.00245732
-0.00305894
-0.00275401
-0.00210512
-0.00189952
-0.00184817
-0.00182955
-0.00185369
-0.00196655
-0.00214439
-0.00222049
-0.00185855
-0.0024842
-0.00256269
-0.00231793
-0.00213661
-0.00204555
-0.00204071
-0.00214199
-0.00251683
-0.00330681
-0.00400966
-0.00329245
-0.00239537
-0.00212251
-0.00206417
-0.0020449
-0.00206038
-0.00216295
-0.00233524
-0.00238726
-0.00180149
-0.00252314
-0.00286353
-0.00259927
-0.002436
-0.00237741
-0.00242419
-0.00266187
-0.00323764
-0.00421187
-0.00495871
-0.00382357
-0.00271223
-0.00237201
-0.00229667
-0.00227164
-0.00227335
-0.00234727
-0.00248932
-0.00244761
-0.00163386
-0.00237909
-0.00303214
-0.00286023
-0.00279941
-0.00285629
-0.0030328
-0.00338349
-0.00402959
-0.00505941
-0.00587156
-0.00441042
-0.00316479
-0.00272241
-0.0025737
-0.00250247
-0.00247031
-0.00250004
-0.00256364
-0.00236589
-0.00127998
-0.00187446
-0.00314368
-0.00344674
-0.00354742
-0.00374894
-0.00402833
-0.00437199
-0.00484998
-0.00566708
-0.00662264
-0.00519651
-0.00430166
-0.00374114
-0.0033413
-0.00303814
-0.00280781
-0.00267386
-0.00259253
-0.00209118
-0.000651859
-0.000628801
-0.00190608
-0.00268129
-0.00322248
-0.00365175
-0.00398075
-0.00413553
-0.00414803
-0.00443805
-0.0054663
-0.00488928
-0.00466874
-0.00418885
-0.0035266
-0.002834
-0.00218777
-0.00164244
-0.00114046
-0.00047078
0.000549217
-0.000682624
-0.000691695
-0.000687576
-0.000683296
-0.000683072
-0.000683052
-0.000680236
-0.000694586
-0.000713365
-0.00109072
-0.00124404
-0.00117262
-0.0011701
-0.00117924
-0.00118984
-0.00119834
-0.00119173
-0.00116212
-0.00115007
-0.00120565
-0.00113287
-0.00111157
-0.00109397
-0.00108385
-0.00107569
-0.00106175
-0.00105113
-0.00104796
-0.00107963
-0.00176146
-0.0021453
-0.00153823
-0.00144504
-0.00141259
-0.0013897
-0.00137386
-0.0013713
-0.00140491
-0.00147646
-0.00161316
-0.00140222
-0.00138136
-0.00136211
-0.00134819
-0.0013411
-0.00133352
-0.00132437
-0.00137757
-0.00181178
-0.00332467
-0.00317795
-0.00189398
-0.00165351
-0.00158894
-0.00154947
-0.00154775
-0.00159603
-0.00169347
-0.00179096
-0.00177078
-0.00195196
-0.00175474
-0.00162711
-0.0015713
-0.00156416
-0.00156773
-0.00159479
-0.00181876
-0.00290325
-0.00505191
-0.004028
-0.0022219
-0.00183874
-0.00174728
-0.00171684
-0.00173699
-0.0018199
-0.00195138
-0.00203349
-0.00184496
-0.00235539
-0.00220478
-0.0019814
-0.00185113
-0.00180304
-0.00180781
-0.00191706
-0.00245732
-0.00419611
-0.0066147
-0.00468473
-0.00252048
-0.00202171
-0.00191408
-0.00189369
-0.00192358
-0.002024
-0.0021715
-0.0022346
-0.0018634
-0.00249935
-0.00254854
-0.00229783
-0.00213785
-0.00207159
-0.00210329
-0.00235504
-0.00330681
-0.00547319
-0.00792872
-0.00518051
-0.00279461
-0.00221203
-0.0020964
-0.00208021
-0.00210854
-0.00220711
-0.00235371
-0.00239297
-0.00179305
-0.00255232
-0.0028302
-0.00257655
-0.00243362
-0.002403
-0.00252886
-0.00300519
-0.00421187
-0.00657826
-0.00891626
-0.00556443
-0.00307252
-0.00242736
-0.00229894
-0.00227768
-0.00229592
-0.0023747
-0.00249811
-0.00244788
-0.00161244
-0.00243292
-0.00303271
-0.00285037
-0.00280914
-0.00291333
-0.00320165
-0.00381994
-0.00505941
-0.00728507
-0.00949295
-0.0059253
-0.00348933
-0.00275415
-0.00255006
-0.00248104
-0.0024671
-0.00250835
-0.0025635
-0.00235937
-0.00125059
-0.00196746
-0.00322222
-0.00343151
-0.003569
-0.0038416
-0.00424364
-0.0048036
-0.00566708
-0.00723004
-0.00929264
-0.00634273
-0.00470523
-0.00381995
-0.00329737
-0.00297014
-0.00275755
-0.00264679
-0.00257196
-0.00209319
-0.000621933
-0.000713806
-0.00201453
-0.00282536
-0.00339289
-0.00387897
-0.00426855
-0.00445099
-0.00443805
-0.00478212
-0.00638111
-0.00544947
-0.00516119
-0.00453606
-0.00371889
-0.0029182
-0.00221306
-0.00164511
-0.00113612
-0.000434851
0.000591695
-0.000725925
-0.00073167
-0.000724801
-0.000717691
-0.000713278
-0.000708551
-0.000712686
-0.0007989
-0.00109072
-0.00490685
-0.00460476
-0.0016471
-0.00138711
-0.00132976
-0.00131516
-0.00131366
-0.00131027
-0.00129083
-0.00125602
-0.00125117
-0.00117225
-0.00115223
-0.00113337
-0.00111889
-0.00110472
-0.00108721
-0.00108821
-0.0011519
-0.00176146
-0.00775855
-0.00573758
-0.001957
-0.00163626
-0.00156817
-0.00153583
-0.00151648
-0.00150564
-0.00151613
-0.00155373
-0.00165064
-0.00148241
-0.00144395
-0.00141206
-0.00139261
-0.00137964
-0.00137344
-0.00137634
-0.00158225
-0.00332467
-0.0107894
-0.00666736
-0.00228188
-0.00180773
-0.00172959
-0.00169266
-0.00167285
-0.00170006
-0.0017674
-0.00183229
-0.00178922
-0.00197429
-0.00179079
-0.0016794
-0.00163289
-0.00161981
-0.00162083
-0.00167861
-0.00218639
-0.00505191
-0.0126916
-0.00699878
-0.00256342
-0.00196241
-0.00186868
-0.00183361
-0.00184022
-0.00190173
-0.00199994
-0.00205144
-0.00184578
-0.00232617
-0.00220927
-0.00200582
-0.0018936
-0.0018524
-0.00186672
-0.00203919
-0.00305894
-0.0066147
-0.0137291
-0.00703032
-0.00279681
-0.0021146
-0.00200849
-0.00198045
-0.00200559
-0.00208864
-0.00220326
-0.00224129
-0.00184773
-0.00245661
-0.00253615
-0.00230427
-0.00216178
-0.00210634
-0.00216207
-0.00253892
-0.00400966
-0.00792872
-0.0141798
-0.0069455
-0.0029964
-0.0022707
-0.002156
-0.00213573
-0.00216725
-0.00225594
-0.00237297
-0.00238936
-0.00176028
-0.00250146
-0.00281448
-0.00257316
-0.00244318
-0.00242169
-0.00259
-0.00321631
-0.00495871
-0.00891626
-0.0142126
-0.00685544
-0.00320075
-0.00244889
-0.00231888
-0.00229827
-0.00232573
-0.00240421
-0.00250461
-0.00242955
-0.00156482
-0.00238727
-0.00300182
-0.00283399
-0.00280176
-0.00292042
-0.00327007
-0.00408257
-0.00587156
-0.00949295
-0.0139918
-0.00692846
-0.00356883
-0.00273404
-0.0025244
-0.00246148
-0.00246112
-0.00251121
-0.00255313
-0.00232636
-0.00118553
-0.00194643
-0.00321109
-0.00341992
-0.00357406
-0.00389263
-0.00441144
-0.00522665
-0.00662264
-0.00929264
-0.0131601
-0.0074091
-0.00493325
-0.00380097
-0.00322305
-0.00289042
-0.00269323
-0.00260086
-0.00252637
-0.00202613
-0.000538706
-0.000743052
-0.00206459
-0.00291443
-0.00354253
-0.00413269
-0.00468848
-0.00511973
-0.0054663
-0.00638111
-0.00915858
-0.00683313
-0.00590016
-0.00488123
-0.00383586
-0.00290789
-0.00213803
-0.0015439
-0.00102287
-0.000317854
0.000683664
-0.000760232
-0.000762679
-0.000753094
-0.000743022
-0.00073412
-0.00072833
-0.000759487
-0.000894382
-0.00124404
-0.00460476
-0.00405075
-0.00171988
-0.00149649
-0.00143732
-0.00142013
-0.00141775
-0.00141698
-0.00140409
-0.00137763
-0.00139212
-0.00121519
-0.00118784
-0.00116418
-0.00114697
-0.00113032
-0.00110973
-0.00110741
-0.00121845
-0.0021453
-0.00573758
-0.00387098
-0.00189897
-0.00172692
-0.00168172
-0.00165958
-0.00164782
-0.00164111
-0.0016338
-0.00164688
-0.00169529
-0.00157798
-0.00149276
-0.00144769
-0.00142569
-0.00141177
-0.0014003
-0.00140472
-0.0016439
-0.00317795
-0.00666736
-0.00389223
-0.00206909
-0.00187133
-0.00183113
-0.00180938
-0.00179831
-0.00180595
-0.00184451
-0.0018736
-0.00179687
-0.00200959
-0.00184193
-0.00173013
-0.00167829
-0.00165958
-0.0016546
-0.00169356
-0.00219092
-0.004028
-0.00699878
-0.00387752
-0.00221902
-0.00198963
-0.00195026
-0.00193644
-0.00193765
-0.00197846
-0.0020444
-0.00206153
-0.00183391
-0.00228819
-0.00222569
-0.0020404
-0.00193593
-0.00189407
-0.00189394
-0.00200885
-0.00275401
-0.00468473
-0.00703032
-0.00388825
-0.00236302
-0.00210898
-0.00206727
-0.00206019
-0.00207971
-0.00214482
-0.0022281
-0.00223847
-0.0018195
-0.00240119
-0.00253029
-0.00232521
-0.00219204
-0.00213298
-0.00215405
-0.00239464
-0.00329245
-0.00518051
-0.0069455
-0.00393139
-0.00250813
-0.00223481
-0.00218839
-0.00218606
-0.00221812
-0.0022951
-0.00238352
-0.0023726
-0.00171809
-0.00242528
-0.00280294
-0.00257877
-0.0024532
-0.00241232
-0.00249912
-0.00286336
-0.00382357
-0.00556443
-0.00685544
-0.00402144
-0.00267648
-0.00237917
-0.00231823
-0.00231359
-0.00234738
-0.00242277
-0.00250093
-0.00239527
-0.00151142
-0.00228988
-0.00294636
-0.00280327
-0.00276115
-0.00282166
-0.00302781
-0.00348531
-0.00441042
-0.0059253
-0.00692846
-0.00427215
-0.00296347
-0.00259084
-0.00246979
-0.00243059
-0.00244315
-0.0024989
-0.00252701
-0.00227337
-0.00111816
-0.001831
-0.00308808
-0.00337151
-0.00348351
-0.00370848
-0.00404436
-0.00450329
-0.00519651
-0.00634273
-0.0074091
-0.00513701
-0.0040423
-0.00345514
-0.00305986
-0.00278191
-0.00261067
-0.00253449
-0.00246019
-0.00192532
-0.000455764
-0.000651582
-0.00190947
-0.00270006
-0.00328595
-0.00380789
-0.00428442
-0.00463983
-0.00488928
-0.00544947
-0.00683313
-0.00575567
-0.00507592
-0.00424296
-0.00337392
-0.00257577
-0.00189644
-0.00136082
-0.000866402
-0.000200888
0.00076955
-0.000784215
-0.000783328
-0.000769963
-0.000756824
-0.000746325
-0.000750481
-0.000811642
-0.000946089
-0.00117262
-0.0016471
-0.00171988
-0.00158505
-0.00152425
-0.00150134
-0.00149545
-0.00149678
-0.00149684
-0.00148214
-0.00145165
-0.00146891
-0.00125638
-0.00121616
-0.00118592
-0.00116472
-0.00114268
-0.00111813
-0.00111284
-0.00122481
-0.00153823
-0.001957
-0.00189897
-0.00179191
-0.00176674
-0.00175253
-0.0017458
-0.00174357
-0.00174083
-0.00172678
-0.00170161
-0.00170481
-0.00165161
-0.00153349
-0.00147772
-0.00145094
-0.00143058
-0.0014098
-0.00139791
-0.00151971
-0.00189398
-0.00228188
-0.00206909
-0.00193238
-0.00190598
-0.00189532
-0.00188823
-0.00188632
-0.00189037
-0.0019037
-0.00189752
-0.00178803
-0.00202375
-0.00188574
-0.00176986
-0.0017092
-0.00168273
-0.0016665
-0.00165758
-0.00181386
-0.0022219
-0.00256342
-0.00221902
-0.00203985
-0.00200404
-0.00199638
-0.00199772
-0.00200883
-0.00203454
-0.00207171
-0.00205922
-0.00180925
-0.00224261
-0.0022374
-0.00207215
-0.00197124
-0.00192672
-0.00190041
-0.00190558
-0.00210512
-0.00252048
-0.00279681
-0.00236302
-0.00215118
-0.00210348
-0.00209602
-0.00210454
-0.00212934
-0.00218041
-0.00223631
-0.00221869
-0.00178006
-0.00233596
-0.00253373
-0.00235032
-0.00222392
-0.00215968
-0.00213479
-0.00217108
-0.00239537
-0.00279461
-0.0029964
-0.00250813
-0.00227044
-0.00220891
-0.0021987
-0.0022118
-0.00224725
-0.00231446
-0.00237857
-0.00233907
-0.00166675
-0.00233788
-0.00277231
-0.00259012
-0.0024715
-0.00241312
-0.00241027
-0.00248533
-0.00271223
-0.00307252
-0.00320075
-0.00267648
-0.00241148
-0.00232828
-0.00230537
-0.00231367
-0.00235208
-0.00242341
-0.00248205
-0.00234541
-0.0014462
-0.00217792
-0.00287608
-0.00277392
-0.00273003
-0.00274249
-0.00280915
-0.00293565
-0.00316479
-0.00348933
-0.00356883
-0.00296347
-0.00262845
-0.00248629
-0.00241913
-0.00239674
-0.00241646
-0.00247259
-0.00248659
-0.002204
-0.00103712
-0.00170388
-0.00294885
-0.00330709
-0.0033888
-0.00354616
-0.00376051
-0.00400409
-0.00430166
-0.00470523
-0.00493325
-0.0040423
-0.00353678
-0.00318301
-0.00289084
-0.00266178
-0.00251703
-0.00245505
-0.00237816
-0.00180963
-0.000356277
-0.000556957
-0.00173755
-0.00246726
-0.00301841
-0.00349535
-0.00394442
-0.00433098
-0.00466874
-0.00516119
-0.00590016
-0.00507592
-0.00436785
-0.00362774
-0.0028959
-0.00221551
-0.001625
-0.00114922
-0.000681586
-5.2747e-05
0.000879002
-0.000795992
-0.000792114
-0.000777397
-0.000765412
-0.000762048
-0.000787236
-0.000868722
-0.000992782
-0.0011701
-0.00138711
-0.00149649
-0.00152425
-0.00153259
-0.00153704
-0.00154085
-0.00154334
-0.00153931
-0.00151462
-0.00147047
-0.00147179
-0.00128511
-0.00123137
-0.00119655
-0.00117021
-0.00114177
-0.00111389
-0.0011258
-0.00124797
-0.00144504
-0.00163626
-0.00172692
-0.00176674
-0.00178293
-0.00178892
-0.00179146
-0.00179239
-0.00178782
-0.0017651
-0.00171566
-0.00168563
-0.00168895
-0.00157114
-0.00150199
-0.00146362
-0.00143298
-0.00140343
-0.00138552
-0.00147063
-0.00165351
-0.00180773
-0.00187133
-0.00190598
-0.00192291
-0.0019291
-0.00193092
-0.0019333
-0.00193553
-0.0019286
-0.00189397
-0.00175995
-0.00200946
-0.00191439
-0.00180398
-0.00173163
-0.00169202
-0.00166072
-0.00163423
-0.001684
-0.00183874
-0.00196241
-0.00198963
-0.00200404
-0.00201192
-0.00201693
-0.00202463
-0.00203942
-0.00205945
-0.00207414
-0.00203595
-0.00176939
-0.00218377
-0.00224139
-0.00209838
-0.00199862
-0.0019417
-0.0018983
-0.00186796
-0.00189952
-0.00202171
-0.0021146
-0.00210898
-0.00210348
-0.00210232
-0.00210614
-0.00211946
-0.00214762
-0.00218941
-0.00222389
-0.00218194
-0.00172685
-0.00225556
-0.00251507
-0.00236969
-0.00225208
-0.00218092
-0.00213158
-0.00210122
-0.00212251
-0.00221203
-0.0022707
-0.00223481
-0.00220891
-0.00219684
-0.00219725
-0.0022136
-0.00225119
-0.00231012
-0.00235474
-0.00228892
-0.00160076
-0.00223393
-0.00272313
-0.00260131
-0.00249311
-0.00242606
-0.00238493
-0.00236055
-0.00237201
-0.00242736
-0.00244889
-0.00237917
-0.00232828
-0.00229918
-0.00228823
-0.00229949
-0.00233863
-0.00240385
-0.00244481
-0.00227856
-0.00136528
-0.00204844
-0.0027879
-0.00274055
-0.00270535
-0.00269419
-0.00270015
-0.00270748
-0.00272241
-0.00275415
-0.00273404
-0.00259084
-0.00248629
-0.00241715
-0.00237332
-0.00235842
-0.00237989
-0.00243018
-0.00242992
-0.0021165
-0.000938945
-0.0015599
-0.00278664
-0.00321539
-0.00327706
-0.00338304
-0.00351782
-0.00364136
-0.00374114
-0.00381995
-0.00380097
-0.00345514
-0.00318301
-0.0029403
-0.00271682
-0.0025325
-0.00241358
-0.00236164
-0.00227865
-0.00167589
-0.000238789
-0.000443601
-0.00152622
-0.00218759
-0.00269868
-0.00312111
-0.00351804
-0.00387436
-0.00418885
-0.00453606
-0.00488123
-0.00424296
-0.00362774
-0.00301208
-0.00240676
-0.00183314
-0.00132555
-0.000905658
-0.000462651
0.000126636
0.00100838
-0.000794306
-0.000788578
-0.000776923
-0.000772564
-0.000785757
-0.00083436
-0.000920985
-0.00103419
-0.00117924
-0.00132976
-0.00143732
-0.00150134
-0.00153704
-0.00155433
-0.00156056
-0.00155742
-0.00154217
-0.00150092
-0.0014305
-0.00141362
-0.0012947
-0.00123277
-0.00119379
-0.00116223
-0.00112961
-0.00110688
-0.00114256
-0.00125457
-0.00141259
-0.00156817
-0.00168172
-0.00175253
-0.00178892
-0.00180186
-0.00180328
-0.00179799
-0.00178367
-0.0017498
-0.00169003
-0.00163561
-0.00168932
-0.00158726
-0.00151112
-0.00145832
-0.00141422
-0.00137754
-0.00136862
-0.00144139
-0.00158894
-0.00172959
-0.00183113
-0.00189532
-0.0019291
-0.00194201
-0.00194287
-0.00194096
-0.00193546
-0.00191519
-0.00185665
-0.00170865
-0.00196763
-0.00192596
-0.00182464
-0.00174094
-0.0016829
-0.00163189
-0.00160559
-0.00163981
-0.00174728
-0.00186868
-0.00195026
-0.00199638
-0.00201693
-0.00202476
-0.00202993
-0.00203858
-0.00204974
-0.00204773
-0.001991
-0.00171136
-0.00210781
-0.00222345
-0.00211633
-0.00201319
-0.00193443
-0.00187474
-0.0018393
-0.00184817
-0.00191408
-0.00200849
-0.00206727
-0.00209602
-0.00210614
-0.00211129
-0.00212131
-0.00214223
-0.00217306
-0.00218953
-0.00212551
-0.00165681
-0.002157
-0.00247235
-0.00237739
-0.00226723
-0.00218018
-0.00211578
-0.00207369
-0.00206417
-0.0020964
-0.002156
-0.00218839
-0.0021987
-0.00219725
-0.00219771
-0.00220973
-0.00223976
-0.0022863
-0.00231208
-0.00222028
-0.00151711
-0.00211027
-0.00265474
-0.00260336
-0.00250466
-0.00242546
-0.00236646
-0.00232229
-0.00229667
-0.00229894
-0.00231888
-0.00231823
-0.00230537
-0.00228823
-0.00227813
-0.00228532
-0.00231689
-0.0023696
-0.00239065
-0.00219334
-0.00126684
-0.00189905
-0.00267959
-0.00270553
-0.00267796
-0.00265069
-0.00263039
-0.0026043
-0.0025737
-0.00255006
-0.0025244
-0.00246979
-0.00241913
-0.00237332
-0.00233828
-0.00232366
-0.00233958
-0.00237758
-0.0023582
-0.00201009
-0.000823726
-0.00139233
-0.00258829
-0.00306046
-0.00314132
-0.00320387
-0.00328039
-0.00333381
-0.0033413
-0.00329737
-0.00322305
-0.00305986
-0.00289084
-0.00271682
-0.00254805
-0.0024036
-0.00230681
-0.00225918
-0.00216455
-0.00152463
-0.000105458
-0.000301765
-0.00127846
-0.00187454
-0.00233009
-0.00269059
-0.0030166
-0.00329995
-0.0035266
-0.00371889
-0.00383586
-0.00337392
-0.0028959
-0.00240676
-0.00191456
-0.00143814
-0.00100822
-0.000639375
-0.00021759
0.000328752
0.00115296
-0.000775835
-0.000768991
-0.000764421
-0.000773014
-0.000811169
-0.000885761
-0.000975014
-0.00106972
-0.00118984
-0.00131516
-0.00142013
-0.00149545
-0.00154085
-0.00156056
-0.00155939
-0.00154046
-0.00150267
-0.00143349
-0.00133259
-0.00129537
-0.00127578
-0.00121075
-0.00116986
-0.00113567
-0.00110307
-0.00110412
-0.00115785
-0.00125395
-0.0013897
-0.00153583
-0.00165958
-0.0017458
-0.00179146
-0.00180328
-0.00179985
-0.00178086
-0.00174867
-0.00169478
-0.00161411
-0.00154191
-0.00165368
-0.00156641
-0.00148839
-0.00142606
-0.00137964
-0.00134276
-0.00135691
-0.00142814
-0.00154947
-0.00169266
-0.00180938
-0.00188823
-0.00193092
-0.00194287
-0.00193021
-0.00191196
-0.0018879
-0.00185023
-0.00178207
-0.00162852
-0.00190021
-0.00190414
-0.00181675
-0.00172331
-0.0016423
-0.00158558
-0.00157686
-0.00162363
-0.00171684
-0.00183361
-0.00193644
-0.00199772
-0.00202463
-0.00202993
-0.00202535
-0.00201855
-0.0020094
-0.00198851
-0.00191878
-0.00162967
-0.0020106
-0.00218115
-0.0021163
-0.0020038
-0.00190151
-0.00183165
-0.00180635
-0.00182955
-0.00189369
-0.00198045
-0.00206019
-0.00210454
-0.00211946
-0.00212131
-0.00212266
-0.00212897
-0.00213905
-0.00213293
-0.00204419
-0.00156445
-0.00203398
-0.00240394
-0.00236605
-0.0022599
-0.00215505
-0.00208036
-0.00204328
-0.0020449
-0.00208021
-0.00213573
-0.00218606
-0.0022118
-0.0022136
-0.00220973
-0.00221221
-0.00222695
-0.00225212
-0.00225194
-0.00212806
-0.00140991
-0.00195823
-0.00256145
-0.00258692
-0.00249802
-0.0024032
-0.00233307
-0.00228958
-0.00227164
-0.00227768
-0.00229827
-0.00231359
-0.00231367
-0.00229949
-0.00228532
-0.00228296
-0.00229891
-0.0023301
-0.00232232
-0.0020852
-0.00114502
-0.00172124
-0.00254483
-0.00266817
-0.00264572
-0.0026019
-0.00256621
-0.00253245
-0.00250247
-0.00248104
-0.00246148
-0.00243059
-0.00239674
-0.00235842
-0.00232366
-0.00230348
-0.00230618
-0.00232275
-0.00227318
-0.00188069
-0.000686526
-0.00119373
-0.0023563
-0.00286457
-0.00298546
-0.00301173
-0.00304424
-0.00305978
-0.00303814
-0.00297014
-0.00289042
-0.00278191
-0.00266178
-0.0025325
-0.0024036
-0.0022893
-0.00220695
-0.00215486
-0.00203626
-0.00135206
4.70986e-05
-0.000125275
-0.000996277
-0.00152953
-0.00192737
-0.00222758
-0.00248182
-0.00268981
-0.002834
-0.0029182
-0.00290789
-0.00257577
-0.00221551
-0.00183314
-0.00143814
-0.00104815
-0.000687727
-0.000361143
4.60997e-05
0.000548639
0.00131218
-0.000730422
-0.000724683
-0.000732401
-0.000765478
-0.000846625
-0.000967956
-0.00104049
-0.00109893
-0.00119834
-0.00131366
-0.00141775
-0.00149678
-0.00154334
-0.00155742
-0.00154046
-0.00149521
-0.00142109
-0.00130898
-0.00116777
-0.00110698
-0.00121611
-0.0011484
-0.00111039
-0.00109218
-0.00108831
-0.00113639
-0.00119111
-0.00125759
-0.00137386
-0.00151648
-0.00164782
-0.00174357
-0.00179239
-0.00179799
-0.00178086
-0.00174058
-0.00167945
-0.00159232
-0.00148291
-0.00139552
-0.00157466
-0.00149006
-0.00142737
-0.00138067
-0.00134278
-0.00134513
-0.00138256
-0.00144745
-0.00154775
-0.00167285
-0.00179831
-0.00188632
-0.0019333
-0.00194096
-0.00191196
-0.00187168
-0.00182052
-0.00175277
-0.00166153
-0.00150624
-0.00180926
-0.00184501
-0.00177148
-0.00167463
-0.00159988
-0.00157245
-0.00159265
-0.00164992
-0.00173699
-0.00184022
-0.00193765
-0.00200883
-0.00203942
-0.00203858
-0.00201855
-0.00198863
-0.00195087
-0.00190004
-0.0018072
-0.00151326
-0.00188738
-0.00210944
-0.00208059
-0.00197178
-0.00186966
-0.00181432
-0.00181248
-0.00185369
-0.00192358
-0.00200559
-0.00207971
-0.00212934
-0.00214762
-0.00214223
-0.00212897
-0.00211182
-0.00208786
-0.00204437
-0.00192616
-0.0014391
-0.00187721
-0.00229731
-0.0023243
-0.00223639
-0.00213071
-0.00206062
-0.00203959
-0.00206038
-0.00210854
-0.00216725
-0.00221812
-0.00224725
-0.00225119
-0.00223976
-0.00222695
-0.00221782
-0.00220841
-0.00216623
-0.00199614
-0.00126724
-0.00176437
-0.00242218
-0.002542
-0.00247804
-0.00237866
-0.00230676
-0.00227332
-0.00227335
-0.00229592
-0.00232573
-0.00234738
-0.00235208
-0.00233863
-0.00231689
-0.00229891
-0.00229111
-0.00228698
-0.00223362
-0.00193916
-0.000984598
-0.00149553
-0.0023633
-0.00260742
-0.00261327
-0.00256006
-0.00251454
-0.00248525
-0.00247031
-0.0024671
-0.00246112
-0.00244315
-0.00241646
-0.00237989
-0.00233958
-0.00230618
-0.00228612
-0.00226745
-0.00216554
-0.0017116
-0.000512006
-0.000947067
-0.00207855
-0.00264419
-0.00282955
-0.00283088
-0.00283176
-0.0028292
-0.00280781
-0.00275755
-0.00269323
-0.00261067
-0.00251703
-0.00241358
-0.00230681
-0.00220695
-0.00212493
-0.00205126
-0.00184958
-0.00113731
0.000231684
9.54853e-05
-0.000675575
-0.00115606
-0.00150736
-0.00176023
-0.00195327
-0.00210037
-0.00218777
-0.00221306
-0.00213803
-0.00189644
-0.001625
-0.00132555
-0.00100822
-0.000687727
-0.000380336
-7.83415e-05
0.000307102
0.000781306
0.00148848
-0.000638897
-0.000637581
-0.000676539
-0.000757524
-0.000893132
-0.00104088
-0.00108995
-0.00110709
-0.00119173
-0.00131027
-0.00141698
-0.00149684
-0.00153931
-0.00154217
-0.00150267
-0.00142109
-0.00129491
-0.00111912
-0.000917456
-0.000819011
-0.00107637
-0.00102525
-0.00102593
-0.00105977
-0.0011306
-0.00120963
-0.00125313
-0.00128699
-0.0013713
-0.00150564
-0.00164111
-0.00174083
-0.00178782
-0.00178367
-0.00174867
-0.00167945
-0.00157706
-0.00144052
-0.0012869
-0.0011731
-0.00144633
-0.00136506
-0.00134954
-0.00135796
-0.00139002
-0.00143884
-0.00147841
-0.00152061
-0.00159603
-0.00170006
-0.00180595
-0.00189037
-0.00193553
-0.00193546
-0.0018879
-0.00182052
-0.00173018
-0.00161507
-0.00148377
-0.00131847
-0.00170304
-0.00177113
-0.00171314
-0.00166536
-0.00165442
-0.00167562
-0.0017078
-0.00175225
-0.0018199
-0.00190173
-0.00197846
-0.00203454
-0.00205945
-0.00204974
-0.0020094
-0.00195087
-0.00187469
-0.00177278
-0.0016364
-0.00134549
-0.00173154
-0.00200428
-0.0020318
-0.00197428
-0.00192567
-0.00191272
-0.0019283
-0.00196655
-0.002024
-0.00208864
-0.00214482
-0.00218041
-0.00218941
-0.00217306
-0.00213905
-0.00208786
-0.0020177
-0.00191819
-0.00175088
-0.00126203
-0.00167286
-0.0021326
-0.0022551
-0.00223658
-0.0021794
-0.00214173
-0.00213777
-0.00216295
-0.00220711
-0.00225594
-0.0022951
-0.00231446
-0.00231012
-0.0022863
-0.00225212
-0.00220841
-0.0021461
-0.00203878
-0.00179675
-0.00106979
-0.00151154
-0.00219393
-0.00244865
-0.00246927
-0.00240861
-0.00235704
-0.00233761
-0.00234727
-0.0023747
-0.00240421
-0.00242277
-0.00242341
-0.00240385
-0.0023696
-0.0023301
-0.00228698
-0.00223016
-0.00209261
-0.00172125
-0.00075838
-0.00118901
-0.00208615
-0.00249125
-0.00258288
-0.00255884
-0.00252363
-0.00250313
-0.00250004
-0.00250835
-0.00251121
-0.0024989
-0.00247259
-0.00243018
-0.00237758
-0.00232275
-0.00226745
-0.00219444
-0.00200591
-0.00146445
-0.000269468
-0.000620351
-0.00171181
-0.0023646
-0.00268361
-0.0027014
-0.00269323
-0.00268672
-0.00267386
-0.00264679
-0.00260086
-0.00253449
-0.00245505
-0.00236164
-0.00225918
-0.00215486
-0.00205126
-0.00192923
-0.00160833
-0.000849274
0.000475175
0.000377924
-0.000300674
-0.000747484
-0.0010764
-0.00131775
-0.00147616
-0.00158545
-0.00164244
-0.00164511
-0.0015439
-0.00136082
-0.00114922
-0.000905658
-0.000639375
-0.000361143
-7.83415e-05
0.000227314
0.000589417
0.00104096
0.00169354
-0.00062005
-0.000666856
-0.000762085
-0.000896197
-0.00104836
-0.00115837
-0.00118523
-0.001135
-0.00116212
-0.00129083
-0.00140409
-0.00148214
-0.00151462
-0.00150092
-0.00143349
-0.00130898
-0.00111912
-0.000859305
-0.000569782
-0.000409044
-0.000939838
-0.000994085
-0.00108754
-0.00119492
-0.00130011
-0.00137302
-0.00138887
-0.00136519
-0.00140491
-0.00151613
-0.0016338
-0.00172678
-0.0017651
-0.0017498
-0.00169478
-0.00159232
-0.00144052
-0.00123913
-0.00102025
-0.000860753
-0.00132582
-0.00131049
-0.00139974
-0.0014967
-0.00157839
-0.00163392
-0.00165197
-0.00165318
-0.00169347
-0.0017674
-0.00184451
-0.0019037
-0.0019286
-0.00191519
-0.00185023
-0.00175277
-0.00161507
-0.00143675
-0.00124306
-0.00104734
-0.00157003
-0.00168275
-0.00171917
-0.00177837
-0.0018381
-0.00188167
-0.00190247
-0.00191683
-0.00195138
-0.00199994
-0.0020444
-0.00207171
-0.00207414
-0.00204773
-0.00198851
-0.00190004
-0.00177278
-0.00159869
-0.00139079
-0.00109162
-0.0015142
-0.00182517
-0.00197463
-0.00203921
-0.00208143
-0.00211039
-0.00212759
-0.00214439
-0.0021715
-0.00220326
-0.0022281
-0.00223631
-0.00222389
-0.00218953
-0.00213293
-0.00204437
-0.00191819
-0.00172898
-0.00147428
-0.000994045
-0.0013875
-0.00185626
-0.0021151
-0.00224191
-0.00229439
-0.00231421
-0.00232355
-0.00233524
-0.00235371
-0.00237297
-0.00238352
-0.00237857
-0.00235474
-0.00231208
-0.00225194
-0.00216623
-0.00203878
-0.00181921
-0.00148532
-0.000772296
-0.00115444
-0.00182202
-0.00220086
-0.00240157
-0.00246902
-0.00248414
-0.00248551
-0.00248932
-0.00249811
-0.00250461
-0.00250093
-0.00248205
-0.00244481
-0.00239065
-0.00232232
-0.00223362
-0.00209261
-0.00184111
-0.00136694
-0.000422317
-0.000755295
-0.00163325
-0.0021695
-0.00244179
-0.00253697
-0.00256135
-0.00256391
-0.00256364
-0.0025635
-0.00255313
-0.00252701
-0.00248659
-0.00242992
-0.0023582
-0.00227318
-0.00216554
-0.00200591
-0.00169258
-0.00105598
9.15261e-05
-0.000163169
-0.00116256
-0.00187047
-0.0023245
-0.0025503
-0.00259093
-0.00259818
-0.00259253
-0.00257196
-0.00252637
-0.00246019
-0.00237816
-0.00227865
-0.00216455
-0.00203626
-0.00184958
-0.00160833
-0.0011824
-0.000398335
0.000825717
0.000753408
0.000167187
-0.000260606
-0.000593091
-0.000821716
-0.000984382
-0.00108915
-0.00114046
-0.00113612
-0.00102287
-0.000866402
-0.000681586
-0.000462651
-0.00021759
4.60997e-05
0.000307102
0.000589417
0.000929824
0.00135786
0.0019492
-0.000716273
-0.000739174
-0.000848509
-0.00099799
-0.00114103
-0.00123705
-0.00126286
-0.00120808
-0.00115007
-0.00125602
-0.00137763
-0.00145165
-0.00147047
-0.0014305
-0.00133259
-0.00116777
-0.000917456
-0.000569782
-0.00017395
7.71897e-05
-0.00111973
-0.0011429
-0.00123737
-0.00134807
-0.00144886
-0.00151381
-0.0015261
-0.00148778
-0.00147646
-0.00155373
-0.00164688
-0.00170161
-0.00171566
-0.00169003
-0.00161411
-0.00148291
-0.0012869
-0.00102025
-0.000720818
-0.000488975
-0.00131969
-0.00138255
-0.00148425
-0.00159844
-0.00169114
-0.0017533
-0.00177729
-0.00177544
-0.00179096
-0.00183229
-0.0018736
-0.00189752
-0.00189397
-0.00185665
-0.00178207
-0.00166153
-0.00148377
-0.00124306
-0.00096926
-0.000709798
-0.00130246
-0.0014643
-0.00161662
-0.00176716
-0.00188426
-0.00195776
-0.00199686
-0.00201566
-0.00203349
-0.00205144
-0.00206153
-0.00205922
-0.00203595
-0.001991
-0.00191878
-0.0018072
-0.0016364
-0.00139079
-0.00108973
-0.000745292
-0.00119389
-0.00145216
-0.0016732
-0.00188504
-0.00204633
-0.00214493
-0.00219507
-0.00222049
-0.0022346
-0.00224129
-0.00223847
-0.00221869
-0.00218194
-0.00212551
-0.00204419
-0.00192616
-0.00175088
-0.00147428
-0.00111017
-0.000623333
-0.000993292
-0.00137798
-0.00168594
-0.00196869
-0.00217692
-0.00230307
-0.00236307
-0.00238726
-0.00239297
-0.00238936
-0.0023726
-0.00233907
-0.00228892
-0.00222028
-0.00212806
-0.00199614
-0.00179675
-0.00148532
-0.00103795
-0.000355056
-0.000667564
-0.00120766
-0.00163566
-0.00200047
-0.00223959
-0.00236711
-0.00242565
-0.00244761
-0.00244788
-0.00242955
-0.00239527
-0.00234541
-0.00227856
-0.00219334
-0.0020852
-0.00193916
-0.00172125
-0.00136694
-0.000813877
4.63705e-05
-0.000169529
-0.000884529
-0.00144363
-0.00188976
-0.00215636
-0.00228769
-0.00234531
-0.00236589
-0.00235937
-0.00232636
-0.00227337
-0.002204
-0.0021165
-0.00201009
-0.00188069
-0.0017116
-0.00146445
-0.00105598
-0.000391798
0.000606936
0.000471871
-0.000332936
-0.000990185
-0.00148152
-0.00178949
-0.00195181
-0.00204162
-0.00209118
-0.00209319
-0.00202613
-0.00192532
-0.00180963
-0.00167589
-0.00152463
-0.00135206
-0.00113731
-0.000849274
-0.000398335
0.000314678
0.00132512
0.00125271
0.000765937
0.000360668
2.98053e-05
-0.00019933
-0.000349693
-0.000437598
-0.00047078
-0.000434851
-0.000317854
-0.000200888
-5.2747e-05
0.000126636
0.000328752
0.000548639
0.000781306
0.00104096
0.00135786
0.00175223
0.00226481
-0.000435777
-0.000494701
-0.000670422
-0.000891677
-0.00109657
-0.00124386
-0.00131009
-0.00128276
-0.00120565
-0.00125117
-0.00139212
-0.00146891
-0.00147179
-0.00141362
-0.00129537
-0.00110698
-0.000819011
-0.000409044
7.71897e-05
0.00042558
-0.000810339
-0.000861067
-0.00100951
-0.00119558
-0.00136524
-0.00149218
-0.00157037
-0.0016104
-0.00161316
-0.00165064
-0.00169529
-0.00170481
-0.00168563
-0.00163561
-0.00154191
-0.00139552
-0.0011731
-0.000860753
-0.000488975
-0.000174513
-0.000907468
-0.000965525
-0.00111889
-0.00131538
-0.00149097
-0.00161847
-0.00169719
-0.00174237
-0.00177078
-0.00178922
-0.00179687
-0.00178803
-0.00175995
-0.00170865
-0.00162852
-0.00150624
-0.00131847
-0.00104734
-0.000709798
-0.00037584
-0.000857912
-0.000934884
-0.00111855
-0.00135652
-0.00156206
-0.00170425
-0.00178624
-0.00182793
-0.00184496
-0.00184578
-0.00183391
-0.00180925
-0.00176939
-0.00171136
-0.00162967
-0.00151326
-0.00134549
-0.00109162
-0.000745292
-0.000346203
-0.000674275
-0.000809248
-0.00103635
-0.00133054
-0.00157387
-0.00173339
-0.00182014
-0.00185855
-0.0018634
-0.00184773
-0.0018195
-0.00178006
-0.00172685
-0.00165681
-0.00156445
-0.0014391
-0.00126203
-0.000994045
-0.000623333
-0.000149351
-0.00037756
-0.000586743
-0.00087839
-0.00123266
-0.00150502
-0.00167542
-0.00176555
-0.00180149
-0.00179305
-0.00176028
-0.00171809
-0.00166675
-0.00160076
-0.00151711
-0.00140991
-0.00126724
-0.00106979
-0.000772296
-0.000355056
0.000189863
6.0763e-05
-0.00024846
-0.00062332
-0.00103224
-0.00131942
-0.00149779
-0.00159613
-0.00163386
-0.00161244
-0.00156482
-0.00151142
-0.0014462
-0.00136528
-0.00126684
-0.00114502
-0.000984598
-0.00075838
-0.000422317
4.63705e-05
0.000674482
0.000673683
0.000235531
-0.000236207
-0.00066067
-0.000953479
-0.00113342
-0.00123397
-0.00127998
-0.00125059
-0.00118553
-0.00111816
-0.00103712
-0.000938945
-0.000823726
-0.000686526
-0.000512006
-0.000269468
9.15261e-05
0.000606936
0.00130297
0.00137032
0.000849161
0.000361171
-4.53856e-05
-0.000323991
-0.000497324
-0.00059901
-0.000651859
-0.000621933
-0.000538706
-0.000455764
-0.000356277
-0.000238789
-0.000105458
4.70986e-05
0.000231684
0.000475175
0.000825717
0.00132512
0.00199714
0.00194926
0.0015824
0.00124091
0.000958946
0.000768073
0.000648191
0.000578928
0.000549217
0.000591695
0.000683664
0.00076955
0.000879002
0.00100838
0.00115296
0.00131218
0.00148848
0.00169354
0.0019492
0.00226481
0.00265554
)
;

boundaryField
{
    floor
    {
        type            fixedFluxPressure;
        gradient        uniform 0;
        value           nonuniform List<scalar> 
400
(
-9.50821e-06
-0.000348292
-0.000728275
-0.000809169
-0.000647344
-0.000577499
-0.000600804
-0.000639028
-0.000682624
-0.000725925
-0.000760232
-0.000784215
-0.000795992
-0.000794306
-0.000775835
-0.000730422
-0.000638897
-0.00062005
-0.000716273
-0.000435777
-0.000348292
-0.00053489
-0.00074845
-0.000746112
-0.000591371
-0.000569673
-0.0006112
-0.00065087
-0.000691695
-0.00073167
-0.000762679
-0.000783328
-0.000792114
-0.000788578
-0.000768991
-0.000724683
-0.000637581
-0.000666856
-0.000739174
-0.000494701
-0.000728275
-0.00074845
-0.000776509
-0.000664524
-0.000544623
-0.000574092
-0.00061427
-0.00064941
-0.000687576
-0.000724801
-0.000753094
-0.000769963
-0.000777397
-0.000776923
-0.000764421
-0.000732401
-0.000676539
-0.000762085
-0.000848509
-0.000670422
-0.000809169
-0.000746112
-0.000664524
-0.000557813
-0.000551589
-0.000591812
-0.000619246
-0.000648691
-0.000683296
-0.000717691
-0.000743022
-0.000756824
-0.000765412
-0.000772564
-0.000773014
-0.000765478
-0.000757524
-0.000896197
-0.00099799
-0.000891677
-0.000647344
-0.000591371
-0.000544623
-0.000551589
-0.000587829
-0.000611743
-0.000629847
-0.000653298
-0.000683072
-0.000713278
-0.00073412
-0.000746325
-0.000762048
-0.000785757
-0.000811169
-0.000846625
-0.000893132
-0.00104836
-0.00114103
-0.00109657
-0.000577499
-0.000569673
-0.000574092
-0.000591812
-0.000611743
-0.00062726
-0.0006412
-0.000661374
-0.000683052
-0.000708551
-0.00072833
-0.000750481
-0.000787236
-0.00083436
-0.000885761
-0.000967956
-0.00104088
-0.00115837
-0.00123705
-0.00124386
-0.000600804
-0.0006112
-0.00061427
-0.000619246
-0.000629847
-0.0006412
-0.000654152
-0.000672003
-0.000680236
-0.000712686
-0.000759487
-0.000811642
-0.000868722
-0.000920985
-0.000975014
-0.00104049
-0.00108995
-0.00118523
-0.00126286
-0.00131009
-0.000639028
-0.00065087
-0.00064941
-0.000648691
-0.000653298
-0.000661374
-0.000672003
-0.000688372
-0.000694586
-0.0007989
-0.000894382
-0.000946089
-0.000992782
-0.00103419
-0.00106972
-0.00109893
-0.00110709
-0.001135
-0.00120808
-0.00128276
-0.000682624
-0.000691695
-0.000687576
-0.000683296
-0.000683072
-0.000683052
-0.000680236
-0.000694586
-0.000713365
-0.00109072
-0.00124404
-0.00117262
-0.0011701
-0.00117924
-0.00118984
-0.00119834
-0.00119173
-0.00116212
-0.00115007
-0.00120565
-0.000725925
-0.00073167
-0.000724801
-0.000717691
-0.000713278
-0.000708551
-0.000712686
-0.0007989
-0.00109072
-0.00490685
-0.00460476
-0.0016471
-0.00138711
-0.00132976
-0.00131516
-0.00131366
-0.00131027
-0.00129083
-0.00125602
-0.00125117
-0.000760232
-0.000762679
-0.000753094
-0.000743022
-0.00073412
-0.00072833
-0.000759487
-0.000894382
-0.00124404
-0.00460476
-0.00405075
-0.00171988
-0.00149649
-0.00143732
-0.00142013
-0.00141775
-0.00141698
-0.00140409
-0.00137763
-0.00139212
-0.000784215
-0.000783328
-0.000769963
-0.000756824
-0.000746325
-0.000750481
-0.000811642
-0.000946089
-0.00117262
-0.0016471
-0.00171988
-0.00158505
-0.00152425
-0.00150134
-0.00149545
-0.00149678
-0.00149684
-0.00148214
-0.00145165
-0.00146891
-0.000795992
-0.000792114
-0.000777397
-0.000765412
-0.000762048
-0.000787236
-0.000868722
-0.000992782
-0.0011701
-0.00138711
-0.00149649
-0.00152425
-0.00153259
-0.00153704
-0.00154085
-0.00154334
-0.00153931
-0.00151462
-0.00147047
-0.00147179
-0.000794306
-0.000788578
-0.000776923
-0.000772564
-0.000785757
-0.00083436
-0.000920985
-0.00103419
-0.00117924
-0.00132976
-0.00143732
-0.00150134
-0.00153704
-0.00155433
-0.00156056
-0.00155742
-0.00154217
-0.00150092
-0.0014305
-0.00141362
-0.000775835
-0.000768991
-0.000764421
-0.000773014
-0.000811169
-0.000885761
-0.000975014
-0.00106972
-0.00118984
-0.00131516
-0.00142013
-0.00149545
-0.00154085
-0.00156056
-0.00155939
-0.00154046
-0.00150267
-0.00143349
-0.00133259
-0.00129537
-0.000730422
-0.000724683
-0.000732401
-0.000765478
-0.000846625
-0.000967956
-0.00104049
-0.00109893
-0.00119834
-0.00131366
-0.00141775
-0.00149678
-0.00154334
-0.00155742
-0.00154046
-0.00149521
-0.00142109
-0.00130898
-0.00116777
-0.00110698
-0.000638897
-0.000637581
-0.000676539
-0.000757524
-0.000893132
-0.00104088
-0.00108995
-0.00110709
-0.00119173
-0.00131027
-0.00141698
-0.00149684
-0.00153931
-0.00154217
-0.00150267
-0.00142109
-0.00129491
-0.00111912
-0.000917456
-0.000819011
-0.00062005
-0.000666856
-0.000762085
-0.000896197
-0.00104836
-0.00115837
-0.00118523
-0.001135
-0.00116212
-0.00129083
-0.00140409
-0.00148214
-0.00151462
-0.00150092
-0.00143349
-0.00130898
-0.00111912
-0.000859305
-0.000569782
-0.000409044
-0.000716273
-0.000739174
-0.000848509
-0.00099799
-0.00114103
-0.00123705
-0.00126286
-0.00120808
-0.00115007
-0.00125602
-0.00137763
-0.00145165
-0.00147047
-0.0014305
-0.00133259
-0.00116777
-0.000917456
-0.000569782
-0.00017395
7.71897e-05
-0.000435777
-0.000494701
-0.000670422
-0.000891677
-0.00109657
-0.00124386
-0.00131009
-0.00128276
-0.00120565
-0.00125117
-0.00139212
-0.00146891
-0.00147179
-0.00141362
-0.00129537
-0.00110698
-0.000819011
-0.000409044
7.71897e-05
0.00042558
)
;
    }
    ceiling
    {
        type            fixedFluxPressure;
        gradient        nonuniform List<scalar> 
400
(
0.223132
0.225073
0.226811
0.228254
0.229455
0.230446
0.231227
0.231764
0.231975
0.231967
0.231563
0.230868
0.229956
0.228874
0.227652
0.226305
0.224832
0.223191
0.221306
0.219136
0.225073
0.227166
0.229061
0.230684
0.232083
0.233286
0.234281
0.235015
0.235412
0.235612
0.234991
0.234042
0.232852
0.231487
0.229983
0.228367
0.226643
0.22475
0.222567
0.220021
0.226811
0.229061
0.231031
0.232745
0.234267
0.235625
0.236811
0.237746
0.238341
0.238767
0.237913
0.236713
0.235262
0.233654
0.231922
0.230109
0.228234
0.226218
0.223902
0.221161
0.228254
0.230684
0.232745
0.234556
0.23622
0.237746
0.239124
0.240279
0.241101
0.241813
0.240651
0.239165
0.237458
0.235593
0.233622
0.231609
0.229596
0.227483
0.225067
0.222172
0.229455
0.232083
0.234267
0.23622
0.238032
0.239792
0.241478
0.243001
0.244238
0.245399
0.24366
0.2417
0.239591
0.237386
0.235129
0.2329
0.230792
0.228547
0.226021
0.222979
0.230446
0.233286
0.235625
0.237746
0.239792
0.241885
0.244002
0.24607
0.247979
0.24986
0.247135
0.244451
0.241784
0.239134
0.23652
0.234012
0.231731
0.229434
0.226773
0.223591
0.231227
0.234281
0.236811
0.239124
0.241478
0.244002
0.246707
0.249585
0.252573
0.255644
0.251226
0.247425
0.243988
0.24078
0.237751
0.234941
0.232463
0.230089
0.227303
0.224006
0.231764
0.235015
0.237746
0.240279
0.243001
0.24607
0.249585
0.253668
0.258374
0.263478
0.256149
0.250604
0.246094
0.242193
0.238699
0.235585
0.232931
0.230482
0.227579
0.224191
0.231975
0.235412
0.238341
0.241101
0.244238
0.247979
0.252573
0.258374
0.265744
0.274389
0.262073
0.253885
0.247926
0.24319
0.239204
0.235818
0.233044
0.230546
0.227493
0.223982
0.231967
0.235612
0.238767
0.241813
0.245399
0.24986
0.255644
0.263478
0.274389
0.288909
0.268546
0.25706
0.249467
0.243819
0.239299
0.235622
0.232715
0.230149
0.227058
0.223597
0.231563
0.234991
0.237913
0.240651
0.24366
0.247135
0.251226
0.256149
0.262073
0.268546
0.258616
0.251751
0.246348
0.241826
0.237948
0.234674
0.232016
0.229563
0.226627
0.223294
0.230868
0.234042
0.236713
0.239165
0.2417
0.244451
0.247425
0.250604
0.253885
0.25706
0.251751
0.247255
0.243219
0.23956
0.236269
0.233413
0.231036
0.22873
0.225971
0.22281
0.229956
0.232852
0.235262
0.237458
0.239591
0.241784
0.243988
0.246094
0.247926
0.249467
0.246348
0.243219
0.240131
0.237166
0.234402
0.231945
0.229847
0.227693
0.22513
0.22217
0.228874
0.231487
0.233654
0.235593
0.237386
0.239134
0.24078
0.242193
0.24319
0.243819
0.241826
0.23956
0.237166
0.234766
0.232461
0.230366
0.228523
0.226511
0.224156
0.221414
0.227652
0.229983
0.231922
0.233622
0.235129
0.23652
0.237751
0.238699
0.239204
0.239299
0.237948
0.236269
0.234402
0.232461
0.230547
0.228766
0.227132
0.225234
0.223092
0.220573
0.226305
0.228367
0.230109
0.231609
0.2329
0.234012
0.234941
0.235585
0.235818
0.235622
0.234674
0.233413
0.231945
0.230366
0.228766
0.227227
0.22573
0.223968
0.221986
0.219669
0.224832
0.226643
0.228234
0.229596
0.230792
0.231731
0.232463
0.232931
0.233044
0.232715
0.232016
0.231036
0.229847
0.228523
0.227132
0.22573
0.224269
0.222658
0.220816
0.218694
0.223191
0.22475
0.226218
0.227483
0.228547
0.229434
0.230089
0.230482
0.230546
0.230149
0.229563
0.22873
0.227693
0.226511
0.225234
0.223968
0.222658
0.221204
0.219514
0.21761
0.221306
0.222567
0.223902
0.225067
0.226021
0.226773
0.227303
0.227579
0.227493
0.227058
0.226627
0.225971
0.22513
0.224156
0.223092
0.221986
0.220816
0.219514
0.218012
0.216398
0.219136
0.220021
0.221161
0.222172
0.222979
0.223591
0.224006
0.224191
0.223982
0.223597
0.223294
0.22281
0.22217
0.221414
0.220573
0.219669
0.218694
0.21761
0.216398
0.215185
)
;
        value           nonuniform List<scalar> 
400
(
0.0572584
0.0570796
0.0570175
0.0570128
0.0570706
0.0571641
0.0572584
0.0573121
0.05728
0.0572487
0.0572393
0.05716
0.0570453
0.0569167
0.0567876
0.0566718
0.0565859
0.0565512
0.0565792
0.0567332
0.0570796
0.0568307
0.0567153
0.0566544
0.0566624
0.0567157
0.056788
0.0568476
0.0568385
0.0568383
0.0568384
0.056773
0.0566868
0.0565932
0.0564995
0.0564162
0.0563601
0.0563546
0.0564077
0.0565877
0.0570175
0.0567153
0.0565851
0.056521
0.0565334
0.0565962
0.0566805
0.0567552
0.0567599
0.0567774
0.0567781
0.0567109
0.0566279
0.0565389
0.056451
0.0563711
0.056311
0.0562938
0.0563361
0.0565311
0.0570128
0.0566544
0.056521
0.0564797
0.0565212
0.0566121
0.0567304
0.0568473
0.0568823
0.0569108
0.0568767
0.0567728
0.0566657
0.0565682
0.056478
0.056395
0.0563227
0.0562776
0.0562965
0.056502
0.0570706
0.0566624
0.0565334
0.0565212
0.0566037
0.0567401
0.0569142
0.0570985
0.0571805
0.057217
0.0571071
0.0569295
0.0567767
0.0566558
0.0565546
0.0564649
0.0563802
0.056315
0.056306
0.0565129
0.0571641
0.0567157
0.0565962
0.0566121
0.0567401
0.0569403
0.0572161
0.0575367
0.0577263
0.0577765
0.0574993
0.0571683
0.056928
0.056767
0.0566481
0.0565498
0.0564565
0.0563741
0.0563436
0.056546
0.0572584
0.056788
0.0566805
0.0567304
0.0569142
0.0572161
0.0576747
0.0582608
0.0586923
0.0587912
0.0581667
0.0575252
0.0571225
0.0568951
0.056748
0.0566348
0.0565304
0.056433
0.0563882
0.0565804
0.0573121
0.0568476
0.0567552
0.0568473
0.0570985
0.0575367
0.0582608
0.0592689
0.0601554
0.0604032
0.059148
0.0579821
0.0573347
0.0570216
0.0568409
0.0567085
0.0565903
0.0564801
0.0564241
0.056597
0.05728
0.0568385
0.0567599
0.0568823
0.0571805
0.0577263
0.0586923
0.0601554
0.0616538
0.0622161
0.0600688
0.05831
0.0574454
0.0570785
0.0568828
0.0567415
0.056616
0.0565004
0.0564384
0.0565873
0.0572487
0.0568383
0.0567774
0.0569108
0.057217
0.0577765
0.0587912
0.0604032
0.0622161
0.0630687
0.0603033
0.0583647
0.0574855
0.0571188
0.0569169
0.0567674
0.0566348
0.0565144
0.0564466
0.056583
0.0572393
0.0568384
0.0567781
0.0568767
0.0571071
0.0574993
0.0581667
0.059148
0.0600688
0.0603033
0.0588982
0.0578619
0.0573441
0.0570825
0.0569111
0.0567721
0.0566432
0.0565244
0.056456
0.056593
0.05716
0.056773
0.0567109
0.0567728
0.0569295
0.0571683
0.0575252
0.0579821
0.05831
0.0583647
0.0578619
0.0574459
0.057177
0.056994
0.0568518
0.0567283
0.0566097
0.0565008
0.05644
0.0565815
0.0570453
0.0566868
0.0566279
0.0566657
0.0567767
0.056928
0.0571225
0.0573347
0.0574454
0.0574855
0.0573441
0.057177
0.0570207
0.0568848
0.0567673
0.0566606
0.056556
0.0564607
0.0564091
0.056551
0.0569167
0.0565932
0.0565389
0.0565682
0.0566558
0.056767
0.0568951
0.0570216
0.0570785
0.0571188
0.0570825
0.056994
0.0568848
0.0567769
0.0566771
0.0565834
0.0564913
0.0564101
0.0563677
0.0565066
0.0567876
0.0564995
0.056451
0.056478
0.0565546
0.0566481
0.056748
0.0568409
0.0568828
0.0569169
0.0569111
0.0568518
0.0567673
0.0566771
0.0565886
0.0565038
0.0564219
0.0563547
0.0563215
0.0564555
0.0566718
0.0564162
0.0563711
0.056395
0.0564649
0.0565498
0.0566348
0.0567085
0.0567415
0.0567674
0.0567721
0.0567283
0.0566606
0.0565834
0.0565038
0.0564263
0.0563541
0.0562991
0.0562777
0.0564057
0.0565859
0.0563601
0.056311
0.0563227
0.0563802
0.0564565
0.0565304
0.0565903
0.056616
0.0566348
0.0566432
0.0566097
0.056556
0.0564913
0.0564219
0.0563541
0.0562946
0.056254
0.0562451
0.0563669
0.0565512
0.0563546
0.0562938
0.0562776
0.056315
0.0563741
0.056433
0.0564801
0.0565004
0.0565144
0.0565244
0.0565008
0.0564607
0.0564101
0.0563547
0.0562991
0.056254
0.0562308
0.0562362
0.0563517
0.0565792
0.0564077
0.0563361
0.0562965
0.056306
0.0563436
0.0563882
0.0564241
0.0564384
0.0564466
0.056456
0.05644
0.0564091
0.0563677
0.0563215
0.0562777
0.0562451
0.0562362
0.0562552
0.0563642
0.0567332
0.0565877
0.0565311
0.056502
0.0565129
0.056546
0.0565804
0.056597
0.0565873
0.056583
0.056593
0.0565815
0.056551
0.0565066
0.0564555
0.0564057
0.0563669
0.0563517
0.0563642
0.0564518
)
;
    }
    fixedWalls
    {
        type            fixedFluxPressure;
        gradient        uniform 0;
        value           nonuniform List<scalar> 
800
(
-9.50821e-06
-0.000608162
-0.000867712
-0.000931558
-0.000855085
-0.000665961
-0.00030623
0.000268224
0.000954245
0.00147557
-0.000348292
-0.00088641
-0.00114023
-0.00125946
-0.00127855
-0.00118097
-0.000937781
-0.000493667
0.000114993
0.000811263
-0.000728275
-0.00117501
-0.00143895
-0.00158778
-0.00164868
-0.00162003
-0.00146403
-0.00111161
-0.000541763
0.000314771
-0.000809169
-0.00118851
-0.00159027
-0.00183516
-0.00193667
-0.00196276
-0.00187553
-0.00159298
-0.00103665
-5.07848e-05
-0.000647344
-0.00101513
-0.00151348
-0.00195516
-0.00212296
-0.00219044
-0.00215357
-0.00192314
-0.00137487
-0.000293082
-0.000577499
-0.000978804
-0.00140068
-0.00200518
-0.00224124
-0.00233969
-0.00233556
-0.002141
-0.00160114
-0.000447449
-0.000600804
-0.00103422
-0.00133192
-0.00202033
-0.002311
-0.00243223
-0.00245205
-0.00228402
-0.00175645
-0.000548313
-0.000639028
-0.00109202
-0.0013381
-0.00199068
-0.00234765
-0.0024842
-0.00252314
-0.00237909
-0.00187446
-0.000628801
-0.000682624
-0.00113287
-0.00140222
-0.00195196
-0.00235539
-0.00249935
-0.00255232
-0.00243292
-0.00196746
-0.000713806
-0.000725925
-0.00117225
-0.00148241
-0.00197429
-0.00232617
-0.00245661
-0.00250146
-0.00238727
-0.00194643
-0.000743052
-0.000760232
-0.00121519
-0.00157798
-0.00200959
-0.00228819
-0.00240119
-0.00242528
-0.00228988
-0.001831
-0.000651582
-0.000784215
-0.00125638
-0.00165161
-0.00202375
-0.00224261
-0.00233596
-0.00233788
-0.00217792
-0.00170388
-0.000556957
-0.000795992
-0.00128511
-0.00168895
-0.00200946
-0.00218377
-0.00225556
-0.00223393
-0.00204844
-0.0015599
-0.000443601
-0.000794306
-0.0012947
-0.00168932
-0.00196763
-0.00210781
-0.002157
-0.00211027
-0.00189905
-0.00139233
-0.000301765
-0.000775835
-0.00127578
-0.00165368
-0.00190021
-0.0020106
-0.00203398
-0.00195823
-0.00172124
-0.00119373
-0.000125275
-0.000730422
-0.00121611
-0.00157466
-0.00180926
-0.00188738
-0.00187721
-0.00176437
-0.00149553
-0.000947067
9.54853e-05
-0.000638897
-0.00107637
-0.00144633
-0.00170304
-0.00173154
-0.00167286
-0.00151154
-0.00118901
-0.000620351
0.000377924
-0.00062005
-0.000939838
-0.00132582
-0.00157003
-0.0015142
-0.0013875
-0.00115444
-0.000755295
-0.000163169
0.000753408
-0.000716273
-0.00111973
-0.00131969
-0.00130246
-0.00119389
-0.000993292
-0.000667564
-0.000169529
0.000471871
0.00125271
-0.000435777
-0.000810339
-0.000907468
-0.000857912
-0.000674275
-0.00037756
6.0763e-05
0.000673683
0.00137032
0.00194926
-0.000435777
-0.000810339
-0.000907468
-0.000857912
-0.000674275
-0.00037756
6.0763e-05
0.000673683
0.00137032
0.00194926
-0.000494701
-0.000861067
-0.000965525
-0.000934884
-0.000809248
-0.000586743
-0.00024846
0.000235531
0.000849161
0.0015824
-0.000670422
-0.00100951
-0.00111889
-0.00111855
-0.00103635
-0.00087839
-0.00062332
-0.000236207
0.000361171
0.00124091
-0.000891677
-0.00119558
-0.00131538
-0.00135652
-0.00133054
-0.00123266
-0.00103224
-0.00066067
-4.53856e-05
0.000958946
-0.00109657
-0.00136524
-0.00149097
-0.00156206
-0.00157387
-0.00150502
-0.00131942
-0.000953479
-0.000323991
0.000768073
-0.00124386
-0.00149218
-0.00161847
-0.00170425
-0.00173339
-0.00167542
-0.00149779
-0.00113342
-0.000497324
0.000648191
-0.00131009
-0.00157037
-0.00169719
-0.00178624
-0.00182014
-0.00176555
-0.00159613
-0.00123397
-0.00059901
0.000578928
-0.00128276
-0.0016104
-0.00174237
-0.00182793
-0.00185855
-0.00180149
-0.00163386
-0.00127998
-0.000651859
0.000549217
-0.00120565
-0.00161316
-0.00177078
-0.00184496
-0.0018634
-0.00179305
-0.00161244
-0.00125059
-0.000621933
0.000591695
-0.00125117
-0.00165064
-0.00178922
-0.00184578
-0.00184773
-0.00176028
-0.00156482
-0.00118553
-0.000538706
0.000683664
-0.00139212
-0.00169529
-0.00179687
-0.00183391
-0.0018195
-0.00171809
-0.00151142
-0.00111816
-0.000455764
0.00076955
-0.00146891
-0.00170481
-0.00178803
-0.00180925
-0.00178006
-0.00166675
-0.0014462
-0.00103712
-0.000356277
0.000879002
-0.00147179
-0.00168563
-0.00175995
-0.00176939
-0.00172685
-0.00160076
-0.00136528
-0.000938945
-0.000238789
0.00100838
-0.00141362
-0.00163561
-0.00170865
-0.00171136
-0.00165681
-0.00151711
-0.00126684
-0.000823726
-0.000105458
0.00115296
-0.00129537
-0.00154191
-0.00162852
-0.00162967
-0.00156445
-0.00140991
-0.00114502
-0.000686526
4.70986e-05
0.00131218
-0.00110698
-0.00139552
-0.00150624
-0.00151326
-0.0014391
-0.00126724
-0.000984598
-0.000512006
0.000231684
0.00148848
-0.000819011
-0.0011731
-0.00131847
-0.00134549
-0.00126203
-0.00106979
-0.00075838
-0.000269468
0.000475175
0.00169354
-0.000409044
-0.000860753
-0.00104734
-0.00109162
-0.000994045
-0.000772296
-0.000422317
9.15261e-05
0.000825717
0.0019492
7.71897e-05
-0.000488975
-0.000709798
-0.000745292
-0.000623333
-0.000355056
4.63705e-05
0.000606936
0.00132512
0.00226481
0.00042558
-0.000174513
-0.00037584
-0.000346203
-0.000149351
0.000189863
0.000674482
0.00130297
0.00199714
0.00265554
-9.50821e-06
-0.000608162
-0.000867712
-0.000931558
-0.000855085
-0.000665961
-0.00030623
0.000268224
0.000954245
0.00147557
-0.000348292
-0.00088641
-0.00114023
-0.00125946
-0.00127855
-0.00118097
-0.000937781
-0.000493667
0.000114993
0.000811263
-0.000728275
-0.00117501
-0.00143895
-0.00158778
-0.00164868
-0.00162003
-0.00146403
-0.00111161
-0.000541763
0.000314771
-0.000809169
-0.00118851
-0.00159027
-0.00183516
-0.00193667
-0.00196276
-0.00187553
-0.00159298
-0.00103665
-5.07848e-05
-0.000647344
-0.00101513
-0.00151348
-0.00195516
-0.00212296
-0.00219044
-0.00215357
-0.00192314
-0.00137487
-0.000293082
-0.000577499
-0.000978804
-0.00140068
-0.00200518
-0.00224124
-0.00233969
-0.00233556
-0.002141
-0.00160114
-0.000447449
-0.000600804
-0.00103422
-0.00133192
-0.00202033
-0.002311
-0.00243223
-0.00245205
-0.00228402
-0.00175645
-0.000548313
-0.000639028
-0.00109202
-0.0013381
-0.00199068
-0.00234765
-0.0024842
-0.00252314
-0.00237909
-0.00187446
-0.000628801
-0.000682624
-0.00113287
-0.00140222
-0.00195196
-0.00235539
-0.00249935
-0.00255232
-0.00243292
-0.00196746
-0.000713806
-0.000725925
-0.00117225
-0.00148241
-0.00197429
-0.00232617
-0.00245661
-0.00250146
-0.00238727
-0.00194643
-0.000743052
-0.000760232
-0.00121519
-0.00157798
-0.00200959
-0.00228819
-0.00240119
-0.00242528
-0.00228988
-0.001831
-0.000651582
-0.000784215
-0.00125638
-0.00165161
-0.00202375
-0.00224261
-0.00233596
-0.00233788
-0.00217792
-0.00170388
-0.000556957
-0.000795992
-0.00128511
-0.00168895
-0.00200946
-0.00218377
-0.00225556
-0.00223393
-0.00204844
-0.0015599
-0.000443601
-0.000794306
-0.0012947
-0.00168932
-0.00196763
-0.00210781
-0.002157
-0.00211027
-0.00189905
-0.00139233
-0.000301765
-0.000775835
-0.00127578
-0.00165368
-0.00190021
-0.0020106
-0.00203398
-0.00195823
-0.00172124
-0.00119373
-0.000125275
-0.000730422
-0.00121611
-0.00157466
-0.00180926
-0.00188738
-0.00187721
-0.00176437
-0.00149553
-0.000947067
9.54853e-05
-0.000638897
-0.00107637
-0.00144633
-0.00170304
-0.00173154
-0.00167286
-0.00151154
-0.00118901
-0.000620351
0.000377924
-0.00062005
-0.000939838
-0.00132582
-0.00157003
-0.0015142
-0.0013875
-0.00115444
-0.000755295
-0.000163169
0.000753408
-0.000716273
-0.00111973
-0.00131969
-0.00130246
-0.00119389
-0.000993292
-0.000667564
-0.000169529
0.000471871
0.00125271
-0.000435777
-0.000810339
-0.000907468
-0.000857912
-0.000674275
-0.00037756
6.0763e-05
0.000673683
0.00137032
0.00194926
-0.000435777
-0.000810339
-0.000907468
-0.000857912
-0.000674275
-0.00037756
6.0763e-05
0.000673683
0.00137032
0.00194926
-0.000494701
-0.000861067
-0.000965525
-0.000934884
-0.000809248
-0.000586743
-0.00024846
0.000235531
0.000849161
0.0015824
-0.000670422
-0.00100951
-0.00111889
-0.00111855
-0.00103635
-0.00087839
-0.00062332
-0.000236207
0.000361171
0.00124091
-0.000891677
-0.00119558
-0.00131538
-0.00135652
-0.00133054
-0.00123266
-0.00103224
-0.00066067
-4.53856e-05
0.000958946
-0.00109657
-0.00136524
-0.00149097
-0.00156206
-0.00157387
-0.00150502
-0.00131942
-0.000953479
-0.000323991
0.000768073
-0.00124386
-0.00149218
-0.00161847
-0.00170425
-0.00173339
-0.00167542
-0.00149779
-0.00113342
-0.000497324
0.000648191
-0.00131009
-0.00157037
-0.00169719
-0.00178624
-0.00182014
-0.00176555
-0.00159613
-0.00123397
-0.00059901
0.000578928
-0.00128276
-0.0016104
-0.00174237
-0.00182793
-0.00185855
-0.00180149
-0.00163386
-0.00127998
-0.000651859
0.000549217
-0.00120565
-0.00161316
-0.00177078
-0.00184496
-0.0018634
-0.00179305
-0.00161244
-0.00125059
-0.000621933
0.000591695
-0.00125117
-0.00165064
-0.00178922
-0.00184578
-0.00184773
-0.00176028
-0.00156482
-0.00118553
-0.000538706
0.000683664
-0.00139212
-0.00169529
-0.00179687
-0.00183391
-0.0018195
-0.00171809
-0.00151142
-0.00111816
-0.000455764
0.00076955
-0.00146891
-0.00170481
-0.00178803
-0.00180925
-0.00178006
-0.00166675
-0.0014462
-0.00103712
-0.000356277
0.000879002
-0.00147179
-0.00168563
-0.00175995
-0.00176939
-0.00172685
-0.00160076
-0.00136528
-0.000938945
-0.000238789
0.00100838
-0.00141362
-0.00163561
-0.00170865
-0.00171136
-0.00165681
-0.00151711
-0.00126684
-0.000823726
-0.000105458
0.00115296
-0.00129537
-0.00154191
-0.00162852
-0.00162967
-0.00156445
-0.00140991
-0.00114502
-0.000686526
4.70986e-05
0.00131218
-0.00110698
-0.00139552
-0.00150624
-0.00151326
-0.0014391
-0.00126724
-0.000984598
-0.000512006
0.000231684
0.00148848
-0.000819011
-0.0011731
-0.00131847
-0.00134549
-0.00126203
-0.00106979
-0.00075838
-0.000269468
0.000475175
0.00169354
-0.000409044
-0.000860753
-0.00104734
-0.00109162
-0.000994045
-0.000772296
-0.000422317
9.15261e-05
0.000825717
0.0019492
7.71897e-05
-0.000488975
-0.000709798
-0.000745292
-0.000623333
-0.000355056
4.63705e-05
0.000606936
0.00132512
0.00226481
0.00042558
-0.000174513
-0.00037584
-0.000346203
-0.000149351
0.000189863
0.000674482
0.00130297
0.00199714
0.00265554
)
;
    }
}


// ************************************************************************* //
