/*--------------------------------*- C++ -*----------------------------------*\
  =========                 |
  \\      /  F ield         | OpenFOAM: The Open Source CFD Toolbox
   \\    /   O peration     | Website:  https://openfoam.org
    \\  /    A nd           | Version:  8
     \\/     M anipulation  |
\*---------------------------------------------------------------------------*/
FoamFile
{
    version     2.0;
    format      ascii;
    class       volScalarField;
    location    "800";
    object      T;
}
// * * * * * * * * * * * * * * * * * * * * * * * * * * * * * * * * * * * * * //

dimensions      [0 0 0 1 0 0 0];

internalField   nonuniform List<scalar> 
4000
(
300.382
300.384
300.383
300.375
300.355
300.345
300.343
300.343
300.345
300.346
300.347
300.348
300.349
300.35
300.352
300.353
300.352
300.36
300.385
300.387
300.383
300.387
300.389
300.384
300.374
300.371
300.373
300.374
300.375
300.376
300.377
300.379
300.38
300.382
300.383
300.383
300.38
300.378
300.391
300.386
300.383
300.388
300.392
300.393
300.389
300.385
300.382
300.382
300.384
300.386
300.389
300.391
300.392
300.393
300.393
300.393
300.391
300.39
300.392
300.384
300.383
300.388
300.392
300.395
300.397
300.397
300.397
300.396
300.395
300.396
300.397
300.398
300.398
300.397
300.397
300.396
300.395
300.394
300.39
300.383
300.383
300.388
300.392
300.396
300.398
300.399
300.4
300.4
300.401
300.401
300.4
300.4
300.399
300.398
300.397
300.396
300.394
300.392
300.388
300.381
300.383
300.388
300.392
300.395
300.397
300.399
300.4
300.401
300.401
300.401
300.4
300.399
300.399
300.397
300.396
300.395
300.393
300.39
300.386
300.38
300.382
300.387
300.392
300.395
300.397
300.399
300.4
300.4
300.401
300.4
300.4
300.399
300.398
300.397
300.395
300.394
300.392
300.389
300.385
300.379
300.382
300.387
300.391
300.394
300.396
300.398
300.399
300.4
300.4
300.4
300.399
300.399
300.397
300.396
300.394
300.393
300.39
300.387
300.383
300.377
300.381
300.386
300.389
300.392
300.395
300.396
300.398
300.399
300.399
300.399
300.398
300.397
300.396
300.394
300.392
300.39
300.388
300.385
300.38
300.375
300.379
300.382
300.385
300.388
300.39
300.392
300.393
300.394
300.394
300.394
300.393
300.392
300.391
300.389
300.387
300.384
300.382
300.379
300.376
300.372
300.384
300.384
300.381
300.371
300.351
300.344
300.345
300.345
300.346
300.348
300.348
300.349
300.349
300.35
300.351
300.352
300.351
300.363
300.385
300.387
300.387
300.389
300.388
300.38
300.372
300.37
300.372
300.373
300.374
300.375
300.376
300.377
300.378
300.379
300.38
300.379
300.377
300.38
300.391
300.387
300.388
300.39
300.392
300.39
300.385
300.382
300.38
300.381
300.383
300.385
300.386
300.387
300.389
300.39
300.39
300.389
300.388
300.389
300.393
300.385
300.388
300.39
300.393
300.395
300.394
300.392
300.391
300.391
300.391
300.392
300.393
300.394
300.395
300.395
300.396
300.395
300.395
300.395
300.392
300.383
300.388
300.39
300.394
300.396
300.398
300.398
300.397
300.397
300.397
300.397
300.398
300.398
300.398
300.398
300.398
300.397
300.397
300.395
300.391
300.382
300.388
300.391
300.395
300.398
300.399
300.4
300.4
300.4
300.4
300.4
300.4
300.4
300.4
300.4
300.399
300.398
300.397
300.395
300.39
300.381
300.387
300.391
300.396
300.399
300.401
300.402
300.402
300.402
300.402
300.402
300.402
300.402
300.402
300.401
300.4
300.399
300.397
300.394
300.389
300.38
300.387
300.392
300.396
300.4
300.402
300.403
300.404
300.404
300.404
300.404
300.404
300.403
300.403
300.402
300.4
300.399
300.397
300.393
300.387
300.379
300.386
300.391
300.396
300.399
300.402
300.403
300.405
300.405
300.406
300.406
300.405
300.404
300.403
300.401
300.399
300.397
300.394
300.39
300.385
300.378
300.382
300.386
300.389
300.392
300.394
300.396
300.398
300.399
300.4
300.4
300.399
300.398
300.396
300.393
300.391
300.388
300.385
300.382
300.378
300.374
300.383
300.381
300.377
300.361
300.345
300.344
300.345
300.346
300.347
300.348
300.348
300.349
300.349
300.349
300.35
300.35
300.351
300.366
300.385
300.388
300.389
300.388
300.384
300.375
300.369
300.369
300.371
300.373
300.374
300.375
300.375
300.376
300.376
300.377
300.377
300.376
300.375
300.381
300.391
300.388
300.392
300.392
300.391
300.386
300.381
300.379
300.379
300.381
300.383
300.384
300.385
300.385
300.386
300.387
300.387
300.386
300.386
300.389
300.394
300.387
300.392
300.393
300.394
300.393
300.391
300.389
300.388
300.388
300.388
300.39
300.391
300.391
300.392
300.393
300.393
300.393
300.393
300.394
300.393
300.385
300.392
300.394
300.395
300.396
300.396
300.395
300.394
300.394
300.394
300.395
300.395
300.396
300.396
300.397
300.397
300.397
300.396
300.396
300.393
300.384
300.392
300.395
300.397
300.398
300.399
300.398
300.398
300.397
300.398
300.398
300.398
300.399
300.399
300.399
300.399
300.399
300.398
300.397
300.392
300.384
300.392
300.396
300.398
300.4
300.401
300.401
300.4
300.4
300.4
300.401
300.401
300.401
300.401
300.401
300.401
300.4
300.4
300.397
300.392
300.383
300.391
300.396
300.4
300.402
300.402
300.402
300.403
300.403
300.403
300.403
300.403
300.403
300.402
300.402
300.402
300.401
300.4
300.397
300.391
300.382
300.389
300.396
300.4
300.403
300.405
300.406
300.407
300.407
300.407
300.408
300.407
300.407
300.406
300.405
300.403
300.401
300.399
300.395
300.389
300.38
300.385
300.389
300.393
300.395
300.398
300.4
300.402
300.404
300.405
300.406
300.404
300.402
300.4
300.397
300.394
300.391
300.388
300.384
300.38
300.376
300.375
300.371
300.361
300.347
300.344
300.346
300.346
300.346
300.347
300.348
300.348
300.348
300.348
300.349
300.35
300.35
300.352
300.37
300.386
300.388
300.384
300.38
300.375
300.369
300.367
300.369
300.371
300.373
300.374
300.374
300.375
300.375
300.375
300.375
300.375
300.374
300.374
300.383
300.392
300.39
300.393
300.39
300.386
300.381
300.379
300.378
300.379
300.381
300.383
300.383
300.384
300.385
300.385
300.385
300.385
300.384
300.384
300.39
300.394
300.389
300.395
300.395
300.393
300.391
300.388
300.386
300.386
300.386
300.388
300.389
300.39
300.39
300.391
300.391
300.391
300.39
300.391
300.394
300.395
300.388
300.396
300.396
300.396
300.396
300.394
300.393
300.392
300.392
300.392
300.393
300.394
300.394
300.395
300.395
300.395
300.395
300.395
300.397
300.395
300.388
300.395
300.398
300.398
300.398
300.397
300.396
300.396
300.396
300.396
300.396
300.397
300.397
300.398
300.398
300.398
300.398
300.398
300.398
300.395
300.387
300.395
300.399
300.4
300.4
300.4
300.399
300.399
300.399
300.399
300.399
300.4
300.4
300.4
300.4
300.4
300.4
300.4
300.399
300.395
300.386
300.394
300.4
300.402
300.402
300.402
300.402
300.402
300.402
300.402
300.403
300.402
300.402
300.402
300.402
300.402
300.401
300.401
300.399
300.395
300.385
300.392
300.399
300.403
300.405
300.406
300.407
300.408
300.408
300.409
300.409
300.408
300.407
300.407
300.405
300.404
300.403
300.401
300.399
300.392
300.383
300.388
300.392
300.395
300.398
300.401
300.404
300.406
300.408
300.41
300.411
300.409
300.406
300.403
300.4
300.397
300.393
300.39
300.386
300.382
300.377
300.355
300.351
300.345
300.344
300.346
300.347
300.346
300.346
300.347
300.348
300.348
300.348
300.348
300.35
300.351
300.353
300.357
300.375
300.386
300.389
300.374
300.372
300.369
300.367
300.368
300.37
300.372
300.373
300.373
300.374
300.374
300.375
300.374
300.374
300.373
300.372
300.375
300.385
300.392
300.392
300.389
300.385
300.381
300.379
300.378
300.378
300.38
300.381
300.383
300.383
300.384
300.384
300.384
300.384
300.383
300.382
300.385
300.391
300.395
300.391
300.397
300.394
300.391
300.388
300.386
300.385
300.385
300.386
300.388
300.389
300.389
300.39
300.39
300.39
300.389
300.389
300.39
300.394
300.396
300.391
300.398
300.398
300.396
300.394
300.392
300.391
300.39
300.391
300.392
300.392
300.393
300.394
300.394
300.394
300.394
300.393
300.394
300.397
300.396
300.39
300.397
300.399
300.399
300.397
300.396
300.395
300.395
300.395
300.395
300.396
300.396
300.397
300.397
300.397
300.397
300.397
300.397
300.399
300.397
300.39
300.397
300.401
300.401
300.4
300.399
300.398
300.398
300.398
300.399
300.399
300.399
300.399
300.4
300.4
300.399
300.399
300.399
300.4
300.397
300.389
300.396
300.402
300.402
300.402
300.402
300.402
300.402
300.403
300.404
300.404
300.403
300.402
300.402
300.402
300.401
300.401
300.401
300.4
300.397
300.387
300.395
300.402
300.405
300.406
300.407
300.408
300.409
300.411
300.412
300.412
300.41
300.409
300.408
300.406
300.405
300.403
300.402
300.4
300.394
300.385
300.39
300.394
300.398
300.401
300.404
300.407
300.41
300.413
300.415
300.417
300.414
300.411
300.407
300.403
300.399
300.396
300.392
300.388
300.384
300.379
300.345
300.344
300.344
300.346
300.347
300.347
300.347
300.347
300.347
300.347
300.347
300.348
300.35
300.354
300.356
300.359
300.365
300.378
300.385
300.389
300.371
300.37
300.369
300.369
300.37
300.372
300.373
300.373
300.373
300.373
300.374
300.374
300.373
300.373
300.372
300.373
300.378
300.387
300.393
300.393
300.385
300.382
300.379
300.378
300.378
300.379
300.381
300.382
300.382
300.383
300.383
300.384
300.383
300.383
300.382
300.382
300.386
300.392
300.396
300.393
300.397
300.392
300.389
300.386
300.385
300.385
300.386
300.387
300.388
300.389
300.389
300.389
300.389
300.389
300.388
300.388
300.391
300.395
300.397
300.393
300.399
300.398
300.395
300.393
300.391
300.39
300.39
300.391
300.392
300.393
300.393
300.393
300.393
300.393
300.393
300.393
300.394
300.397
300.397
300.392
300.399
300.4
300.398
300.396
300.395
300.394
300.394
300.395
300.396
300.396
300.396
300.396
300.396
300.396
300.396
300.396
300.397
300.399
300.398
300.392
300.399
300.402
300.401
300.399
300.398
300.398
300.398
300.399
300.4
300.401
300.4
300.399
300.399
300.399
300.399
300.399
300.399
300.4
300.399
300.391
300.398
300.403
300.402
300.402
300.402
300.402
300.403
300.405
300.407
300.407
300.405
300.403
300.402
300.402
300.401
300.401
300.401
300.401
300.398
300.389
300.396
300.403
300.406
300.407
300.408
300.41
300.412
300.414
300.416
300.417
300.414
300.411
300.409
300.407
300.405
300.403
300.402
300.401
300.396
300.386
300.392
300.396
300.4
300.404
300.407
300.411
300.415
300.418
300.421
300.424
300.42
300.415
300.411
300.406
300.402
300.398
300.394
300.39
300.385
300.38
300.343
300.345
300.345
300.346
300.346
300.347
300.346
300.347
300.346
300.346
300.349
300.353
300.357
300.359
300.361
300.363
300.367
300.377
300.384
300.387
300.373
300.372
300.371
300.371
300.372
300.373
300.373
300.372
300.372
300.373
300.373
300.373
300.374
300.374
300.374
300.375
300.379
300.386
300.392
300.395
300.382
300.38
300.379
300.379
300.38
300.381
300.381
300.382
300.382
300.383
300.383
300.383
300.383
300.383
300.382
300.383
300.386
300.392
300.396
300.395
300.397
300.391
300.388
300.386
300.385
300.386
300.387
300.387
300.388
300.39
300.39
300.389
300.389
300.389
300.388
300.389
300.391
300.395
300.397
300.394
300.4
300.397
300.394
300.392
300.39
300.39
300.391
300.392
300.393
300.395
300.395
300.394
300.393
300.393
300.393
300.393
300.395
300.398
300.398
300.394
300.4
300.4
300.398
300.396
300.395
300.394
300.395
300.396
300.399
300.401
300.399
300.397
300.396
300.396
300.396
300.396
300.397
300.399
300.399
300.393
300.4
300.402
300.4
300.399
300.398
300.398
300.399
300.402
300.405
300.408
300.404
300.4
300.399
300.399
300.399
300.399
300.399
300.401
300.4
300.392
300.399
300.404
300.403
300.402
300.402
300.403
300.405
300.409
300.414
300.416
300.41
300.405
300.403
300.402
300.401
300.401
300.401
300.401
300.399
300.39
300.398
300.405
300.407
300.408
300.409
300.412
300.415
300.419
300.424
300.427
300.419
300.414
300.41
300.408
300.405
300.404
300.403
300.401
300.397
300.387
300.393
300.398
300.402
300.406
300.41
300.415
300.419
300.424
300.429
300.434
300.427
300.42
300.415
300.409
300.404
300.399
300.395
300.391
300.386
300.381
300.343
300.345
300.346
300.346
300.346
300.347
300.347
300.346
300.345
300.349
300.356
300.361
300.364
300.365
300.366
300.366
300.367
300.37
300.377
300.382
300.374
300.373
300.373
300.373
300.373
300.373
300.372
300.372
300.371
300.374
300.376
300.377
300.378
300.378
300.378
300.377
300.379
300.384
300.39
300.396
300.382
300.381
300.381
300.381
300.381
300.382
300.382
300.382
300.383
300.388
300.389
300.387
300.386
300.385
300.385
300.385
300.387
300.391
300.395
300.396
300.396
300.391
300.388
300.386
300.386
300.387
300.387
300.388
300.392
300.399
300.399
300.393
300.39
300.39
300.389
300.39
300.392
300.395
300.397
300.395
300.4
300.397
300.394
300.392
300.391
300.391
300.392
300.394
300.401
300.41
300.406
300.397
300.394
300.393
300.393
300.394
300.395
300.398
300.399
300.394
300.401
300.4
300.397
300.396
300.395
300.395
300.396
300.401
300.411
300.42
300.411
300.4
300.397
300.396
300.396
300.397
300.398
300.4
300.4
300.393
300.4
300.402
300.4
300.399
300.398
300.399
300.402
300.408
300.419
300.427
300.415
300.403
300.4
300.399
300.399
300.399
300.4
300.401
300.4
300.392
300.4
300.404
300.403
300.402
300.403
300.405
300.409
300.417
300.427
300.434
300.42
300.407
300.403
300.402
300.401
300.401
300.401
300.402
300.399
300.391
300.399
300.405
300.407
300.408
300.411
300.414
300.419
300.426
300.436
300.443
300.428
300.417
300.411
300.408
300.406
300.404
300.403
300.402
300.397
300.388
300.394
300.399
300.404
300.408
300.413
300.418
300.424
300.431
300.439
300.448
300.435
300.426
300.418
300.411
300.406
300.4
300.396
300.392
300.387
300.381
300.345
300.346
300.347
300.347
300.347
300.347
300.346
300.345
300.345
300.371
300.379
300.371
300.369
300.369
300.37
300.37
300.37
300.37
300.369
300.371
300.375
300.374
300.374
300.374
300.373
300.373
300.372
300.371
300.373
300.402
300.418
300.389
300.384
300.383
300.382
300.381
300.381
300.383
300.388
300.395
300.384
300.383
300.383
300.383
300.383
300.382
300.382
300.383
300.394
300.435
300.432
300.396
300.39
300.389
300.388
300.388
300.389
300.392
300.395
300.397
300.395
300.391
300.388
300.388
300.388
300.388
300.388
300.392
300.413
300.456
300.437
300.401
300.394
300.392
300.392
300.392
300.394
300.396
300.398
300.396
300.401
300.397
300.394
300.392
300.392
300.392
300.393
300.401
300.428
300.466
300.437
300.404
300.396
300.395
300.395
300.395
300.397
300.399
300.399
300.395
300.401
300.4
300.398
300.396
300.395
300.396
300.399
300.411
300.439
300.47
300.436
300.406
300.399
300.397
300.397
300.398
300.399
300.4
300.4
300.394
300.401
300.402
300.4
300.399
300.399
300.4
300.405
300.419
300.446
300.471
300.434
300.408
300.401
300.4
300.4
300.4
300.4
300.402
300.401
300.392
300.4
300.404
300.403
300.402
300.404
300.407
300.414
300.427
300.451
300.47
300.435
300.411
300.404
300.402
300.402
300.401
300.402
300.402
300.4
300.391
300.399
300.406
300.407
300.409
300.412
300.416
300.424
300.436
300.454
300.471
300.44
300.421
300.412
300.408
300.405
300.404
300.403
300.402
300.398
300.387
300.394
300.4
300.405
300.41
300.415
300.421
300.429
300.439
300.451
300.466
300.445
300.431
300.421
300.413
300.406
300.401
300.396
300.392
300.386
300.381
300.346
300.348
300.348
300.348
300.348
300.347
300.346
300.349
300.371
300.759
300.707
300.384
300.372
300.373
300.374
300.374
300.375
300.375
300.375
300.373
300.376
300.375
300.375
300.374
300.374
300.373
300.373
300.374
300.402
300.694
300.589
300.402
300.389
300.388
300.387
300.386
300.385
300.386
300.39
300.395
300.386
300.385
300.384
300.383
300.383
300.383
300.383
300.388
300.435
300.649
300.532
300.406
300.394
300.392
300.392
300.391
300.392
300.394
300.396
300.397
300.396
300.392
300.39
300.389
300.389
300.389
300.39
300.399
300.456
300.61
300.498
300.408
300.397
300.395
300.394
300.394
300.395
300.397
300.398
300.396
300.401
300.397
300.395
300.393
300.392
300.393
300.395
300.41
300.466
300.577
300.475
300.409
300.398
300.397
300.397
300.397
300.398
300.399
300.399
300.395
300.401
300.4
300.398
300.396
300.396
300.396
300.401
300.42
300.47
300.55
300.459
300.409
300.4
300.399
300.398
300.399
300.4
300.401
300.4
300.393
300.4
300.402
300.401
300.399
300.399
300.401
300.408
300.427
300.471
300.527
300.449
300.409
300.402
300.4
300.4
300.4
300.401
300.402
300.401
300.392
300.4
300.404
300.403
300.403
300.404
300.407
300.416
300.434
300.47
300.511
300.444
300.412
300.404
300.402
300.402
300.402
300.402
300.402
300.4
300.39
300.399
300.406
300.408
300.409
300.412
300.417
300.427
300.443
300.471
300.502
300.448
300.423
300.412
300.408
300.405
300.403
300.403
300.402
300.397
300.387
300.394
300.4
300.406
300.411
300.417
300.424
300.434
300.448
300.466
300.491
300.456
300.437
300.424
300.414
300.407
300.4
300.395
300.391
300.386
300.38
300.347
300.348
300.348
300.348
300.348
300.347
300.349
300.356
300.379
300.707
300.624
300.38
300.374
300.375
300.376
300.377
300.378
300.379
300.38
300.382
300.377
300.376
300.375
300.375
300.374
300.374
300.373
300.376
300.418
300.589
300.495
300.397
300.391
300.39
300.39
300.39
300.389
300.39
300.392
300.396
300.389
300.386
300.385
300.384
300.384
300.383
300.383
300.389
300.432
300.532
300.453
300.4
300.396
300.395
300.394
300.394
300.394
300.396
300.397
300.397
300.397
300.393
300.391
300.39
300.389
300.389
300.39
300.399
300.437
300.498
300.435
300.402
300.397
300.397
300.397
300.397
300.397
300.398
300.398
300.396
300.4
300.398
300.395
300.394
300.393
300.393
300.395
300.406
300.437
300.475
300.426
300.402
300.399
300.398
300.398
300.398
300.399
300.4
300.399
300.394
300.4
300.4
300.398
300.397
300.396
300.396
300.399
300.411
300.436
300.459
300.421
300.403
300.4
300.399
300.4
300.4
300.4
300.401
300.4
300.393
300.4
300.402
300.401
300.4
300.399
300.4
300.404
300.415
300.434
300.449
300.418
300.404
300.401
300.401
300.401
300.401
300.402
300.402
300.401
300.392
300.399
300.404
300.403
300.402
300.403
300.405
300.41
300.42
300.435
300.444
300.419
300.406
300.403
300.402
300.402
300.402
300.402
300.402
300.399
300.39
300.398
300.405
300.407
300.408
300.41
300.414
300.419
300.428
300.44
300.448
300.426
300.415
300.41
300.407
300.404
300.403
300.402
300.401
300.397
300.386
300.393
300.399
300.404
300.409
300.414
300.42
300.427
300.435
300.445
300.456
300.439
300.428
300.419
300.411
300.404
300.399
300.394
300.39
300.385
300.379
300.348
300.349
300.349
300.348
300.348
300.348
300.353
300.361
300.371
300.384
300.38
300.375
300.376
300.377
300.378
300.379
300.38
300.381
300.383
300.385
300.379
300.377
300.376
300.375
300.375
300.374
300.373
300.377
300.389
300.402
300.397
300.393
300.392
300.392
300.392
300.392
300.393
300.393
300.394
300.396
300.391
300.387
300.385
300.385
300.384
300.384
300.383
300.387
300.396
300.406
300.4
300.397
300.396
300.396
300.396
300.396
300.397
300.397
300.398
300.397
300.398
300.394
300.391
300.39
300.39
300.389
300.389
300.393
300.401
300.408
300.402
300.398
300.398
300.398
300.398
300.398
300.398
300.399
300.398
300.395
300.4
300.398
300.396
300.394
300.394
300.393
300.394
300.397
300.404
300.409
300.402
300.399
300.399
300.399
300.399
300.399
300.4
300.4
300.399
300.394
300.399
300.4
300.399
300.397
300.397
300.396
300.397
300.4
300.406
300.409
300.403
300.4
300.4
300.4
300.4
300.4
300.401
300.401
300.4
300.393
300.399
300.402
300.401
300.4
300.399
300.399
300.4
300.403
300.408
300.409
300.404
300.402
300.401
300.401
300.401
300.401
300.402
300.402
300.4
300.391
300.399
300.403
300.403
300.402
300.402
300.403
300.405
300.407
300.411
300.412
300.406
300.403
300.402
300.402
300.402
300.402
300.402
300.402
300.399
300.389
300.397
300.404
300.407
300.407
300.409
300.411
300.414
300.417
300.421
300.423
300.415
300.41
300.408
300.405
300.404
300.402
300.402
300.401
300.396
300.386
300.392
300.398
300.402
300.406
300.411
300.415
300.42
300.426
300.431
300.437
300.428
300.42
300.413
300.407
300.401
300.397
300.393
300.389
300.384
300.379
300.349
300.349
300.349
300.348
300.348
300.35
300.357
300.364
300.369
300.372
300.374
300.376
300.377
300.378
300.379
300.38
300.381
300.383
300.384
300.387
300.38
300.378
300.376
300.375
300.374
300.373
300.374
300.378
300.384
300.389
300.391
300.392
300.393
300.393
300.393
300.394
300.394
300.395
300.395
300.396
300.392
300.389
300.386
300.385
300.384
300.383
300.383
300.386
300.39
300.394
300.396
300.396
300.397
300.397
300.397
300.397
300.398
300.398
300.398
300.396
300.398
300.395
300.392
300.391
300.39
300.389
300.389
300.39
300.394
300.397
300.397
300.398
300.398
300.398
300.399
300.399
300.399
300.399
300.398
300.395
300.399
300.398
300.396
300.395
300.394
300.393
300.393
300.394
300.396
300.398
300.399
300.399
300.399
300.399
300.399
300.4
300.4
300.4
300.399
300.393
300.399
300.4
300.399
300.398
300.397
300.396
300.396
300.397
300.399
300.4
300.4
300.4
300.4
300.4
300.4
300.401
300.401
300.401
300.4
300.392
300.398
300.402
300.401
300.4
300.4
300.399
300.399
300.4
300.401
300.402
300.401
300.401
300.401
300.401
300.401
300.401
300.402
300.402
300.4
300.391
300.397
300.403
300.402
300.402
300.402
300.402
300.403
300.403
300.404
300.404
300.403
300.402
300.402
300.402
300.401
300.402
300.402
300.402
300.398
300.389
300.396
300.403
300.406
300.407
300.408
300.409
300.41
300.411
300.412
300.412
300.41
300.408
300.406
300.404
300.403
300.402
300.401
300.4
300.395
300.385
300.391
300.396
300.4
300.403
300.407
300.411
300.415
300.418
300.421
300.424
300.419
300.413
300.408
300.403
300.398
300.394
300.39
300.387
300.382
300.377
300.35
300.35
300.349
300.349
300.35
300.354
300.359
300.365
300.369
300.373
300.375
300.377
300.378
300.38
300.381
300.382
300.383
300.384
300.385
300.387
300.382
300.379
300.377
300.375
300.374
300.373
300.374
300.378
300.383
300.388
300.39
300.392
300.393
300.394
300.394
300.394
300.394
300.394
300.395
300.395
300.393
300.39
300.387
300.385
300.384
300.383
300.383
300.385
300.389
300.392
300.395
300.396
300.397
300.398
300.398
300.398
300.398
300.398
300.398
300.395
300.397
300.395
300.393
300.391
300.39
300.389
300.389
300.39
300.392
300.395
300.397
300.398
300.398
300.399
300.399
300.399
300.399
300.399
300.398
300.394
300.398
300.398
300.397
300.395
300.394
300.393
300.393
300.393
300.395
300.397
300.398
300.399
300.399
300.399
300.4
300.4
300.4
300.4
300.399
300.393
300.397
300.4
300.399
300.398
300.397
300.396
300.396
300.396
300.397
300.399
300.399
300.4
300.4
300.4
300.4
300.401
300.401
300.401
300.399
300.391
300.397
300.401
300.401
300.4
300.4
300.399
300.399
300.399
300.4
300.4
300.401
300.401
300.401
300.401
300.401
300.401
300.401
300.401
300.399
300.39
300.396
300.402
300.402
300.402
300.402
300.402
300.402
300.402
300.402
300.402
300.402
300.402
300.402
300.401
300.401
300.401
300.401
300.401
300.397
300.388
300.394
300.401
300.405
300.405
300.406
300.407
300.408
300.408
300.408
300.408
300.407
300.405
300.404
300.403
300.402
300.401
300.4
300.399
300.394
300.384
300.389
300.393
300.397
300.4
300.403
300.406
300.409
300.411
300.413
300.414
300.411
300.407
300.403
300.399
300.395
300.391
300.388
300.385
300.381
300.376
300.352
300.351
300.35
300.35
300.351
300.356
300.361
300.366
300.37
300.374
300.376
300.378
300.379
300.381
300.382
300.382
300.383
300.384
300.385
300.387
300.383
300.38
300.377
300.375
300.373
300.372
300.374
300.378
300.382
300.387
300.39
300.392
300.393
300.394
300.394
300.394
300.394
300.394
300.394
300.394
300.393
300.39
300.387
300.385
300.383
300.382
300.382
300.385
300.388
300.392
300.394
300.396
300.397
300.398
300.398
300.397
300.397
300.397
300.396
300.394
300.397
300.396
300.393
300.391
300.389
300.388
300.388
300.389
300.392
300.394
300.397
300.398
300.399
300.399
300.398
300.398
300.398
300.398
300.397
300.393
300.397
300.398
300.397
300.395
300.394
300.393
300.393
300.393
300.395
300.397
300.398
300.399
300.399
300.4
300.399
300.399
300.399
300.399
300.398
300.392
300.396
300.399
300.399
300.398
300.397
300.396
300.396
300.396
300.397
300.398
300.4
300.4
300.4
300.4
300.4
300.4
300.4
300.4
300.398
300.39
300.395
300.4
300.401
300.4
300.399
300.399
300.399
300.399
300.4
300.4
300.401
300.401
300.401
300.401
300.401
300.401
300.401
300.401
300.398
300.389
300.394
300.4
300.402
300.402
300.401
300.401
300.401
300.401
300.402
300.402
300.402
300.402
300.401
300.401
300.401
300.401
300.401
300.4
300.396
300.386
300.392
300.399
300.403
300.404
300.405
300.405
300.405
300.406
300.405
300.405
300.404
300.404
300.403
300.402
300.401
300.4
300.399
300.398
300.392
300.383
300.387
300.391
300.394
300.397
300.399
300.402
300.404
300.406
300.406
300.407
300.404
300.401
300.398
300.395
300.392
300.389
300.386
300.383
300.379
300.375
300.353
300.352
300.35
300.35
300.353
300.359
300.363
300.366
300.37
300.374
300.377
300.379
300.38
300.382
300.382
300.383
300.384
300.384
300.385
300.386
300.383
300.379
300.376
300.374
300.372
300.373
300.375
300.377
300.381
300.386
300.39
300.392
300.394
300.394
300.394
300.393
300.393
300.393
300.392
300.392
300.393
300.389
300.386
300.384
300.382
300.382
300.383
300.385
300.388
300.391
300.394
300.396
300.397
300.398
300.397
300.397
300.396
300.396
300.395
300.393
300.396
300.395
300.393
300.39
300.389
300.388
300.389
300.39
300.392
300.394
300.397
300.398
300.399
300.399
300.398
300.398
300.397
300.397
300.396
300.392
300.396
300.397
300.397
300.395
300.393
300.393
300.393
300.394
300.395
300.397
300.398
300.399
300.4
300.4
300.399
300.399
300.399
300.398
300.396
300.39
300.395
300.398
300.399
300.398
300.397
300.396
300.396
300.397
300.398
300.399
300.4
300.4
300.401
300.401
300.4
300.4
300.4
300.399
300.397
300.389
300.394
300.399
300.4
300.4
300.399
300.399
300.399
300.399
300.4
300.4
300.401
300.401
300.401
300.401
300.401
300.401
300.4
300.4
300.397
300.387
300.393
300.399
300.401
300.401
300.401
300.401
300.401
300.401
300.401
300.402
300.402
300.402
300.402
300.401
300.401
300.4
300.4
300.399
300.395
300.385
300.39
300.397
300.401
300.403
300.403
300.403
300.404
300.404
300.404
300.403
300.403
300.402
300.402
300.401
300.4
300.399
300.398
300.396
300.391
300.381
300.384
300.388
300.391
300.393
300.396
300.398
300.399
300.4
300.401
300.4
300.399
300.397
300.394
300.391
300.389
300.386
300.384
300.381
300.377
300.373
300.352
300.351
300.351
300.352
300.357
300.365
300.367
300.367
300.37
300.375
300.378
300.38
300.381
300.383
300.383
300.384
300.384
300.384
300.384
300.384
300.38
300.377
300.375
300.374
300.375
300.378
300.379
300.379
300.381
300.385
300.389
300.393
300.394
300.394
300.394
300.393
300.392
300.391
300.39
300.39
300.391
300.388
300.386
300.384
300.385
300.386
300.386
300.387
300.389
300.392
300.394
300.397
300.398
300.398
300.397
300.396
300.395
300.394
300.393
300.391
300.395
300.395
300.393
300.391
300.39
300.391
300.391
300.392
300.394
300.395
300.397
300.398
300.399
300.399
300.398
300.397
300.396
300.395
300.394
300.39
300.394
300.397
300.396
300.395
300.394
300.394
300.395
300.395
300.397
300.398
300.399
300.4
300.4
300.4
300.399
300.399
300.398
300.397
300.394
300.388
300.393
300.397
300.398
300.398
300.397
300.397
300.397
300.398
300.399
300.4
300.4
300.401
300.401
300.401
300.4
300.4
300.399
300.398
300.395
300.387
300.392
300.397
300.4
300.4
300.399
300.399
300.399
300.4
300.4
300.401
300.402
300.402
300.402
300.401
300.401
300.4
300.4
300.398
300.395
300.385
300.39
300.397
300.4
300.401
300.401
300.401
300.401
300.401
300.402
300.402
300.402
300.402
300.402
300.401
300.401
300.4
300.399
300.398
300.393
300.383
300.388
300.394
300.399
300.401
300.402
300.402
300.403
300.403
300.403
300.403
300.402
300.402
300.401
300.4
300.399
300.398
300.397
300.394
300.389
300.379
300.382
300.385
300.388
300.39
300.392
300.394
300.395
300.396
300.396
300.395
300.394
300.393
300.39
300.388
300.386
300.384
300.381
300.378
300.375
300.372
300.36
300.363
300.366
300.37
300.375
300.378
300.377
300.37
300.37
300.375
300.379
300.381
300.383
300.384
300.384
300.384
300.384
300.383
300.383
300.383
300.378
300.38
300.381
300.383
300.385
300.387
300.386
300.384
300.383
300.386
300.39
300.393
300.395
300.394
300.394
300.393
300.391
300.389
300.388
300.386
300.39
300.389
300.389
300.39
300.391
300.392
300.392
300.391
300.392
300.394
300.396
300.397
300.398
300.398
300.397
300.396
300.394
300.392
300.39
300.387
300.394
300.395
300.394
300.394
300.394
300.395
300.395
300.395
300.396
300.397
300.398
300.399
300.399
300.399
300.398
300.397
300.395
300.393
300.391
300.387
300.392
300.395
300.396
300.397
300.397
300.397
300.398
300.398
300.399
300.399
300.4
300.4
300.4
300.4
300.399
300.398
300.397
300.394
300.391
300.386
300.39
300.395
300.397
300.398
300.399
300.399
300.399
300.4
300.4
300.401
300.401
300.401
300.401
300.401
300.4
300.399
300.398
300.395
300.392
300.384
300.389
300.394
300.397
300.399
300.4
300.4
300.401
300.401
300.402
300.402
300.402
300.402
300.402
300.401
300.401
300.4
300.398
300.396
300.391
300.383
300.387
300.393
300.397
300.399
300.4
300.401
300.401
300.402
300.402
300.402
300.402
300.402
300.402
300.401
300.4
300.399
300.398
300.395
300.39
300.38
300.385
300.39
300.395
300.399
300.4
300.401
300.401
300.402
300.402
300.402
300.401
300.401
300.4
300.399
300.398
300.396
300.394
300.391
300.385
300.377
300.379
300.382
300.384
300.386
300.388
300.39
300.391
300.392
300.392
300.391
300.39
300.389
300.387
300.385
300.383
300.381
300.378
300.376
300.373
300.37
300.385
300.385
300.385
300.386
300.386
300.385
300.384
300.377
300.369
300.375
300.38
300.383
300.384
300.385
300.385
300.385
300.384
300.383
300.382
300.381
300.391
300.391
300.391
300.392
300.392
300.393
300.392
300.39
300.388
300.39
300.392
300.394
300.395
300.395
300.394
300.392
300.39
300.388
300.385
300.382
300.392
300.393
300.394
300.394
300.395
300.396
300.396
300.395
300.395
300.396
300.397
300.398
300.398
300.398
300.396
300.395
300.393
300.39
300.386
300.382
300.39
300.392
300.393
300.395
300.396
300.397
300.397
300.397
300.398
300.398
300.398
300.398
300.398
300.398
300.397
300.396
300.394
300.391
300.386
300.382
300.388
300.391
300.393
300.395
300.396
300.397
300.398
300.399
300.399
300.399
300.399
300.399
300.399
300.399
300.398
300.396
300.394
300.391
300.387
300.381
300.386
300.39
300.392
300.395
300.397
300.398
300.399
300.4
300.4
300.4
300.4
300.4
300.4
300.399
300.398
300.397
300.395
300.392
300.387
300.38
300.385
300.389
300.392
300.395
300.397
300.399
300.4
300.4
300.401
300.401
300.401
300.4
300.4
300.399
300.398
300.397
300.395
300.391
300.386
300.378
300.383
300.387
300.391
300.395
300.397
300.398
300.399
300.399
300.4
300.4
300.399
300.399
300.398
300.397
300.396
300.395
300.393
300.39
300.384
300.376
300.38
300.385
300.389
300.392
300.394
300.396
300.397
300.397
300.398
300.397
300.397
300.396
300.395
300.394
300.392
300.391
300.389
300.385
300.38
300.373
300.376
300.378
300.38
300.382
300.384
300.385
300.386
300.387
300.386
300.386
300.385
300.384
300.382
300.381
300.379
300.377
300.375
300.373
300.37
300.368
300.387
300.387
300.388
300.388
300.389
300.389
300.387
300.382
300.371
300.373
300.382
300.385
300.387
300.387
300.387
300.386
300.384
300.383
300.381
300.378
300.386
300.387
300.388
300.39
300.392
300.393
300.395
300.396
300.395
300.395
300.396
300.396
300.396
300.395
300.394
300.392
300.39
300.386
300.382
300.378
300.384
300.385
300.387
300.389
300.391
300.393
300.395
300.396
300.397
300.397
300.397
300.397
300.396
300.395
300.394
300.393
300.391
300.387
300.382
300.377
300.383
300.383
300.385
300.388
300.391
300.393
300.394
300.395
300.396
300.396
300.396
300.395
300.395
300.394
300.393
300.392
300.39
300.387
300.382
300.376
300.381
300.382
300.384
300.388
300.39
300.392
300.394
300.394
300.395
300.395
300.394
300.394
300.393
300.393
300.392
300.39
300.388
300.386
300.381
300.375
300.38
300.381
300.384
300.387
300.39
300.392
300.393
300.393
300.394
300.393
300.393
300.393
300.392
300.391
300.39
300.389
300.387
300.384
300.38
300.374
300.379
300.38
300.383
300.386
300.389
300.391
300.392
300.392
300.392
300.392
300.392
300.391
300.391
300.39
300.389
300.387
300.385
300.383
300.378
300.373
300.377
300.379
300.382
300.385
300.387
300.389
300.39
300.391
300.391
300.39
300.39
300.389
300.389
300.388
300.386
300.385
300.383
300.38
300.376
300.371
300.375
300.378
300.38
300.383
300.385
300.386
300.387
300.388
300.387
300.387
300.386
300.386
300.385
300.384
300.383
300.381
300.379
300.377
300.373
300.369
300.372
300.374
300.376
300.377
300.379
300.38
300.381
300.381
300.381
300.38
300.379
300.379
300.377
300.376
300.375
300.373
300.372
300.37
300.368
300.366
)
;

boundaryField
{
    floor
    {
        type            fixedValue;
        value           nonuniform List<scalar> 
400
(
300
300
300
300
300
300
300
300
300
300
300
300
300
300
300
300
300
300
300
300
300
300
300
300
300
300
300
300
300
300
300
300
300
300
300
300
300
300
300
300
300
300
300
300
300
300
300
300
300
300
300
300
300
300
300
300
300
300
300
300
300
300
300
300
300
300
300
300
300
300
300
300
300
300
300
300
300
300
300
300
300
300
300
300
300
300
300
300
300
300
300
300
300
300
300
300
300
300
300
300
300
300
300
300
300
300
300
300
300
300
300
300
300
300
300
300
300
300
300
300
300
300
300
300
300
300
300
300
300
300
300
300
300
300
300
300
300
300
300
300
300
300
300
300
300
300
300
300
300
300
300
300
300
300
300
300
300
300
300
300
300
300
300
300
300
300
300
300
300
300
300
300
300
300
300
300
300
300
300
300
300
300
300
300
300
300
300
300
300
600
600
300
300
300
300
300
300
300
300
300
300
300
300
300
300
300
300
300
300
600
600
300
300
300
300
300
300
300
300
300
300
300
300
300
300
300
300
300
300
300
300
300
300
300
300
300
300
300
300
300
300
300
300
300
300
300
300
300
300
300
300
300
300
300
300
300
300
300
300
300
300
300
300
300
300
300
300
300
300
300
300
300
300
300
300
300
300
300
300
300
300
300
300
300
300
300
300
300
300
300
300
300
300
300
300
300
300
300
300
300
300
300
300
300
300
300
300
300
300
300
300
300
300
300
300
300
300
300
300
300
300
300
300
300
300
300
300
300
300
300
300
300
300
300
300
300
300
300
300
300
300
300
300
300
300
300
300
300
300
300
300
300
300
300
300
300
300
300
300
300
300
300
300
300
300
300
300
300
300
300
300
300
300
300
300
300
300
300
300
300
300
300
300
300
300
300
300
300
300
300
300
300
300
300
300
300
300
300
300
300
)
;
    }
    ceiling
    {
        type            fixedValue;
        value           uniform 300;
    }
    fixedWalls
    {
        type            zeroGradient;
    }
}


// ************************************************************************* //
