/*--------------------------------*- C++ -*----------------------------------*\
  =========                 |
  \\      /  F ield         | OpenFOAM: The Open Source CFD Toolbox
   \\    /   O peration     | Website:  https://openfoam.org
    \\  /    A nd           | Version:  8
     \\/     M anipulation  |
\*---------------------------------------------------------------------------*/
FoamFile
{
    version     2.0;
    format      ascii;
    class       volScalarField;
    location    "1400";
    object      alphat;
}
// * * * * * * * * * * * * * * * * * * * * * * * * * * * * * * * * * * * * * //

dimensions      [1 -1 -1 0 0 0 0];

internalField   nonuniform List<scalar> 
4000
(
0.000328757
0.000320806
0.000308176
0.000294148
0.000268901
0.000144836
0.000118219
0.000114047
0.000110578
0.000107688
0.000105791
0.000108082
0.000126383
0.000230552
0.000263971
0.00027849
0.000287154
0.000294293
0.000303954
0.000314306
0.000340831
0.000331136
0.000309707
0.00028021
0.000258025
0.000173507
0.000133443
0.000137214
0.000136776
0.000134476
0.000129882
0.000133344
0.000164821
0.000213415
0.00023865
0.000249619
0.000263042
0.000283309
0.000308561
0.000327148
0.000347566
0.000340506
0.000318459
0.000275956
0.000249676
0.000206418
0.000181054
0.000152587
0.000148464
0.000149348
0.000143695
0.000144806
0.000162993
0.000191392
0.000214108
0.00021766
0.00023496
0.000279582
0.000315553
0.000334117
0.000351073
0.000347807
0.000331394
0.000305323
0.000254452
0.000243087
0.000231901
0.000198006
0.000168575
0.000153406
0.000152671
0.000159325
0.000180259
0.000198671
0.000215396
0.000239072
0.000268059
0.000297821
0.000324146
0.00033753
0.000353643
0.00035493
0.000347402
0.000333674
0.000316413
0.000305521
0.000292517
0.000272798
0.000239519
0.000228281
0.000236562
0.000250157
0.000261998
0.000272191
0.000282457
0.000294082
0.00030764
0.000322736
0.000336036
0.000340728
0.000356251
0.000362527
0.000362923
0.000359895
0.000354421
0.000348573
0.000339944
0.0003276
0.000311599
0.000300226
0.000302308
0.000307384
0.000313203
0.00031902
0.000324756
0.000330652
0.00033676
0.000342696
0.000346385
0.000343408
0.000359284
0.000370443
0.000377302
0.000381602
0.000383792
0.000382827
0.000377885
0.000368973
0.00035635
0.000343973
0.000343612
0.00034636
0.000349921
0.000353353
0.000356206
0.000358213
0.000359015
0.000358419
0.000355072
0.000345658
0.000363219
0.000379473
0.000391796
0.00040147
0.000408724
0.000412249
0.000410857
0.000404423
0.000393115
0.000379375
0.000377126
0.000378464
0.000380565
0.000382234
0.000382655
0.00038123
0.000377772
0.000372247
0.000363418
0.000348117
0.000368976
0.000391251
0.000408947
0.000422787
0.000433514
0.000440493
0.000442243
0.000438056
0.00042869
0.000413602
0.000409467
0.000409652
0.000410325
0.000410072
0.000408023
0.00040366
0.000396878
0.00038746
0.000373598
0.000352141
0.000377805
0.000405901
0.000428654
0.000445654
0.000458913
0.000468494
0.000474096
0.000475402
0.000472242
0.000461558
0.000455328
0.00045297
0.000450011
0.000445562
0.000439321
0.000431072
0.000420466
0.000406679
0.000387058
0.000359174
0.000320806
0.00032601
0.000317078
0.000299754
0.000273956
0.00017388
0.000139644
0.000132802
0.000126425
0.000123719
0.000123108
0.000129007
0.000185023
0.000249353
0.000276059
0.000290737
0.000300652
0.000309488
0.00031883
0.000319005
0.000331136
0.000459742
0.00048044
0.000420438
0.000342497
0.00025714
0.000266034
0.000304145
0.000334828
0.00032322
0.00026772
0.000230185
0.000235917
0.000285517
0.000341398
0.00038029
0.000396033
0.000412422
0.00043516
0.000333314
0.000340506
0.000519047
0.000575802
0.000521669
0.000394188
0.000314529
0.000292251
0.000312886
0.00039382
0.000397922
0.000338078
0.000285822
0.000275112
0.000295001
0.000325091
0.000351257
0.000376068
0.000440207
0.000498927
0.00034174
0.000347807
0.000551151
0.000625948
0.00058542
0.000429293
0.000355548
0.00031157
0.000287677
0.000305966
0.000360398
0.000347299
0.00029111
0.00028819
0.000307554
0.000325806
0.000342604
0.000368768
0.000475084
0.000551337
0.000346541
0.00035493
0.00056912
0.000656206
0.000630435
0.000483942
0.000408412
0.000353662
0.000304622
0.000278271
0.000285054
0.000287516
0.000279307
0.000292483
0.000318206
0.000342473
0.00036429
0.000422409
0.000525838
0.000573112
0.000350253
0.000362527
0.000575261
0.000669979
0.000683565
0.000579179
0.000499847
0.000433874
0.000366362
0.0003178
0.000305044
0.00031013
0.000316564
0.000333429
0.00035948
0.000389943
0.000430119
0.000505649
0.000578762
0.000576003
0.000352858
0.000370443
0.000572009
0.00066635
0.000721003
0.000733447
0.000688157
0.00060905
0.000508132
0.000429301
0.000396131
0.000397469
0.000411382
0.000435693
0.000469388
0.000515142
0.0005716
0.000604675
0.000610658
0.000560125
0.0003555
0.000379473
0.000559212
0.00063876
0.000713503
0.000765315
0.000773727
0.000755641
0.000718466
0.000657623
0.000614977
0.000603498
0.000609875
0.00062634
0.000646722
0.000661583
0.000661445
0.000641922
0.000598518
0.00053097
0.000359947
0.000391251
0.000522705
0.000590094
0.000651214
0.000697878
0.000722844
0.000720849
0.000686978
0.000630447
0.000571918
0.000545791
0.000550341
0.000568809
0.000588852
0.00059962
0.000594159
0.000571775
0.000536086
0.000491224
0.000367617
0.000405901
0.000435661
0.000460674
0.000480911
0.000498351
0.000512296
0.000521341
0.000524392
0.000521015
0.000509135
0.000499986
0.000496359
0.000491584
0.000484569
0.000475057
0.000463104
0.000448867
0.00043186
0.000409344
0.000378843
0.000308176
0.000317078
0.000309337
0.000294494
0.000269626
0.000172483
0.000151658
0.000144467
0.000135743
0.00013353
0.000134475
0.000147888
0.000210595
0.000258754
0.000282477
0.000296893
0.000307335
0.000316661
0.000324373
0.000319101
0.000309707
0.00048044
0.000509512
0.000434874
0.000350874
0.000279118
0.000299752
0.00034195
0.000388635
0.000379478
0.000307272
0.000262226
0.000267402
0.00032179
0.000385881
0.000436646
0.000464798
0.000483854
0.000486401
0.000333236
0.000318459
0.000575802
0.000665217
0.000587003
0.000438686
0.000356266
0.000351548
0.000384995
0.000462965
0.000471501
0.000392531
0.000329636
0.000318763
0.000346578
0.000397709
0.000450764
0.000495584
0.000552467
0.000579131
0.000342438
0.000331394
0.000625948
0.000734749
0.000684709
0.000517543
0.000420871
0.000377642
0.000366316
0.000403501
0.000482119
0.000452853
0.000379929
0.000357215
0.000371404
0.000401061
0.000438722
0.000491792
0.000611615
0.000657914
0.000348065
0.000347402
0.000656206
0.000770567
0.000739121
0.000575562
0.000469384
0.0004045
0.000359222
0.000349563
0.000389377
0.000400821
0.000358705
0.000352524
0.000372452
0.000396184
0.000421229
0.000486667
0.00064566
0.000703814
0.000352392
0.000362923
0.000669979
0.000787563
0.000777316
0.000633548
0.000526282
0.000451363
0.000385074
0.000340813
0.000337532
0.000346396
0.000337669
0.000345967
0.000371221
0.000398237
0.000431544
0.000517313
0.000668716
0.000704245
0.000356804
0.000377302
0.00066635
0.00078669
0.000805293
0.000716342
0.000630457
0.000557837
0.000476356
0.000403868
0.000369124
0.000366155
0.000370991
0.000389981
0.000421034
0.000454828
0.00049832
0.000576854
0.000680738
0.000663435
0.000362686
0.000391796
0.00063876
0.000774384
0.000864758
0.000838918
0.000796915
0.00074496
0.00066579
0.000569019
0.000500726
0.000479339
0.000489737
0.000520383
0.000561055
0.000597335
0.000628843
0.000668932
0.000677633
0.000610749
0.000370665
0.000408947
0.000590094
0.000748465
0.000898947
0.000992929
0.00101002
0.000991886
0.000915469
0.000796648
0.000686714
0.000654641
0.00068096
0.00072952
0.000776762
0.000804241
0.000809071
0.000773379
0.000677499
0.000564171
0.000382509
0.000428654
0.000460674
0.000487339
0.000509897
0.000530745
0.0005488
0.000561415
0.000566634
0.000563473
0.000550407
0.000538439
0.000533981
0.000527714
0.000518373
0.000505738
0.000490271
0.000473003
0.000453728
0.000429463
0.000397286
0.000294148
0.000299754
0.000294494
0.000281227
0.000251871
0.000168332
0.000161711
0.000152606
0.000143774
0.000141768
0.000143923
0.000158265
0.00021756
0.000259836
0.000281892
0.000295911
0.000306157
0.000315008
0.000320803
0.000313089
0.00028021
0.000420438
0.000434874
0.000383816
0.000322975
0.000283492
0.000311959
0.000360047
0.000431187
0.000428842
0.000340908
0.000280369
0.00028216
0.000334222
0.000396266
0.00045203
0.000495078
0.000512975
0.000497242
0.000325226
0.000275956
0.000521669
0.000587003
0.000514874
0.000405993
0.000360022
0.000380954
0.000415951
0.000507033
0.000530299
0.000435684
0.000359073
0.000343979
0.000378209
0.00044344
0.000515366
0.000576095
0.000619734
0.000610097
0.00033616
0.000305323
0.00058542
0.000684709
0.000632088
0.000501847
0.000434142
0.00041547
0.000423072
0.000473713
0.000569121
0.000521206
0.000432799
0.000402171
0.000420172
0.000471507
0.000542082
0.000622141
0.000705246
0.00070669
0.000344647
0.000333674
0.000630435
0.000739121
0.000711518
0.000583254
0.000497671
0.000449763
0.000419932
0.000426108
0.000500248
0.000527206
0.000454612
0.000428567
0.000443928
0.000477821
0.000527713
0.000610424
0.000749205
0.000771469
0.000352111
0.000359895
0.000683565
0.000777316
0.00076106
0.000647102
0.000555238
0.000491721
0.000439108
0.00040849
0.000430558
0.000468503
0.000436609
0.000424952
0.000445221
0.00047173
0.000507314
0.000594043
0.00076133
0.00079112
0.000359724
0.000381602
0.000721003
0.000805293
0.000799852
0.00071618
0.000639706
0.000580231
0.000519407
0.000462002
0.000437224
0.000448689
0.000446593
0.000453271
0.000479354
0.000503194
0.000531663
0.00061142
0.000749298
0.000745316
0.000369057
0.00040147
0.000713503
0.000864758
0.000884759
0.000849573
0.00080791
0.0007656
0.000703478
0.000616434
0.000539132
0.000513524
0.000527277
0.000564462
0.000608865
0.000636602
0.000655235
0.00070288
0.000750831
0.000676465
0.000380147
0.000422787
0.000651214
0.000898947
0.00102928
0.00108368
0.00112712
0.00113703
0.00107919
0.000956858
0.0008211
0.000773204
0.000809149
0.000871971
0.000921089
0.000930296
0.000906105
0.000883553
0.000801691
0.000626713
0.000395567
0.000445654
0.000480911
0.000509897
0.000535178
0.000560496
0.000583415
0.000600466
0.000609991
0.000611071
0.000601842
0.000585172
0.000577036
0.00056714
0.000553904
0.00053691
0.000516639
0.000495099
0.000473157
0.000446628
0.000412096
0.000268901
0.000273956
0.000269626
0.000251871
0.000225428
0.000160947
0.00016846
0.000159281
0.000152561
0.000151508
0.000150625
0.000160096
0.000211996
0.000252219
0.00027333
0.000286815
0.000296261
0.000303098
0.000307092
0.000299638
0.000258025
0.000342497
0.000350874
0.000322975
0.00028844
0.000290238
0.000318984
0.000371576
0.00046952
0.000480154
0.000367627
0.000291789
0.000282129
0.000321384
0.000369976
0.000416159
0.000457584
0.000482721
0.000464348
0.00030626
0.000249676
0.000394188
0.000438686
0.000405993
0.000358156
0.00035728
0.000390998
0.000429107
0.000544284
0.000585777
0.000470482
0.000374025
0.000351083
0.000377384
0.000434084
0.00050322
0.000571001
0.00061791
0.000594097
0.000321044
0.000254452
0.000429293
0.000517543
0.000501847
0.000442095
0.000423096
0.000434882
0.000461398
0.000535946
0.000649592
0.000574179
0.000461307
0.000422121
0.000437212
0.000491726
0.000572108
0.000662543
0.000734854
0.000712683
0.000335934
0.000316413
0.000483942
0.000575562
0.000583254
0.000524916
0.000488338
0.000471939
0.000465956
0.000496157
0.000606003
0.000623785
0.000522093
0.000478484
0.00048766
0.000529602
0.000600937
0.000698341
0.000802925
0.000801968
0.000348931
0.000354421
0.000579179
0.000633548
0.000647102
0.000597834
0.000551808
0.000516422
0.000486357
0.000479481
0.000539228
0.000603508
0.000544913
0.000508425
0.000519119
0.000548435
0.000598187
0.000688633
0.00082852
0.000851306
0.000360904
0.000383792
0.000733447
0.000716342
0.00071618
0.000681301
0.000641428
0.00060335
0.000562698
0.000527882
0.000532129
0.00057568
0.00056601
0.000548603
0.000563077
0.000583816
0.000611807
0.000688564
0.00081816
0.000813406
0.000373584
0.000408724
0.000765315
0.000838918
0.000849573
0.000833039
0.000807439
0.000775876
0.000723783
0.000646534
0.000577117
0.000564346
0.00058284
0.000619667
0.00066407
0.000689656
0.000705426
0.000753942
0.000815366
0.000727905
0.000387475
0.000433514
0.000697878
0.000992929
0.00108368
0.00116422
0.00123848
0.00126178
0.00119345
0.00104287
0.000877002
0.000829453
0.000889702
0.00097784
0.00103536
0.00103338
0.000988767
0.000948429
0.000886333
0.000670577
0.000406004
0.000458913
0.000498351
0.000530745
0.000560496
0.00059048
0.000617545
0.00063891
0.000653235
0.0006598
0.000656516
0.000635235
0.000622512
0.000608037
0.000590186
0.000568547
0.000543685
0.000517551
0.000491876
0.000462314
0.000424666
0.000144836
0.00017388
0.000172483
0.000168332
0.000160947
0.000168598
0.000169898
0.000163942
0.000161997
0.000161565
0.000156601
0.000161588
0.000197034
0.000234727
0.000254102
0.000267592
0.000277014
0.000282566
0.000283896
0.000278257
0.000173507
0.00025714
0.000279118
0.000283492
0.000290238
0.000304715
0.000338483
0.00039989
0.000507593
0.000516698
0.000384732
0.000295451
0.000274485
0.000291342
0.000318907
0.000345748
0.000368795
0.000379767
0.0003593
0.000267266
0.000206418
0.000314529
0.000356266
0.000360022
0.00035728
0.00037897
0.000404427
0.000454726
0.000587741
0.000611313
0.000479678
0.000377032
0.000342932
0.000346096
0.000369545
0.000403488
0.000441147
0.000467939
0.000455825
0.000292816
0.000243087
0.000355548
0.000420871
0.000434142
0.000423096
0.000432107
0.00045647
0.000493732
0.000596558
0.000678151
0.000585653
0.000466196
0.000415582
0.000410358
0.000432706
0.000477568
0.000538961
0.000600218
0.000616074
0.000322476
0.000305521
0.000408412
0.000469384
0.000497671
0.000488338
0.00048363
0.000489252
0.000507402
0.000566633
0.000668927
0.000662108
0.000547908
0.000487384
0.000478452
0.000499741
0.000552201
0.000636533
0.000732384
0.000764579
0.000344048
0.000348573
0.000499847
0.000526282
0.000555238
0.000551808
0.000539887
0.000528939
0.000525287
0.000551536
0.000623016
0.000680858
0.000604802
0.00054631
0.000539943
0.000558371
0.000605355
0.000693767
0.000814328
0.000871683
0.00036071
0.000382827
0.000688157
0.000630457
0.000639706
0.000641428
0.000630168
0.000611824
0.00059327
0.000589067
0.000615233
0.000669096
0.000645989
0.000605461
0.000606876
0.000622902
0.000654105
0.000726276
0.000848071
0.000861335
0.000376357
0.000412249
0.000773727
0.000796915
0.00080791
0.000807439
0.000798597
0.000776717
0.000730387
0.000662864
0.000609924
0.000615709
0.000631028
0.000660804
0.000699046
0.00072237
0.000743652
0.000795572
0.000857916
0.000762402
0.000392354
0.000440493
0.000722844
0.00101002
0.00112712
0.00123848
0.00132948
0.00133701
0.00122887
0.00104333
0.000859606
0.000835755
0.000929871
0.00105173
0.00112206
0.00111379
0.0010526
0.000994344
0.000938523
0.000691971
0.000413219
0.000468494
0.000512296
0.0005488
0.000583415
0.000617545
0.000648695
0.000675
0.000695665
0.000710766
0.000717547
0.000690894
0.000670863
0.000649705
0.000625932
0.000598993
0.000569272
0.000538528
0.000508786
0.000475968
0.000434993
0.000118219
0.000139644
0.000151658
0.000161711
0.00016846
0.000169898
0.000166993
0.000165431
0.000170396
0.000172679
0.000163486
0.000163366
0.000175878
0.000196562
0.000202964
0.000211063
0.000225194
0.000237546
0.000240457
0.000226756
0.000133443
0.000266034
0.000299752
0.000311959
0.000318984
0.000338483
0.000375118
0.000436176
0.000524413
0.000523357
0.00039733
0.00030658
0.000276583
0.000264817
0.00026787
0.000276509
0.000285061
0.000284961
0.000263367
0.000204957
0.000181054
0.000292251
0.000351548
0.000380954
0.000390998
0.000404427
0.000431457
0.000497493
0.000588037
0.000565818
0.000465745
0.000378266
0.000340426
0.000324849
0.000319597
0.000320673
0.000323769
0.000324203
0.000313885
0.000260289
0.000231901
0.00031157
0.000377642
0.00041547
0.000434882
0.00045647
0.000483359
0.000536202
0.000610729
0.000599685
0.000543356
0.000460746
0.000406168
0.000383835
0.000375207
0.000376817
0.000388868
0.000409953
0.000428195
0.000306589
0.000292517
0.000353662
0.0004045
0.000449763
0.000471939
0.000489252
0.000514234
0.000558485
0.000609904
0.000611011
0.000602496
0.000540422
0.000477118
0.000450694
0.000443948
0.000456079
0.000495063
0.000564548
0.000642085
0.000336566
0.000339944
0.000433874
0.000451363
0.000491721
0.000516422
0.000528939
0.000542859
0.000573018
0.000601815
0.000599723
0.000631381
0.000606041
0.000547185
0.000523657
0.000522021
0.000543695
0.000604594
0.000712388
0.000830594
0.000358219
0.000377885
0.00060905
0.000557837
0.000580231
0.00060335
0.000611824
0.000614744
0.000626891
0.000637157
0.000615177
0.000647917
0.000659845
0.000619063
0.000607819
0.000614032
0.000636331
0.000695198
0.000802851
0.000870709
0.00037658
0.000410857
0.000755641
0.00074496
0.0007656
0.000775876
0.000776717
0.000760729
0.000725254
0.000687409
0.000643259
0.000644329
0.000646651
0.000666539
0.000699206
0.000721194
0.000743319
0.000797565
0.000856342
0.000766094
0.000394341
0.000442243
0.000720849
0.000991886
0.00113703
0.00126178
0.00133701
0.00130323
0.0011636
0.00100621
0.000883527
0.000858938
0.000929216
0.00106889
0.00115508
0.0011532
0.00108924
0.00101632
0.000946565
0.000690039
0.000417311
0.000474096
0.000521341
0.000561415
0.000600466
0.00063891
0.000675
0.000707936
0.000738654
0.000768419
0.000792714
0.000757596
0.000723487
0.000691417
0.000659518
0.000626391
0.000591749
0.000556632
0.000522993
0.000487017
0.000442961
0.000114047
0.000132802
0.000144467
0.000152606
0.000159281
0.000163942
0.000165431
0.000170261
0.000182619
0.000186853
0.000174187
0.000169524
0.000170729
0.000170452
0.00016897
0.000168595
0.000166376
0.000163585
0.00015938
0.000151485
0.000137214
0.000304145
0.00034195
0.000360047
0.000371576
0.00039989
0.000436176
0.000472199
0.000520424
0.000463609
0.000382023
0.000342651
0.000314303
0.000293801
0.000281336
0.000276843
0.000267546
0.00024995
0.000219758
0.000175899
0.000152587
0.000312886
0.000384995
0.000415951
0.000429107
0.000454726
0.000497493
0.000532396
0.000550079
0.000453502
0.000382844
0.000387445
0.000371862
0.000353587
0.000340089
0.000324739
0.000300148
0.000276043
0.000264807
0.000250069
0.000198006
0.000287677
0.000366316
0.000423072
0.000461398
0.000493732
0.000536202
0.000573114
0.00059333
0.000523024
0.000425884
0.00043223
0.000425099
0.000401112
0.0003808
0.000359467
0.000339861
0.000334268
0.000350351
0.000297524
0.000272798
0.000304622
0.000359222
0.000419932
0.000465956
0.000507402
0.000558485
0.000601019
0.000641991
0.000627587
0.000497073
0.000474946
0.000481543
0.000452883
0.000433004
0.000422016
0.000427429
0.000465394
0.000539095
0.000329111
0.0003276
0.000366362
0.000385074
0.000439108
0.000486357
0.000525287
0.000573018
0.000608721
0.000664452
0.000733927
0.000584882
0.000513865
0.000542007
0.000518562
0.000504553
0.000507016
0.000539208
0.000623657
0.00076251
0.000352782
0.000368973
0.000508132
0.000476356
0.000519407
0.000562698
0.00059327
0.000626891
0.000655165
0.000704833
0.000826742
0.000682006
0.000575691
0.000612625
0.00060239
0.000601071
0.000613452
0.000652669
0.000738356
0.000842036
0.000372933
0.000404423
0.000718466
0.00066579
0.000703478
0.000723783
0.000730387
0.000725254
0.000730895
0.000785792
0.000908688
0.000776895
0.000635167
0.000649179
0.000676534
0.000699937
0.000723562
0.000771774
0.000822291
0.000743543
0.000392557
0.000438056
0.000686978
0.000915469
0.00107919
0.00119345
0.00122887
0.0011636
0.00106206
0.00107307
0.00116161
0.00105072
0.000924883
0.00100557
0.00110959
0.00113485
0.00108585
0.00100788
0.000921057
0.000669759
0.000417721
0.000475402
0.000524392
0.000566634
0.000609991
0.000653235
0.000695665
0.000738654
0.000785439
0.000838555
0.000889272
0.000842096
0.000782108
0.000731979
0.000688765
0.000648469
0.000608851
0.000569728
0.000532665
0.000494209
0.000447916
0.000110578
0.000126425
0.000135743
0.000143774
0.000152561
0.000161997
0.000170396
0.000182619
0.000195804
0.000201352
0.000189105
0.0001889
0.000184643
0.000178484
0.000172311
0.00016613
0.000161073
0.000156927
0.000150709
0.000142805
0.000136776
0.000334828
0.000388635
0.000431187
0.00046952
0.000507593
0.000524413
0.000520424
0.000502336
0.000540888
0.000478169
0.000418994
0.00043618
0.00041377
0.000375464
0.000338305
0.000307624
0.000282338
0.000235095
0.000177328
0.000148464
0.00039382
0.000462965
0.000507033
0.000544284
0.000587741
0.000588037
0.000550079
0.000582733
0.00079795
0.000663291
0.000415697
0.000451104
0.000455235
0.000411381
0.000363814
0.00031803
0.000279914
0.00026003
0.000245811
0.000168575
0.000305966
0.000403501
0.000473713
0.000535946
0.000596558
0.000610729
0.00059333
0.00072697
0.00108183
0.000869432
0.000455906
0.000449902
0.000467168
0.00042128
0.000371706
0.00033123
0.000313341
0.000326232
0.000291549
0.000239519
0.000278271
0.000349563
0.000426108
0.000496157
0.000566633
0.000609904
0.000641991
0.000892583
0.00135966
0.00107356
0.000516751
0.000468502
0.000494946
0.000455864
0.000418316
0.000400368
0.000422702
0.000497071
0.000322383
0.000311599
0.0003178
0.000340813
0.00040849
0.000479481
0.000551536
0.000601815
0.000664452
0.00104918
0.00160622
0.0012646
0.000592463
0.000490987
0.000543528
0.000517912
0.000496755
0.000502888
0.000568765
0.000716138
0.000345844
0.00035635
0.000429301
0.000403868
0.000462002
0.000527882
0.000589067
0.000637157
0.000704833
0.00117962
0.00178867
0.00142254
0.000686342
0.000553896
0.000615866
0.000608485
0.000604999
0.000622049
0.000687299
0.000808354
0.000366104
0.000393115
0.000657623
0.000569019
0.000616434
0.000646534
0.000662864
0.000687409
0.000785792
0.00130295
0.00186253
0.00155325
0.000788564
0.000622912
0.000648995
0.000673392
0.000697974
0.000738219
0.000778783
0.000717195
0.000386262
0.00042869
0.000630447
0.000796648
0.000956858
0.00104287
0.00104333
0.00100621
0.00107307
0.00142048
0.00173802
0.00155325
0.00107639
0.000921923
0.000987592
0.00104537
0.00102802
0.000961477
0.000869145
0.000640793
0.000412838
0.000472242
0.000521015
0.000563473
0.000611071
0.0006598
0.000710766
0.000768419
0.000838555
0.000923364
0.000993593
0.000943813
0.000848373
0.00077112
0.000711818
0.000662748
0.000617933
0.000575135
0.000535331
0.000495761
0.000448411
0.000107688
0.000123719
0.00013353
0.000141768
0.000151508
0.000161565
0.000172679
0.000186853
0.000201352
0.000374849
0.000367534
0.000205567
0.000197627
0.000186756
0.000177053
0.000169626
0.000164543
0.000160284
0.000152408
0.000143093
0.000134476
0.00032322
0.000379478
0.000428842
0.000480154
0.000516698
0.000523357
0.000463609
0.000540888
0.000384612
0.000405009
0.000538001
0.00044954
0.000455947
0.000409961
0.000361286
0.000320984
0.000289967
0.000238731
0.000185719
0.000149348
0.000397922
0.000471501
0.000530299
0.000585777
0.000611313
0.000565818
0.000453502
0.00079795
0.000551951
0.000578369
0.000704401
0.000447242
0.000514462
0.000457449
0.000383817
0.000327546
0.00029067
0.000271787
0.00024958
0.000153406
0.000360398
0.000482119
0.000569121
0.000649592
0.000678151
0.000599685
0.000523024
0.00108183
0.000712597
0.000753598
0.000877851
0.000441069
0.000528491
0.000472571
0.000392567
0.000343537
0.000326566
0.000338695
0.000290335
0.000228281
0.000285054
0.000389377
0.000500248
0.000606003
0.000668927
0.000611011
0.000627587
0.00135966
0.000871943
0.000938483
0.00104893
0.000457991
0.000545235
0.000513313
0.000437642
0.00040225
0.00042326
0.000503421
0.000318827
0.000300226
0.000305044
0.000337532
0.000430558
0.000539228
0.000623016
0.000599723
0.000733927
0.00160622
0.00102885
0.00113175
0.00120085
0.000487702
0.000566703
0.000569365
0.000511034
0.000488516
0.000547357
0.000710177
0.000340926
0.000343973
0.000396131
0.000369124
0.000437224
0.000532129
0.000615233
0.000615177
0.000826742
0.00178867
0.00117179
0.00131972
0.00131216
0.000547956
0.000625396
0.000645594
0.000613643
0.000602931
0.000655917
0.000787923
0.00036021
0.000379375
0.000614977
0.000500726
0.000539132
0.000577117
0.000609924
0.000643259
0.000908688
0.00186253
0.00129122
0.00147593
0.00136586
0.000627526
0.000641801
0.00066445
0.000679725
0.000708143
0.000742667
0.00069912
0.000379494
0.000413602
0.000571918
0.000686714
0.0008211
0.000877002
0.000859606
0.000883527
0.00116161
0.00173802
0.00140399
0.00157039
0.00138637
0.000937163
0.000868802
0.000936097
0.000947601
0.000897806
0.000811247
0.000609593
0.000405021
0.000461558
0.000509135
0.000550407
0.000601842
0.000656516
0.000717547
0.000792714
0.000889272
0.000993593
0.000931689
0.000980662
0.000909074
0.000806645
0.000727742
0.000668216
0.000617746
0.000571339
0.000529171
0.000489603
0.000442715
0.000105791
0.000123108
0.000134475
0.000143923
0.000150625
0.000156601
0.000163486
0.000174187
0.000189105
0.000367534
0.000407178
0.000212425
0.000205888
0.000200064
0.000196975
0.000195064
0.000192081
0.000185375
0.000170382
0.000145628
0.000129882
0.00026772
0.000307272
0.000340908
0.000367627
0.000384732
0.00039733
0.000382023
0.000478169
0.000405009
0.000435736
0.000459755
0.00038707
0.000375332
0.000349496
0.000320073
0.000287664
0.000259205
0.000230601
0.000197769
0.000143695
0.000338078
0.000392531
0.000435684
0.000470482
0.000479678
0.000465745
0.000382844
0.000663291
0.000578369
0.000607392
0.000563935
0.000456453
0.000470517
0.0004252
0.000367243
0.000317578
0.000289478
0.000282384
0.000256769
0.000152671
0.000347299
0.000452853
0.000521206
0.000574179
0.000585653
0.000543356
0.000425884
0.000869432
0.000753598
0.000796253
0.000666721
0.000484003
0.000539771
0.000478867
0.000401914
0.000352054
0.000343001
0.000362721
0.000293051
0.000236562
0.000287516
0.000400821
0.000527206
0.000623785
0.000662108
0.000602496
0.000497073
0.00107356
0.000938483
0.00100627
0.000788713
0.000507234
0.000609906
0.000550073
0.00046111
0.000413232
0.000440202
0.000535154
0.000319661
0.000302308
0.00031013
0.000346396
0.000468503
0.000603508
0.000680858
0.000631381
0.000584882
0.0012646
0.00113175
0.00122865
0.000924658
0.000550606
0.000683782
0.000644319
0.000552366
0.000495379
0.000548626
0.00073574
0.000340977
0.000343612
0.000397469
0.000366155
0.000448689
0.00057568
0.000669096
0.000647917
0.000682006
0.00142254
0.00131972
0.00144056
0.00105417
0.000634429
0.000742241
0.000725595
0.000658863
0.000610208
0.000646868
0.000770761
0.000360131
0.000377126
0.000603498
0.000479339
0.000513524
0.000564346
0.000615709
0.000644329
0.000776895
0.00155325
0.00147593
0.0016213
0.00113657
0.00070427
0.000718522
0.000715894
0.000700662
0.000702665
0.000727808
0.000684355
0.000379895
0.000409467
0.000545791
0.000654641
0.000773204
0.000829453
0.000835755
0.000858938
0.00105072
0.00155325
0.00157039
0.00166661
0.00124169
0.000943088
0.000910584
0.000954035
0.00095012
0.000893603
0.000805018
0.000600585
0.000406506
0.000455328
0.000499986
0.000538439
0.000585172
0.000635235
0.000690894
0.000757596
0.000842096
0.000943813
0.000980662
0.0010002
0.000888808
0.000793387
0.000721157
0.000664573
0.000615872
0.00057113
0.000530567
0.000491593
0.000445207
0.000108082
0.000129007
0.000147888
0.000158265
0.000160096
0.000161588
0.000163366
0.000169524
0.0001889
0.000205567
0.000212425
0.000217178
0.000222302
0.000226382
0.000229678
0.00023127
0.000229596
0.000222884
0.000208798
0.000183931
0.000133344
0.000230185
0.000262226
0.000280369
0.000291789
0.000295451
0.00030658
0.000342651
0.000418994
0.000538001
0.000459755
0.000356793
0.000337967
0.000331248
0.000325929
0.000314519
0.000292943
0.000264259
0.000237542
0.000209165
0.000144806
0.000285822
0.000329636
0.000359073
0.000374025
0.000377032
0.000378266
0.000387445
0.000415697
0.000704401
0.000563935
0.000428032
0.000436102
0.000419949
0.000396414
0.000360851
0.000320841
0.000295663
0.000293926
0.00026471
0.000159325
0.00029111
0.000379929
0.000432799
0.000461307
0.000466196
0.000460746
0.00043223
0.000455906
0.000877851
0.000666721
0.000461115
0.000521287
0.000503381
0.000463545
0.000409515
0.000364996
0.000361111
0.000392366
0.000298275
0.000250157
0.000279307
0.000358705
0.000454612
0.000522093
0.000547908
0.000540422
0.000474946
0.000516751
0.00104893
0.000788713
0.000490119
0.000593176
0.000590264
0.000543082
0.000477652
0.00043103
0.000463105
0.000580266
0.000323706
0.000307384
0.000316564
0.000337669
0.000436609
0.000544913
0.000604802
0.000606041
0.000513865
0.000592463
0.00120085
0.000924658
0.000541547
0.000658467
0.000686847
0.000646579
0.000579693
0.000520656
0.000566061
0.000776325
0.000344614
0.00034636
0.000411382
0.000370991
0.000446593
0.00056601
0.000645989
0.000659845
0.000575691
0.000686342
0.00131216
0.00105417
0.000653575
0.000734754
0.000770277
0.000749416
0.000701494
0.000647085
0.000661774
0.000757766
0.000364015
0.000378464
0.000609875
0.000489737
0.000527277
0.00058284
0.000631028
0.000646651
0.000635167
0.000788564
0.00136586
0.00113657
0.000763569
0.000766431
0.000786441
0.000787956
0.000760562
0.000735718
0.000743499
0.000688338
0.000385015
0.000409652
0.000550341
0.00068096
0.000809149
0.000889702
0.000929871
0.000929216
0.000924883
0.00107639
0.00138637
0.00124169
0.00100755
0.00100245
0.00106701
0.00109222
0.00105106
0.000965891
0.00086035
0.00062973
0.000412763
0.00045297
0.000496359
0.000533981
0.000577036
0.000622512
0.000670863
0.000723487
0.000782108
0.000848373
0.000909074
0.000888808
0.000817829
0.0007563
0.000704242
0.000658094
0.0006149
0.000573419
0.000534638
0.000495591
0.000449196
0.000126383
0.000185023
0.000210595
0.00021756
0.000211996
0.000197034
0.000175878
0.000170729
0.000184643
0.000197627
0.000205888
0.000222302
0.000237373
0.000248374
0.000255816
0.00025976
0.000259793
0.000255166
0.000245127
0.000230218
0.000164821
0.000235917
0.000267402
0.00028216
0.000282129
0.000274485
0.000276583
0.000314303
0.00043618
0.00044954
0.00038707
0.000337967
0.000332873
0.000346502
0.000358823
0.000359955
0.000344604
0.000313017
0.000274132
0.000229237
0.000162993
0.000275112
0.000318763
0.000343979
0.000351083
0.000342932
0.000340426
0.000371862
0.000451104
0.000447242
0.000456453
0.000436102
0.000415019
0.000414153
0.000412133
0.000394269
0.000360792
0.000329493
0.000320079
0.000274441
0.000180259
0.00028819
0.000357215
0.000402171
0.000422121
0.000415582
0.000406168
0.000425099
0.000449902
0.000441069
0.000484003
0.000521287
0.000497826
0.000484126
0.000469085
0.000438319
0.000402111
0.000397934
0.000441627
0.000305752
0.000261998
0.000292483
0.000352524
0.000428567
0.000478484
0.000487384
0.000477118
0.000481543
0.000468502
0.000457991
0.000507234
0.000593176
0.000580807
0.000560194
0.00053687
0.000499499
0.000466944
0.000502748
0.000639757
0.000330236
0.000313203
0.000333429
0.000345967
0.000424952
0.000508425
0.00054631
0.000547185
0.000542007
0.000490987
0.000487702
0.000550606
0.000658467
0.000666832
0.000648172
0.000625863
0.000589045
0.000554626
0.000603324
0.000808331
0.000350712
0.000349921
0.000435693
0.000389981
0.000453271
0.000548603
0.000605461
0.000619063
0.000612625
0.000553896
0.000547956
0.000634429
0.000734754
0.000742333
0.000736054
0.000730459
0.000709779
0.000681223
0.000701802
0.000760874
0.000370426
0.000380565
0.00062634
0.000520383
0.000564462
0.000619667
0.000660804
0.000666539
0.000649179
0.000622912
0.000627526
0.00070427
0.000766431
0.000788276
0.000811033
0.000823728
0.000813015
0.000789753
0.000786533
0.000709959
0.000392435
0.000410325
0.000568809
0.00072952
0.000871971
0.00097784
0.00105173
0.00106889
0.00100557
0.000921923
0.000937163
0.000943088
0.00100245
0.00113099
0.00121906
0.00122678
0.0011656
0.00106359
0.000945701
0.000678299
0.000420482
0.000450011
0.000491584
0.000527714
0.00056714
0.000608037
0.000649705
0.000691417
0.000731979
0.00077112
0.000806645
0.000793387
0.0007563
0.000719249
0.000683048
0.00064681
0.000610003
0.000572753
0.000536387
0.000497967
0.000452008
0.000230552
0.000249353
0.000258754
0.000259836
0.000252219
0.000234727
0.000196562
0.000170452
0.000178484
0.000186756
0.000200064
0.000226382
0.000248374
0.000263697
0.000273718
0.000279434
0.000281077
0.000278197
0.000270016
0.000256129
0.000213415
0.000285517
0.00032179
0.000334222
0.000321384
0.000291342
0.000264817
0.000293801
0.00041377
0.000455947
0.000375332
0.000331248
0.000346502
0.000381398
0.000412546
0.0004281
0.000421323
0.000389777
0.000336194
0.000250679
0.000191392
0.000295001
0.000346578
0.000378209
0.000377384
0.000346096
0.000324849
0.000353587
0.000455235
0.000514462
0.000470517
0.000419949
0.000414153
0.000437356
0.000460885
0.000463412
0.000439083
0.000401409
0.000372744
0.000286304
0.000198671
0.000307554
0.000371404
0.000420172
0.000437212
0.000410358
0.000383835
0.000401112
0.000467168
0.000528491
0.000539771
0.000503381
0.000484126
0.00049321
0.000508629
0.000505801
0.000483794
0.000476058
0.000515108
0.000315151
0.000272191
0.000318206
0.000372452
0.000443928
0.00048766
0.000478452
0.000450694
0.000452883
0.000494946
0.000545235
0.000609906
0.000590264
0.000560194
0.000554904
0.000560558
0.000555665
0.000545993
0.000583385
0.000710582
0.000338382
0.00031902
0.00035948
0.000371221
0.000445221
0.000519119
0.000539943
0.000523657
0.000518562
0.000543528
0.000566703
0.000683782
0.000686847
0.000648172
0.000632316
0.000629842
0.00062276
0.000618743
0.000678357
0.000847179
0.000358025
0.000353353
0.000469388
0.000421034
0.000479354
0.000563077
0.000606876
0.000607819
0.00060239
0.000615866
0.000625396
0.000742241
0.000770277
0.000736054
0.000727016
0.000729662
0.000728065
0.000727901
0.000770495
0.000786668
0.00037747
0.000382234
0.000646722
0.000561055
0.000608865
0.00066407
0.000699046
0.000699206
0.000676534
0.000648995
0.000641801
0.000718522
0.000786441
0.000811033
0.000829197
0.000840282
0.000842801
0.000843245
0.000840445
0.000735271
0.000399195
0.000410072
0.000588852
0.000776762
0.000921089
0.00103536
0.00112206
0.00115508
0.00110959
0.000987592
0.000868802
0.000910584
0.00106701
0.00121906
0.00129471
0.00128471
0.00121798
0.0011228
0.000990475
0.000713705
0.000426191
0.000445562
0.000484569
0.000518373
0.000553904
0.000590186
0.000625932
0.000659518
0.000688765
0.000711818
0.000727742
0.000721157
0.000704242
0.000683048
0.000658206
0.000629988
0.000599103
0.000566426
0.00053314
0.000496541
0.000452093
0.000263971
0.000276059
0.000282477
0.000281892
0.00027333
0.000254102
0.000202964
0.00016897
0.000172311
0.000177053
0.000196975
0.000229678
0.000255816
0.000273718
0.00028554
0.000292856
0.000296229
0.000295219
0.000288637
0.000273768
0.00023865
0.000341398
0.000385881
0.000396266
0.000369976
0.000318907
0.00026787
0.000281336
0.000375464
0.000409961
0.000349496
0.000325929
0.000358823
0.000412546
0.00046219
0.000493257
0.000497053
0.00046957
0.000404313
0.000272529
0.000214108
0.000325091
0.000397709
0.00044344
0.000434084
0.000369545
0.000319597
0.000340089
0.000411381
0.000457449
0.0004252
0.000396414
0.000412133
0.000460885
0.000514693
0.000546338
0.000541513
0.00050665
0.000458235
0.000299067
0.000215396
0.000325806
0.000401061
0.000471507
0.000491726
0.000432706
0.000375207
0.0003808
0.00042128
0.000472571
0.000478867
0.000463545
0.000469085
0.000508629
0.000564689
0.000604948
0.000612049
0.00060278
0.000598643
0.000325141
0.000282457
0.000342473
0.000396184
0.000477821
0.000529602
0.000499741
0.000443948
0.000433004
0.000455864
0.000513313
0.000550073
0.000543082
0.00053687
0.000560558
0.000608613
0.00065294
0.00067994
0.000715929
0.000777201
0.000346511
0.000324756
0.000389943
0.000398237
0.00047173
0.000548435
0.000558371
0.000522021
0.000504553
0.000517912
0.000569365
0.000644319
0.000646579
0.000625863
0.000629842
0.000660887
0.000699212
0.000735705
0.000796663
0.000885714
0.000364662
0.000356206
0.000515142
0.000454828
0.000503194
0.000583816
0.000622902
0.000614032
0.000601071
0.000608485
0.000645594
0.000725595
0.000749416
0.000730459
0.000729662
0.000747693
0.000774799
0.000808797
0.000867112
0.000822482
0.000382775
0.000382655
0.000661583
0.000597335
0.000636602
0.000689656
0.00072237
0.000721194
0.000699937
0.000673392
0.00066445
0.000715894
0.000787956
0.000823728
0.000840282
0.00085294
0.000870407
0.000897249
0.000893606
0.000752074
0.000402676
0.000408023
0.00059962
0.000804241
0.000930296
0.00103338
0.00111379
0.0011532
0.00113485
0.00104537
0.000936097
0.000954035
0.00109222
0.00122678
0.00128471
0.00126296
0.00119962
0.00112413
0.000985787
0.00071883
0.000427123
0.000439321
0.000475057
0.000505738
0.00053691
0.000568547
0.000598993
0.000626391
0.000648469
0.000662748
0.000668216
0.000664573
0.000658094
0.00064681
0.000629988
0.000607998
0.00058214
0.000553865
0.00052428
0.000490517
0.000448735
0.00027849
0.000290737
0.000296893
0.000295911
0.000286815
0.000267592
0.000211063
0.000168595
0.00016613
0.000169626
0.000195064
0.00023127
0.00025976
0.000279434
0.000292856
0.000301947
0.000307535
0.000308649
0.000303359
0.000286953
0.000249619
0.00038029
0.000436646
0.00045203
0.000416159
0.000345748
0.000276509
0.000276843
0.000338305
0.000361286
0.000320073
0.000314519
0.000359955
0.0004281
0.000493257
0.000536913
0.00054569
0.000526024
0.000461131
0.000290856
0.00021766
0.000351257
0.000450764
0.000515366
0.00050322
0.000403488
0.000320673
0.000324739
0.000363814
0.000383817
0.000367243
0.000360851
0.000394269
0.000463412
0.000546338
0.000613774
0.000640893
0.000621996
0.000551692
0.00031143
0.000239072
0.000342604
0.000438722
0.000542082
0.000572108
0.000477568
0.000376817
0.000359467
0.000371706
0.000392567
0.000401914
0.000409515
0.000438319
0.000505801
0.000604948
0.000701362
0.000753618
0.000747509
0.00068317
0.00033396
0.000294082
0.00036429
0.000421229
0.000527713
0.000600937
0.000552201
0.000456079
0.000422016
0.000418316
0.000437642
0.00046111
0.000477652
0.000499499
0.000555665
0.00065294
0.000760885
0.000835671
0.000859423
0.000814315
0.000352488
0.000330652
0.000430119
0.000431544
0.000507314
0.000598187
0.000605355
0.000543695
0.000507016
0.000496755
0.000511034
0.000552366
0.000579693
0.000589045
0.00062276
0.000699212
0.000799223
0.000884199
0.000930602
0.000884625
0.000368324
0.000358213
0.0005716
0.00049832
0.000531663
0.000611807
0.000654105
0.000636331
0.000613452
0.000604999
0.000613643
0.000658863
0.000701494
0.000709779
0.000728065
0.000774799
0.000847986
0.000922675
0.000965306
0.000834581
0.000384045
0.00038123
0.000661445
0.000628843
0.000655235
0.000705426
0.000743652
0.000743319
0.000723562
0.000697974
0.000679725
0.000700662
0.000760562
0.000813015
0.000842801
0.000870407
0.00091348
0.000955936
0.000916603
0.000745071
0.000401475
0.00040366
0.000594159
0.000809071
0.000906105
0.000988767
0.0010526
0.00108924
0.00108585
0.00102802
0.000947601
0.00095012
0.00105106
0.0011656
0.00121798
0.00119962
0.00115045
0.00109625
0.000939773
0.000694418
0.000422569
0.000431072
0.000463104
0.000490271
0.000516639
0.000543685
0.000569272
0.000591749
0.000608851
0.000617933
0.000617746
0.000615872
0.0006149
0.000610003
0.000599103
0.00058214
0.000560571
0.000536346
0.000510448
0.000479927
0.000441568
0.000287154
0.000300652
0.000307335
0.000306157
0.000296261
0.000277014
0.000225194
0.000166376
0.000161073
0.000164543
0.000192081
0.000229596
0.000259793
0.000281077
0.000296229
0.000307535
0.000315188
0.000318101
0.000313783
0.000296592
0.000263042
0.000396033
0.000464798
0.000495078
0.000457584
0.000368795
0.000285061
0.000267546
0.000307624
0.000320984
0.000287664
0.000292943
0.000344604
0.000421323
0.000497053
0.00054569
0.000576146
0.000570166
0.000500085
0.000305856
0.00023496
0.000376068
0.000495584
0.000576095
0.000571001
0.000441147
0.000323769
0.000300148
0.00031803
0.000327546
0.000317578
0.000320841
0.000360792
0.000439083
0.000541513
0.000640893
0.000702581
0.000700886
0.000606535
0.000322692
0.000268059
0.000368768
0.000491792
0.000622141
0.000662543
0.000538961
0.000388868
0.000339861
0.00033123
0.000343537
0.000352054
0.000364996
0.000402111
0.000483794
0.000612049
0.000753618
0.000836042
0.000831406
0.000715186
0.000339974
0.00030764
0.000422409
0.000486667
0.000610424
0.000698341
0.000636533
0.000495063
0.000427429
0.000400368
0.00040225
0.000413232
0.00043103
0.000466944
0.000545993
0.00067994
0.000835671
0.000934147
0.000929579
0.000801126
0.000354847
0.00033676
0.000505649
0.000517313
0.000594043
0.000688633
0.000693767
0.000604594
0.000539208
0.000502888
0.000488516
0.000495379
0.000520656
0.000554626
0.000618743
0.000735705
0.000884199
0.000989518
0.000980865
0.000835452
0.000367731
0.000359015
0.000604675
0.000576854
0.00061142
0.000688564
0.000726276
0.000695198
0.000652669
0.000622049
0.000602931
0.000610208
0.000647085
0.000681223
0.000727901
0.000808797
0.000922675
0.00100948
0.00097311
0.000796591
0.000380496
0.000377772
0.000641922
0.000668932
0.00070288
0.000753942
0.000795572
0.000797565
0.000771774
0.000738219
0.000708143
0.000702665
0.000735718
0.000789753
0.000843245
0.000897249
0.000955936
0.000986771
0.000877071
0.000703501
0.00039539
0.000396878
0.000571775
0.000773379
0.000883553
0.000948429
0.000994344
0.00101632
0.00100788
0.000961477
0.000897806
0.000893603
0.000965891
0.00106359
0.0011228
0.00112413
0.00109625
0.00104221
0.000856644
0.000647879
0.000413117
0.000420466
0.000448867
0.000473003
0.000495099
0.000517551
0.000538528
0.000556632
0.000569728
0.000575135
0.000571339
0.00057113
0.000573419
0.000572753
0.000566426
0.000553865
0.000536346
0.000515916
0.00049304
0.000465298
0.000430345
0.000294293
0.000309488
0.000316661
0.000315008
0.000303098
0.000282566
0.000237546
0.000163585
0.000156927
0.000160284
0.000185375
0.000222884
0.000255166
0.000278197
0.000295219
0.000308649
0.000318101
0.000322542
0.0003194
0.000303068
0.000283309
0.000412422
0.000483854
0.000512975
0.000482721
0.000379767
0.000284961
0.00024995
0.000282338
0.000289967
0.000259205
0.000264259
0.000313017
0.000389777
0.00046957
0.000526024
0.000570166
0.00057427
0.000507929
0.00031625
0.000279582
0.000440207
0.000552467
0.000619734
0.00061791
0.000467939
0.000324203
0.000276043
0.000279914
0.00029067
0.000289478
0.000295663
0.000329493
0.000401409
0.00050665
0.000621996
0.000700886
0.000701901
0.000600134
0.000330408
0.000297821
0.000475084
0.000611615
0.000705246
0.000734854
0.000600218
0.000409953
0.000334268
0.000313341
0.000326566
0.000343001
0.000361111
0.000397934
0.000476058
0.00060278
0.000747509
0.000831406
0.000809559
0.000670724
0.000342608
0.000322736
0.000525838
0.00064566
0.000749205
0.000802925
0.000732384
0.000564548
0.000465394
0.000422702
0.00042326
0.000440202
0.000463105
0.000502748
0.000583385
0.000715929
0.000859423
0.000929579
0.000879788
0.000714448
0.000353498
0.000342696
0.000578762
0.000668716
0.00076133
0.00082852
0.000814328
0.000712388
0.000623657
0.000568765
0.000547357
0.000548626
0.000566061
0.000603324
0.000678357
0.000796663
0.000930602
0.000980865
0.000900496
0.000724807
0.000363339
0.000358419
0.000610658
0.000680738
0.000749298
0.00081816
0.000848071
0.000802851
0.000738356
0.000687299
0.000655917
0.000646868
0.000661774
0.000701802
0.000770495
0.000867112
0.000965306
0.00097311
0.000864282
0.00069704
0.00037333
0.000372247
0.000598518
0.000677633
0.000750831
0.000815366
0.000857916
0.000856342
0.000822291
0.000778783
0.000742667
0.000727808
0.000743499
0.000786533
0.000840445
0.000893606
0.000916603
0.000877071
0.000777699
0.000639904
0.00038504
0.00038746
0.000536086
0.000677499
0.000801691
0.000886333
0.000938523
0.000946565
0.000921057
0.000869145
0.000811247
0.000805018
0.00086035
0.000945701
0.000990475
0.000985787
0.000939773
0.000856644
0.000727703
0.000589899
0.000399411
0.000406679
0.00043186
0.000453728
0.000473157
0.000491876
0.000508786
0.000522993
0.000532665
0.000535331
0.000529171
0.000530567
0.000534638
0.000536387
0.00053314
0.00052428
0.000510448
0.00049304
0.000472402
0.000446643
0.000414428
0.000303954
0.00031883
0.000324373
0.000320803
0.000307092
0.000283896
0.000240457
0.00015938
0.000150709
0.000152408
0.000170382
0.000208798
0.000245127
0.000270016
0.000288637
0.000303359
0.000313783
0.0003194
0.000318415
0.000306918
0.000308561
0.00043516
0.000486401
0.000497242
0.000464348
0.0003593
0.000263367
0.000219758
0.000235095
0.000238731
0.000230601
0.000237542
0.000274132
0.000336194
0.000404313
0.000461131
0.000500085
0.000507929
0.000462438
0.0003216
0.000315553
0.000498927
0.000579131
0.000610097
0.000594097
0.000455825
0.000313885
0.000264807
0.00026003
0.000271787
0.000282384
0.000293926
0.000320079
0.000372744
0.000458235
0.000551692
0.000606535
0.000600134
0.000518468
0.000332988
0.000324146
0.000551337
0.000657914
0.00070669
0.000712683
0.000616074
0.000428195
0.000350351
0.000326232
0.000338695
0.000362721
0.000392366
0.000441627
0.000515108
0.000598643
0.00068317
0.000715186
0.000670724
0.000552713
0.000341197
0.000336036
0.000573112
0.000703814
0.000771469
0.000801968
0.000764579
0.000642085
0.000539095
0.000497071
0.000503421
0.000535154
0.000580266
0.000639757
0.000710582
0.000777201
0.000814315
0.000801126
0.000714448
0.000573933
0.000348232
0.000346385
0.000576003
0.000704245
0.00079112
0.000851306
0.000871683
0.000830594
0.00076251
0.000716138
0.000710177
0.00073574
0.000776325
0.000808331
0.000847179
0.000885714
0.000884625
0.000835452
0.000724807
0.000582581
0.000354774
0.000355072
0.000560125
0.000663435
0.000745316
0.000813406
0.000861335
0.000870709
0.000842036
0.000808354
0.000787923
0.000770761
0.000757766
0.000760874
0.000786668
0.000822482
0.000834581
0.000796591
0.00069704
0.000580899
0.000361645
0.000363418
0.00053097
0.000610749
0.000676465
0.000727905
0.000762402
0.000766094
0.000743543
0.000717195
0.00069912
0.000684355
0.000688338
0.000709959
0.000735271
0.000752074
0.000745071
0.000703501
0.000639904
0.000560052
0.00036994
0.000373598
0.000491224
0.000564171
0.000626713
0.000670577
0.000691971
0.000690039
0.000669759
0.000640793
0.000609593
0.000600585
0.00062973
0.000678299
0.000713705
0.00071883
0.000694418
0.000647879
0.000589899
0.000522865
0.000380279
0.000387058
0.000409344
0.000429463
0.000446628
0.000462314
0.000475968
0.000487017
0.000494209
0.000495761
0.000489603
0.000491593
0.000495591
0.000497967
0.000496541
0.000490517
0.000479927
0.000465298
0.000446643
0.000422143
0.000391615
0.000314306
0.000319005
0.000319101
0.000313089
0.000299638
0.000278257
0.000226756
0.000151485
0.000142805
0.000143093
0.000145628
0.000183931
0.000230218
0.000256129
0.000273768
0.000286953
0.000296592
0.000303068
0.000306918
0.000308794
0.000327148
0.000333314
0.000333236
0.000325226
0.00030626
0.000267266
0.000204957
0.000175899
0.000177328
0.000185719
0.000197769
0.000209165
0.000229237
0.000250679
0.000272529
0.000290856
0.000305856
0.00031625
0.0003216
0.000321843
0.000334117
0.00034174
0.000342438
0.00033616
0.000321044
0.000292816
0.000260289
0.000250069
0.000245811
0.00024958
0.000256769
0.00026471
0.000274441
0.000286304
0.000299067
0.00031143
0.000322692
0.000330408
0.000332988
0.000329613
0.00033753
0.000346541
0.000348065
0.000344647
0.000335934
0.000322476
0.000306589
0.000297524
0.000291549
0.000290335
0.000293051
0.000298275
0.000305752
0.000315151
0.000325141
0.00033396
0.000339974
0.000342608
0.000341197
0.000334104
0.000340728
0.000350253
0.000352392
0.000352111
0.000348931
0.000344048
0.000336566
0.000329111
0.000322383
0.000318827
0.000319661
0.000323706
0.000330236
0.000338382
0.000346511
0.000352488
0.000354847
0.000353498
0.000348232
0.00033757
0.000343408
0.000352858
0.000356804
0.000359724
0.000360904
0.00036071
0.000358219
0.000352782
0.000345844
0.000340926
0.000340977
0.000344614
0.000350712
0.000358025
0.000364662
0.000368324
0.000367731
0.000363339
0.000354774
0.000340821
0.000345658
0.0003555
0.000362686
0.000369057
0.000373584
0.000376357
0.00037658
0.000372933
0.000366104
0.00036021
0.000360131
0.000364015
0.000370426
0.00037747
0.000382775
0.000384045
0.000380496
0.00037333
0.000361645
0.000344215
0.000348117
0.000359947
0.000370665
0.000380147
0.000387475
0.000392354
0.000394341
0.000392557
0.000386262
0.000379494
0.000379895
0.000385015
0.000392435
0.000399195
0.000402676
0.000401475
0.00039539
0.00038504
0.00036994
0.000348303
0.000352141
0.000367617
0.000382509
0.000395567
0.000406004
0.000413219
0.000417311
0.000417721
0.000412838
0.000405021
0.000406506
0.000412763
0.000420482
0.000426191
0.000427123
0.000422569
0.000413117
0.000399411
0.000380279
0.000353881
0.000359174
0.000378843
0.000397286
0.000412096
0.000424666
0.000434993
0.000442961
0.000447916
0.000448411
0.000442715
0.000445207
0.000449196
0.000452008
0.000452093
0.000448735
0.000441568
0.000430345
0.000414428
0.000391615
0.00036179
)
;

boundaryField
{
    floor
    {
        type            compressible::alphatWallFunction;
        Prt             0.85;
        value           nonuniform List<scalar> 
400
(
4.64107e-05
4.52047e-05
4.33012e-05
4.11702e-05
3.73244e-05
1.76028e-05
1.30011e-05
1.22642e-05
1.16659e-05
1.11589e-05
1.0817e-05
1.11857e-05
1.43735e-05
3.14028e-05
3.65209e-05
3.87517e-05
4.00757e-05
4.117e-05
4.26342e-05
4.4193e-05
4.52047e-05
4.59855e-05
4.46425e-05
4.20243e-05
3.8102e-05
2.23765e-05
1.66227e-05
1.54954e-05
1.44117e-05
1.39326e-05
1.38073e-05
1.47984e-05
2.41256e-05
3.42446e-05
3.83756e-05
4.06235e-05
4.21351e-05
4.34798e-05
4.48855e-05
4.49014e-05
4.33012e-05
4.46425e-05
4.34813e-05
4.12349e-05
3.74513e-05
2.21876e-05
1.85737e-05
1.74702e-05
1.60054e-05
1.55983e-05
1.57422e-05
1.80252e-05
2.81047e-05
3.56825e-05
3.93524e-05
4.15582e-05
4.31475e-05
4.4561e-05
4.57159e-05
4.49108e-05
4.11702e-05
4.20243e-05
4.12349e-05
3.92277e-05
3.47681e-05
2.14534e-05
2.01741e-05
1.88167e-05
1.7349e-05
1.69812e-05
1.73258e-05
1.9673e-05
2.91505e-05
3.58357e-05
3.92571e-05
4.14049e-05
4.2964e-05
4.43019e-05
4.51656e-05
4.39905e-05
3.73244e-05
3.8102e-05
3.74513e-05
3.47681e-05
3.07147e-05
2.0197e-05
2.12675e-05
1.98581e-05
1.87879e-05
1.85933e-05
1.84363e-05
1.99651e-05
2.82349e-05
3.4651e-05
3.79505e-05
4.0025e-05
4.1463e-05
4.24955e-05
4.30837e-05
4.19381e-05
1.76028e-05
2.23765e-05
2.21876e-05
2.14534e-05
2.0197e-05
2.12179e-05
2.15354e-05
2.05942e-05
2.03408e-05
2.02511e-05
1.94187e-05
2.02012e-05
2.58463e-05
3.19525e-05
3.50871e-05
3.71544e-05
3.85545e-05
3.93851e-05
3.95663e-05
3.86808e-05
1.30011e-05
1.66227e-05
1.85737e-05
2.01741e-05
2.12675e-05
2.15354e-05
2.10611e-05
2.08592e-05
2.17444e-05
2.20774e-05
2.05471e-05
2.0505e-05
2.25505e-05
2.61339e-05
2.7361e-05
2.86513e-05
3.07901e-05
3.25912e-05
3.29436e-05
3.07366e-05
1.22642e-05
1.54954e-05
1.74702e-05
1.88167e-05
1.98581e-05
2.05942e-05
2.08592e-05
2.17069e-05
2.37831e-05
2.4401e-05
2.2302e-05
2.15272e-05
2.17188e-05
2.17499e-05
2.14967e-05
2.1497e-05
2.11785e-05
2.07537e-05
2.00463e-05
1.86916e-05
1.16659e-05
1.44117e-05
1.60054e-05
1.7349e-05
1.87879e-05
2.03408e-05
2.17444e-05
2.37831e-05
2.59672e-05
2.67723e-05
2.47477e-05
2.47043e-05
2.40031e-05
2.3009e-05
2.2026e-05
2.10517e-05
2.0235e-05
1.95553e-05
1.85483e-05
1.72462e-05
1.11589e-05
1.39326e-05
1.55983e-05
1.69812e-05
1.85933e-05
2.02511e-05
2.20774e-05
2.4401e-05
2.67723e-05
0
0
2.7421e-05
2.61677e-05
2.44094e-05
2.28161e-05
2.1566e-05
2.07254e-05
2.00531e-05
1.8816e-05
1.72799e-05
1.0817e-05
1.38073e-05
1.57422e-05
1.73258e-05
1.84363e-05
1.94187e-05
2.05471e-05
2.2302e-05
2.47477e-05
0
0
2.84244e-05
2.73598e-05
2.63636e-05
2.57874e-05
2.5427e-05
2.49371e-05
2.39026e-05
2.15773e-05
1.76798e-05
1.11857e-05
1.47984e-05
1.80252e-05
1.9673e-05
1.99651e-05
2.02012e-05
2.0505e-05
2.15272e-05
2.47043e-05
2.7421e-05
2.84244e-05
2.91068e-05
2.98496e-05
3.04257e-05
3.08862e-05
3.10991e-05
3.0822e-05
2.97731e-05
2.75733e-05
2.36632e-05
1.43735e-05
2.41256e-05
2.81047e-05
2.91505e-05
2.82349e-05
2.58463e-05
2.25505e-05
2.17188e-05
2.40031e-05
2.61677e-05
2.73598e-05
2.98496e-05
3.21609e-05
3.38316e-05
3.49528e-05
3.55396e-05
3.55291e-05
3.48043e-05
3.32459e-05
3.09338e-05
3.14028e-05
3.42446e-05
3.56825e-05
3.58357e-05
3.4651e-05
3.19525e-05
2.61339e-05
2.17499e-05
2.3009e-05
2.44094e-05
2.63636e-05
3.04257e-05
3.38316e-05
3.61889e-05
3.77198e-05
3.85855e-05
3.8826e-05
3.83751e-05
3.71195e-05
3.5015e-05
3.65209e-05
3.83756e-05
3.93524e-05
3.92571e-05
3.79505e-05
3.50871e-05
2.7361e-05
2.14967e-05
2.2026e-05
2.28161e-05
2.57874e-05
3.08862e-05
3.49528e-05
3.77198e-05
3.95345e-05
4.06494e-05
4.11572e-05
4.09939e-05
3.99932e-05
3.77563e-05
3.87517e-05
4.06235e-05
4.15582e-05
4.14049e-05
4.0025e-05
3.71544e-05
2.86513e-05
2.1497e-05
2.10517e-05
2.1566e-05
2.5427e-05
3.10991e-05
3.55396e-05
3.85855e-05
4.06494e-05
4.20386e-05
4.28857e-05
4.3058e-05
4.22632e-05
3.97843e-05
4.00757e-05
4.21351e-05
4.31475e-05
4.2964e-05
4.1463e-05
3.85545e-05
3.07901e-05
2.11785e-05
2.0235e-05
2.07254e-05
2.49371e-05
3.0822e-05
3.55291e-05
3.8826e-05
4.11572e-05
4.28857e-05
4.40616e-05
4.45198e-05
4.38785e-05
4.12558e-05
4.117e-05
4.34798e-05
4.4561e-05
4.43019e-05
4.24955e-05
3.93851e-05
3.25912e-05
2.07537e-05
1.95553e-05
2.00531e-05
2.39026e-05
2.97731e-05
3.48043e-05
3.83751e-05
4.09939e-05
4.3058e-05
4.45198e-05
4.52182e-05
4.47514e-05
4.22293e-05
4.26342e-05
4.48855e-05
4.57159e-05
4.51656e-05
4.30837e-05
3.95663e-05
3.29436e-05
2.00463e-05
1.85483e-05
1.8816e-05
2.15773e-05
2.75733e-05
3.32459e-05
3.71195e-05
3.99932e-05
4.22632e-05
4.38785e-05
4.47514e-05
4.45948e-05
4.27845e-05
4.4193e-05
4.49014e-05
4.49108e-05
4.39905e-05
4.19381e-05
3.86808e-05
3.07366e-05
1.86916e-05
1.72462e-05
1.72799e-05
1.76798e-05
2.36632e-05
3.09338e-05
3.5015e-05
3.77563e-05
3.97843e-05
4.12558e-05
4.22293e-05
4.27845e-05
4.30333e-05
)
;
    }
    ceiling
    {
        type            compressible::alphatWallFunction;
        Prt             0.85;
        value           nonuniform List<scalar> 
400
(
5.36842e-05
5.78179e-05
6.11426e-05
6.36159e-05
6.55414e-05
6.69343e-05
6.7752e-05
6.79483e-05
6.74999e-05
6.59617e-05
6.50519e-05
6.46929e-05
6.42519e-05
6.36007e-05
6.26939e-05
6.14968e-05
5.9954e-05
5.79393e-05
5.50546e-05
5.09178e-05
5.78179e-05
6.21595e-05
6.57822e-05
6.86987e-05
7.12052e-05
7.32093e-05
7.4512e-05
7.49564e-05
7.44825e-05
7.27918e-05
7.14681e-05
7.09244e-05
7.02242e-05
6.92111e-05
6.78449e-05
6.61273e-05
6.40726e-05
6.1604e-05
5.83133e-05
5.38129e-05
6.11426e-05
6.57822e-05
6.96168e-05
7.28434e-05
7.58156e-05
7.83874e-05
8.01854e-05
8.09336e-05
8.04956e-05
7.86536e-05
7.69363e-05
7.62728e-05
7.53636e-05
7.40279e-05
7.22289e-05
7.00226e-05
6.75453e-05
6.4761e-05
6.12325e-05
5.65118e-05
6.36159e-05
6.86987e-05
7.28434e-05
7.64378e-05
8.00229e-05
8.32597e-05
8.56633e-05
8.70043e-05
8.71605e-05
8.58719e-05
8.35075e-05
8.23319e-05
8.09195e-05
7.9046e-05
7.6645e-05
7.37715e-05
7.06977e-05
6.75416e-05
6.37021e-05
5.86624e-05
6.55414e-05
7.12052e-05
7.58156e-05
8.00229e-05
8.42419e-05
8.80352e-05
9.10184e-05
9.30113e-05
9.39242e-05
9.34709e-05
9.04828e-05
8.86772e-05
8.66365e-05
8.41304e-05
8.10914e-05
7.75849e-05
7.38736e-05
7.01998e-05
6.5943e-05
6.04757e-05
6.69343e-05
7.32093e-05
7.83874e-05
8.32597e-05
8.80352e-05
9.2371e-05
9.60148e-05
9.88663e-05
0.000100948
0.00010188
9.81728e-05
9.53725e-05
9.24206e-05
8.91062e-05
8.53432e-05
8.11705e-05
7.6824e-05
7.25879e-05
6.78833e-05
6.19577e-05
6.7752e-05
7.4512e-05
8.01854e-05
8.56633e-05
9.10184e-05
9.60148e-05
0.000100551
0.000104767
0.000108841
0.000112138
0.000107306
0.000102607
9.81777e-05
9.37602e-05
8.91532e-05
8.43072e-05
7.93608e-05
7.4587e-05
6.94486e-05
6.30977e-05
6.79483e-05
7.49564e-05
8.09336e-05
8.70043e-05
9.30113e-05
9.88663e-05
0.000104767
0.000111159
0.000118364
0.00012515
0.00011875
0.000110604
0.000103749
9.7801e-05
9.22196e-05
8.6695e-05
8.11998e-05
7.59553e-05
7.04737e-05
6.38102e-05
6.74999e-05
7.44825e-05
8.04956e-05
8.71605e-05
9.39242e-05
0.000100948
0.000108841
0.000118364
0.000129754
0.000139002
0.00013237
0.000119569
0.000109099
0.000100984
9.42115e-05
8.7976e-05
8.19735e-05
7.63455e-05
7.07031e-05
6.38824e-05
6.59617e-05
7.27918e-05
7.86536e-05
8.58719e-05
9.34709e-05
0.00010188
0.000112138
0.00012515
0.000139002
0.000130576
0.000137361
0.00012772
0.000113939
0.000103199
9.50055e-05
8.79893e-05
8.14795e-05
7.55113e-05
6.98572e-05
6.30887e-05
6.50519e-05
7.14681e-05
7.69363e-05
8.35075e-05
9.04828e-05
9.81728e-05
0.000107306
0.00011875
0.00013237
0.000137361
0.000139815
0.000124966
0.000112128
0.000102301
9.45168e-05
8.77492e-05
8.14746e-05
7.57344e-05
7.01629e-05
6.34653e-05
6.46929e-05
7.09244e-05
7.62728e-05
8.23319e-05
8.86772e-05
9.53725e-05
0.000102607
0.000110604
0.000119569
0.00012772
0.000124966
0.000115429
0.000107097
9.99876e-05
9.36279e-05
8.76221e-05
8.18055e-05
7.63201e-05
7.07424e-05
6.40478e-05
6.42519e-05
7.02242e-05
7.53636e-05
8.09195e-05
8.66365e-05
9.24206e-05
9.81777e-05
0.000103749
0.000109099
0.000113939
0.000112128
0.000107097
0.000102046
9.70786e-05
9.20679e-05
8.69405e-05
8.17134e-05
7.65684e-05
7.10822e-05
6.44525e-05
6.36007e-05
6.92111e-05
7.40279e-05
7.9046e-05
8.41304e-05
8.91062e-05
9.37602e-05
9.7801e-05
0.000100984
0.000103199
0.000102301
9.99876e-05
9.70786e-05
9.36476e-05
8.97234e-05
8.54029e-05
8.08063e-05
7.60913e-05
7.08643e-05
6.44527e-05
6.26939e-05
6.78449e-05
7.22289e-05
7.6645e-05
8.10914e-05
8.53432e-05
8.91532e-05
9.22196e-05
9.42115e-05
9.50055e-05
9.45168e-05
9.36279e-05
9.20679e-05
8.97234e-05
8.66383e-05
8.29952e-05
7.89989e-05
7.47986e-05
6.99735e-05
6.39447e-05
6.14968e-05
6.61273e-05
7.00226e-05
7.37715e-05
7.75849e-05
8.11705e-05
8.43072e-05
8.6695e-05
8.7976e-05
8.79893e-05
8.77492e-05
8.76221e-05
8.69405e-05
8.54029e-05
8.29952e-05
7.99263e-05
7.64765e-05
7.27851e-05
6.84146e-05
6.28743e-05
5.9954e-05
6.40726e-05
6.75453e-05
7.06977e-05
7.38736e-05
7.6824e-05
7.93608e-05
8.11998e-05
8.19735e-05
8.14795e-05
8.14746e-05
8.18055e-05
8.17134e-05
8.08063e-05
7.89989e-05
7.64765e-05
7.35377e-05
7.02561e-05
6.62664e-05
6.12053e-05
5.79393e-05
6.1604e-05
6.4761e-05
6.75416e-05
7.01998e-05
7.25879e-05
7.4587e-05
7.59553e-05
7.63455e-05
7.55113e-05
7.57344e-05
7.63201e-05
7.65684e-05
7.60913e-05
7.47986e-05
7.27851e-05
7.02561e-05
6.72647e-05
6.35309e-05
5.88418e-05
5.50546e-05
5.83133e-05
6.12325e-05
6.37021e-05
6.5943e-05
6.78833e-05
6.94486e-05
7.04737e-05
7.07031e-05
6.98572e-05
7.01629e-05
7.07424e-05
7.10822e-05
7.08643e-05
6.99735e-05
6.84146e-05
6.62664e-05
6.35309e-05
5.99396e-05
5.54533e-05
5.09178e-05
5.38129e-05
5.65118e-05
5.86624e-05
6.04757e-05
6.19577e-05
6.30977e-05
6.38102e-05
6.38824e-05
6.30887e-05
6.34653e-05
6.40478e-05
6.44525e-05
6.44527e-05
6.39447e-05
6.28743e-05
6.12053e-05
5.88418e-05
5.54533e-05
5.10056e-05
)
;
    }
    fixedWalls
    {
        type            compressible::alphatWallFunction;
        Prt             0.85;
        value           nonuniform List<scalar> 
800
(
4.63544e-05
4.81483e-05
4.91526e-05
4.96734e-05
5.00541e-05
5.04397e-05
5.08879e-05
5.14695e-05
5.23198e-05
5.36217e-05
4.51494e-05
4.67033e-05
4.81061e-05
4.91946e-05
5.02526e-05
5.13773e-05
5.25464e-05
5.38771e-05
5.56078e-05
5.77508e-05
4.32477e-05
4.34851e-05
4.481e-05
4.67533e-05
4.9143e-05
5.14451e-05
5.35669e-05
5.56969e-05
5.82059e-05
6.10718e-05
4.11191e-05
3.89874e-05
3.83803e-05
4.28484e-05
4.71069e-05
5.10085e-05
5.42113e-05
5.71249e-05
6.02317e-05
6.35422e-05
3.72777e-05
3.5592e-05
3.42973e-05
3.503e-05
4.45244e-05
5.02103e-05
5.45488e-05
5.82e-05
6.1802e-05
6.54655e-05
1.75776e-05
2.21776e-05
2.74562e-05
3.33114e-05
4.29077e-05
4.93598e-05
5.44235e-05
5.87312e-05
6.28301e-05
6.68566e-05
1.298e-05
1.55506e-05
2.34273e-05
3.165e-05
4.09736e-05
4.8093e-05
5.37095e-05
5.85411e-05
6.31009e-05
6.76732e-05
1.22438e-05
1.61432e-05
1.88021e-05
2.63263e-05
3.80049e-05
4.62549e-05
5.23991e-05
5.7609e-05
6.25028e-05
6.78691e-05
1.1646e-05
1.60802e-05
1.79926e-05
2.14805e-05
3.28774e-05
4.38338e-05
5.05169e-05
5.59418e-05
6.11389e-05
6.74211e-05
1.11395e-05
1.57e-05
1.81884e-05
1.89357e-05
3.11239e-05
4.21228e-05
4.8681e-05
5.39231e-05
5.89422e-05
6.58844e-05
1.07979e-05
1.49575e-05
1.72953e-05
1.88504e-05
3.2392e-05
4.24273e-05
4.862e-05
5.35854e-05
5.83315e-05
6.49757e-05
1.11662e-05
1.55527e-05
1.74861e-05
2.0001e-05
3.4488e-05
4.31891e-05
4.90248e-05
5.37775e-05
5.83484e-05
6.46171e-05
1.43511e-05
2.07357e-05
2.04783e-05
2.34335e-05
3.62955e-05
4.40645e-05
4.95529e-05
5.40847e-05
5.84404e-05
6.41767e-05
3.1363e-05
2.8553e-05
2.50402e-05
2.63681e-05
3.7854e-05
4.49398e-05
5.00628e-05
5.43297e-05
5.84013e-05
6.35265e-05
3.64752e-05
3.2534e-05
2.86585e-05
2.90281e-05
3.94225e-05
4.58023e-05
5.04872e-05
5.43914e-05
5.81029e-05
6.26208e-05
3.87034e-05
3.4258e-05
2.92326e-05
3.27799e-05
4.11883e-05
4.66853e-05
5.0784e-05
5.4181e-05
5.74658e-05
6.14253e-05
4.00258e-05
3.635e-05
3.21196e-05
3.72332e-05
4.32312e-05
4.75927e-05
5.08984e-05
5.3668e-05
5.64706e-05
5.98844e-05
4.11188e-05
3.94903e-05
3.89816e-05
4.17407e-05
4.54854e-05
4.84652e-05
5.08002e-05
5.28442e-05
5.50809e-05
5.78721e-05
4.25815e-05
4.33e-05
4.43717e-05
4.56718e-05
4.74513e-05
4.89953e-05
5.02873e-05
5.15237e-05
5.30243e-05
5.49907e-05
4.4139e-05
4.60797e-05
4.71305e-05
4.76458e-05
4.81258e-05
4.85268e-05
4.88622e-05
4.92267e-05
4.9821e-05
5.08584e-05
4.4139e-05
4.60797e-05
4.71305e-05
4.76458e-05
4.81258e-05
4.85268e-05
4.88622e-05
4.92267e-05
4.9821e-05
5.08584e-05
4.48467e-05
4.70007e-05
4.82643e-05
4.89835e-05
4.95394e-05
4.99312e-05
5.03256e-05
5.09827e-05
5.21129e-05
5.37504e-05
4.4856e-05
4.69804e-05
4.83583e-05
4.91997e-05
4.98463e-05
5.05036e-05
5.13781e-05
5.25578e-05
5.42981e-05
5.64463e-05
4.39365e-05
4.57548e-05
4.73938e-05
4.86657e-05
4.97814e-05
5.09144e-05
5.22965e-05
5.3932e-05
5.61924e-05
5.85945e-05
4.18861e-05
4.28533e-05
4.50793e-05
4.73286e-05
4.92822e-05
5.10671e-05
5.29426e-05
5.49851e-05
5.76932e-05
6.04057e-05
3.86324e-05
3.68552e-05
4.07532e-05
4.52842e-05
4.85379e-05
5.10253e-05
5.33383e-05
5.56833e-05
5.87233e-05
6.18859e-05
3.06973e-05
2.70656e-05
3.56135e-05
4.2846e-05
4.73973e-05
5.06454e-05
5.33631e-05
5.59636e-05
5.93036e-05
6.30245e-05
1.86654e-05
2.24009e-05
3.41147e-05
4.14821e-05
4.62806e-05
4.9831e-05
5.28164e-05
5.56941e-05
5.93567e-05
6.37362e-05
1.72214e-05
2.28074e-05
3.35712e-05
4.06193e-05
4.52889e-05
4.88014e-05
5.18052e-05
5.47685e-05
5.86464e-05
6.38082e-05
1.72551e-05
2.42893e-05
3.42564e-05
4.04814e-05
4.47779e-05
4.80801e-05
5.09434e-05
5.37893e-05
5.75339e-05
6.30153e-05
1.76545e-05
2.6278e-05
3.5421e-05
4.09285e-05
4.49236e-05
4.81004e-05
5.09435e-05
5.38645e-05
5.77738e-05
6.33916e-05
2.36315e-05
2.80758e-05
3.66629e-05
4.17417e-05
4.55465e-05
4.86545e-05
5.15308e-05
5.46348e-05
5.87062e-05
6.39736e-05
3.0894e-05
3.11648e-05
3.81517e-05
4.28792e-05
4.65347e-05
4.95766e-05
5.24875e-05
5.57355e-05
5.9843e-05
6.4378e-05
3.49707e-05
3.44008e-05
3.99352e-05
4.42858e-05
4.77507e-05
5.06656e-05
5.35255e-05
5.67189e-05
6.06631e-05
6.43785e-05
3.7709e-05
3.76523e-05
4.1818e-05
4.57575e-05
4.89448e-05
5.16283e-05
5.42932e-05
5.72026e-05
6.07649e-05
6.38713e-05
3.9735e-05
4.03923e-05
4.36165e-05
4.70321e-05
4.97993e-05
5.21385e-05
5.44471e-05
5.69866e-05
6.00557e-05
6.28023e-05
4.12051e-05
4.26403e-05
4.52443e-05
4.7871e-05
5.00907e-05
5.19898e-05
5.38586e-05
5.60373e-05
5.86223e-05
6.11353e-05
4.21779e-05
4.4183e-05
4.6341e-05
4.8184e-05
4.9804e-05
5.1255e-05
5.27238e-05
5.44463e-05
5.65579e-05
5.87745e-05
4.27327e-05
4.49344e-05
4.66426e-05
4.78703e-05
4.89193e-05
4.98922e-05
5.09155e-05
5.21515e-05
5.36924e-05
5.53898e-05
4.29815e-05
4.4916e-05
4.60706e-05
4.67421e-05
4.7266e-05
4.77609e-05
4.82791e-05
4.89031e-05
4.97507e-05
5.09468e-05
4.63544e-05
4.81483e-05
4.91526e-05
4.96734e-05
5.00541e-05
5.04397e-05
5.08879e-05
5.14695e-05
5.23198e-05
5.36217e-05
4.51494e-05
4.67033e-05
4.81061e-05
4.91946e-05
5.02526e-05
5.13773e-05
5.25464e-05
5.38771e-05
5.56078e-05
5.77508e-05
4.32477e-05
4.34851e-05
4.481e-05
4.67533e-05
4.9143e-05
5.14451e-05
5.35669e-05
5.56969e-05
5.82059e-05
6.10718e-05
4.11191e-05
3.89874e-05
3.83803e-05
4.28484e-05
4.71069e-05
5.10085e-05
5.42113e-05
5.71249e-05
6.02317e-05
6.35422e-05
3.72777e-05
3.5592e-05
3.42973e-05
3.503e-05
4.45244e-05
5.02103e-05
5.45488e-05
5.82e-05
6.1802e-05
6.54655e-05
1.75776e-05
2.21776e-05
2.74562e-05
3.33114e-05
4.29077e-05
4.93598e-05
5.44235e-05
5.87312e-05
6.28301e-05
6.68566e-05
1.298e-05
1.55506e-05
2.34273e-05
3.165e-05
4.09736e-05
4.8093e-05
5.37095e-05
5.85411e-05
6.31009e-05
6.76732e-05
1.22438e-05
1.61432e-05
1.88021e-05
2.63263e-05
3.80049e-05
4.62549e-05
5.23991e-05
5.7609e-05
6.25028e-05
6.78691e-05
1.1646e-05
1.60802e-05
1.79926e-05
2.14805e-05
3.28774e-05
4.38338e-05
5.05169e-05
5.59418e-05
6.11389e-05
6.74211e-05
1.11395e-05
1.57e-05
1.81884e-05
1.89357e-05
3.11239e-05
4.21228e-05
4.8681e-05
5.39231e-05
5.89422e-05
6.58844e-05
1.07979e-05
1.49575e-05
1.72953e-05
1.88504e-05
3.2392e-05
4.24273e-05
4.862e-05
5.35854e-05
5.83315e-05
6.49757e-05
1.11662e-05
1.55527e-05
1.74861e-05
2.0001e-05
3.4488e-05
4.31891e-05
4.90248e-05
5.37775e-05
5.83484e-05
6.46171e-05
1.43511e-05
2.07357e-05
2.04783e-05
2.34335e-05
3.62955e-05
4.40645e-05
4.95529e-05
5.40847e-05
5.84404e-05
6.41767e-05
3.1363e-05
2.8553e-05
2.50402e-05
2.63681e-05
3.7854e-05
4.49398e-05
5.00628e-05
5.43297e-05
5.84013e-05
6.35265e-05
3.64752e-05
3.2534e-05
2.86585e-05
2.90281e-05
3.94225e-05
4.58023e-05
5.04872e-05
5.43914e-05
5.81029e-05
6.26208e-05
3.87034e-05
3.4258e-05
2.92326e-05
3.27799e-05
4.11883e-05
4.66853e-05
5.0784e-05
5.4181e-05
5.74658e-05
6.14253e-05
4.00258e-05
3.635e-05
3.21196e-05
3.72332e-05
4.32312e-05
4.75927e-05
5.08984e-05
5.3668e-05
5.64706e-05
5.98844e-05
4.11188e-05
3.94903e-05
3.89816e-05
4.17407e-05
4.54854e-05
4.84652e-05
5.08002e-05
5.28442e-05
5.50809e-05
5.78721e-05
4.25815e-05
4.33e-05
4.43717e-05
4.56718e-05
4.74513e-05
4.89953e-05
5.02873e-05
5.15237e-05
5.30243e-05
5.49907e-05
4.4139e-05
4.60797e-05
4.71305e-05
4.76458e-05
4.81258e-05
4.85268e-05
4.88622e-05
4.92267e-05
4.9821e-05
5.08584e-05
4.4139e-05
4.60797e-05
4.71305e-05
4.76458e-05
4.81258e-05
4.85268e-05
4.88622e-05
4.92267e-05
4.9821e-05
5.08584e-05
4.48467e-05
4.70007e-05
4.82643e-05
4.89835e-05
4.95394e-05
4.99312e-05
5.03256e-05
5.09827e-05
5.21129e-05
5.37504e-05
4.4856e-05
4.69804e-05
4.83583e-05
4.91997e-05
4.98463e-05
5.05036e-05
5.13781e-05
5.25578e-05
5.42981e-05
5.64463e-05
4.39365e-05
4.57548e-05
4.73938e-05
4.86657e-05
4.97814e-05
5.09144e-05
5.22965e-05
5.3932e-05
5.61924e-05
5.85945e-05
4.18861e-05
4.28533e-05
4.50793e-05
4.73286e-05
4.92822e-05
5.10671e-05
5.29426e-05
5.49851e-05
5.76932e-05
6.04057e-05
3.86324e-05
3.68552e-05
4.07532e-05
4.52842e-05
4.85379e-05
5.10253e-05
5.33383e-05
5.56833e-05
5.87233e-05
6.18859e-05
3.06973e-05
2.70656e-05
3.56135e-05
4.2846e-05
4.73973e-05
5.06454e-05
5.33631e-05
5.59636e-05
5.93036e-05
6.30245e-05
1.86654e-05
2.24009e-05
3.41147e-05
4.14821e-05
4.62806e-05
4.9831e-05
5.28164e-05
5.56941e-05
5.93567e-05
6.37362e-05
1.72214e-05
2.28074e-05
3.35712e-05
4.06193e-05
4.52889e-05
4.88014e-05
5.18052e-05
5.47685e-05
5.86464e-05
6.38082e-05
1.72551e-05
2.42893e-05
3.42564e-05
4.04814e-05
4.47779e-05
4.80801e-05
5.09434e-05
5.37893e-05
5.75339e-05
6.30153e-05
1.76545e-05
2.6278e-05
3.5421e-05
4.09285e-05
4.49236e-05
4.81004e-05
5.09435e-05
5.38645e-05
5.77738e-05
6.33916e-05
2.36315e-05
2.80758e-05
3.66629e-05
4.17417e-05
4.55465e-05
4.86545e-05
5.15308e-05
5.46348e-05
5.87062e-05
6.39736e-05
3.0894e-05
3.11648e-05
3.81517e-05
4.28792e-05
4.65347e-05
4.95766e-05
5.24875e-05
5.57355e-05
5.9843e-05
6.4378e-05
3.49707e-05
3.44008e-05
3.99352e-05
4.42858e-05
4.77507e-05
5.06656e-05
5.35255e-05
5.67189e-05
6.06631e-05
6.43785e-05
3.7709e-05
3.76523e-05
4.1818e-05
4.57575e-05
4.89448e-05
5.16283e-05
5.42932e-05
5.72026e-05
6.07649e-05
6.38713e-05
3.9735e-05
4.03923e-05
4.36165e-05
4.70321e-05
4.97993e-05
5.21385e-05
5.44471e-05
5.69866e-05
6.00557e-05
6.28023e-05
4.12051e-05
4.26403e-05
4.52443e-05
4.7871e-05
5.00907e-05
5.19898e-05
5.38586e-05
5.60373e-05
5.86223e-05
6.11353e-05
4.21779e-05
4.4183e-05
4.6341e-05
4.8184e-05
4.9804e-05
5.1255e-05
5.27238e-05
5.44463e-05
5.65579e-05
5.87745e-05
4.27327e-05
4.49344e-05
4.66426e-05
4.78703e-05
4.89193e-05
4.98922e-05
5.09155e-05
5.21515e-05
5.36924e-05
5.53898e-05
4.29815e-05
4.4916e-05
4.60706e-05
4.67421e-05
4.7266e-05
4.77609e-05
4.82791e-05
4.89031e-05
4.97507e-05
5.09468e-05
)
;
    }
}


// ************************************************************************* //
