/*--------------------------------*- C++ -*----------------------------------*\
  =========                 |
  \\      /  F ield         | OpenFOAM: The Open Source CFD Toolbox
   \\    /   O peration     | Website:  https://openfoam.org
    \\  /    A nd           | Version:  8
     \\/     M anipulation  |
\*---------------------------------------------------------------------------*/
FoamFile
{
    version     2.0;
    format      ascii;
    class       volScalarField;
    location    "1400";
    object      nut;
}
// * * * * * * * * * * * * * * * * * * * * * * * * * * * * * * * * * * * * * //

dimensions      [0 2 -1 0 0 0 0];

internalField   nonuniform List<scalar> 
4000
(
0.000329225
0.000321173
0.000308529
0.000294483
0.000269204
0.000144986
0.000118342
0.000114165
0.000110692
0.000107799
0.0001059
0.000108194
0.000126514
0.000230804
0.000264267
0.000278805
0.00028748
0.000294629
0.000304301
0.000314664
0.00034122
0.000331517
0.000310067
0.000280534
0.00025832
0.000173697
0.00013359
0.000137367
0.000136928
0.000134625
0.000130027
0.000133491
0.000165003
0.000213652
0.000238921
0.000249906
0.000263347
0.000283637
0.000308917
0.000327522
0.000347963
0.000340898
0.00031883
0.00027628
0.000249963
0.000206651
0.000181257
0.000152759
0.000148632
0.000149517
0.000143858
0.000144969
0.000163177
0.000191607
0.000214351
0.00021791
0.000235235
0.000279909
0.000315918
0.000334498
0.000351472
0.000348208
0.000331781
0.000305681
0.000254747
0.00024337
0.000232171
0.000198235
0.000168769
0.000153582
0.000152846
0.000159508
0.000180467
0.0001989
0.000215646
0.000239352
0.000268373
0.00029817
0.000324521
0.000337915
0.000354046
0.000355339
0.000347807
0.000334066
0.000316786
0.000305881
0.000292863
0.00027312
0.000239801
0.000228549
0.000236841
0.000250453
0.000262308
0.000272513
0.000282791
0.000294428
0.000308001
0.000323113
0.000336424
0.000341115
0.000356656
0.000362943
0.000363345
0.000360316
0.000354838
0.000348984
0.000340345
0.000327988
0.000311968
0.000300582
0.000302666
0.000307748
0.000313573
0.000319397
0.000325138
0.00033104
0.000337154
0.000343094
0.000346783
0.000343797
0.000359691
0.000370868
0.00037774
0.000382047
0.000384242
0.000383277
0.00037833
0.000369408
0.000356771
0.000344379
0.000344018
0.000346769
0.000350333
0.000353769
0.000356624
0.000358632
0.000359434
0.000358834
0.000355479
0.000346048
0.00036363
0.000379907
0.000392248
0.000401936
0.000409201
0.000412732
0.00041134
0.000404899
0.000393579
0.000379823
0.00037757
0.000378909
0.000381012
0.000382681
0.000383102
0.000381674
0.00037821
0.000372676
0.000363833
0.000348508
0.000369392
0.000391696
0.000409417
0.000423276
0.000434017
0.000441007
0.00044276
0.00043857
0.000429193
0.000414088
0.000409947
0.000410132
0.000410804
0.00041055
0.000408497
0.000404127
0.000397335
0.000387904
0.000374021
0.000352536
0.000378228
0.000406359
0.000429141
0.000446163
0.000459439
0.000469034
0.000474644
0.000475953
0.000472791
0.000462094
0.000455856
0.000453494
0.000450531
0.000446075
0.000439824
0.000431564
0.000420944
0.000407139
0.000387492
0.000359574
0.000321173
0.000326383
0.000317441
0.000300095
0.000274264
0.000174062
0.000139788
0.00013294
0.000126555
0.000123847
0.000123235
0.00012914
0.000185219
0.000249628
0.000276369
0.000291065
0.000300994
0.000309841
0.000319194
0.000319369
0.000331517
0.000460274
0.000480998
0.000420924
0.000342887
0.000257422
0.000266328
0.000304483
0.0003352
0.000323578
0.000268016
0.000230438
0.000236176
0.000285836
0.000341787
0.000380728
0.000396492
0.0004129
0.000435661
0.000333695
0.000340898
0.000519649
0.000576473
0.000522278
0.000394642
0.000314883
0.00029258
0.000313239
0.000394266
0.000398374
0.000338461
0.000286144
0.000275421
0.000295334
0.000325463
0.000351664
0.000376508
0.000440721
0.000499504
0.00034213
0.000348208
0.000551789
0.000626678
0.000586107
0.000429792
0.000355958
0.000311929
0.000288008
0.000306317
0.000360812
0.000347697
0.000291443
0.00028852
0.000307906
0.000326182
0.000343003
0.0003692
0.00047564
0.000551976
0.000346935
0.000355339
0.000569779
0.000656973
0.000631176
0.00048451
0.00040889
0.000354076
0.000304979
0.000278596
0.000285386
0.000287851
0.000279633
0.000292825
0.000318577
0.000342873
0.000364717
0.000422906
0.000526455
0.000573777
0.000350652
0.000362943
0.000575927
0.000670762
0.000684369
0.000579861
0.000500436
0.000434386
0.000366794
0.000318174
0.000305403
0.000310495
0.000316937
0.000333821
0.000359903
0.000390402
0.000430626
0.000506244
0.00057944
0.00057667
0.000353259
0.000370868
0.000572671
0.000667129
0.000721852
0.000734313
0.000688971
0.00060977
0.000508733
0.000429808
0.000396599
0.000397938
0.000411868
0.000436208
0.000469942
0.00051575
0.000572274
0.000605386
0.000611372
0.000560773
0.000355903
0.000379907
0.000559859
0.000639507
0.000714343
0.00076622
0.000774643
0.000756537
0.000719319
0.000658403
0.000615705
0.000604212
0.000610597
0.000627082
0.000647488
0.000662366
0.000662226
0.000642677
0.000599217
0.000531582
0.000360354
0.000391696
0.000523307
0.000590781
0.000651978
0.000698701
0.000723699
0.000721705
0.000687796
0.000631199
0.000572601
0.000546442
0.000550996
0.000569484
0.00058955
0.000600329
0.000594858
0.000572444
0.000536709
0.000491787
0.000368032
0.000406359
0.000436157
0.000461202
0.000481465
0.000498929
0.000512892
0.000521951
0.000525008
0.000521628
0.000509735
0.000500574
0.00049694
0.000492158
0.000485132
0.000475607
0.000463638
0.000449381
0.000432351
0.000409806
0.000379266
0.000308529
0.000317441
0.00030969
0.000294828
0.000269927
0.000172663
0.000151816
0.000144618
0.000135884
0.000133669
0.000134614
0.000148041
0.000210821
0.00025904
0.000282794
0.000297228
0.000307683
0.000317022
0.000324744
0.000319465
0.000310067
0.000480998
0.000510104
0.000435375
0.000351272
0.000279424
0.000300082
0.00034233
0.000389067
0.000379899
0.000307612
0.000262515
0.000267697
0.000322152
0.000386321
0.000437148
0.000465336
0.000484414
0.000486961
0.000333617
0.00031883
0.000576473
0.000665995
0.000587687
0.00043919
0.000356667
0.000351943
0.000385429
0.000463491
0.000472037
0.000392976
0.000330007
0.000319121
0.00034697
0.000398166
0.000451287
0.000496163
0.000553111
0.000579802
0.00034283
0.000331781
0.000626678
0.000735609
0.000685511
0.000518144
0.000421353
0.000378074
0.000366735
0.000403964
0.000482672
0.000453372
0.000380364
0.000357623
0.000371829
0.000401524
0.000439233
0.000492368
0.00061233
0.000658677
0.000348463
0.000347807
0.000656973
0.00077147
0.00073999
0.000576236
0.000469929
0.000404969
0.00035964
0.000349969
0.000389828
0.000401286
0.000359121
0.000352933
0.000372883
0.000396644
0.000421722
0.000487239
0.000646417
0.000704632
0.000352795
0.000363345
0.000670762
0.000788488
0.000778231
0.000634293
0.000526899
0.000451892
0.000385525
0.000341212
0.000337926
0.000346801
0.000338064
0.000346372
0.000371655
0.000398703
0.000432051
0.000517921
0.000669501
0.000705063
0.000357212
0.00037774
0.000667129
0.000787615
0.000806243
0.000717188
0.0006312
0.000558494
0.000476917
0.000404344
0.000369559
0.000366585
0.000371427
0.00039044
0.000421529
0.000455363
0.000498907
0.000577534
0.000681538
0.000664206
0.0003631
0.000392248
0.000639507
0.000775296
0.000865778
0.000839909
0.000797856
0.000745839
0.000666575
0.00056969
0.000501317
0.000479904
0.000490314
0.000520996
0.000561716
0.000598039
0.000629585
0.00066972
0.000678428
0.000611458
0.000371088
0.000409417
0.000590781
0.000749345
0.000900011
0.000994108
0.00101122
0.000993068
0.000916563
0.000797599
0.000687533
0.000655421
0.000681772
0.000730389
0.000777686
0.000805197
0.00081003
0.000774293
0.000678294
0.000564824
0.000382943
0.000429141
0.000461202
0.000487901
0.000510489
0.000531366
0.000549446
0.000562079
0.000567307
0.000564144
0.000551064
0.00053908
0.000534614
0.000528337
0.000518982
0.000506329
0.00049084
0.000473549
0.000454247
0.00042995
0.000397732
0.000294483
0.000300095
0.000294828
0.000281543
0.000252149
0.000168506
0.00016188
0.000152766
0.000143924
0.000141915
0.000144073
0.000158429
0.000217793
0.000260123
0.000282208
0.000296245
0.000306504
0.000315367
0.000321169
0.000313447
0.000280534
0.000420924
0.000435375
0.000384255
0.000323338
0.000283801
0.000312301
0.000360447
0.000431667
0.000429318
0.000341285
0.000280678
0.000282471
0.000334597
0.000396717
0.000452549
0.00049565
0.000513569
0.000497816
0.0003256
0.00027628
0.000522278
0.000587687
0.000515469
0.000406456
0.000360425
0.000381381
0.000416419
0.000507609
0.000530901
0.000436177
0.000359478
0.000344366
0.000378639
0.00044395
0.000515964
0.000576767
0.000620456
0.000610804
0.000336547
0.000305681
0.000586107
0.000685511
0.000632825
0.000502426
0.000434637
0.000415944
0.000423555
0.000474256
0.000569774
0.000521804
0.000433293
0.000402629
0.000420653
0.000472052
0.000542713
0.000622869
0.00070607
0.00070751
0.000345044
0.000334066
0.000631176
0.00073999
0.000712353
0.000583934
0.000498247
0.000450283
0.000420418
0.000426601
0.000500827
0.000527816
0.000455138
0.000429061
0.000444441
0.000478376
0.00052833
0.00061114
0.000750083
0.000772367
0.000352516
0.000360316
0.000684369
0.000778231
0.000761955
0.000647861
0.000555886
0.000492294
0.00043962
0.000408966
0.000431059
0.000469049
0.000437118
0.000425446
0.000445738
0.00047228
0.000507908
0.000594741
0.000762223
0.000792042
0.000360138
0.000382047
0.000721852
0.000806243
0.000800796
0.000717023
0.000640458
0.000580911
0.000520016
0.000462544
0.000437737
0.000449215
0.000447116
0.000453802
0.000479915
0.000503784
0.000532288
0.00061214
0.000750179
0.000746186
0.000369481
0.000401936
0.000714343
0.000865778
0.000885804
0.000850575
0.000808861
0.000766501
0.000704306
0.00061716
0.000539766
0.000514128
0.000527897
0.000565125
0.000609581
0.00063735
0.000656006
0.000703708
0.000751713
0.000677254
0.000380583
0.000423276
0.000651978
0.000900011
0.0010305
0.00108496
0.00112846
0.00113839
0.00108048
0.000958002
0.000822081
0.000774127
0.000810115
0.000873011
0.000922185
0.0009314
0.000907179
0.000884598
0.000802635
0.000627442
0.000396019
0.000446163
0.000481465
0.000510489
0.000535804
0.000561156
0.000584108
0.000601184
0.000610724
0.000611808
0.000602569
0.000585876
0.000577728
0.000567816
0.00055456
0.000537542
0.000517243
0.000495674
0.000473702
0.000447137
0.000412562
0.000269204
0.000274264
0.000269927
0.000252149
0.000225671
0.000161113
0.000168637
0.00015945
0.000152721
0.000151665
0.000150782
0.000160263
0.000212222
0.000252496
0.000273635
0.000287137
0.000296596
0.000303442
0.000307442
0.00029998
0.00025832
0.000342887
0.000351272
0.000323338
0.000288758
0.000290555
0.000319334
0.000371989
0.000470043
0.000480687
0.000368034
0.000292111
0.00028244
0.000321743
0.000370395
0.000416635
0.000458111
0.000483279
0.000464885
0.000306613
0.000249963
0.000394642
0.00043919
0.000406456
0.000358559
0.000357678
0.000391435
0.000429591
0.000544902
0.000586442
0.000471014
0.000374446
0.000351478
0.000377812
0.000434581
0.000503801
0.000571665
0.000618629
0.000594787
0.000321416
0.000254747
0.000429792
0.000518144
0.000502426
0.0004426
0.000423576
0.000435376
0.000461923
0.00053656
0.000650338
0.000574837
0.000461833
0.000422602
0.000437712
0.000492293
0.000572773
0.000663316
0.000735712
0.000713512
0.000336322
0.000316786
0.00048451
0.000576236
0.000583934
0.000525523
0.0004889
0.000472482
0.000466493
0.00049673
0.000606704
0.000624506
0.000522695
0.000479035
0.000488223
0.000530216
0.000601638
0.000699159
0.000803864
0.000802903
0.000349335
0.000354838
0.000579861
0.000634293
0.000647861
0.000598532
0.00055245
0.000517021
0.000486922
0.000480039
0.000539855
0.00060421
0.000545546
0.000509015
0.000519721
0.000549074
0.000598887
0.000689441
0.000829492
0.0008523
0.000361321
0.000384242
0.000734313
0.000717188
0.000717023
0.000682101
0.000642179
0.000604056
0.000563357
0.0005285
0.000532752
0.000576354
0.000566673
0.000549244
0.000563735
0.000584498
0.000612524
0.000689374
0.000819121
0.000814358
0.000374015
0.000409201
0.00076622
0.000839909
0.000850575
0.00083402
0.000808388
0.000776787
0.000724634
0.000647294
0.000577795
0.000565009
0.000583524
0.000620395
0.000664849
0.000690466
0.000706255
0.000754829
0.000816325
0.000728756
0.000387921
0.000434017
0.000698701
0.000994108
0.00108496
0.0011656
0.00123995
0.00126329
0.00119488
0.00104412
0.000878054
0.000830446
0.000890767
0.000979009
0.0010366
0.00103461
0.000989939
0.000949551
0.000887379
0.00067136
0.000406469
0.000459439
0.000498929
0.000531366
0.000561156
0.000591181
0.000618284
0.000639681
0.00065403
0.000660607
0.000657322
0.00063601
0.000623268
0.00060877
0.000590892
0.000569222
0.000544325
0.000518155
0.000492446
0.000462844
0.000425147
0.000144986
0.000174062
0.000172663
0.000168506
0.000161113
0.000168774
0.000170079
0.000164116
0.000162168
0.000161734
0.000156764
0.000161756
0.000197242
0.000234981
0.000254382
0.00026789
0.000277325
0.000282885
0.000284217
0.000278573
0.000173697
0.000257422
0.000279424
0.000283801
0.000290555
0.000305047
0.000338857
0.000400335
0.00050816
0.000517272
0.000385158
0.000295776
0.000274787
0.000291665
0.000319265
0.000346139
0.000369215
0.000380202
0.000359713
0.000267575
0.000206651
0.000314883
0.000356667
0.000360425
0.000357678
0.000379393
0.00040488
0.00045524
0.000588408
0.000612007
0.000480221
0.000377457
0.000343317
0.000346486
0.000369965
0.000403949
0.000441655
0.00046848
0.000456354
0.000293156
0.00024337
0.000355958
0.000421353
0.000434637
0.000423576
0.000432596
0.000456988
0.000494295
0.000597241
0.00067893
0.000586324
0.000466728
0.000416055
0.000410826
0.000433203
0.000478119
0.000539587
0.000600917
0.000616791
0.000322851
0.000305881
0.00040889
0.000469929
0.000498247
0.0004889
0.000484185
0.000489813
0.000507986
0.000567287
0.0006697
0.000662873
0.000548539
0.000487944
0.000479002
0.000500318
0.000552842
0.000637275
0.000733239
0.000765471
0.000344447
0.000348984
0.000500436
0.000526899
0.000555886
0.00055245
0.000540513
0.000529552
0.000525896
0.000552177
0.00062374
0.00068165
0.000605504
0.000546942
0.000540568
0.000559019
0.000606061
0.000694579
0.000815282
0.000872702
0.000361128
0.000383277
0.000688971
0.0006312
0.000640458
0.000642179
0.000630904
0.000612538
0.000593963
0.000589756
0.000615952
0.000669879
0.000646744
0.000606168
0.000607584
0.000623629
0.000654871
0.000727129
0.000849067
0.000862344
0.000376792
0.000412732
0.000774643
0.000797856
0.000808861
0.000808388
0.000799535
0.000777629
0.000731245
0.000663643
0.000610641
0.000616432
0.000631769
0.000661579
0.000699865
0.000723216
0.000744525
0.000796506
0.000858924
0.000763295
0.000392807
0.000441007
0.000723699
0.00101122
0.00112846
0.00123995
0.00133106
0.00133861
0.00123035
0.00104459
0.000860642
0.000836761
0.000930988
0.00105299
0.0011234
0.00111512
0.00105385
0.000995521
0.000939632
0.000692781
0.000413694
0.000469034
0.000512892
0.000549446
0.000584108
0.000618284
0.00064948
0.000675824
0.000696523
0.00071165
0.000718445
0.000691752
0.00067169
0.000650498
0.000626689
0.000599709
0.000569947
0.00053916
0.000509378
0.000476516
0.000435488
0.000118342
0.000139788
0.000151816
0.00016188
0.000168637
0.000170079
0.000167171
0.000165607
0.000170576
0.00017286
0.000163658
0.000163537
0.000176062
0.00019677
0.000203181
0.00021129
0.000225439
0.000237808
0.000240723
0.000227005
0.00013359
0.000266328
0.000300082
0.000312301
0.000319334
0.000338857
0.000375536
0.000436664
0.000524999
0.00052394
0.000397771
0.000306918
0.000276887
0.000265107
0.000268165
0.000276815
0.000285378
0.000285279
0.000263662
0.000205185
0.000181257
0.00029258
0.000351943
0.000381381
0.000391435
0.00040488
0.000431943
0.000498057
0.000588705
0.000566461
0.000466272
0.000378692
0.000340807
0.000325212
0.000319955
0.000321034
0.000324135
0.000324571
0.000314244
0.000260591
0.000232171
0.000311929
0.000378074
0.000415944
0.000435376
0.000456988
0.000483909
0.000536814
0.000611429
0.000600374
0.000543979
0.000461271
0.000406629
0.00038427
0.000375633
0.000377247
0.000389314
0.000410426
0.000428692
0.000306946
0.000292863
0.000354076
0.000404969
0.000450283
0.000472482
0.000489813
0.000514824
0.000559128
0.000610608
0.000611718
0.000603192
0.000541045
0.000477666
0.000451211
0.000444458
0.000456604
0.000495636
0.000565205
0.000642835
0.000336957
0.000340345
0.000434386
0.000451892
0.000492294
0.000517021
0.000529552
0.000543487
0.000573682
0.000602514
0.00060042
0.000632115
0.000606744
0.000547818
0.000524262
0.000522625
0.000544326
0.000605299
0.000713221
0.000831566
0.000358635
0.00037833
0.00060977
0.000558494
0.000580911
0.000604056
0.000612538
0.000615461
0.000627623
0.000637901
0.000615897
0.000648675
0.000660616
0.000619785
0.000608527
0.000614747
0.000637073
0.000696011
0.000803792
0.000871729
0.000377017
0.00041134
0.000756537
0.000745839
0.000766501
0.000776787
0.000777629
0.000761622
0.000726106
0.000688217
0.000644016
0.000645087
0.00064741
0.00066732
0.000700025
0.000722038
0.000744189
0.0007985
0.000857347
0.000766993
0.000394797
0.00044276
0.000721705
0.000993068
0.00113839
0.00126329
0.00133861
0.0013048
0.00116501
0.00100743
0.000884604
0.00085998
0.000930338
0.00107018
0.00115647
0.00115458
0.00109053
0.00101752
0.000947684
0.000690849
0.000417793
0.000474644
0.000521951
0.000562079
0.000601184
0.000639681
0.000675824
0.000708812
0.000739579
0.000769393
0.000793731
0.000758555
0.000724393
0.000692272
0.000660324
0.000627147
0.000592455
0.00055729
0.000523605
0.00048758
0.000443466
0.000114165
0.00013294
0.000144618
0.000152766
0.00015945
0.000164116
0.000165607
0.000170441
0.000182812
0.00018705
0.00017437
0.000169702
0.000170909
0.000170631
0.000169146
0.000168772
0.00016655
0.000163756
0.000159546
0.000151642
0.000137367
0.000304483
0.00034233
0.000360447
0.000371989
0.000400335
0.000436664
0.000472728
0.000521006
0.000464127
0.000382448
0.00034303
0.00031465
0.000294124
0.000281645
0.000277147
0.00026784
0.000250225
0.00022
0.000176095
0.000152759
0.000313239
0.000385429
0.000416419
0.000429591
0.00045524
0.000498057
0.000533002
0.000550704
0.000454018
0.000383278
0.000387882
0.00037228
0.000353984
0.000340471
0.000325104
0.000300487
0.000276357
0.000265111
0.000250359
0.000198235
0.000288008
0.000366735
0.000423555
0.000461923
0.000494295
0.000536814
0.000573771
0.000594012
0.000523627
0.000426373
0.000432724
0.000425583
0.000401568
0.000381233
0.000359877
0.00034025
0.000334654
0.000350758
0.00029787
0.00027312
0.000304979
0.00035964
0.000420418
0.000466493
0.000507986
0.000559128
0.000601713
0.000642734
0.000628316
0.000497649
0.000475493
0.000482096
0.000453403
0.000433501
0.000422502
0.000427923
0.000465935
0.000539724
0.000329494
0.000327988
0.000366794
0.000385525
0.00043962
0.000486922
0.000525896
0.000573682
0.000609427
0.000665225
0.000734786
0.000585564
0.000514461
0.000542634
0.000519161
0.000505136
0.000507604
0.000539835
0.000624385
0.000763402
0.000353192
0.000369408
0.000508733
0.000476917
0.000520016
0.000563357
0.000593963
0.000627623
0.00065593
0.000705658
0.000827716
0.000682807
0.000576363
0.000613339
0.000603091
0.00060177
0.000614167
0.000653431
0.00073922
0.000843023
0.000373366
0.000404899
0.000719319
0.000666575
0.000704306
0.000724634
0.000731245
0.000726106
0.000731755
0.00078672
0.000909772
0.000777818
0.000635913
0.00064994
0.000677325
0.000700755
0.000724408
0.000772678
0.000823255
0.000744415
0.000393012
0.00043857
0.000687796
0.000916563
0.00108048
0.00119488
0.00123035
0.00116501
0.00106336
0.00107439
0.00116306
0.00105202
0.00092601
0.00100679
0.00111092
0.0011362
0.00108714
0.00100907
0.000922147
0.000670546
0.000418204
0.000475953
0.000525008
0.000567307
0.000610724
0.00065403
0.000696523
0.000739579
0.00078644
0.000839643
0.000890452
0.000843191
0.000783107
0.000732898
0.000689616
0.000649258
0.000609582
0.000570404
0.00053329
0.000494782
0.000448428
0.000110692
0.000126555
0.000135884
0.000143924
0.000152721
0.000162168
0.000170576
0.000182812
0.000196011
0.000201569
0.000189308
0.0001891
0.000184838
0.000178673
0.000172493
0.000166306
0.000161243
0.000157092
0.000150866
0.000142953
0.000136928
0.0003352
0.000389067
0.000431667
0.000470043
0.00050816
0.000524999
0.000521006
0.0005029
0.000541508
0.000478714
0.000419461
0.000436665
0.00041423
0.000375881
0.000338681
0.000307965
0.000282651
0.000235357
0.000177527
0.000148632
0.000394266
0.000463491
0.000507609
0.000544902
0.000588408
0.000588705
0.000550704
0.000583399
0.000798888
0.000664063
0.000416169
0.000451614
0.00045575
0.000411847
0.000364227
0.000318392
0.000280234
0.000260329
0.000246096
0.000168769
0.000306317
0.000403964
0.000474256
0.00053656
0.000597241
0.000611429
0.000594012
0.00072781
0.00108313
0.000870459
0.000456429
0.000450416
0.000467702
0.000421762
0.000372132
0.000331612
0.000313703
0.000326611
0.000291889
0.000239801
0.000278596
0.000349969
0.000426601
0.00049673
0.000567287
0.000610608
0.000642734
0.000893625
0.0013613
0.00107484
0.00051735
0.000469042
0.000495516
0.000456389
0.000418799
0.000400832
0.000423194
0.000497651
0.000322758
0.000311968
0.000318174
0.000341212
0.000408966
0.000480039
0.000552177
0.000602514
0.000665225
0.00105041
0.00160818
0.00126613
0.000593154
0.000491556
0.000544156
0.000518512
0.000497331
0.000503472
0.000569429
0.000716976
0.000346246
0.000356771
0.000429808
0.000404344
0.000462544
0.0005285
0.000589756
0.000637901
0.000705658
0.00118102
0.00179089
0.00142428
0.000687148
0.000554541
0.000616582
0.000609193
0.000605704
0.000622776
0.000688104
0.000809302
0.000366529
0.000393579
0.000658403
0.00056969
0.00061716
0.000647294
0.000663643
0.000688217
0.00078672
0.00130452
0.0018649
0.0015552
0.000789499
0.000623642
0.000649754
0.000674179
0.000698789
0.000739082
0.000779695
0.000718037
0.000386711
0.000429193
0.000631199
0.000797599
0.000958002
0.00104412
0.00104459
0.00100743
0.00107439
0.00142227
0.00174033
0.00155527
0.00107773
0.000923044
0.000988781
0.00104662
0.00102924
0.000962617
0.000870174
0.000641547
0.000413316
0.000472791
0.000521628
0.000564144
0.000611808
0.000660607
0.00071165
0.000769393
0.000839643
0.000924598
0.000994981
0.000945089
0.000849483
0.000772103
0.000712707
0.000663561
0.000618679
0.00057582
0.000535961
0.000496337
0.000448925
0.000107799
0.000123847
0.000133669
0.000141915
0.000151665
0.000161734
0.00017286
0.00018705
0.000201569
0.000375622
0.000368282
0.000205789
0.000197836
0.000186953
0.00017724
0.000169804
0.000164716
0.000160452
0.000152567
0.000143241
0.000134625
0.000323578
0.000379899
0.000429318
0.000480687
0.000517272
0.00052394
0.000464127
0.000541508
0.00038532
0.000405731
0.000538616
0.000450041
0.000456454
0.000410417
0.000361687
0.000321341
0.000290289
0.000238998
0.000185928
0.000149517
0.000398374
0.000472037
0.000530901
0.000586442
0.000612007
0.000566461
0.000454018
0.000798888
0.000552912
0.000579332
0.000705221
0.00044775
0.000515045
0.000457968
0.000384253
0.000327919
0.000291003
0.0002721
0.000249871
0.000153582
0.000360812
0.000482672
0.000569774
0.000650338
0.00067893
0.000600374
0.000523627
0.00108313
0.000713796
0.000754799
0.000878888
0.000441575
0.000529096
0.000473113
0.000393018
0.000343933
0.000326944
0.000339089
0.000290673
0.000228549
0.000285386
0.000389828
0.000500827
0.000606704
0.0006697
0.000611718
0.000628316
0.0013613
0.000873374
0.000939934
0.00105018
0.000458521
0.000545864
0.000513905
0.000438148
0.000402717
0.000423753
0.000504008
0.000319198
0.000300582
0.000305403
0.000337926
0.000431059
0.000539855
0.00062374
0.00060042
0.000734786
0.00160818
0.00103051
0.00113346
0.00120229
0.000488269
0.00056736
0.000570025
0.000511627
0.000489084
0.000547996
0.000711007
0.000341322
0.000344379
0.000396599
0.000369559
0.000437737
0.000532752
0.000615952
0.000615897
0.000827716
0.00179089
0.00117365
0.00132167
0.00131375
0.000548596
0.000626124
0.000646346
0.000614358
0.000603635
0.000656685
0.000788847
0.000360628
0.000379823
0.000615705
0.000501317
0.000539766
0.000577795
0.000610641
0.000644016
0.000909772
0.0018649
0.00129325
0.00147809
0.00136753
0.000628265
0.000642552
0.000665227
0.00068052
0.000708972
0.000743537
0.00069994
0.000379935
0.000414088
0.000572601
0.000687533
0.000822081
0.000878054
0.000860642
0.000884604
0.00116306
0.00174033
0.00140617
0.00157268
0.00138815
0.000938314
0.000869849
0.000937216
0.000948728
0.00089887
0.000812208
0.000610312
0.00040549
0.000462094
0.000509735
0.000551064
0.000602569
0.000657322
0.000718445
0.000793731
0.000890452
0.000994981
0.000933112
0.000982077
0.000910302
0.00080769
0.000728659
0.000669039
0.000618494
0.000572021
0.000529794
0.000490172
0.000443222
0.0001059
0.000123235
0.000134614
0.000144073
0.000150782
0.000156764
0.000163658
0.00017437
0.000189308
0.000368282
0.000407984
0.000212653
0.000206105
0.000200275
0.000197183
0.000195271
0.000192285
0.000185572
0.000170562
0.000145779
0.000130027
0.000268016
0.000307612
0.000341285
0.000368034
0.000385158
0.000397771
0.000382448
0.000478714
0.000405731
0.000436465
0.000460274
0.000387499
0.000375748
0.000349882
0.000320427
0.000287982
0.000259492
0.000230858
0.000197993
0.000143858
0.000338461
0.000392976
0.000436177
0.000471014
0.000480221
0.000466272
0.000383278
0.000664063
0.000579332
0.000608324
0.000564583
0.000456969
0.000471049
0.000425681
0.000367659
0.000317939
0.000289808
0.00028271
0.000257068
0.000152846
0.000347697
0.000453372
0.000521804
0.000574837
0.000586324
0.000543979
0.000426373
0.000870459
0.000754799
0.000797413
0.000667497
0.000484556
0.000540388
0.000479415
0.000402375
0.000352459
0.000343398
0.000363142
0.000293392
0.000236841
0.000287851
0.000401286
0.000527816
0.000624506
0.000662873
0.000603192
0.000497649
0.00107484
0.000939934
0.00100769
0.000789638
0.000507819
0.000610609
0.000550707
0.000461643
0.00041371
0.000440714
0.000535778
0.000320033
0.000302666
0.000310495
0.000346801
0.000469049
0.00060421
0.00068165
0.000632115
0.000585564
0.00126613
0.00113346
0.00123034
0.000925751
0.000551245
0.000684574
0.000645065
0.000553007
0.000495955
0.000549266
0.0007366
0.000341373
0.000344018
0.000397938
0.000366585
0.000449215
0.000576354
0.000669879
0.000648675
0.000682807
0.00142428
0.00132167
0.00144252
0.00105543
0.000635169
0.000743106
0.00072644
0.000659631
0.000610921
0.000647625
0.000771664
0.00036055
0.00037757
0.000604212
0.000479904
0.000514128
0.000565009
0.000616432
0.000645087
0.000777818
0.0015552
0.00147809
0.0016235
0.00113793
0.000705097
0.000719362
0.00071673
0.00070148
0.000703486
0.00072866
0.000685157
0.000380336
0.000409947
0.000546442
0.000655421
0.000774127
0.000830446
0.000836761
0.00085998
0.00105202
0.00155527
0.00157268
0.00166888
0.00124325
0.000944237
0.000911679
0.000955174
0.000951249
0.000894662
0.000805971
0.000601293
0.000406976
0.000455856
0.000500574
0.00053908
0.000585876
0.00063601
0.000691752
0.000758555
0.000843191
0.000945089
0.000982077
0.00100156
0.000889974
0.000794398
0.000722056
0.000665386
0.000616614
0.000571809
0.00053119
0.000492164
0.000445716
0.000108194
0.00012914
0.000148041
0.000158429
0.000160263
0.000161756
0.000163537
0.000169702
0.0001891
0.000205789
0.000212653
0.000217408
0.000222539
0.000226624
0.000229926
0.00023152
0.000229845
0.000223126
0.000209024
0.000184128
0.000133491
0.000230438
0.000262515
0.000280678
0.000292111
0.000295776
0.000306918
0.00034303
0.000419461
0.000538616
0.000460274
0.000357188
0.00033834
0.000331614
0.00032629
0.000314867
0.000293268
0.000264553
0.000237808
0.000209403
0.000144969
0.000286144
0.000330007
0.000359478
0.000374446
0.000377457
0.000378692
0.000387882
0.000416169
0.000705221
0.000564583
0.000428515
0.000436593
0.000420422
0.000396861
0.000361259
0.000321205
0.000296001
0.000294264
0.000265017
0.000159508
0.000291443
0.000380364
0.000433293
0.000461833
0.000466728
0.000461271
0.000432724
0.000456429
0.000878888
0.000667497
0.000461641
0.000521881
0.000503955
0.000464075
0.000409984
0.000365415
0.000361529
0.000392822
0.000298621
0.000250453
0.000279633
0.000359121
0.000455138
0.000522695
0.000548539
0.000541045
0.000475493
0.00051735
0.00105018
0.000789638
0.000490684
0.000593857
0.000590943
0.000543706
0.000478203
0.000431528
0.000463643
0.000580943
0.000324083
0.000307748
0.000316937
0.000338064
0.000437118
0.000545546
0.000605504
0.000606744
0.000514461
0.000593154
0.00120229
0.000925751
0.000542175
0.000659228
0.00068764
0.000647326
0.000580364
0.00052126
0.000566721
0.000777231
0.000345014
0.000346769
0.000411868
0.000371427
0.000447116
0.000566673
0.000646744
0.000660616
0.000576363
0.000687148
0.00131375
0.00105543
0.000654338
0.000735609
0.000771172
0.000750287
0.00070231
0.00064784
0.000662547
0.000758654
0.000364437
0.000378909
0.000610597
0.000490314
0.000527897
0.000583524
0.000631769
0.00064741
0.000635913
0.000789499
0.00136753
0.00113793
0.000764467
0.000767327
0.000787358
0.000788876
0.00076145
0.000736578
0.000744369
0.000689144
0.000385461
0.000410132
0.000550996
0.000681772
0.000810115
0.000890767
0.000930988
0.000930338
0.00092601
0.00107773
0.00138815
0.00124325
0.00100879
0.00100367
0.00106829
0.00109352
0.00105231
0.000967036
0.000861368
0.000630471
0.00041324
0.000453494
0.00049694
0.000534614
0.000577728
0.000623268
0.00067169
0.000724393
0.000783107
0.000849483
0.000910302
0.000889974
0.000818877
0.00075725
0.000705112
0.000658894
0.000615638
0.000574099
0.000535265
0.000496166
0.00044971
0.000126514
0.000185219
0.000210821
0.000217793
0.000212222
0.000197242
0.000176062
0.000170909
0.000184838
0.000197836
0.000206105
0.000222539
0.000237629
0.000248644
0.000256096
0.000260045
0.000260079
0.000255448
0.000245399
0.000230473
0.000165003
0.000236176
0.000267697
0.000282471
0.00028244
0.000274787
0.000276887
0.00031465
0.000436665
0.000450041
0.000387499
0.00033834
0.000333242
0.000346887
0.000359224
0.000360358
0.000344991
0.000313369
0.000274443
0.0002295
0.000163177
0.000275421
0.000319121
0.000344366
0.000351478
0.000343317
0.000340807
0.00037228
0.000451614
0.00044775
0.000456969
0.000436593
0.000415487
0.00041462
0.000412599
0.000394717
0.000361203
0.000329871
0.000320448
0.00027476
0.000180467
0.00028852
0.000357623
0.000402629
0.000422602
0.000416055
0.000406629
0.000425583
0.000450416
0.000441575
0.000484556
0.000521881
0.000498392
0.000484677
0.00046962
0.00043882
0.000402573
0.000398394
0.00044214
0.000306107
0.000262308
0.000292825
0.000352933
0.000429061
0.000479035
0.000487944
0.000477666
0.000482096
0.000469042
0.000458521
0.000507819
0.000593857
0.000581473
0.000560836
0.000537487
0.000500075
0.000467484
0.000503332
0.000640502
0.00033062
0.000313573
0.000333821
0.000346372
0.000425446
0.000509015
0.000546942
0.000547818
0.000542634
0.000491556
0.000488269
0.000551245
0.000659228
0.000667602
0.00064892
0.000626586
0.000589726
0.000555269
0.000604026
0.000809275
0.000351119
0.000350333
0.000436208
0.00039044
0.000453802
0.000549244
0.000606168
0.000619785
0.000613339
0.000554541
0.000548596
0.000635169
0.000735609
0.000743194
0.000736908
0.000731307
0.000710603
0.000682016
0.000702622
0.000761764
0.000370855
0.000381012
0.000627082
0.000520996
0.000565125
0.000620395
0.000661579
0.00066732
0.00064994
0.000623642
0.000628265
0.000705097
0.000767327
0.000789195
0.000811979
0.000824688
0.000813963
0.000790675
0.000787452
0.00071079
0.00039289
0.000410804
0.000569484
0.000730389
0.000873011
0.000979009
0.00105299
0.00107018
0.00100679
0.000923044
0.000938314
0.000944237
0.00100367
0.00113235
0.00122052
0.00122824
0.00116698
0.00106484
0.000946819
0.000679096
0.000420967
0.000450531
0.000492158
0.000528337
0.000567816
0.00060877
0.000650498
0.000692272
0.000732898
0.000772103
0.00080769
0.000794398
0.00075725
0.00072014
0.000683884
0.000647591
0.000610731
0.00057343
0.000537014
0.000498542
0.000452524
0.000230804
0.000249628
0.00025904
0.000260123
0.000252496
0.000234981
0.00019677
0.000170631
0.000178673
0.000186953
0.000200275
0.000226624
0.000248644
0.000263986
0.00027402
0.000279744
0.00028139
0.000278508
0.000270318
0.000256417
0.000213652
0.000285836
0.000322152
0.000334597
0.000321743
0.000291665
0.000265107
0.000294124
0.00041423
0.000456454
0.000375748
0.000331614
0.000346887
0.000381825
0.000413011
0.000428584
0.000421801
0.00039022
0.000336578
0.000250967
0.000191607
0.000295334
0.00034697
0.000378639
0.000377812
0.000346486
0.000325212
0.000353984
0.00045575
0.000515045
0.000471049
0.000420422
0.00041462
0.000437852
0.00046141
0.000463942
0.000439587
0.000401872
0.000373175
0.000286636
0.0001989
0.000307906
0.000371829
0.000420653
0.000437712
0.000410826
0.00038427
0.000401568
0.000467702
0.000529096
0.000540388
0.000503955
0.000484677
0.000493773
0.000509212
0.000506383
0.000484352
0.000476608
0.000515706
0.000315516
0.000272513
0.000318577
0.000372883
0.000444441
0.000488223
0.000479002
0.000451211
0.000453403
0.000495516
0.000545864
0.000610609
0.000590943
0.000560836
0.000555541
0.000561204
0.000556306
0.000546625
0.000584062
0.000711408
0.000338774
0.000319397
0.000359903
0.000371655
0.000445738
0.000519721
0.000540568
0.000524262
0.000519161
0.000544156
0.00056736
0.000684574
0.00068764
0.00064892
0.000633046
0.00063057
0.000623481
0.000619461
0.000679146
0.000848166
0.00035844
0.000353769
0.000469942
0.000421529
0.000479915
0.000563735
0.000607584
0.000608527
0.000603091
0.000616582
0.000626124
0.000743106
0.000771172
0.000736908
0.000727858
0.000730508
0.00072891
0.000728748
0.000771394
0.000787586
0.000377906
0.000382681
0.000647488
0.000561716
0.000609581
0.000664849
0.000699865
0.000700025
0.000677325
0.000649754
0.000642552
0.000719362
0.000787358
0.000811979
0.000830162
0.00084126
0.000843783
0.000844228
0.000841426
0.00073613
0.000399656
0.00041055
0.00058955
0.000777686
0.000922185
0.0010366
0.0011234
0.00115647
0.00111092
0.000988781
0.000869849
0.000911679
0.00106829
0.00122052
0.00129626
0.00128623
0.00121942
0.00112413
0.000991643
0.00071454
0.000426682
0.000446075
0.000485132
0.000518982
0.00055456
0.000590892
0.000626689
0.000660324
0.000689616
0.000712707
0.000728659
0.000722056
0.000705112
0.000683884
0.000659002
0.000630742
0.000599814
0.000567091
0.00053376
0.000497112
0.000452607
0.000264267
0.000276369
0.000282794
0.000282208
0.000273635
0.000254382
0.000203181
0.000169146
0.000172493
0.00017724
0.000197183
0.000229926
0.000256096
0.00027402
0.000285857
0.000293182
0.00029656
0.00029555
0.000288962
0.000274077
0.000238921
0.000341787
0.000386321
0.000396717
0.000370395
0.000319265
0.000268165
0.000281645
0.000375881
0.000410417
0.000349882
0.00032629
0.000359224
0.000413011
0.000462715
0.000493819
0.000497621
0.000470108
0.000404777
0.000272843
0.000214351
0.000325463
0.000398166
0.00044395
0.000434581
0.000369965
0.000319955
0.000340471
0.000411847
0.000457968
0.000425681
0.000396861
0.000412599
0.00046141
0.000515283
0.000546966
0.000542137
0.000507235
0.000458765
0.000299413
0.000215646
0.000326182
0.000401524
0.000472052
0.000492293
0.000433203
0.000375633
0.000381233
0.000421762
0.000473113
0.000479415
0.000464075
0.00046962
0.000509212
0.000565339
0.000605647
0.000612756
0.000603477
0.000599337
0.000325517
0.000282791
0.000342873
0.000396644
0.000478376
0.000530216
0.000500318
0.000444458
0.000433501
0.000456389
0.000513905
0.000550707
0.000543706
0.000537487
0.000561204
0.000609315
0.000653695
0.000680728
0.000716759
0.000778103
0.000346912
0.000325138
0.000390402
0.000398703
0.00047228
0.000549074
0.000559019
0.000522625
0.000505136
0.000518512
0.000570025
0.000645065
0.000647326
0.000626586
0.00063057
0.000661652
0.000700022
0.000736559
0.000797589
0.000886744
0.000365084
0.000356624
0.00051575
0.000455363
0.000503784
0.000584498
0.000623629
0.000614747
0.00060177
0.000609193
0.000646346
0.00072644
0.000750287
0.000731307
0.000730508
0.00074856
0.000775699
0.000809738
0.000868122
0.00082344
0.000383216
0.000383102
0.000662366
0.000598039
0.00063735
0.000690466
0.000723216
0.000722038
0.000700755
0.000674179
0.000665227
0.00071673
0.000788876
0.000824688
0.00084126
0.000853932
0.000871419
0.000898294
0.000894647
0.000752951
0.000403139
0.000408497
0.000600329
0.000805197
0.0009314
0.00103461
0.00111512
0.00115458
0.0011362
0.00104662
0.000937216
0.000955174
0.00109352
0.00122824
0.00128623
0.00126445
0.00120103
0.00112545
0.000986944
0.000719668
0.000427613
0.000439824
0.000475607
0.000506329
0.000537542
0.000569222
0.000599709
0.000627147
0.000649258
0.000663561
0.000669039
0.000665386
0.000658894
0.000647591
0.000630742
0.00060872
0.000582825
0.000554511
0.000524886
0.000491079
0.000449244
0.000278805
0.000291065
0.000297228
0.000296245
0.000287137
0.00026789
0.00021129
0.000168772
0.000166306
0.000169804
0.000195271
0.00023152
0.000260045
0.000279744
0.000293182
0.000302285
0.00030788
0.000308996
0.0003037
0.000287277
0.000249906
0.000380728
0.000437148
0.000452549
0.000416635
0.000346139
0.000276815
0.000277147
0.000338681
0.000361687
0.000320427
0.000314867
0.000360358
0.000428584
0.000493819
0.000537527
0.000546314
0.000526626
0.000461659
0.000291189
0.00021791
0.000351664
0.000451287
0.000515964
0.000503801
0.000403949
0.000321034
0.000325104
0.000364227
0.000384253
0.000367659
0.000361259
0.000394717
0.000463942
0.000546966
0.000614481
0.000641632
0.000622713
0.000552328
0.000311789
0.000239352
0.000343003
0.000439233
0.000542713
0.000572773
0.000478119
0.000377247
0.000359877
0.000372132
0.000393018
0.000402375
0.000409984
0.00043882
0.000506383
0.000605647
0.000702173
0.000754488
0.000748372
0.00068396
0.000334345
0.000294428
0.000364717
0.000421722
0.00052833
0.000601638
0.000552842
0.000456604
0.000422502
0.000418799
0.000438148
0.000461643
0.000478203
0.000500075
0.000556306
0.000653695
0.000761766
0.000836639
0.000860419
0.000815258
0.000352894
0.00033104
0.000430626
0.000432051
0.000507908
0.000598887
0.000606061
0.000544326
0.000507604
0.000497331
0.000511627
0.000553007
0.000580364
0.000589726
0.000623481
0.000700022
0.000800151
0.000885226
0.000931683
0.000885651
0.000368748
0.000358632
0.000572274
0.000498907
0.000532288
0.000612524
0.000654871
0.000637073
0.000614167
0.000605704
0.000614358
0.000659631
0.00070231
0.000710603
0.00072891
0.000775699
0.000848972
0.000923748
0.000966429
0.000835551
0.000384486
0.000381674
0.000662226
0.000629585
0.000656006
0.000706255
0.000744525
0.000744189
0.000724408
0.000698789
0.00068052
0.00070148
0.00076145
0.000813963
0.000843783
0.000871419
0.000914543
0.000957049
0.00091767
0.000745936
0.000401935
0.000404127
0.000594858
0.00081003
0.000907179
0.000989939
0.00105385
0.00109053
0.00108714
0.00102924
0.000948728
0.000951249
0.00105231
0.00116698
0.00121942
0.00120103
0.0011518
0.00109754
0.000940872
0.000695224
0.000423051
0.000431564
0.000463638
0.00049084
0.000517243
0.000544325
0.000569947
0.000592455
0.000609582
0.000618679
0.000618494
0.000616614
0.000615638
0.000610731
0.000599814
0.000582825
0.000561225
0.000536968
0.000511035
0.000480473
0.000442066
0.00028748
0.000300994
0.000307683
0.000306504
0.000296596
0.000277325
0.000225439
0.00016655
0.000161243
0.000164716
0.000192285
0.000229845
0.000260079
0.00028139
0.00029656
0.00030788
0.000315542
0.000318458
0.000314137
0.000296927
0.000263347
0.000396492
0.000465336
0.00049565
0.000458111
0.000369215
0.000285378
0.00026784
0.000307965
0.000321341
0.000287982
0.000293268
0.000344991
0.000421801
0.000497621
0.000546314
0.000576805
0.000570818
0.000500656
0.000306205
0.000235235
0.000376508
0.000496163
0.000576767
0.000571665
0.000441655
0.000324135
0.000300487
0.000318392
0.000327919
0.000317939
0.000321205
0.000361203
0.000439587
0.000542137
0.000641632
0.00070339
0.000701692
0.000607231
0.000323062
0.000268373
0.0003692
0.000492368
0.000622869
0.000663316
0.000539587
0.000389314
0.00034025
0.000331612
0.000343933
0.000352459
0.000365415
0.000402573
0.000484352
0.000612756
0.000754488
0.000837007
0.000832364
0.000716009
0.000340364
0.000308001
0.000422906
0.000487239
0.00061114
0.000699159
0.000637275
0.000495636
0.000427923
0.000400832
0.000402717
0.00041371
0.000431528
0.000467484
0.000546625
0.000680728
0.000836639
0.000935228
0.000930653
0.00080205
0.000355254
0.000337154
0.000506244
0.000517921
0.000594741
0.000689441
0.000694579
0.000605299
0.000539835
0.000503472
0.000489084
0.000495955
0.00052126
0.000555269
0.000619461
0.000736559
0.000885226
0.000990667
0.000982001
0.000836418
0.000368152
0.000359434
0.000605386
0.000577534
0.00061214
0.000689374
0.000727129
0.000696011
0.000653431
0.000622776
0.000603635
0.000610921
0.00064784
0.000682016
0.000728748
0.000809738
0.000923748
0.00101065
0.00097424
0.000797512
0.000380931
0.00037821
0.000642677
0.00066972
0.000703708
0.000754829
0.000796506
0.0007985
0.000772678
0.000739082
0.000708972
0.000703486
0.000736578
0.000790675
0.000844228
0.000898294
0.000957049
0.000987919
0.00087809
0.000704314
0.000395841
0.000397335
0.000572444
0.000774293
0.000884598
0.000949551
0.000995521
0.00101752
0.00100907
0.000962617
0.00089887
0.000894662
0.000967036
0.00106484
0.00112413
0.00112545
0.00109754
0.00104343
0.000857641
0.000648626
0.000413586
0.000420944
0.000449381
0.000473549
0.000495674
0.000518155
0.00053916
0.00055729
0.000570404
0.00057582
0.000572021
0.000571809
0.000574099
0.00057343
0.000567091
0.000554511
0.000536968
0.000516509
0.000493603
0.000465825
0.000430828
0.000294629
0.000309841
0.000317022
0.000315367
0.000303442
0.000282885
0.000237808
0.000163756
0.000157092
0.000160452
0.000185572
0.000223126
0.000255448
0.000278508
0.00029555
0.000308996
0.000318458
0.000322905
0.00031976
0.000303409
0.000283637
0.0004129
0.000484414
0.000513569
0.000483279
0.000380202
0.000285279
0.000250225
0.000282651
0.000290289
0.000259492
0.000264553
0.000313369
0.00039022
0.000470108
0.000526626
0.000570818
0.000574925
0.000508506
0.000316608
0.000279909
0.000440721
0.000553111
0.000620456
0.000618629
0.00046848
0.000324571
0.000276357
0.000280234
0.000291003
0.000289808
0.000296001
0.000329871
0.000401872
0.000507235
0.000622713
0.000701692
0.000702705
0.000600819
0.000330784
0.00029817
0.00047564
0.00061233
0.00070607
0.000735712
0.000600917
0.000410426
0.000334654
0.000313703
0.000326944
0.000343398
0.000361529
0.000398394
0.000476608
0.000603477
0.000748372
0.000832364
0.000810488
0.000671491
0.000342998
0.000323113
0.000526455
0.000646417
0.000750083
0.000803864
0.000733239
0.000565205
0.000465935
0.000423194
0.000423753
0.000440714
0.000463643
0.000503332
0.000584062
0.000716759
0.000860419
0.000930653
0.000880801
0.000715266
0.0003539
0.000343094
0.00057944
0.000669501
0.000762223
0.000829492
0.000815282
0.000713221
0.000624385
0.000569429
0.000547996
0.000549266
0.000566721
0.000604026
0.000679146
0.000797589
0.000931683
0.000982001
0.000901535
0.000725638
0.000363752
0.000358834
0.000611372
0.000681538
0.000750179
0.000819121
0.000849067
0.000803792
0.00073922
0.000688104
0.000656685
0.000647625
0.000662547
0.000702622
0.000771394
0.000868122
0.000966429
0.00097424
0.000865281
0.00069784
0.000373754
0.000372676
0.000599217
0.000678428
0.000751713
0.000816325
0.000858924
0.000857347
0.000823255
0.000779695
0.000743537
0.00072866
0.000744369
0.000787452
0.000841426
0.000894647
0.00091767
0.00087809
0.000778598
0.000640639
0.000385476
0.000387904
0.000536709
0.000678294
0.000802635
0.000887379
0.000939632
0.000947684
0.000922147
0.000870174
0.000812208
0.000805971
0.000861368
0.000946819
0.000991643
0.000986944
0.000940872
0.000857641
0.000728544
0.000590573
0.000399861
0.000407139
0.000432351
0.000454247
0.000473702
0.000492446
0.000509378
0.000523605
0.00053329
0.000535961
0.000529794
0.00053119
0.000535265
0.000537014
0.00053376
0.000524886
0.000511035
0.000493603
0.000472938
0.000447146
0.00041489
0.000304301
0.000319194
0.000324744
0.000321169
0.000307442
0.000284217
0.000240723
0.000159546
0.000150866
0.000152567
0.000170562
0.000209024
0.000245399
0.000270318
0.000288962
0.0003037
0.000314137
0.00031976
0.000318772
0.000307262
0.000308917
0.000435661
0.000486961
0.000497816
0.000464885
0.000359713
0.000263662
0.00022
0.000235357
0.000238998
0.000230858
0.000237808
0.000274443
0.000336578
0.000404777
0.000461659
0.000500656
0.000508506
0.00046296
0.000321962
0.000315918
0.000499504
0.000579802
0.000610804
0.000594787
0.000456354
0.000314244
0.000265111
0.000260329
0.0002721
0.00028271
0.000294264
0.000320448
0.000373175
0.000458765
0.000552328
0.000607231
0.000600819
0.000519055
0.000333363
0.000324521
0.000551976
0.000658677
0.00070751
0.000713512
0.000616791
0.000428692
0.000350758
0.000326611
0.000339089
0.000363142
0.000392822
0.00044214
0.000515706
0.000599337
0.00068396
0.000716009
0.000671491
0.000553339
0.000341581
0.000336424
0.000573777
0.000704632
0.000772367
0.000802903
0.000765471
0.000642835
0.000539724
0.000497651
0.000504008
0.000535778
0.000580943
0.000640502
0.000711408
0.000778103
0.000815258
0.00080205
0.000715266
0.000574584
0.000348624
0.000346783
0.00057667
0.000705063
0.000792042
0.0008523
0.000872702
0.000831566
0.000763402
0.000716976
0.000711007
0.0007366
0.000777231
0.000809275
0.000848166
0.000886744
0.000885651
0.000836418
0.000725638
0.000583242
0.000355173
0.000355479
0.000560773
0.000664206
0.000746186
0.000814358
0.000862344
0.000871729
0.000843023
0.000809302
0.000788847
0.000771664
0.000758654
0.000761764
0.000787586
0.00082344
0.000835551
0.000797512
0.00069784
0.000581558
0.000362051
0.000363833
0.000531582
0.000611458
0.000677254
0.000728756
0.000763295
0.000766993
0.000744415
0.000718037
0.00069994
0.000685157
0.000689144
0.00071079
0.00073613
0.000752951
0.000745936
0.000704314
0.000640639
0.000560687
0.000370355
0.000374021
0.000491787
0.000564824
0.000627442
0.00067136
0.000692781
0.000690849
0.000670546
0.000641547
0.000610312
0.000601293
0.000630471
0.000679096
0.00071454
0.000719668
0.000695224
0.000648626
0.000590573
0.000523457
0.000380704
0.000387492
0.000409806
0.00042995
0.000447137
0.000462844
0.000476516
0.00048758
0.000494782
0.000496337
0.000490172
0.000492164
0.000496166
0.000498542
0.000497112
0.000491079
0.000480473
0.000465825
0.000447146
0.000422615
0.000392049
0.000314664
0.000319369
0.000319465
0.000313447
0.00029998
0.000278573
0.000227005
0.000151642
0.000142953
0.000143241
0.000145779
0.000184128
0.000230473
0.000256417
0.000274077
0.000287277
0.000296927
0.000303409
0.000307262
0.000309138
0.000327522
0.000333695
0.000333617
0.0003256
0.000306613
0.000267575
0.000205185
0.000176095
0.000177527
0.000185928
0.000197993
0.000209403
0.0002295
0.000250967
0.000272843
0.000291189
0.000306205
0.000316608
0.000321962
0.000322202
0.000334498
0.00034213
0.00034283
0.000336547
0.000321416
0.000293156
0.000260591
0.000250359
0.000246096
0.000249871
0.000257068
0.000265017
0.00027476
0.000286636
0.000299413
0.000311789
0.000323062
0.000330784
0.000333363
0.00032998
0.000337915
0.000346935
0.000348463
0.000345044
0.000336322
0.000322851
0.000306946
0.00029787
0.000291889
0.000290673
0.000293392
0.000298621
0.000306107
0.000315516
0.000325517
0.000334345
0.000340364
0.000342998
0.000341581
0.000334476
0.000341115
0.000350652
0.000352795
0.000352516
0.000349335
0.000344447
0.000336957
0.000329494
0.000322758
0.000319198
0.000320033
0.000324083
0.00033062
0.000338774
0.000346912
0.000352894
0.000355254
0.0003539
0.000348624
0.000337946
0.000343797
0.000353259
0.000357212
0.000360138
0.000361321
0.000361128
0.000358635
0.000353192
0.000346246
0.000341322
0.000341373
0.000345014
0.000351119
0.00035844
0.000365084
0.000368748
0.000368152
0.000363752
0.000355173
0.0003412
0.000346048
0.000355903
0.0003631
0.000369481
0.000374015
0.000376792
0.000377017
0.000373366
0.000366529
0.000360628
0.00036055
0.000364437
0.000370855
0.000377906
0.000383216
0.000384486
0.000380931
0.000373754
0.000362051
0.000344597
0.000348508
0.000360354
0.000371088
0.000380583
0.000387921
0.000392807
0.000394797
0.000393012
0.000386711
0.000379935
0.000380336
0.000385461
0.00039289
0.000399656
0.000403139
0.000401935
0.000395841
0.000385476
0.000370355
0.000348689
0.000352536
0.000368032
0.000382943
0.000396019
0.000406469
0.000413694
0.000417793
0.000418204
0.000413316
0.00040549
0.000406976
0.00041324
0.000420967
0.000426682
0.000427613
0.000423051
0.000413586
0.000399861
0.000380704
0.000354273
0.000359574
0.000379266
0.000397732
0.000412562
0.000425147
0.000435488
0.000443466
0.000448428
0.000448925
0.000443222
0.000445716
0.00044971
0.000452524
0.000452607
0.000449244
0.000442066
0.000430828
0.00041489
0.000392049
0.000362189
)
;

boundaryField
{
    floor
    {
        type            nutkWallFunction;
        Cmu             0.09;
        kappa           0.41;
        E               9.8;
        value           nonuniform List<scalar> 
400
(
3.94491e-05
3.8424e-05
3.6806e-05
3.49947e-05
3.17257e-05
1.49623e-05
1.1051e-05
1.04246e-05
9.91601e-06
9.48505e-06
9.19446e-06
9.50786e-06
1.22174e-05
2.66923e-05
3.10428e-05
3.29389e-05
3.40644e-05
3.49945e-05
3.6239e-05
3.75641e-05
3.8424e-05
3.90877e-05
3.79462e-05
3.57206e-05
3.23867e-05
1.902e-05
1.41293e-05
1.31711e-05
1.22499e-05
1.18427e-05
1.17362e-05
1.25786e-05
2.05067e-05
2.91079e-05
3.26192e-05
3.453e-05
3.58148e-05
3.69578e-05
3.81527e-05
3.81662e-05
3.6806e-05
3.79462e-05
3.69591e-05
3.50496e-05
3.18336e-05
1.88594e-05
1.57876e-05
1.48496e-05
1.36046e-05
1.32585e-05
1.33809e-05
1.53214e-05
2.3889e-05
3.03301e-05
3.34496e-05
3.53245e-05
3.66753e-05
3.78769e-05
3.88585e-05
3.81742e-05
3.49947e-05
3.57206e-05
3.50496e-05
3.33435e-05
2.95529e-05
1.82354e-05
1.71479e-05
1.59942e-05
1.47467e-05
1.44341e-05
1.47269e-05
1.6722e-05
2.47779e-05
3.04603e-05
3.33686e-05
3.51941e-05
3.65194e-05
3.76566e-05
3.83908e-05
3.73919e-05
3.17257e-05
3.23867e-05
3.18336e-05
2.95529e-05
2.61075e-05
1.71675e-05
1.80774e-05
1.68794e-05
1.59697e-05
1.58043e-05
1.56708e-05
1.69703e-05
2.39997e-05
2.94534e-05
3.22579e-05
3.40212e-05
3.52436e-05
3.61212e-05
3.66211e-05
3.56474e-05
1.49623e-05
1.902e-05
1.88594e-05
1.82354e-05
1.71675e-05
1.80352e-05
1.83051e-05
1.75051e-05
1.72897e-05
1.72134e-05
1.65059e-05
1.7171e-05
2.19694e-05
2.71596e-05
2.9824e-05
3.15812e-05
3.27713e-05
3.34773e-05
3.36314e-05
3.28787e-05
1.1051e-05
1.41293e-05
1.57876e-05
1.71479e-05
1.80774e-05
1.83051e-05
1.79019e-05
1.77303e-05
1.84827e-05
1.87658e-05
1.74651e-05
1.74293e-05
1.91679e-05
2.22138e-05
2.32568e-05
2.43536e-05
2.61716e-05
2.77025e-05
2.8002e-05
2.61261e-05
1.04246e-05
1.31711e-05
1.48496e-05
1.59942e-05
1.68794e-05
1.75051e-05
1.77303e-05
1.84509e-05
2.02156e-05
2.07409e-05
1.89567e-05
1.82981e-05
1.8461e-05
1.84874e-05
1.82722e-05
1.82724e-05
1.80017e-05
1.76406e-05
1.70394e-05
1.58878e-05
9.91601e-06
1.22499e-05
1.36046e-05
1.47467e-05
1.59697e-05
1.72897e-05
1.84827e-05
2.02156e-05
2.20721e-05
2.27565e-05
2.10356e-05
2.09987e-05
2.04027e-05
1.95576e-05
1.87221e-05
1.7894e-05
1.71997e-05
1.6622e-05
1.5766e-05
1.46592e-05
9.48505e-06
1.18427e-05
1.32585e-05
1.44341e-05
1.58043e-05
1.72134e-05
1.87658e-05
2.07409e-05
2.27565e-05
0
0
2.33078e-05
2.22426e-05
2.0748e-05
1.93937e-05
1.83311e-05
1.76166e-05
1.70451e-05
1.59936e-05
1.46879e-05
9.19446e-06
1.17362e-05
1.33809e-05
1.47269e-05
1.56708e-05
1.65059e-05
1.74651e-05
1.89567e-05
2.10356e-05
0
0
2.41608e-05
2.32558e-05
2.2409e-05
2.19193e-05
2.16129e-05
2.11965e-05
2.03172e-05
1.83407e-05
1.50278e-05
9.50786e-06
1.25786e-05
1.53214e-05
1.6722e-05
1.69703e-05
1.7171e-05
1.74293e-05
1.82981e-05
2.09987e-05
2.33078e-05
2.41608e-05
2.47408e-05
2.53721e-05
2.58618e-05
2.62532e-05
2.64343e-05
2.61987e-05
2.53071e-05
2.34373e-05
2.01137e-05
1.22174e-05
2.05067e-05
2.3889e-05
2.47779e-05
2.39997e-05
2.19694e-05
1.91679e-05
1.8461e-05
2.04027e-05
2.22426e-05
2.32558e-05
2.53721e-05
2.73367e-05
2.87569e-05
2.97099e-05
3.02087e-05
3.01998e-05
2.95836e-05
2.82591e-05
2.62937e-05
2.66923e-05
2.91079e-05
3.03301e-05
3.04603e-05
2.94534e-05
2.71596e-05
2.22138e-05
1.84874e-05
1.95576e-05
2.0748e-05
2.2409e-05
2.58618e-05
2.87569e-05
3.07605e-05
3.20619e-05
3.27977e-05
3.30021e-05
3.26188e-05
3.15515e-05
2.97628e-05
3.10428e-05
3.26192e-05
3.34496e-05
3.33686e-05
3.22579e-05
2.9824e-05
2.32568e-05
1.82722e-05
1.87221e-05
1.93937e-05
2.19193e-05
2.62532e-05
2.97099e-05
3.20619e-05
3.36043e-05
3.4552e-05
3.49836e-05
3.48448e-05
3.39942e-05
3.20928e-05
3.29389e-05
3.453e-05
3.53245e-05
3.51941e-05
3.40212e-05
3.15812e-05
2.43536e-05
1.82724e-05
1.7894e-05
1.83311e-05
2.16129e-05
2.64343e-05
3.02087e-05
3.27977e-05
3.4552e-05
3.57328e-05
3.64529e-05
3.65993e-05
3.59237e-05
3.38167e-05
3.40644e-05
3.58148e-05
3.66753e-05
3.65194e-05
3.52436e-05
3.27713e-05
2.61716e-05
1.80017e-05
1.71997e-05
1.76166e-05
2.11965e-05
2.61987e-05
3.01998e-05
3.30021e-05
3.49836e-05
3.64529e-05
3.74524e-05
3.78418e-05
3.72967e-05
3.50674e-05
3.49945e-05
3.69578e-05
3.78769e-05
3.76566e-05
3.61212e-05
3.34773e-05
2.77025e-05
1.76406e-05
1.6622e-05
1.70451e-05
2.03172e-05
2.53071e-05
2.95836e-05
3.26188e-05
3.48448e-05
3.65993e-05
3.78418e-05
3.84355e-05
3.80387e-05
3.58949e-05
3.6239e-05
3.81527e-05
3.88585e-05
3.83908e-05
3.66211e-05
3.36314e-05
2.8002e-05
1.70394e-05
1.5766e-05
1.59936e-05
1.83407e-05
2.34373e-05
2.82591e-05
3.15515e-05
3.39942e-05
3.59237e-05
3.72967e-05
3.80387e-05
3.79056e-05
3.63668e-05
3.75641e-05
3.81662e-05
3.81742e-05
3.73919e-05
3.56474e-05
3.28787e-05
2.61261e-05
1.58878e-05
1.46592e-05
1.46879e-05
1.50278e-05
2.01137e-05
2.62937e-05
2.97628e-05
3.20928e-05
3.38167e-05
3.50674e-05
3.58949e-05
3.63668e-05
3.65783e-05
)
;
    }
    ceiling
    {
        type            nutkWallFunction;
        Cmu             0.09;
        kappa           0.41;
        E               9.8;
        value           nonuniform List<scalar> 
400
(
4.56316e-05
4.91452e-05
5.19712e-05
5.40735e-05
5.57102e-05
5.68941e-05
5.75892e-05
5.7756e-05
5.7375e-05
5.60674e-05
5.52941e-05
5.4989e-05
5.46141e-05
5.40606e-05
5.32898e-05
5.22723e-05
5.09609e-05
4.92484e-05
4.67964e-05
4.32801e-05
4.91452e-05
5.28355e-05
5.59149e-05
5.83939e-05
6.05244e-05
6.22279e-05
6.33352e-05
6.37129e-05
6.33101e-05
6.1873e-05
6.07479e-05
6.02857e-05
5.96906e-05
5.88294e-05
5.76682e-05
5.62082e-05
5.44617e-05
5.23634e-05
4.95663e-05
4.5741e-05
5.19712e-05
5.59149e-05
5.91743e-05
6.19169e-05
6.44433e-05
6.66293e-05
6.81576e-05
6.87935e-05
6.84212e-05
6.68556e-05
6.53958e-05
6.48319e-05
6.4059e-05
6.29237e-05
6.13946e-05
5.95192e-05
5.74135e-05
5.50469e-05
5.20476e-05
4.8035e-05
5.40735e-05
5.83939e-05
6.19169e-05
6.49721e-05
6.80194e-05
7.07707e-05
7.28138e-05
7.39537e-05
7.40864e-05
7.29911e-05
7.09814e-05
6.99821e-05
6.87815e-05
6.71891e-05
6.51482e-05
6.27058e-05
6.0093e-05
5.74103e-05
5.41468e-05
4.98631e-05
5.57102e-05
6.05244e-05
6.44433e-05
6.80194e-05
7.16057e-05
7.48299e-05
7.73657e-05
7.90596e-05
7.98356e-05
7.94502e-05
7.69104e-05
7.53757e-05
7.3641e-05
7.15109e-05
6.89277e-05
6.59471e-05
6.27925e-05
5.96699e-05
5.60515e-05
5.14043e-05
5.68941e-05
6.22279e-05
6.66293e-05
7.07707e-05
7.48299e-05
7.85153e-05
8.16126e-05
8.40364e-05
8.58058e-05
8.65983e-05
8.34469e-05
8.10666e-05
7.85575e-05
7.57403e-05
7.25417e-05
6.8995e-05
6.53004e-05
6.16997e-05
5.77008e-05
5.2664e-05
5.75892e-05
6.33352e-05
6.81576e-05
7.28138e-05
7.73657e-05
8.16126e-05
8.54682e-05
8.90523e-05
9.25152e-05
9.53174e-05
9.12101e-05
8.72163e-05
8.34511e-05
7.96961e-05
7.57802e-05
7.16612e-05
6.74567e-05
6.3399e-05
5.90313e-05
5.3633e-05
5.7756e-05
6.37129e-05
6.87935e-05
7.39537e-05
7.90596e-05
8.40364e-05
8.90523e-05
9.44849e-05
0.00010061
0.000106378
0.000100938
9.40136e-05
8.81866e-05
8.31308e-05
7.83866e-05
7.36908e-05
6.90198e-05
6.4562e-05
5.99027e-05
5.42387e-05
5.7375e-05
6.33101e-05
6.84212e-05
7.40864e-05
7.98356e-05
8.58058e-05
9.25152e-05
0.00010061
0.000110291
0.000118152
0.000112515
0.000101633
9.27341e-05
8.58365e-05
8.00797e-05
7.47796e-05
6.96775e-05
6.48936e-05
6.00976e-05
5.43001e-05
5.60674e-05
6.1873e-05
6.68556e-05
7.29911e-05
7.94502e-05
8.65983e-05
9.53174e-05
0.000106378
0.000118152
0.00011099
0.000116757
0.000108562
9.68479e-05
8.77195e-05
8.07547e-05
7.47909e-05
6.92576e-05
6.41846e-05
5.93786e-05
5.36254e-05
5.52941e-05
6.07479e-05
6.53958e-05
7.09814e-05
7.69104e-05
8.34469e-05
9.12101e-05
0.000100938
0.000112515
0.000116757
0.000118843
0.000106221
9.53086e-05
8.69557e-05
8.03393e-05
7.45868e-05
6.92534e-05
6.43743e-05
5.96385e-05
5.39455e-05
5.4989e-05
6.02857e-05
6.48319e-05
6.99821e-05
7.53757e-05
8.10666e-05
8.72163e-05
9.40136e-05
0.000101633
0.000108562
0.000106221
9.8115e-05
9.10321e-05
8.49894e-05
7.95837e-05
7.44788e-05
6.95347e-05
6.48721e-05
6.01311e-05
5.44407e-05
5.46141e-05
5.96906e-05
6.4059e-05
6.87815e-05
7.3641e-05
7.85575e-05
8.34511e-05
8.81866e-05
9.27341e-05
9.68479e-05
9.53086e-05
9.10321e-05
8.67389e-05
8.25168e-05
7.82577e-05
7.38994e-05
6.94564e-05
6.50831e-05
6.04198e-05
5.47846e-05
5.40606e-05
5.88294e-05
6.29237e-05
6.71891e-05
7.15109e-05
7.57403e-05
7.96961e-05
8.31308e-05
8.58365e-05
8.77195e-05
8.69557e-05
8.49894e-05
8.25168e-05
7.96005e-05
7.62649e-05
7.25925e-05
6.86853e-05
6.46776e-05
6.02346e-05
5.47848e-05
5.32898e-05
5.76682e-05
6.13946e-05
6.51482e-05
6.89277e-05
7.25417e-05
7.57802e-05
7.83866e-05
8.00797e-05
8.07547e-05
8.03393e-05
7.95837e-05
7.82577e-05
7.62649e-05
7.36425e-05
7.0546e-05
6.71491e-05
6.35788e-05
5.94774e-05
5.4353e-05
5.22723e-05
5.62082e-05
5.95192e-05
6.27058e-05
6.59471e-05
6.8995e-05
7.16612e-05
7.36908e-05
7.47796e-05
7.47909e-05
7.45868e-05
7.44788e-05
7.38994e-05
7.25925e-05
7.0546e-05
6.79374e-05
6.50051e-05
6.18674e-05
5.81525e-05
5.34432e-05
5.09609e-05
5.44617e-05
5.74135e-05
6.0093e-05
6.27925e-05
6.53004e-05
6.74567e-05
6.90198e-05
6.96775e-05
6.92576e-05
6.92534e-05
6.95347e-05
6.94564e-05
6.86853e-05
6.71491e-05
6.50051e-05
6.25071e-05
5.97177e-05
5.63264e-05
5.20245e-05
4.92484e-05
5.23634e-05
5.50469e-05
5.74103e-05
5.96699e-05
6.16997e-05
6.3399e-05
6.4562e-05
6.48936e-05
6.41846e-05
6.43743e-05
6.48721e-05
6.50831e-05
6.46776e-05
6.35788e-05
6.18674e-05
5.97177e-05
5.7175e-05
5.40013e-05
5.00155e-05
4.67964e-05
4.95663e-05
5.20476e-05
5.41468e-05
5.60515e-05
5.77008e-05
5.90313e-05
5.99027e-05
6.00976e-05
5.93786e-05
5.96385e-05
6.01311e-05
6.04198e-05
6.02346e-05
5.94774e-05
5.81525e-05
5.63264e-05
5.40013e-05
5.09487e-05
4.71353e-05
4.32801e-05
4.5741e-05
4.8035e-05
4.98631e-05
5.14043e-05
5.2664e-05
5.3633e-05
5.42387e-05
5.43001e-05
5.36254e-05
5.39455e-05
5.44407e-05
5.47846e-05
5.47848e-05
5.4353e-05
5.34432e-05
5.20245e-05
5.00155e-05
4.71353e-05
4.33547e-05
)
;
    }
    fixedWalls
    {
        type            nutkWallFunction;
        Cmu             0.09;
        kappa           0.41;
        E               9.8;
        value           nonuniform List<scalar> 
800
(
3.94461e-05
4.09728e-05
4.18273e-05
4.22705e-05
4.25944e-05
4.29224e-05
4.33038e-05
4.37986e-05
4.4522e-05
4.56295e-05
3.84209e-05
3.97436e-05
4.09373e-05
4.18637e-05
4.27639e-05
4.37209e-05
4.47157e-05
4.58479e-05
4.73204e-05
4.91436e-05
3.68027e-05
3.70052e-05
3.81329e-05
3.97867e-05
4.18202e-05
4.37791e-05
4.55846e-05
4.7397e-05
4.95318e-05
5.197e-05
3.49911e-05
3.31776e-05
3.26615e-05
3.64639e-05
4.00878e-05
4.3408e-05
4.61333e-05
4.86126e-05
5.12561e-05
5.40726e-05
3.17217e-05
3.02877e-05
2.91862e-05
2.98101e-05
3.78904e-05
4.27289e-05
4.64208e-05
4.95278e-05
5.25927e-05
5.57095e-05
1.49564e-05
1.88716e-05
2.3364e-05
2.83476e-05
3.65146e-05
4.20053e-05
4.63144e-05
4.998e-05
5.34679e-05
5.68936e-05
1.10445e-05
1.32327e-05
1.99356e-05
2.69339e-05
3.48687e-05
4.09273e-05
4.57069e-05
4.98184e-05
5.36985e-05
5.75887e-05
1.0418e-05
1.37369e-05
1.59998e-05
2.24032e-05
3.23424e-05
3.93632e-05
4.45918e-05
4.90253e-05
5.31896e-05
5.77556e-05
9.90936e-06
1.36834e-05
1.5311e-05
1.82794e-05
2.79786e-05
3.73029e-05
4.29902e-05
4.76066e-05
5.20291e-05
5.73745e-05
9.47834e-06
1.33599e-05
1.54777e-05
1.61137e-05
2.64864e-05
3.58468e-05
4.14278e-05
4.58887e-05
5.01597e-05
5.60668e-05
9.1877e-06
1.2728e-05
1.47177e-05
1.60412e-05
2.75656e-05
3.61059e-05
4.13758e-05
4.56012e-05
4.964e-05
5.52934e-05
9.50112e-06
1.32344e-05
1.488e-05
1.70203e-05
2.93495e-05
3.67541e-05
4.17203e-05
4.57647e-05
4.96543e-05
5.49881e-05
1.22111e-05
1.76447e-05
1.74261e-05
1.99415e-05
3.08877e-05
3.7499e-05
4.21696e-05
4.60259e-05
4.97324e-05
5.46132e-05
2.66877e-05
2.4297e-05
2.13081e-05
2.24388e-05
3.22139e-05
3.82439e-05
4.26034e-05
4.62344e-05
4.9699e-05
5.40597e-05
3.10387e-05
2.76853e-05
2.43874e-05
2.47024e-05
3.35486e-05
3.89778e-05
4.29644e-05
4.62867e-05
4.94449e-05
5.32887e-05
3.29351e-05
2.91528e-05
2.48763e-05
2.78955e-05
3.50513e-05
3.97291e-05
4.32169e-05
4.61075e-05
4.89025e-05
5.22711e-05
3.40607e-05
3.09333e-05
2.73336e-05
3.16854e-05
3.67897e-05
4.05011e-05
4.3314e-05
4.56707e-05
4.80553e-05
5.09595e-05
3.49909e-05
3.36057e-05
3.31731e-05
3.55211e-05
3.87077e-05
4.12434e-05
4.32302e-05
4.49693e-05
4.68724e-05
4.92468e-05
3.62356e-05
3.68474e-05
3.77596e-05
3.8866e-05
4.03802e-05
4.16939e-05
4.27932e-05
4.38452e-05
4.51218e-05
4.67945e-05
3.75609e-05
3.92125e-05
4.01066e-05
4.05451e-05
4.09534e-05
4.12945e-05
4.15798e-05
4.18898e-05
4.23953e-05
4.32778e-05
3.75609e-05
3.92125e-05
4.01066e-05
4.05451e-05
4.09534e-05
4.12945e-05
4.15798e-05
4.18898e-05
4.23953e-05
4.32778e-05
3.81631e-05
3.99962e-05
4.10714e-05
4.16834e-05
4.21564e-05
4.24897e-05
4.28253e-05
4.33843e-05
4.4346e-05
4.57389e-05
3.81711e-05
3.99791e-05
4.11516e-05
4.18676e-05
4.24178e-05
4.29771e-05
4.37212e-05
4.47251e-05
4.62058e-05
4.80333e-05
3.73887e-05
3.89363e-05
4.03311e-05
4.14134e-05
4.23629e-05
4.3327e-05
4.45031e-05
4.58948e-05
4.78181e-05
4.98616e-05
3.56439e-05
3.64674e-05
3.83617e-05
4.02758e-05
4.19383e-05
4.34572e-05
4.50532e-05
4.67911e-05
4.90955e-05
5.1403e-05
3.28748e-05
3.1363e-05
3.46805e-05
3.85363e-05
4.13051e-05
4.34217e-05
4.539e-05
4.73855e-05
4.99723e-05
5.26629e-05
2.61214e-05
2.30314e-05
3.03066e-05
3.64615e-05
4.03346e-05
4.30985e-05
4.54113e-05
4.76241e-05
5.04662e-05
5.3632e-05
1.5882e-05
1.90619e-05
2.90312e-05
3.53008e-05
3.93843e-05
4.24056e-05
4.49461e-05
4.73948e-05
5.05115e-05
5.42377e-05
1.46533e-05
1.94081e-05
2.85686e-05
3.45666e-05
3.85404e-05
4.15294e-05
4.40856e-05
4.66072e-05
4.99071e-05
5.42992e-05
1.4682e-05
2.06692e-05
2.91518e-05
3.44492e-05
3.81055e-05
4.09156e-05
4.33522e-05
4.5774e-05
4.89604e-05
5.36244e-05
1.50219e-05
2.23617e-05
3.01428e-05
3.48297e-05
3.82295e-05
4.09329e-05
4.33523e-05
4.58379e-05
4.91645e-05
5.39445e-05
2.01083e-05
2.38916e-05
3.11997e-05
3.55217e-05
3.87595e-05
4.14043e-05
4.3852e-05
4.64934e-05
4.9958e-05
5.44398e-05
2.6289e-05
2.65205e-05
3.24666e-05
3.64897e-05
3.96004e-05
4.2189e-05
4.46661e-05
4.743e-05
5.09252e-05
5.47838e-05
2.97585e-05
2.92744e-05
3.39843e-05
3.76865e-05
4.06352e-05
4.31156e-05
4.55493e-05
4.82667e-05
5.1623e-05
5.4784e-05
3.20889e-05
3.20413e-05
3.55864e-05
3.89389e-05
4.16511e-05
4.39348e-05
4.62024e-05
4.86782e-05
5.17094e-05
5.43521e-05
3.38129e-05
3.43729e-05
3.71168e-05
4.00234e-05
4.23782e-05
4.43687e-05
4.63333e-05
4.84941e-05
5.11057e-05
5.34422e-05
3.50639e-05
3.62856e-05
3.85018e-05
4.0737e-05
4.26259e-05
4.4242e-05
4.58322e-05
4.7686e-05
4.98855e-05
5.20233e-05
3.58915e-05
3.75982e-05
3.94347e-05
4.10031e-05
4.23816e-05
4.36163e-05
4.48661e-05
4.63317e-05
4.81284e-05
5.00141e-05
3.63635e-05
3.82372e-05
3.96908e-05
4.07356e-05
4.16282e-05
4.24561e-05
4.33268e-05
4.43785e-05
4.56895e-05
4.71335e-05
3.6575e-05
3.82211e-05
3.92037e-05
3.9775e-05
4.02208e-05
4.06419e-05
4.10828e-05
4.16137e-05
4.23349e-05
4.33524e-05
3.94461e-05
4.09728e-05
4.18273e-05
4.22705e-05
4.25944e-05
4.29224e-05
4.33038e-05
4.37986e-05
4.4522e-05
4.56295e-05
3.84209e-05
3.97436e-05
4.09373e-05
4.18637e-05
4.27639e-05
4.37209e-05
4.47157e-05
4.58479e-05
4.73204e-05
4.91436e-05
3.68027e-05
3.70052e-05
3.81329e-05
3.97867e-05
4.18202e-05
4.37791e-05
4.55846e-05
4.7397e-05
4.95318e-05
5.197e-05
3.49911e-05
3.31776e-05
3.26615e-05
3.64639e-05
4.00878e-05
4.3408e-05
4.61333e-05
4.86126e-05
5.12561e-05
5.40726e-05
3.17217e-05
3.02877e-05
2.91862e-05
2.98101e-05
3.78904e-05
4.27289e-05
4.64208e-05
4.95278e-05
5.25927e-05
5.57095e-05
1.49564e-05
1.88716e-05
2.3364e-05
2.83476e-05
3.65146e-05
4.20053e-05
4.63144e-05
4.998e-05
5.34679e-05
5.68936e-05
1.10445e-05
1.32327e-05
1.99356e-05
2.69339e-05
3.48687e-05
4.09273e-05
4.57069e-05
4.98184e-05
5.36985e-05
5.75887e-05
1.0418e-05
1.37369e-05
1.59998e-05
2.24032e-05
3.23424e-05
3.93632e-05
4.45918e-05
4.90253e-05
5.31896e-05
5.77556e-05
9.90936e-06
1.36834e-05
1.5311e-05
1.82794e-05
2.79786e-05
3.73029e-05
4.29902e-05
4.76066e-05
5.20291e-05
5.73745e-05
9.47834e-06
1.33599e-05
1.54777e-05
1.61137e-05
2.64864e-05
3.58468e-05
4.14278e-05
4.58887e-05
5.01597e-05
5.60668e-05
9.1877e-06
1.2728e-05
1.47177e-05
1.60412e-05
2.75656e-05
3.61059e-05
4.13758e-05
4.56012e-05
4.964e-05
5.52934e-05
9.50112e-06
1.32344e-05
1.488e-05
1.70203e-05
2.93495e-05
3.67541e-05
4.17203e-05
4.57647e-05
4.96543e-05
5.49881e-05
1.22111e-05
1.76447e-05
1.74261e-05
1.99415e-05
3.08877e-05
3.7499e-05
4.21696e-05
4.60259e-05
4.97324e-05
5.46132e-05
2.66877e-05
2.4297e-05
2.13081e-05
2.24388e-05
3.22139e-05
3.82439e-05
4.26034e-05
4.62344e-05
4.9699e-05
5.40597e-05
3.10387e-05
2.76853e-05
2.43874e-05
2.47024e-05
3.35486e-05
3.89778e-05
4.29644e-05
4.62867e-05
4.94449e-05
5.32887e-05
3.29351e-05
2.91528e-05
2.48763e-05
2.78955e-05
3.50513e-05
3.97291e-05
4.32169e-05
4.61075e-05
4.89025e-05
5.22711e-05
3.40607e-05
3.09333e-05
2.73336e-05
3.16854e-05
3.67897e-05
4.05011e-05
4.3314e-05
4.56707e-05
4.80553e-05
5.09595e-05
3.49909e-05
3.36057e-05
3.31731e-05
3.55211e-05
3.87077e-05
4.12434e-05
4.32302e-05
4.49693e-05
4.68724e-05
4.92468e-05
3.62356e-05
3.68474e-05
3.77596e-05
3.8866e-05
4.03802e-05
4.16939e-05
4.27932e-05
4.38452e-05
4.51218e-05
4.67945e-05
3.75609e-05
3.92125e-05
4.01066e-05
4.05451e-05
4.09534e-05
4.12945e-05
4.15798e-05
4.18898e-05
4.23953e-05
4.32778e-05
3.75609e-05
3.92125e-05
4.01066e-05
4.05451e-05
4.09534e-05
4.12945e-05
4.15798e-05
4.18898e-05
4.23953e-05
4.32778e-05
3.81631e-05
3.99962e-05
4.10714e-05
4.16834e-05
4.21564e-05
4.24897e-05
4.28253e-05
4.33843e-05
4.4346e-05
4.57389e-05
3.81711e-05
3.99791e-05
4.11516e-05
4.18676e-05
4.24178e-05
4.29771e-05
4.37212e-05
4.47251e-05
4.62058e-05
4.80333e-05
3.73887e-05
3.89363e-05
4.03311e-05
4.14134e-05
4.23629e-05
4.3327e-05
4.45031e-05
4.58948e-05
4.78181e-05
4.98616e-05
3.56439e-05
3.64674e-05
3.83617e-05
4.02758e-05
4.19383e-05
4.34572e-05
4.50532e-05
4.67911e-05
4.90955e-05
5.1403e-05
3.28748e-05
3.1363e-05
3.46805e-05
3.85363e-05
4.13051e-05
4.34217e-05
4.539e-05
4.73855e-05
4.99723e-05
5.26629e-05
2.61214e-05
2.30314e-05
3.03066e-05
3.64615e-05
4.03346e-05
4.30985e-05
4.54113e-05
4.76241e-05
5.04662e-05
5.3632e-05
1.5882e-05
1.90619e-05
2.90312e-05
3.53008e-05
3.93843e-05
4.24056e-05
4.49461e-05
4.73948e-05
5.05115e-05
5.42377e-05
1.46533e-05
1.94081e-05
2.85686e-05
3.45666e-05
3.85404e-05
4.15294e-05
4.40856e-05
4.66072e-05
4.99071e-05
5.42992e-05
1.4682e-05
2.06692e-05
2.91518e-05
3.44492e-05
3.81055e-05
4.09156e-05
4.33522e-05
4.5774e-05
4.89604e-05
5.36244e-05
1.50219e-05
2.23617e-05
3.01428e-05
3.48297e-05
3.82295e-05
4.09329e-05
4.33523e-05
4.58379e-05
4.91645e-05
5.39445e-05
2.01083e-05
2.38916e-05
3.11997e-05
3.55217e-05
3.87595e-05
4.14043e-05
4.3852e-05
4.64934e-05
4.9958e-05
5.44398e-05
2.6289e-05
2.65205e-05
3.24666e-05
3.64897e-05
3.96004e-05
4.2189e-05
4.46661e-05
4.743e-05
5.09252e-05
5.47838e-05
2.97585e-05
2.92744e-05
3.39843e-05
3.76865e-05
4.06352e-05
4.31156e-05
4.55493e-05
4.82667e-05
5.1623e-05
5.4784e-05
3.20889e-05
3.20413e-05
3.55864e-05
3.89389e-05
4.16511e-05
4.39348e-05
4.62024e-05
4.86782e-05
5.17094e-05
5.43521e-05
3.38129e-05
3.43729e-05
3.71168e-05
4.00234e-05
4.23782e-05
4.43687e-05
4.63333e-05
4.84941e-05
5.11057e-05
5.34422e-05
3.50639e-05
3.62856e-05
3.85018e-05
4.0737e-05
4.26259e-05
4.4242e-05
4.58322e-05
4.7686e-05
4.98855e-05
5.20233e-05
3.58915e-05
3.75982e-05
3.94347e-05
4.10031e-05
4.23816e-05
4.36163e-05
4.48661e-05
4.63317e-05
4.81284e-05
5.00141e-05
3.63635e-05
3.82372e-05
3.96908e-05
4.07356e-05
4.16282e-05
4.24561e-05
4.33268e-05
4.43785e-05
4.56895e-05
4.71335e-05
3.6575e-05
3.82211e-05
3.92037e-05
3.9775e-05
4.02208e-05
4.06419e-05
4.10828e-05
4.16137e-05
4.23349e-05
4.33524e-05
)
;
    }
}


// ************************************************************************* //
