/*--------------------------------*- C++ -*----------------------------------*\
  =========                 |
  \\      /  F ield         | OpenFOAM: The Open Source CFD Toolbox
   \\    /   O peration     | Website:  https://openfoam.org
    \\  /    A nd           | Version:  8
     \\/     M anipulation  |
\*---------------------------------------------------------------------------*/
FoamFile
{
    version     2.0;
    format      ascii;
    class       volScalarField;
    location    "1400";
    object      p;
}
// * * * * * * * * * * * * * * * * * * * * * * * * * * * * * * * * * * * * * //

dimensions      [1 -1 -2 0 0 0 0];

internalField   nonuniform List<scalar> 
4000
(
-2.44972
-2.44997
-2.45029
-2.4504
-2.4503
-2.45014
-2.4502
-2.45018
-2.45019
-2.45019
-2.4502
-2.45021
-2.45022
-2.45029
-2.45044
-2.4506
-2.45066
-2.4505
-2.45013
-2.44977
-7.34959
-7.34975
-7.34994
-7.35003
-7.34995
-7.34992
-7.34994
-7.34993
-7.34993
-7.34994
-7.34994
-7.34995
-7.34996
-7.34995
-7.35004
-7.35017
-7.35024
-7.35015
-7.34991
-7.34963
-12.2492
-12.2493
-12.2494
-12.2494
-12.2494
-12.2495
-12.2495
-12.2494
-12.2494
-12.2494
-12.2495
-12.2495
-12.2495
-12.2495
-12.2495
-12.2496
-12.2496
-12.2495
-12.2494
-12.2492
-17.1486
-17.1487
-17.1487
-17.1488
-17.1488
-17.1488
-17.1488
-17.1489
-17.1489
-17.1489
-17.1489
-17.1489
-17.1489
-17.1489
-17.1489
-17.1489
-17.1489
-17.1488
-17.1488
-17.1487
-22.0479
-22.048
-22.048
-22.0481
-22.0481
-22.0481
-22.0482
-22.0482
-22.0482
-22.0482
-22.0482
-22.0482
-22.0482
-22.0482
-22.0482
-22.0482
-22.0481
-22.0481
-22.0481
-22.048
-26.9472
-26.9473
-26.9473
-26.9474
-26.9474
-26.9474
-26.9474
-26.9474
-26.9474
-26.9474
-26.9474
-26.9474
-26.9474
-26.9474
-26.9474
-26.9474
-26.9474
-26.9474
-26.9473
-26.9472
-31.8464
-31.8465
-31.8466
-31.8467
-31.8467
-31.8467
-31.8467
-31.8467
-31.8467
-31.8467
-31.8467
-31.8467
-31.8467
-31.8467
-31.8467
-31.8467
-31.8467
-31.8466
-31.8466
-31.8465
-36.7455
-36.7457
-36.7458
-36.7459
-36.7459
-36.7459
-36.7459
-36.746
-36.746
-36.746
-36.746
-36.746
-36.746
-36.746
-36.746
-36.7459
-36.7459
-36.7458
-36.7457
-36.7456
-41.6446
-41.6448
-41.6449
-41.645
-41.645
-41.645
-41.645
-41.645
-41.6451
-41.6451
-41.6451
-41.6451
-41.6451
-41.6451
-41.6451
-41.6451
-41.6451
-41.645
-41.6449
-41.6447
-46.544
-46.5441
-46.5441
-46.5441
-46.5441
-46.544
-46.544
-46.5439
-46.5439
-46.544
-46.544
-46.544
-46.544
-46.5441
-46.5442
-46.5442
-46.5443
-46.5443
-46.5442
-46.544
-2.44997
-2.45011
-2.45032
-2.45037
-2.45027
-2.45015
-2.45019
-2.45018
-2.45019
-2.45019
-2.4502
-2.45021
-2.45023
-2.45031
-2.45045
-2.45059
-2.45063
-2.45048
-2.45012
-2.4498
-7.34975
-7.34982
-7.34994
-7.35
-7.34992
-7.34991
-7.34994
-7.34993
-7.34994
-7.34994
-7.34994
-7.34995
-7.34994
-7.34995
-7.35003
-7.35015
-7.35022
-7.35012
-7.3499
-7.34965
-12.2493
-12.2493
-12.2494
-12.2494
-12.2494
-12.2494
-12.2495
-12.2494
-12.2494
-12.2494
-12.2495
-12.2495
-12.2495
-12.2495
-12.2495
-12.2496
-12.2496
-12.2495
-12.2494
-12.2492
-17.1487
-17.1487
-17.1487
-17.1488
-17.1488
-17.1488
-17.1489
-17.1489
-17.1489
-17.1489
-17.1489
-17.1489
-17.1489
-17.1489
-17.1489
-17.1489
-17.1489
-17.1489
-17.1488
-17.1487
-22.048
-22.048
-22.0481
-22.0481
-22.0481
-22.0482
-22.0482
-22.0482
-22.0482
-22.0482
-22.0482
-22.0482
-22.0482
-22.0482
-22.0482
-22.0482
-22.0482
-22.0482
-22.0481
-22.048
-26.9473
-26.9474
-26.9474
-26.9475
-26.9475
-26.9475
-26.9475
-26.9475
-26.9475
-26.9475
-26.9475
-26.9475
-26.9475
-26.9475
-26.9475
-26.9475
-26.9475
-26.9475
-26.9474
-26.9473
-31.8465
-31.8467
-31.8467
-31.8468
-31.8468
-31.8468
-31.8468
-31.8468
-31.8468
-31.8468
-31.8468
-31.8468
-31.8468
-31.8468
-31.8468
-31.8468
-31.8468
-31.8467
-31.8467
-31.8466
-36.7457
-36.7459
-36.746
-36.746
-36.7461
-36.7461
-36.7461
-36.7461
-36.7461
-36.7461
-36.7461
-36.7461
-36.7461
-36.7461
-36.7461
-36.7461
-36.746
-36.746
-36.7459
-36.7457
-41.6448
-41.645
-41.6451
-41.6452
-41.6453
-41.6453
-41.6453
-41.6453
-41.6453
-41.6453
-41.6453
-41.6453
-41.6453
-41.6453
-41.6453
-41.6453
-41.6453
-41.6452
-41.6451
-41.6449
-46.5441
-46.5443
-46.5443
-46.5444
-46.5443
-46.5443
-46.5443
-46.5442
-46.5442
-46.5442
-46.5443
-46.5443
-46.5443
-46.5443
-46.5444
-46.5444
-46.5444
-46.5444
-46.5443
-46.5442
-2.45029
-2.45032
-2.45038
-2.45036
-2.45026
-2.45016
-2.45019
-2.45018
-2.45019
-2.45019
-2.4502
-2.45021
-2.45023
-2.45032
-2.45045
-2.45057
-2.4506
-2.45047
-2.45018
-2.44993
-7.34994
-7.34994
-7.34997
-7.34996
-7.3499
-7.34992
-7.34994
-7.34992
-7.34993
-7.34993
-7.34994
-7.34995
-7.34993
-7.34994
-7.35003
-7.35013
-7.35018
-7.3501
-7.34991
-7.34972
-12.2494
-12.2494
-12.2494
-12.2494
-12.2494
-12.2494
-12.2495
-12.2494
-12.2494
-12.2494
-12.2494
-12.2495
-12.2494
-12.2494
-12.2495
-12.2495
-12.2496
-12.2495
-12.2494
-12.2493
-17.1487
-17.1487
-17.1488
-17.1488
-17.1488
-17.1488
-17.1489
-17.1489
-17.1488
-17.1488
-17.1489
-17.1489
-17.1489
-17.1489
-17.1489
-17.1489
-17.1489
-17.1489
-17.1488
-17.1487
-22.048
-22.0481
-22.0481
-22.0481
-22.0482
-22.0482
-22.0482
-22.0482
-22.0482
-22.0482
-22.0482
-22.0482
-22.0482
-22.0482
-22.0482
-22.0482
-22.0482
-22.0482
-22.0482
-22.0481
-26.9473
-26.9474
-26.9474
-26.9475
-26.9475
-26.9475
-26.9475
-26.9475
-26.9475
-26.9475
-26.9475
-26.9475
-26.9475
-26.9475
-26.9475
-26.9475
-26.9475
-26.9475
-26.9475
-26.9474
-31.8466
-31.8467
-31.8467
-31.8468
-31.8468
-31.8468
-31.8468
-31.8468
-31.8468
-31.8468
-31.8468
-31.8468
-31.8468
-31.8468
-31.8468
-31.8468
-31.8468
-31.8468
-31.8467
-31.8466
-36.7458
-36.746
-36.746
-36.746
-36.746
-36.746
-36.746
-36.746
-36.746
-36.746
-36.746
-36.746
-36.746
-36.746
-36.746
-36.746
-36.746
-36.746
-36.746
-36.7458
-41.6449
-41.6451
-41.6452
-41.6453
-41.6453
-41.6453
-41.6453
-41.6453
-41.6453
-41.6453
-41.6453
-41.6453
-41.6453
-41.6453
-41.6453
-41.6453
-41.6453
-41.6453
-41.6452
-41.6449
-46.5441
-46.5443
-46.5444
-46.5444
-46.5444
-46.5443
-46.5443
-46.5443
-46.5443
-46.5443
-46.5443
-46.5443
-46.5443
-46.5444
-46.5444
-46.5444
-46.5445
-46.5445
-46.5444
-46.5442
-2.4504
-2.45037
-2.45036
-2.45031
-2.45023
-2.45016
-2.45019
-2.45019
-2.4502
-2.45019
-2.4502
-2.4502
-2.45023
-2.45031
-2.45042
-2.45053
-2.45056
-2.45049
-2.45028
-2.45014
-7.35003
-7.35
-7.34996
-7.34992
-7.34988
-7.34992
-7.34993
-7.34991
-7.34992
-7.34992
-7.34993
-7.34994
-7.34992
-7.34993
-7.35
-7.35009
-7.35013
-7.35008
-7.34995
-7.34983
-12.2494
-12.2494
-12.2494
-12.2494
-12.2494
-12.2494
-12.2494
-12.2494
-12.2494
-12.2494
-12.2494
-12.2494
-12.2494
-12.2494
-12.2495
-12.2495
-12.2495
-12.2495
-12.2494
-12.2493
-17.1488
-17.1488
-17.1488
-17.1488
-17.1488
-17.1489
-17.1489
-17.1488
-17.1488
-17.1488
-17.1488
-17.1489
-17.1488
-17.1488
-17.1489
-17.1489
-17.1489
-17.1489
-17.1488
-17.1488
-22.0481
-22.0481
-22.0481
-22.0482
-22.0482
-22.0482
-22.0482
-22.0482
-22.0482
-22.0482
-22.0482
-22.0482
-22.0482
-22.0482
-22.0482
-22.0482
-22.0482
-22.0482
-22.0482
-22.0481
-26.9474
-26.9475
-26.9475
-26.9475
-26.9475
-26.9475
-26.9475
-26.9475
-26.9475
-26.9475
-26.9475
-26.9475
-26.9475
-26.9475
-26.9475
-26.9475
-26.9475
-26.9475
-26.9475
-26.9474
-31.8467
-31.8468
-31.8468
-31.8468
-31.8468
-31.8468
-31.8468
-31.8468
-31.8468
-31.8468
-31.8468
-31.8468
-31.8468
-31.8468
-31.8468
-31.8468
-31.8468
-31.8468
-31.8468
-31.8467
-36.7459
-36.746
-36.746
-36.746
-36.746
-36.746
-36.746
-36.746
-36.746
-36.746
-36.746
-36.746
-36.746
-36.746
-36.746
-36.7461
-36.7461
-36.7461
-36.746
-36.7459
-41.645
-41.6452
-41.6453
-41.6453
-41.6452
-41.6452
-41.6453
-41.6453
-41.6453
-41.6453
-41.6453
-41.6453
-41.6453
-41.6453
-41.6453
-41.6453
-41.6453
-41.6453
-41.6453
-41.645
-46.5441
-46.5444
-46.5444
-46.5444
-46.5443
-46.5443
-46.5443
-46.5442
-46.5442
-46.5442
-46.5442
-46.5442
-46.5443
-46.5443
-46.5444
-46.5444
-46.5445
-46.5445
-46.5444
-46.5442
-2.4503
-2.45027
-2.45026
-2.45023
-2.45019
-2.45017
-2.45018
-2.45019
-2.4502
-2.45019
-2.4502
-2.4502
-2.45022
-2.45028
-2.45037
-2.45046
-2.45051
-2.45048
-2.45039
-2.45033
-7.34995
-7.34992
-7.3499
-7.34988
-7.34988
-7.34992
-7.34991
-7.3499
-7.34991
-7.34992
-7.34992
-7.34993
-7.34991
-7.34991
-7.34996
-7.35003
-7.35007
-7.35006
-7.34999
-7.34993
-12.2494
-12.2494
-12.2494
-12.2494
-12.2494
-12.2494
-12.2494
-12.2494
-12.2494
-12.2494
-12.2494
-12.2494
-12.2494
-12.2494
-12.2494
-12.2495
-12.2495
-12.2495
-12.2494
-12.2494
-17.1488
-17.1488
-17.1488
-17.1488
-17.1488
-17.1489
-17.1489
-17.1488
-17.1488
-17.1488
-17.1488
-17.1488
-17.1488
-17.1488
-17.1489
-17.1489
-17.1489
-17.1489
-17.1488
-17.1488
-22.0481
-22.0481
-22.0482
-22.0482
-22.0482
-22.0482
-22.0482
-22.0482
-22.0482
-22.0482
-22.0482
-22.0482
-22.0482
-22.0482
-22.0482
-22.0482
-22.0482
-22.0482
-22.0482
-22.0481
-26.9474
-26.9475
-26.9475
-26.9475
-26.9475
-26.9475
-26.9475
-26.9475
-26.9475
-26.9475
-26.9475
-26.9475
-26.9475
-26.9475
-26.9475
-26.9475
-26.9476
-26.9475
-26.9476
-26.9475
-31.8467
-31.8468
-31.8468
-31.8468
-31.8468
-31.8468
-31.8468
-31.8468
-31.8468
-31.8468
-31.8468
-31.8468
-31.8468
-31.8468
-31.8468
-31.8468
-31.8468
-31.8468
-31.8468
-31.8467
-36.7459
-36.7461
-36.746
-36.746
-36.746
-36.746
-36.746
-36.746
-36.746
-36.746
-36.746
-36.746
-36.746
-36.746
-36.746
-36.7461
-36.7461
-36.7461
-36.7461
-36.7459
-41.645
-41.6453
-41.6453
-41.6452
-41.6452
-41.6452
-41.6453
-41.6453
-41.6453
-41.6453
-41.6453
-41.6453
-41.6453
-41.6453
-41.6453
-41.6453
-41.6453
-41.6453
-41.6453
-41.6451
-46.5441
-46.5443
-46.5444
-46.5443
-46.5443
-46.5442
-46.5442
-46.5442
-46.5441
-46.5441
-46.5442
-46.5442
-46.5442
-46.5443
-46.5443
-46.5444
-46.5445
-46.5445
-46.5444
-46.5442
-2.45014
-2.45015
-2.45016
-2.45016
-2.45017
-2.45017
-2.45018
-2.4502
-2.45021
-2.4502
-2.4502
-2.4502
-2.45021
-2.45026
-2.45031
-2.45036
-2.4504
-2.45041
-2.45039
-2.45039
-7.34992
-7.34991
-7.34992
-7.34992
-7.34992
-7.34991
-7.34989
-7.3499
-7.34991
-7.34991
-7.34992
-7.34992
-7.34991
-7.3499
-7.34992
-7.34996
-7.35
-7.35001
-7.34999
-7.34997
-12.2495
-12.2494
-12.2494
-12.2494
-12.2494
-12.2494
-12.2494
-12.2494
-12.2494
-12.2494
-12.2494
-12.2494
-12.2494
-12.2494
-12.2494
-12.2495
-12.2495
-12.2495
-12.2494
-12.2494
-17.1488
-17.1488
-17.1488
-17.1489
-17.1489
-17.1489
-17.1488
-17.1488
-17.1488
-17.1488
-17.1488
-17.1488
-17.1488
-17.1488
-17.1489
-17.1489
-17.1489
-17.1489
-17.1488
-17.1488
-22.0481
-22.0482
-22.0482
-22.0482
-22.0482
-22.0482
-22.0482
-22.0482
-22.0482
-22.0482
-22.0482
-22.0482
-22.0482
-22.0482
-22.0482
-22.0482
-22.0482
-22.0482
-22.0482
-22.0482
-26.9474
-26.9475
-26.9475
-26.9475
-26.9475
-26.9475
-26.9475
-26.9475
-26.9475
-26.9475
-26.9475
-26.9475
-26.9475
-26.9475
-26.9475
-26.9475
-26.9476
-26.9476
-26.9476
-26.9475
-31.8467
-31.8468
-31.8468
-31.8468
-31.8468
-31.8468
-31.8468
-31.8468
-31.8468
-31.8468
-31.8468
-31.8468
-31.8468
-31.8468
-31.8468
-31.8468
-31.8468
-31.8468
-31.8469
-31.8468
-36.7459
-36.7461
-36.746
-36.746
-36.746
-36.746
-36.746
-36.746
-36.746
-36.7461
-36.7461
-36.7461
-36.7461
-36.7461
-36.7461
-36.7461
-36.7461
-36.7461
-36.7461
-36.746
-41.645
-41.6453
-41.6453
-41.6452
-41.6452
-41.6453
-41.6453
-41.6453
-41.6453
-41.6453
-41.6453
-41.6453
-41.6453
-41.6453
-41.6453
-41.6453
-41.6453
-41.6454
-41.6453
-41.6451
-46.544
-46.5443
-46.5443
-46.5443
-46.5442
-46.5442
-46.5441
-46.5441
-46.544
-46.544
-46.544
-46.5441
-46.5442
-46.5442
-46.5443
-46.5444
-46.5444
-46.5445
-46.5444
-46.5442
-2.4502
-2.45019
-2.45019
-2.45019
-2.45018
-2.45018
-2.4502
-2.45022
-2.45022
-2.45022
-2.45021
-2.45021
-2.45021
-2.45024
-2.45026
-2.45027
-2.45029
-2.45029
-2.4503
-2.45031
-7.34994
-7.34994
-7.34994
-7.34993
-7.34991
-7.34989
-7.34989
-7.3499
-7.34991
-7.34991
-7.34992
-7.34992
-7.34992
-7.34992
-7.34993
-7.34994
-7.34995
-7.34995
-7.34995
-7.34996
-12.2495
-12.2495
-12.2495
-12.2494
-12.2494
-12.2494
-12.2494
-12.2494
-12.2494
-12.2494
-12.2494
-12.2494
-12.2494
-12.2494
-12.2494
-12.2495
-12.2495
-12.2494
-12.2494
-12.2494
-17.1488
-17.1489
-17.1489
-17.1489
-17.1489
-17.1488
-17.1488
-17.1488
-17.1488
-17.1488
-17.1488
-17.1488
-17.1489
-17.1489
-17.1489
-17.1489
-17.1489
-17.1489
-17.1488
-17.1488
-22.0482
-22.0482
-22.0482
-22.0482
-22.0482
-22.0482
-22.0482
-22.0482
-22.0482
-22.0482
-22.0482
-22.0482
-22.0482
-22.0482
-22.0482
-22.0482
-22.0482
-22.0482
-22.0482
-22.0482
-26.9474
-26.9475
-26.9475
-26.9475
-26.9475
-26.9475
-26.9475
-26.9475
-26.9475
-26.9475
-26.9475
-26.9475
-26.9475
-26.9475
-26.9476
-26.9476
-26.9476
-26.9476
-26.9476
-26.9475
-31.8467
-31.8468
-31.8468
-31.8468
-31.8468
-31.8468
-31.8468
-31.8468
-31.8468
-31.8468
-31.8468
-31.8468
-31.8468
-31.8468
-31.8468
-31.8468
-31.8469
-31.8469
-31.8469
-31.8468
-36.7459
-36.7461
-36.746
-36.746
-36.746
-36.746
-36.746
-36.7461
-36.7461
-36.7461
-36.7461
-36.7461
-36.7461
-36.7461
-36.7461
-36.7461
-36.7461
-36.7461
-36.7461
-36.746
-41.645
-41.6453
-41.6453
-41.6453
-41.6453
-41.6453
-41.6453
-41.6453
-41.6453
-41.6453
-41.6453
-41.6454
-41.6454
-41.6454
-41.6453
-41.6453
-41.6454
-41.6454
-41.6454
-41.6451
-46.544
-46.5443
-46.5443
-46.5443
-46.5442
-46.5441
-46.544
-46.5439
-46.5438
-46.5436
-46.5438
-46.5439
-46.5441
-46.5442
-46.5443
-46.5444
-46.5444
-46.5445
-46.5444
-46.5441
-2.45018
-2.45018
-2.45018
-2.45019
-2.45019
-2.4502
-2.45022
-2.45023
-2.45025
-2.45027
-2.45026
-2.45023
-2.45022
-2.45022
-2.45024
-2.45024
-2.45025
-2.45024
-2.45024
-2.45025
-7.34993
-7.34993
-7.34992
-7.34991
-7.3499
-7.3499
-7.3499
-7.34991
-7.34992
-7.34993
-7.34994
-7.34993
-7.34992
-7.34993
-7.34995
-7.34996
-7.34997
-7.34998
-7.34997
-7.34997
-12.2494
-12.2494
-12.2494
-12.2494
-12.2494
-12.2494
-12.2494
-12.2494
-12.2494
-12.2494
-12.2494
-12.2494
-12.2494
-12.2494
-12.2495
-12.2495
-12.2495
-12.2495
-12.2495
-12.2494
-17.1489
-17.1489
-17.1489
-17.1488
-17.1488
-17.1488
-17.1488
-17.1488
-17.1488
-17.1488
-17.1488
-17.1488
-17.1489
-17.1489
-17.1489
-17.1489
-17.1489
-17.1489
-17.1489
-17.1488
-22.0482
-22.0482
-22.0482
-22.0482
-22.0482
-22.0482
-22.0482
-22.0482
-22.0482
-22.0482
-22.0482
-22.0482
-22.0482
-22.0482
-22.0482
-22.0482
-22.0482
-22.0482
-22.0483
-22.0482
-26.9474
-26.9475
-26.9475
-26.9475
-26.9475
-26.9475
-26.9475
-26.9475
-26.9475
-26.9475
-26.9475
-26.9475
-26.9475
-26.9476
-26.9476
-26.9476
-26.9476
-26.9476
-26.9476
-26.9475
-31.8467
-31.8468
-31.8468
-31.8468
-31.8468
-31.8468
-31.8468
-31.8468
-31.8468
-31.8468
-31.8468
-31.8469
-31.8469
-31.8469
-31.8469
-31.8469
-31.8469
-31.8469
-31.8469
-31.8468
-36.746
-36.7461
-36.746
-36.746
-36.746
-36.746
-36.7461
-36.7461
-36.7461
-36.7461
-36.7461
-36.7461
-36.7461
-36.7461
-36.7461
-36.7461
-36.7461
-36.7461
-36.7462
-36.746
-41.645
-41.6453
-41.6453
-41.6453
-41.6453
-41.6453
-41.6453
-41.6453
-41.6453
-41.6452
-41.6452
-41.6454
-41.6454
-41.6454
-41.6454
-41.6454
-41.6454
-41.6454
-41.6454
-41.6451
-46.5439
-46.5442
-46.5443
-46.5442
-46.5442
-46.5441
-46.5439
-46.5437
-46.5432
-46.5427
-46.5431
-46.5436
-46.5439
-46.5441
-46.5443
-46.5444
-46.5444
-46.5445
-46.5444
-46.5441
-2.45019
-2.45019
-2.45019
-2.4502
-2.4502
-2.45021
-2.45022
-2.45025
-2.45028
-2.4504
-2.45038
-2.45028
-2.45024
-2.45023
-2.45024
-2.45026
-2.45027
-2.45028
-2.4503
-2.4503
-7.34993
-7.34994
-7.34993
-7.34992
-7.34991
-7.34991
-7.34991
-7.34992
-7.34993
-7.34998
-7.34998
-7.34994
-7.34992
-7.34992
-7.34994
-7.34996
-7.34998
-7.34999
-7.34999
-7.35
-12.2494
-12.2494
-12.2494
-12.2494
-12.2494
-12.2494
-12.2494
-12.2494
-12.2494
-12.2494
-12.2495
-12.2494
-12.2494
-12.2494
-12.2494
-12.2495
-12.2495
-12.2495
-12.2495
-12.2494
-17.1489
-17.1489
-17.1488
-17.1488
-17.1488
-17.1488
-17.1488
-17.1488
-17.1488
-17.1488
-17.1489
-17.1488
-17.1488
-17.1488
-17.1489
-17.1489
-17.1489
-17.1489
-17.1489
-17.1488
-22.0482
-22.0482
-22.0482
-22.0482
-22.0482
-22.0482
-22.0482
-22.0482
-22.0482
-22.0482
-22.0482
-22.0482
-22.0482
-22.0482
-22.0482
-22.0482
-22.0482
-22.0482
-22.0483
-22.0482
-26.9474
-26.9475
-26.9475
-26.9475
-26.9475
-26.9475
-26.9475
-26.9475
-26.9475
-26.9475
-26.9476
-26.9476
-26.9476
-26.9476
-26.9476
-26.9476
-26.9476
-26.9476
-26.9476
-26.9475
-31.8467
-31.8468
-31.8468
-31.8468
-31.8468
-31.8468
-31.8468
-31.8468
-31.8468
-31.8469
-31.8469
-31.8469
-31.8469
-31.8469
-31.8469
-31.8469
-31.8469
-31.8469
-31.8469
-31.8468
-36.746
-36.7461
-36.746
-36.746
-36.746
-36.746
-36.7461
-36.7461
-36.7461
-36.746
-36.7461
-36.7462
-36.7462
-36.7461
-36.7461
-36.7461
-36.7461
-36.7461
-36.7462
-36.746
-41.6451
-41.6453
-41.6453
-41.6453
-41.6453
-41.6453
-41.6453
-41.6453
-41.645
-41.6446
-41.6447
-41.6453
-41.6454
-41.6454
-41.6454
-41.6454
-41.6454
-41.6454
-41.6454
-41.6452
-46.5439
-46.5442
-46.5443
-46.5442
-46.5441
-46.544
-46.5438
-46.5432
-46.542
-46.5405
-46.5413
-46.5429
-46.5437
-46.5441
-46.5442
-46.5444
-46.5445
-46.5445
-46.5444
-46.5442
-2.45019
-2.45019
-2.45019
-2.45019
-2.45019
-2.4502
-2.45022
-2.45027
-2.4504
-2.45105
-2.45104
-2.45043
-2.45028
-2.45025
-2.45025
-2.45026
-2.45027
-2.45029
-2.4503
-2.4503
-7.34994
-7.34994
-7.34993
-7.34992
-7.34992
-7.34991
-7.34991
-7.34993
-7.34998
-7.34978
-7.34981
-7.35001
-7.34994
-7.34993
-7.34994
-7.34996
-7.34998
-7.34999
-7.35
-7.35
-12.2494
-12.2494
-12.2494
-12.2494
-12.2494
-12.2494
-12.2494
-12.2494
-12.2494
-12.2493
-12.2493
-12.2495
-12.2494
-12.2494
-12.2494
-12.2495
-12.2495
-12.2495
-12.2495
-12.2494
-17.1489
-17.1489
-17.1488
-17.1488
-17.1488
-17.1488
-17.1488
-17.1488
-17.1488
-17.1487
-17.1487
-17.1489
-17.1488
-17.1489
-17.1489
-17.1489
-17.1489
-17.1489
-17.1489
-17.1488
-22.0482
-22.0482
-22.0482
-22.0482
-22.0482
-22.0482
-22.0482
-22.0482
-22.0482
-22.048
-22.048
-22.0482
-22.0482
-22.0482
-22.0482
-22.0482
-22.0482
-22.0482
-22.0483
-22.0482
-26.9474
-26.9475
-26.9475
-26.9475
-26.9475
-26.9475
-26.9475
-26.9475
-26.9475
-26.9473
-26.9474
-26.9476
-26.9475
-26.9476
-26.9476
-26.9476
-26.9476
-26.9476
-26.9476
-26.9475
-31.8467
-31.8468
-31.8468
-31.8468
-31.8468
-31.8468
-31.8468
-31.8468
-31.8469
-31.8466
-31.8467
-31.8469
-31.8469
-31.8469
-31.8469
-31.8469
-31.8469
-31.8469
-31.8469
-31.8468
-36.746
-36.7461
-36.746
-36.746
-36.746
-36.7461
-36.7461
-36.7461
-36.746
-36.7455
-36.7457
-36.7462
-36.7462
-36.7462
-36.7461
-36.7461
-36.7461
-36.7461
-36.7462
-36.7461
-41.6451
-41.6453
-41.6453
-41.6453
-41.6453
-41.6453
-41.6453
-41.6452
-41.6446
-41.6431
-41.6437
-41.6451
-41.6454
-41.6455
-41.6454
-41.6454
-41.6454
-41.6454
-41.6454
-41.6452
-46.544
-46.5442
-46.5443
-46.5442
-46.5441
-46.544
-46.5436
-46.5427
-46.5405
-46.537
-46.5387
-46.5419
-46.5435
-46.544
-46.5442
-46.5444
-46.5445
-46.5445
-46.5445
-46.5442
-2.4502
-2.4502
-2.4502
-2.4502
-2.4502
-2.4502
-2.45021
-2.45026
-2.45038
-2.45104
-2.45102
-2.45043
-2.4503
-2.45026
-2.45025
-2.45026
-2.45028
-2.4503
-2.45033
-2.45033
-7.34994
-7.34994
-7.34994
-7.34993
-7.34992
-7.34992
-7.34992
-7.34994
-7.34998
-7.34981
-7.3498
-7.35
-7.34995
-7.34994
-7.34994
-7.34995
-7.34997
-7.34999
-7.35
-7.35001
-12.2495
-12.2495
-12.2494
-12.2494
-12.2494
-12.2494
-12.2494
-12.2494
-12.2495
-12.2493
-12.2493
-12.2495
-12.2494
-12.2494
-12.2494
-12.2495
-12.2495
-12.2495
-12.2495
-12.2494
-17.1489
-17.1489
-17.1489
-17.1488
-17.1488
-17.1488
-17.1488
-17.1488
-17.1489
-17.1487
-17.1487
-17.1489
-17.1489
-17.1489
-17.1489
-17.1489
-17.1489
-17.1489
-17.1489
-17.1488
-22.0482
-22.0482
-22.0482
-22.0482
-22.0482
-22.0482
-22.0482
-22.0482
-22.0482
-22.048
-22.0481
-22.0483
-22.0482
-22.0482
-22.0482
-22.0482
-22.0482
-22.0482
-22.0483
-22.0482
-26.9474
-26.9475
-26.9475
-26.9475
-26.9475
-26.9475
-26.9475
-26.9475
-26.9476
-26.9474
-26.9474
-26.9476
-26.9476
-26.9476
-26.9476
-26.9476
-26.9476
-26.9476
-26.9476
-26.9475
-31.8467
-31.8468
-31.8468
-31.8468
-31.8468
-31.8468
-31.8468
-31.8468
-31.8469
-31.8467
-31.8468
-31.8469
-31.8469
-31.8469
-31.8469
-31.8469
-31.8469
-31.8469
-31.8469
-31.8468
-36.746
-36.7461
-36.746
-36.746
-36.746
-36.7461
-36.7461
-36.7461
-36.7461
-36.7457
-36.7458
-36.7462
-36.7462
-36.7462
-36.7461
-36.7461
-36.7461
-36.7461
-36.7462
-36.7461
-41.6451
-41.6453
-41.6453
-41.6453
-41.6453
-41.6453
-41.6453
-41.6452
-41.6447
-41.6437
-41.6442
-41.6452
-41.6454
-41.6454
-41.6454
-41.6454
-41.6454
-41.6454
-41.6454
-41.6452
-46.544
-46.5443
-46.5443
-46.5442
-46.5442
-46.544
-46.5438
-46.5431
-46.5413
-46.5387
-46.5403
-46.5425
-46.5437
-46.5441
-46.5443
-46.5444
-46.5445
-46.5445
-46.5445
-46.5442
-2.45021
-2.45021
-2.45021
-2.4502
-2.4502
-2.4502
-2.45021
-2.45023
-2.45028
-2.45043
-2.45043
-2.45033
-2.45028
-2.45027
-2.45027
-2.45029
-2.45032
-2.45034
-2.45036
-2.45037
-7.34995
-7.34995
-7.34995
-7.34994
-7.34993
-7.34992
-7.34992
-7.34993
-7.34994
-7.35001
-7.35
-7.34997
-7.34994
-7.34993
-7.34993
-7.34995
-7.34997
-7.34999
-7.35
-7.35001
-12.2495
-12.2495
-12.2495
-12.2494
-12.2494
-12.2494
-12.2494
-12.2494
-12.2494
-12.2495
-12.2495
-12.2495
-12.2494
-12.2494
-12.2494
-12.2494
-12.2495
-12.2495
-12.2495
-12.2494
-17.1489
-17.1489
-17.1489
-17.1489
-17.1488
-17.1488
-17.1488
-17.1488
-17.1488
-17.1489
-17.1489
-17.1489
-17.1489
-17.1489
-17.1489
-17.1489
-17.1489
-17.1489
-17.1489
-17.1488
-22.0482
-22.0482
-22.0482
-22.0482
-22.0482
-22.0482
-22.0482
-22.0482
-22.0482
-22.0482
-22.0483
-22.0483
-22.0482
-22.0482
-22.0482
-22.0482
-22.0482
-22.0483
-22.0483
-22.0482
-26.9474
-26.9475
-26.9475
-26.9475
-26.9475
-26.9475
-26.9475
-26.9475
-26.9476
-26.9476
-26.9476
-26.9476
-26.9476
-26.9476
-26.9476
-26.9476
-26.9476
-26.9476
-26.9476
-26.9475
-31.8467
-31.8468
-31.8468
-31.8468
-31.8468
-31.8468
-31.8468
-31.8469
-31.8469
-31.8469
-31.8469
-31.8469
-31.8469
-31.8469
-31.8469
-31.8469
-31.8469
-31.8469
-31.8469
-31.8468
-36.746
-36.7461
-36.746
-36.746
-36.746
-36.7461
-36.7461
-36.7461
-36.7462
-36.7462
-36.7462
-36.7462
-36.7462
-36.7462
-36.7462
-36.7462
-36.7462
-36.7462
-36.7462
-36.7461
-41.6451
-41.6453
-41.6453
-41.6453
-41.6453
-41.6453
-41.6454
-41.6454
-41.6453
-41.6451
-41.6452
-41.6454
-41.6455
-41.6455
-41.6455
-41.6454
-41.6454
-41.6455
-41.6454
-41.6452
-46.544
-46.5443
-46.5443
-46.5442
-46.5442
-46.5441
-46.5439
-46.5436
-46.5429
-46.5419
-46.5425
-46.5434
-46.5439
-46.5442
-46.5443
-46.5444
-46.5445
-46.5445
-46.5445
-46.5442
-2.45022
-2.45023
-2.45023
-2.45023
-2.45022
-2.45021
-2.45021
-2.45022
-2.45024
-2.45028
-2.4503
-2.45028
-2.45028
-2.4503
-2.45032
-2.45035
-2.45038
-2.45041
-2.45042
-2.45045
-7.34996
-7.34994
-7.34993
-7.34992
-7.34991
-7.34991
-7.34992
-7.34992
-7.34992
-7.34994
-7.34995
-7.34994
-7.34992
-7.34992
-7.34994
-7.34997
-7.35
-7.35002
-7.35003
-7.35003
-12.2495
-12.2495
-12.2494
-12.2494
-12.2494
-12.2494
-12.2494
-12.2494
-12.2494
-12.2494
-12.2494
-12.2494
-12.2494
-12.2494
-12.2494
-12.2494
-12.2495
-12.2495
-12.2495
-12.2494
-17.1489
-17.1489
-17.1489
-17.1488
-17.1488
-17.1488
-17.1489
-17.1489
-17.1488
-17.1488
-17.1489
-17.1489
-17.1489
-17.1488
-17.1489
-17.1489
-17.1489
-17.1489
-17.1489
-17.1488
-22.0482
-22.0482
-22.0482
-22.0482
-22.0482
-22.0482
-22.0482
-22.0482
-22.0482
-22.0482
-22.0482
-22.0482
-22.0482
-22.0482
-22.0482
-22.0482
-22.0482
-22.0483
-22.0483
-22.0482
-26.9474
-26.9475
-26.9475
-26.9475
-26.9475
-26.9475
-26.9475
-26.9475
-26.9476
-26.9475
-26.9476
-26.9476
-26.9476
-26.9476
-26.9476
-26.9476
-26.9476
-26.9476
-26.9476
-26.9476
-31.8467
-31.8468
-31.8468
-31.8468
-31.8468
-31.8468
-31.8468
-31.8469
-31.8469
-31.8469
-31.8469
-31.8469
-31.8469
-31.8469
-31.8469
-31.8469
-31.8469
-31.8469
-31.8469
-31.8468
-36.746
-36.7461
-36.746
-36.746
-36.746
-36.7461
-36.7461
-36.7461
-36.7462
-36.7462
-36.7462
-36.7462
-36.7462
-36.7462
-36.7462
-36.7462
-36.7462
-36.7462
-36.7462
-36.7461
-41.6451
-41.6453
-41.6453
-41.6453
-41.6453
-41.6453
-41.6454
-41.6454
-41.6454
-41.6454
-41.6454
-41.6455
-41.6455
-41.6455
-41.6455
-41.6455
-41.6455
-41.6455
-41.6454
-41.6452
-46.544
-46.5443
-46.5443
-46.5443
-46.5442
-46.5442
-46.5441
-46.5439
-46.5437
-46.5435
-46.5437
-46.5439
-46.5441
-46.5443
-46.5444
-46.5445
-46.5445
-46.5446
-46.5445
-46.5442
-2.45029
-2.45031
-2.45032
-2.45031
-2.45028
-2.45026
-2.45024
-2.45022
-2.45023
-2.45025
-2.45026
-2.45027
-2.4503
-2.45033
-2.45038
-2.45042
-2.45045
-2.45047
-2.45047
-2.45049
-7.34995
-7.34995
-7.34994
-7.34993
-7.34991
-7.3499
-7.34992
-7.34993
-7.34992
-7.34993
-7.34994
-7.34993
-7.34992
-7.34994
-7.34997
-7.35001
-7.35004
-7.35006
-7.35006
-7.35003
-12.2495
-12.2495
-12.2494
-12.2494
-12.2494
-12.2494
-12.2494
-12.2494
-12.2494
-12.2494
-12.2494
-12.2494
-12.2494
-12.2494
-12.2494
-12.2495
-12.2495
-12.2495
-12.2495
-12.2494
-17.1489
-17.1489
-17.1489
-17.1488
-17.1488
-17.1488
-17.1489
-17.1489
-17.1488
-17.1489
-17.1489
-17.1489
-17.1488
-17.1488
-17.1489
-17.1489
-17.1489
-17.1489
-17.1489
-17.1488
-22.0482
-22.0482
-22.0482
-22.0482
-22.0482
-22.0482
-22.0482
-22.0482
-22.0482
-22.0482
-22.0482
-22.0482
-22.0482
-22.0482
-22.0482
-22.0482
-22.0483
-22.0483
-22.0483
-22.0482
-26.9474
-26.9475
-26.9475
-26.9475
-26.9475
-26.9475
-26.9475
-26.9476
-26.9476
-26.9476
-26.9476
-26.9476
-26.9476
-26.9476
-26.9476
-26.9476
-26.9476
-26.9476
-26.9476
-26.9476
-31.8467
-31.8468
-31.8468
-31.8468
-31.8468
-31.8468
-31.8468
-31.8469
-31.8469
-31.8469
-31.8469
-31.8469
-31.8469
-31.8469
-31.8469
-31.8469
-31.8469
-31.8469
-31.8469
-31.8468
-36.746
-36.7461
-36.746
-36.746
-36.746
-36.7461
-36.7461
-36.7461
-36.7461
-36.7462
-36.7462
-36.7462
-36.7462
-36.7462
-36.7462
-36.7462
-36.7462
-36.7462
-36.7462
-36.7461
-41.6451
-41.6453
-41.6453
-41.6453
-41.6453
-41.6453
-41.6454
-41.6454
-41.6454
-41.6455
-41.6454
-41.6455
-41.6455
-41.6455
-41.6455
-41.6455
-41.6455
-41.6455
-41.6454
-41.6452
-46.5441
-46.5443
-46.5444
-46.5443
-46.5443
-46.5442
-46.5442
-46.5441
-46.5441
-46.544
-46.5441
-46.5442
-46.5443
-46.5444
-46.5445
-46.5445
-46.5446
-46.5446
-46.5445
-46.5443
-2.45044
-2.45045
-2.45045
-2.45042
-2.45037
-2.45031
-2.45026
-2.45024
-2.45024
-2.45025
-2.45025
-2.45027
-2.45032
-2.45038
-2.45043
-2.45048
-2.4505
-2.45049
-2.45046
-2.45046
-7.35004
-7.35003
-7.35003
-7.35
-7.34996
-7.34992
-7.34993
-7.34995
-7.34994
-7.34994
-7.34994
-7.34993
-7.34994
-7.34997
-7.35002
-7.35005
-7.35007
-7.35007
-7.35003
-7.34999
-12.2495
-12.2495
-12.2495
-12.2495
-12.2494
-12.2494
-12.2494
-12.2495
-12.2494
-12.2494
-12.2494
-12.2494
-12.2494
-12.2494
-12.2495
-12.2495
-12.2495
-12.2495
-12.2495
-12.2494
-17.1489
-17.1489
-17.1489
-17.1489
-17.1489
-17.1489
-17.1489
-17.1489
-17.1489
-17.1489
-17.1489
-17.1489
-17.1489
-17.1489
-17.1489
-17.1489
-17.1489
-17.1489
-17.1489
-17.1488
-22.0482
-22.0482
-22.0482
-22.0482
-22.0482
-22.0482
-22.0482
-22.0482
-22.0482
-22.0482
-22.0482
-22.0482
-22.0482
-22.0482
-22.0482
-22.0482
-22.0483
-22.0483
-22.0483
-22.0482
-26.9474
-26.9475
-26.9475
-26.9475
-26.9475
-26.9475
-26.9476
-26.9476
-26.9476
-26.9476
-26.9476
-26.9476
-26.9476
-26.9476
-26.9476
-26.9476
-26.9476
-26.9476
-26.9476
-26.9475
-31.8467
-31.8468
-31.8468
-31.8468
-31.8468
-31.8468
-31.8468
-31.8469
-31.8469
-31.8469
-31.8469
-31.8469
-31.8469
-31.8469
-31.8469
-31.8469
-31.8469
-31.8469
-31.8469
-31.8468
-36.746
-36.7461
-36.746
-36.746
-36.746
-36.7461
-36.7461
-36.7461
-36.7461
-36.7461
-36.7461
-36.7462
-36.7462
-36.7462
-36.7462
-36.7462
-36.7462
-36.7462
-36.7462
-36.7461
-41.6451
-41.6453
-41.6453
-41.6453
-41.6453
-41.6453
-41.6453
-41.6454
-41.6454
-41.6454
-41.6454
-41.6455
-41.6455
-41.6455
-41.6455
-41.6455
-41.6455
-41.6455
-41.6454
-41.6452
-46.5442
-46.5444
-46.5444
-46.5444
-46.5443
-46.5443
-46.5443
-46.5443
-46.5442
-46.5442
-46.5443
-46.5443
-46.5444
-46.5445
-46.5445
-46.5446
-46.5447
-46.5447
-46.5446
-46.5443
-2.4506
-2.45059
-2.45057
-2.45053
-2.45046
-2.45036
-2.45027
-2.45024
-2.45026
-2.45026
-2.45026
-2.45029
-2.45035
-2.45042
-2.45048
-2.4505
-2.45049
-2.45044
-2.45036
-2.45033
-7.35017
-7.35015
-7.35013
-7.35009
-7.35003
-7.34996
-7.34994
-7.34996
-7.34996
-7.34996
-7.34995
-7.34995
-7.34997
-7.35001
-7.35005
-7.35007
-7.35007
-7.35003
-7.34996
-7.34991
-12.2496
-12.2496
-12.2495
-12.2495
-12.2495
-12.2495
-12.2495
-12.2495
-12.2495
-12.2495
-12.2495
-12.2494
-12.2494
-12.2495
-12.2495
-12.2495
-12.2495
-12.2495
-12.2494
-12.2494
-17.1489
-17.1489
-17.1489
-17.1489
-17.1489
-17.1489
-17.1489
-17.1489
-17.1489
-17.1489
-17.1489
-17.1489
-17.1489
-17.1489
-17.1489
-17.1489
-17.1489
-17.1489
-17.1489
-17.1488
-22.0482
-22.0482
-22.0482
-22.0482
-22.0482
-22.0482
-22.0482
-22.0482
-22.0482
-22.0482
-22.0482
-22.0482
-22.0482
-22.0482
-22.0482
-22.0483
-22.0483
-22.0483
-22.0483
-22.0482
-26.9474
-26.9475
-26.9475
-26.9475
-26.9475
-26.9475
-26.9476
-26.9476
-26.9476
-26.9476
-26.9476
-26.9476
-26.9476
-26.9476
-26.9476
-26.9476
-26.9476
-26.9476
-26.9476
-26.9475
-31.8467
-31.8468
-31.8468
-31.8468
-31.8468
-31.8468
-31.8468
-31.8469
-31.8469
-31.8469
-31.8469
-31.8469
-31.8469
-31.8469
-31.8469
-31.8469
-31.8469
-31.8469
-31.8469
-31.8468
-36.7459
-36.7461
-36.746
-36.7461
-36.7461
-36.7461
-36.7461
-36.7461
-36.7461
-36.7461
-36.7461
-36.7462
-36.7462
-36.7462
-36.7462
-36.7462
-36.7462
-36.7462
-36.7462
-36.7461
-41.6451
-41.6453
-41.6453
-41.6453
-41.6453
-41.6453
-41.6453
-41.6454
-41.6454
-41.6454
-41.6454
-41.6454
-41.6455
-41.6455
-41.6455
-41.6455
-41.6455
-41.6455
-41.6454
-41.6452
-46.5442
-46.5444
-46.5444
-46.5444
-46.5444
-46.5444
-46.5444
-46.5444
-46.5444
-46.5444
-46.5444
-46.5444
-46.5445
-46.5445
-46.5446
-46.5447
-46.5447
-46.5447
-46.5446
-46.5444
-2.45066
-2.45063
-2.4506
-2.45056
-2.45051
-2.4504
-2.45029
-2.45025
-2.45027
-2.45027
-2.45028
-2.45032
-2.45038
-2.45045
-2.4505
-2.45049
-2.45043
-2.4503
-2.45014
-2.45009
-7.35024
-7.35022
-7.35018
-7.35013
-7.35007
-7.35
-7.34995
-7.34997
-7.34998
-7.34998
-7.34997
-7.34997
-7.35
-7.35004
-7.35007
-7.35007
-7.35002
-7.34993
-7.34983
-7.34977
-12.2496
-12.2496
-12.2496
-12.2495
-12.2495
-12.2495
-12.2495
-12.2495
-12.2495
-12.2495
-12.2495
-12.2495
-12.2495
-12.2495
-12.2495
-12.2495
-12.2494
-12.2494
-12.2493
-12.2493
-17.1489
-17.1489
-17.1489
-17.1489
-17.1489
-17.1489
-17.1489
-17.1489
-17.1489
-17.1489
-17.1489
-17.1489
-17.1489
-17.1489
-17.1489
-17.1489
-17.1489
-17.1488
-17.1488
-17.1487
-22.0481
-22.0482
-22.0482
-22.0482
-22.0482
-22.0482
-22.0482
-22.0482
-22.0482
-22.0482
-22.0482
-22.0482
-22.0482
-22.0483
-22.0483
-22.0483
-22.0483
-22.0482
-22.0482
-22.0481
-26.9474
-26.9475
-26.9475
-26.9475
-26.9476
-26.9476
-26.9476
-26.9476
-26.9476
-26.9476
-26.9476
-26.9476
-26.9476
-26.9476
-26.9476
-26.9476
-26.9476
-26.9476
-26.9476
-26.9475
-31.8467
-31.8468
-31.8468
-31.8468
-31.8468
-31.8468
-31.8469
-31.8469
-31.8469
-31.8469
-31.8469
-31.8469
-31.8469
-31.8469
-31.8469
-31.8469
-31.8469
-31.8469
-31.8469
-31.8468
-36.7459
-36.746
-36.746
-36.7461
-36.7461
-36.7461
-36.7461
-36.7461
-36.7461
-36.7461
-36.7461
-36.7462
-36.7462
-36.7462
-36.7462
-36.7462
-36.7462
-36.7462
-36.7462
-36.746
-41.6451
-41.6453
-41.6453
-41.6453
-41.6453
-41.6453
-41.6454
-41.6454
-41.6454
-41.6454
-41.6454
-41.6454
-41.6455
-41.6455
-41.6455
-41.6455
-41.6455
-41.6455
-41.6454
-41.6452
-46.5443
-46.5444
-46.5445
-46.5445
-46.5445
-46.5444
-46.5444
-46.5444
-46.5445
-46.5445
-46.5445
-46.5445
-46.5445
-46.5446
-46.5447
-46.5447
-46.5447
-46.5447
-46.5446
-46.5444
-2.4505
-2.45048
-2.45047
-2.45049
-2.45048
-2.45041
-2.45029
-2.45024
-2.45028
-2.45029
-2.4503
-2.45034
-2.45041
-2.45047
-2.45049
-2.45044
-2.4503
-2.45007
-2.44983
-2.44972
-7.35015
-7.35012
-7.3501
-7.35008
-7.35006
-7.35001
-7.34995
-7.34998
-7.34999
-7.34999
-7.34999
-7.34999
-7.35002
-7.35006
-7.35007
-7.35003
-7.34993
-7.34979
-7.34963
-7.34955
-12.2495
-12.2495
-12.2495
-12.2495
-12.2495
-12.2495
-12.2494
-12.2495
-12.2495
-12.2495
-12.2495
-12.2495
-12.2495
-12.2495
-12.2495
-12.2495
-12.2494
-12.2493
-12.2492
-12.2491
-17.1488
-17.1489
-17.1489
-17.1489
-17.1489
-17.1489
-17.1489
-17.1489
-17.1489
-17.1489
-17.1489
-17.1489
-17.1489
-17.1489
-17.1489
-17.1489
-17.1488
-17.1488
-17.1487
-17.1486
-22.0481
-22.0482
-22.0482
-22.0482
-22.0482
-22.0482
-22.0482
-22.0482
-22.0482
-22.0482
-22.0482
-22.0483
-22.0483
-22.0483
-22.0483
-22.0483
-22.0482
-22.0482
-22.0481
-22.048
-26.9474
-26.9475
-26.9475
-26.9475
-26.9475
-26.9476
-26.9476
-26.9476
-26.9476
-26.9476
-26.9476
-26.9476
-26.9476
-26.9476
-26.9476
-26.9476
-26.9476
-26.9476
-26.9475
-26.9474
-31.8466
-31.8467
-31.8468
-31.8468
-31.8468
-31.8468
-31.8469
-31.8469
-31.8469
-31.8469
-31.8469
-31.8469
-31.8469
-31.8469
-31.8469
-31.8469
-31.8469
-31.8469
-31.8468
-31.8467
-36.7458
-36.746
-36.746
-36.7461
-36.7461
-36.7461
-36.7461
-36.7461
-36.7461
-36.7461
-36.7461
-36.7462
-36.7462
-36.7462
-36.7462
-36.7462
-36.7462
-36.7462
-36.7461
-36.7459
-41.645
-41.6452
-41.6453
-41.6453
-41.6453
-41.6454
-41.6454
-41.6454
-41.6454
-41.6454
-41.6454
-41.6455
-41.6455
-41.6455
-41.6455
-41.6455
-41.6455
-41.6454
-41.6453
-41.6451
-46.5443
-46.5444
-46.5445
-46.5445
-46.5445
-46.5445
-46.5445
-46.5445
-46.5445
-46.5445
-46.5445
-46.5445
-46.5446
-46.5446
-46.5447
-46.5447
-46.5447
-46.5447
-46.5446
-46.5444
-2.45013
-2.45012
-2.45018
-2.45028
-2.45039
-2.45039
-2.4503
-2.45024
-2.4503
-2.4503
-2.45033
-2.45036
-2.45042
-2.45047
-2.45046
-2.45036
-2.45014
-2.44983
-2.44947
-2.44927
-7.34991
-7.3499
-7.34991
-7.34995
-7.34999
-7.34999
-7.34995
-7.34997
-7.34999
-7.35
-7.35
-7.35
-7.35003
-7.35006
-7.35003
-7.34996
-7.34983
-7.34963
-7.34941
-7.34928
-12.2494
-12.2494
-12.2494
-12.2494
-12.2494
-12.2494
-12.2494
-12.2495
-12.2495
-12.2495
-12.2495
-12.2495
-12.2495
-12.2495
-12.2495
-12.2494
-12.2493
-12.2492
-12.2491
-12.249
-17.1488
-17.1488
-17.1488
-17.1488
-17.1488
-17.1488
-17.1488
-17.1489
-17.1489
-17.1489
-17.1489
-17.1489
-17.1489
-17.1489
-17.1489
-17.1489
-17.1488
-17.1487
-17.1486
-17.1485
-22.0481
-22.0481
-22.0482
-22.0482
-22.0482
-22.0482
-22.0482
-22.0483
-22.0483
-22.0483
-22.0483
-22.0483
-22.0483
-22.0483
-22.0483
-22.0483
-22.0482
-22.0481
-22.0481
-22.048
-26.9473
-26.9474
-26.9475
-26.9475
-26.9476
-26.9476
-26.9476
-26.9476
-26.9476
-26.9476
-26.9476
-26.9476
-26.9476
-26.9476
-26.9476
-26.9476
-26.9476
-26.9475
-26.9474
-26.9473
-31.8466
-31.8467
-31.8467
-31.8468
-31.8468
-31.8469
-31.8469
-31.8469
-31.8469
-31.8469
-31.8469
-31.8469
-31.8469
-31.8469
-31.8469
-31.8469
-31.8469
-31.8468
-31.8468
-31.8466
-36.7457
-36.7459
-36.746
-36.746
-36.7461
-36.7461
-36.7461
-36.7462
-36.7462
-36.7462
-36.7462
-36.7462
-36.7462
-36.7462
-36.7462
-36.7462
-36.7462
-36.7461
-36.746
-36.7458
-41.6449
-41.6451
-41.6452
-41.6453
-41.6453
-41.6453
-41.6454
-41.6454
-41.6454
-41.6454
-41.6454
-41.6454
-41.6454
-41.6454
-41.6454
-41.6454
-41.6454
-41.6453
-41.6452
-41.645
-46.5442
-46.5443
-46.5444
-46.5444
-46.5444
-46.5444
-46.5444
-46.5444
-46.5444
-46.5445
-46.5445
-46.5445
-46.5445
-46.5445
-46.5446
-46.5446
-46.5446
-46.5446
-46.5445
-46.5443
-2.44977
-2.4498
-2.44993
-2.45014
-2.45033
-2.45039
-2.45031
-2.45025
-2.4503
-2.4503
-2.45033
-2.45037
-2.45045
-2.45049
-2.45046
-2.45033
-2.45009
-2.44972
-2.44927
-2.44897
-7.34963
-7.34965
-7.34972
-7.34983
-7.34993
-7.34997
-7.34996
-7.34997
-7.35
-7.35
-7.35001
-7.35001
-7.35003
-7.35003
-7.34999
-7.34991
-7.34977
-7.34955
-7.34928
-7.34909
-12.2492
-12.2492
-12.2493
-12.2493
-12.2494
-12.2494
-12.2494
-12.2494
-12.2494
-12.2494
-12.2494
-12.2494
-12.2494
-12.2494
-12.2494
-12.2494
-12.2493
-12.2491
-12.249
-12.2489
-17.1487
-17.1487
-17.1487
-17.1488
-17.1488
-17.1488
-17.1488
-17.1488
-17.1488
-17.1488
-17.1488
-17.1488
-17.1488
-17.1488
-17.1488
-17.1488
-17.1487
-17.1486
-17.1485
-17.1485
-22.048
-22.048
-22.0481
-22.0481
-22.0481
-22.0482
-22.0482
-22.0482
-22.0482
-22.0482
-22.0482
-22.0482
-22.0482
-22.0482
-22.0482
-22.0482
-22.0481
-22.048
-22.048
-22.0479
-26.9472
-26.9473
-26.9474
-26.9474
-26.9475
-26.9475
-26.9475
-26.9475
-26.9475
-26.9475
-26.9475
-26.9475
-26.9476
-26.9476
-26.9475
-26.9475
-26.9475
-26.9474
-26.9473
-26.9472
-31.8465
-31.8466
-31.8466
-31.8467
-31.8467
-31.8468
-31.8468
-31.8468
-31.8468
-31.8468
-31.8468
-31.8468
-31.8468
-31.8468
-31.8468
-31.8468
-31.8468
-31.8467
-31.8466
-31.8465
-36.7456
-36.7457
-36.7458
-36.7459
-36.7459
-36.746
-36.746
-36.746
-36.746
-36.7461
-36.7461
-36.7461
-36.7461
-36.7461
-36.7461
-36.7461
-36.746
-36.7459
-36.7458
-36.7456
-41.6447
-41.6449
-41.6449
-41.645
-41.6451
-41.6451
-41.6451
-41.6451
-41.6452
-41.6452
-41.6452
-41.6452
-41.6452
-41.6452
-41.6452
-41.6452
-41.6452
-41.6451
-41.645
-41.6448
-46.544
-46.5442
-46.5442
-46.5442
-46.5442
-46.5442
-46.5441
-46.5441
-46.5442
-46.5442
-46.5442
-46.5442
-46.5442
-46.5443
-46.5443
-46.5444
-46.5444
-46.5444
-46.5443
-46.5442
)
;

boundaryField
{
    floor
    {
        type            calculated;
        value           nonuniform List<scalar> 
400
(
-6.75828e-06
-0.000276022
-0.000597684
-0.000697322
-0.000553806
-0.000168227
-0.000231191
-0.000210405
-0.000221134
-0.000224833
-0.000231909
-0.000258569
-0.000253453
-0.000479802
-0.000691974
-0.00087653
-0.000946501
-0.000801421
-0.000426546
-5.66475e-05
-0.000276022
-0.00041591
-0.000619428
-0.000662134
-0.000522727
-0.000213837
-0.000230059
-0.000225473
-0.00022447
-0.000223971
-0.000235735
-0.000251812
-0.000320989
-0.000508596
-0.000696146
-0.000858208
-0.000912503
-0.000769675
-0.000415109
-8.87799e-05
-0.000597684
-0.000619428
-0.000673016
-0.000639538
-0.000494419
-0.000209544
-0.000235829
-0.000245361
-0.000233728
-0.0002265
-0.000239371
-0.000249058
-0.000353472
-0.000523622
-0.000694076
-0.000836852
-0.000884247
-0.00076519
-0.000470755
-0.000224512
-0.000697322
-0.000662134
-0.000639538
-0.000562639
-0.000422826
-0.000205799
-0.00024854
-0.00026559
-0.000247334
-0.00023244
-0.000243284
-0.000249013
-0.000354919
-0.000510777
-0.000662454
-0.000789234
-0.000841204
-0.000775053
-0.00058084
-0.000437619
-0.000553806
-0.000522727
-0.000494419
-0.000422826
-0.000329979
-0.000200208
-0.000263028
-0.000283249
-0.000265668
-0.000242599
-0.000247192
-0.000247918
-0.000333808
-0.000472213
-0.000600655
-0.000709458
-0.000773075
-0.000759919
-0.000677166
-0.000632511
-0.000168227
-0.000213837
-0.000209544
-0.000205799
-0.000200208
-0.000226053
-0.000281981
-0.000301539
-0.000286295
-0.000259611
-0.000256425
-0.000256884
-0.000300933
-0.000411623
-0.000508334
-0.000588476
-0.000649003
-0.000673198
-0.000660523
-0.000675693
-0.000231191
-0.000230059
-0.000235829
-0.00024854
-0.000263028
-0.000281981
-0.000308977
-0.000318993
-0.000307496
-0.000286936
-0.000279812
-0.000275379
-0.000272981
-0.000328024
-0.000372657
-0.000410805
-0.000453287
-0.000491751
-0.000511486
-0.000510091
-0.000210405
-0.000225473
-0.000245361
-0.00026559
-0.000283249
-0.000301539
-0.000318993
-0.000333334
-0.000338638
-0.00035018
-0.000344555
-0.000314978
-0.000295107
-0.000294991
-0.000297793
-0.000309817
-0.000309228
-0.000304431
-0.000301098
-0.000284995
-0.000221134
-0.00022447
-0.000233728
-0.000247334
-0.000265668
-0.000286295
-0.000307496
-0.000338638
-0.000375608
-0.000528475
-0.000509598
-0.000372863
-0.000331625
-0.000328076
-0.000343247
-0.000350748
-0.000353641
-0.00035515
-0.000351661
-0.000327566
-0.000224833
-0.000223971
-0.0002265
-0.00023244
-0.000242599
-0.000259611
-0.000286936
-0.00035018
-0.000528475
-0.00360128
-0.00352474
-0.000567067
-0.000379125
-0.000335816
-0.00033187
-0.000339128
-0.000346159
-0.000355423
-0.000356591
-0.000330608
-0.000231909
-0.000235735
-0.000239371
-0.000243284
-0.000247192
-0.000256425
-0.000279812
-0.000344555
-0.000509598
-0.00352474
-0.00336414
-0.000560374
-0.000384243
-0.000338697
-0.000335714
-0.000352088
-0.00037782
-0.000404391
-0.000415744
-0.000371181
-0.000258569
-0.000251812
-0.000249058
-0.000249013
-0.000247918
-0.000256884
-0.000275379
-0.000314978
-0.000372863
-0.000567067
-0.000560374
-0.000433076
-0.000396413
-0.000393614
-0.000410275
-0.000438888
-0.000473676
-0.000505195
-0.0005161
-0.000493178
-0.000253453
-0.000320989
-0.000353472
-0.000354919
-0.000333808
-0.000300933
-0.000272981
-0.000295107
-0.000331625
-0.000379125
-0.000384243
-0.000396413
-0.000425353
-0.00045926
-0.000497681
-0.000539647
-0.000582815
-0.000618443
-0.000635377
-0.000657078
-0.000479802
-0.000508596
-0.000523622
-0.000510777
-0.000472213
-0.000411623
-0.000328024
-0.000294991
-0.000328076
-0.000335816
-0.000338697
-0.000393614
-0.00045926
-0.000521929
-0.000580346
-0.000633537
-0.000679302
-0.000708606
-0.000715013
-0.000747817
-0.000691974
-0.000696146
-0.000694076
-0.000662454
-0.000600655
-0.000508334
-0.000372657
-0.000297793
-0.000343247
-0.00033187
-0.000335714
-0.000410275
-0.000497681
-0.000580346
-0.00065107
-0.00070428
-0.00073682
-0.000740186
-0.00071534
-0.000725468
-0.00087653
-0.000858208
-0.000836852
-0.000789234
-0.000709458
-0.000588476
-0.000410805
-0.000309817
-0.000350748
-0.000339128
-0.000352088
-0.000438888
-0.000539647
-0.000633537
-0.00070428
-0.000739018
-0.000740062
-0.000693628
-0.000615083
-0.000596234
-0.000946501
-0.000912503
-0.000884247
-0.000841204
-0.000773075
-0.000649003
-0.000453287
-0.000309228
-0.000353641
-0.000346159
-0.00037782
-0.000473676
-0.000582815
-0.000679302
-0.00073682
-0.000740062
-0.000677428
-0.000551907
-0.000403077
-0.000350206
-0.000801421
-0.000769675
-0.00076519
-0.000775053
-0.000759919
-0.000673198
-0.000491751
-0.000304431
-0.00035515
-0.000355423
-0.000404391
-0.000505195
-0.000618443
-0.000708606
-0.000740186
-0.000693628
-0.000551907
-0.000326181
-8.01714e-05
2.86668e-05
-0.000426546
-0.000415109
-0.000470755
-0.00058084
-0.000677166
-0.000660523
-0.000511486
-0.000301098
-0.000351661
-0.000356591
-0.000415744
-0.0005161
-0.000635377
-0.000715013
-0.00071534
-0.000615083
-0.000403077
-8.01714e-05
0.00028284
0.000483092
-5.66475e-05
-8.87799e-05
-0.000224512
-0.000437619
-0.000632511
-0.000675693
-0.000510091
-0.000284995
-0.000327566
-0.000330608
-0.000371181
-0.000493178
-0.000657078
-0.000747817
-0.000725468
-0.000596234
-0.000350206
2.86668e-05
0.000483092
0.000793534
)
;
    }
    ceiling
    {
        type            calculated;
        value           nonuniform List<scalar> 
400
(
-48.9937
-48.9938
-48.9939
-48.9938
-48.9938
-48.9937
-48.9936
-48.9936
-48.9936
-48.9936
-48.9936
-48.9937
-48.9937
-48.9938
-48.9939
-48.9939
-48.994
-48.994
-48.994
-48.9938
-48.9938
-48.994
-48.994
-48.994
-48.994
-48.994
-48.9939
-48.9939
-48.9938
-48.9939
-48.9939
-48.9939
-48.9939
-48.994
-48.9941
-48.9941
-48.9941
-48.9941
-48.9941
-48.9939
-48.9939
-48.994
-48.9941
-48.9941
-48.994
-48.994
-48.9939
-48.9939
-48.9938
-48.9938
-48.9939
-48.9939
-48.9939
-48.994
-48.994
-48.9941
-48.9942
-48.9942
-48.9941
-48.9939
-48.9938
-48.994
-48.9941
-48.994
-48.994
-48.9939
-48.9938
-48.9938
-48.9938
-48.9938
-48.9938
-48.9938
-48.9939
-48.9939
-48.994
-48.9941
-48.9941
-48.9942
-48.9941
-48.9939
-48.9938
-48.994
-48.994
-48.994
-48.9939
-48.9938
-48.9937
-48.9937
-48.9936
-48.9936
-48.9937
-48.9937
-48.9938
-48.9939
-48.9939
-48.994
-48.9941
-48.9942
-48.9941
-48.9939
-48.9937
-48.994
-48.994
-48.9939
-48.9938
-48.9937
-48.9936
-48.9935
-48.9935
-48.9934
-48.9935
-48.9936
-48.9937
-48.9938
-48.9939
-48.994
-48.9941
-48.9941
-48.9941
-48.9939
-48.9936
-48.9939
-48.9939
-48.9938
-48.9937
-48.9936
-48.9935
-48.9933
-48.9932
-48.993
-48.9932
-48.9933
-48.9935
-48.9937
-48.9938
-48.9939
-48.994
-48.9941
-48.9941
-48.9939
-48.9936
-48.9939
-48.9939
-48.9938
-48.9937
-48.9935
-48.9933
-48.993
-48.9925
-48.992
-48.9924
-48.9929
-48.9933
-48.9936
-48.9938
-48.9939
-48.994
-48.9941
-48.9941
-48.9938
-48.9936
-48.9938
-48.9938
-48.9938
-48.9936
-48.9935
-48.9932
-48.9925
-48.9913
-48.9896
-48.9905
-48.9921
-48.9931
-48.9935
-48.9937
-48.9939
-48.994
-48.9941
-48.9941
-48.9938
-48.9936
-48.9939
-48.9938
-48.9938
-48.9936
-48.9934
-48.993
-48.992
-48.9896
-48.9858
-48.9877
-48.9911
-48.9928
-48.9934
-48.9937
-48.9939
-48.994
-48.9941
-48.9941
-48.9939
-48.9936
-48.9939
-48.9939
-48.9938
-48.9937
-48.9935
-48.9932
-48.9924
-48.9905
-48.9877
-48.9894
-48.9918
-48.993
-48.9935
-48.9938
-48.9939
-48.9941
-48.9941
-48.9941
-48.9939
-48.9937
-48.9939
-48.9939
-48.9938
-48.9937
-48.9936
-48.9933
-48.9929
-48.9921
-48.9911
-48.9918
-48.9928
-48.9933
-48.9936
-48.9938
-48.994
-48.9941
-48.9942
-48.9941
-48.9939
-48.9937
-48.9939
-48.9939
-48.9939
-48.9938
-48.9937
-48.9935
-48.9933
-48.9931
-48.9928
-48.993
-48.9933
-48.9936
-48.9938
-48.9939
-48.9941
-48.9942
-48.9942
-48.9942
-48.9939
-48.9938
-48.994
-48.994
-48.9939
-48.9939
-48.9938
-48.9937
-48.9936
-48.9935
-48.9934
-48.9935
-48.9936
-48.9938
-48.9939
-48.994
-48.9941
-48.9942
-48.9943
-48.9942
-48.994
-48.9939
-48.9941
-48.994
-48.994
-48.9939
-48.9939
-48.9938
-48.9938
-48.9937
-48.9937
-48.9938
-48.9938
-48.9939
-48.994
-48.9941
-48.9942
-48.9943
-48.9943
-48.9943
-48.994
-48.9939
-48.9941
-48.9941
-48.9941
-48.994
-48.994
-48.9939
-48.9939
-48.9939
-48.9939
-48.9939
-48.994
-48.9941
-48.9941
-48.9942
-48.9943
-48.9944
-48.9944
-48.9943
-48.9941
-48.994
-48.9941
-48.9942
-48.9941
-48.9941
-48.9941
-48.994
-48.994
-48.994
-48.994
-48.9941
-48.9941
-48.9942
-48.9942
-48.9943
-48.9944
-48.9944
-48.9944
-48.9944
-48.9942
-48.994
-48.9941
-48.9942
-48.9942
-48.9942
-48.9941
-48.9941
-48.9941
-48.9941
-48.9941
-48.9941
-48.9942
-48.9942
-48.9943
-48.9943
-48.9944
-48.9944
-48.9944
-48.9943
-48.9942
-48.994
-48.9941
-48.9941
-48.9941
-48.9941
-48.9941
-48.9941
-48.9941
-48.9941
-48.9941
-48.9941
-48.9941
-48.9942
-48.9942
-48.9943
-48.9943
-48.9944
-48.9943
-48.9943
-48.9941
-48.9938
-48.9939
-48.9939
-48.9939
-48.9939
-48.9939
-48.9939
-48.9938
-48.9938
-48.9939
-48.9939
-48.9939
-48.9939
-48.994
-48.994
-48.9941
-48.9942
-48.9942
-48.9941
-48.994
)
;
    }
    fixedWalls
    {
        type            calculated;
        value           nonuniform List<scalar> 
800
(
-2.44972
-7.34959
-12.2492
-17.1486
-22.0479
-26.9472
-31.8464
-36.7455
-41.6446
-46.544
-2.44997
-7.34975
-12.2493
-17.1487
-22.048
-26.9473
-31.8465
-36.7457
-41.6448
-46.5441
-2.45029
-7.34994
-12.2494
-17.1487
-22.048
-26.9473
-31.8466
-36.7458
-41.6449
-46.5441
-2.4504
-7.35003
-12.2494
-17.1488
-22.0481
-26.9474
-31.8467
-36.7459
-41.645
-46.5441
-2.4503
-7.34995
-12.2494
-17.1488
-22.0481
-26.9474
-31.8467
-36.7459
-41.645
-46.5441
-2.45014
-7.34992
-12.2495
-17.1488
-22.0481
-26.9474
-31.8467
-36.7459
-41.645
-46.544
-2.4502
-7.34994
-12.2495
-17.1488
-22.0482
-26.9474
-31.8467
-36.7459
-41.645
-46.544
-2.45018
-7.34993
-12.2494
-17.1489
-22.0482
-26.9474
-31.8467
-36.746
-41.645
-46.5439
-2.45019
-7.34993
-12.2494
-17.1489
-22.0482
-26.9474
-31.8467
-36.746
-41.6451
-46.5439
-2.45019
-7.34994
-12.2494
-17.1489
-22.0482
-26.9474
-31.8467
-36.746
-41.6451
-46.544
-2.4502
-7.34994
-12.2495
-17.1489
-22.0482
-26.9474
-31.8467
-36.746
-41.6451
-46.544
-2.45021
-7.34995
-12.2495
-17.1489
-22.0482
-26.9474
-31.8467
-36.746
-41.6451
-46.544
-2.45022
-7.34996
-12.2495
-17.1489
-22.0482
-26.9474
-31.8467
-36.746
-41.6451
-46.544
-2.45029
-7.34995
-12.2495
-17.1489
-22.0482
-26.9474
-31.8467
-36.746
-41.6451
-46.5441
-2.45044
-7.35004
-12.2495
-17.1489
-22.0482
-26.9474
-31.8467
-36.746
-41.6451
-46.5442
-2.4506
-7.35017
-12.2496
-17.1489
-22.0482
-26.9474
-31.8467
-36.7459
-41.6451
-46.5442
-2.45066
-7.35024
-12.2496
-17.1489
-22.0481
-26.9474
-31.8467
-36.7459
-41.6451
-46.5443
-2.4505
-7.35015
-12.2495
-17.1488
-22.0481
-26.9474
-31.8466
-36.7458
-41.645
-46.5443
-2.45013
-7.34991
-12.2494
-17.1488
-22.0481
-26.9473
-31.8466
-36.7457
-41.6449
-46.5442
-2.44977
-7.34963
-12.2492
-17.1487
-22.048
-26.9472
-31.8465
-36.7456
-41.6447
-46.544
-2.44977
-7.34963
-12.2492
-17.1487
-22.048
-26.9472
-31.8465
-36.7456
-41.6447
-46.544
-2.4498
-7.34965
-12.2492
-17.1487
-22.048
-26.9473
-31.8466
-36.7457
-41.6449
-46.5442
-2.44993
-7.34972
-12.2493
-17.1487
-22.0481
-26.9474
-31.8466
-36.7458
-41.6449
-46.5442
-2.45014
-7.34983
-12.2493
-17.1488
-22.0481
-26.9474
-31.8467
-36.7459
-41.645
-46.5442
-2.45033
-7.34993
-12.2494
-17.1488
-22.0481
-26.9475
-31.8467
-36.7459
-41.6451
-46.5442
-2.45039
-7.34997
-12.2494
-17.1488
-22.0482
-26.9475
-31.8468
-36.746
-41.6451
-46.5442
-2.45031
-7.34996
-12.2494
-17.1488
-22.0482
-26.9475
-31.8468
-36.746
-41.6451
-46.5441
-2.45025
-7.34997
-12.2494
-17.1488
-22.0482
-26.9475
-31.8468
-36.746
-41.6451
-46.5441
-2.4503
-7.35
-12.2494
-17.1488
-22.0482
-26.9475
-31.8468
-36.746
-41.6452
-46.5442
-2.4503
-7.35
-12.2494
-17.1488
-22.0482
-26.9475
-31.8468
-36.7461
-41.6452
-46.5442
-2.45033
-7.35001
-12.2494
-17.1488
-22.0482
-26.9475
-31.8468
-36.7461
-41.6452
-46.5442
-2.45037
-7.35001
-12.2494
-17.1488
-22.0482
-26.9475
-31.8468
-36.7461
-41.6452
-46.5442
-2.45045
-7.35003
-12.2494
-17.1488
-22.0482
-26.9476
-31.8468
-36.7461
-41.6452
-46.5442
-2.45049
-7.35003
-12.2494
-17.1488
-22.0482
-26.9476
-31.8468
-36.7461
-41.6452
-46.5443
-2.45046
-7.34999
-12.2494
-17.1488
-22.0482
-26.9475
-31.8468
-36.7461
-41.6452
-46.5443
-2.45033
-7.34991
-12.2494
-17.1488
-22.0482
-26.9475
-31.8468
-36.7461
-41.6452
-46.5444
-2.45009
-7.34977
-12.2493
-17.1487
-22.0481
-26.9475
-31.8468
-36.746
-41.6452
-46.5444
-2.44972
-7.34955
-12.2491
-17.1486
-22.048
-26.9474
-31.8467
-36.7459
-41.6451
-46.5444
-2.44927
-7.34928
-12.249
-17.1485
-22.048
-26.9473
-31.8466
-36.7458
-41.645
-46.5443
-2.44897
-7.34909
-12.2489
-17.1485
-22.0479
-26.9472
-31.8465
-36.7456
-41.6448
-46.5442
-2.44972
-7.34959
-12.2492
-17.1486
-22.0479
-26.9472
-31.8464
-36.7455
-41.6446
-46.544
-2.44997
-7.34975
-12.2493
-17.1487
-22.048
-26.9473
-31.8465
-36.7457
-41.6448
-46.5441
-2.45029
-7.34994
-12.2494
-17.1487
-22.048
-26.9473
-31.8466
-36.7458
-41.6449
-46.5441
-2.4504
-7.35003
-12.2494
-17.1488
-22.0481
-26.9474
-31.8467
-36.7459
-41.645
-46.5441
-2.4503
-7.34995
-12.2494
-17.1488
-22.0481
-26.9474
-31.8467
-36.7459
-41.645
-46.5441
-2.45014
-7.34992
-12.2495
-17.1488
-22.0481
-26.9474
-31.8467
-36.7459
-41.645
-46.544
-2.4502
-7.34994
-12.2495
-17.1488
-22.0482
-26.9474
-31.8467
-36.7459
-41.645
-46.544
-2.45018
-7.34993
-12.2494
-17.1489
-22.0482
-26.9474
-31.8467
-36.746
-41.645
-46.5439
-2.45019
-7.34993
-12.2494
-17.1489
-22.0482
-26.9474
-31.8467
-36.746
-41.6451
-46.5439
-2.45019
-7.34994
-12.2494
-17.1489
-22.0482
-26.9474
-31.8467
-36.746
-41.6451
-46.544
-2.4502
-7.34994
-12.2495
-17.1489
-22.0482
-26.9474
-31.8467
-36.746
-41.6451
-46.544
-2.45021
-7.34995
-12.2495
-17.1489
-22.0482
-26.9474
-31.8467
-36.746
-41.6451
-46.544
-2.45022
-7.34996
-12.2495
-17.1489
-22.0482
-26.9474
-31.8467
-36.746
-41.6451
-46.544
-2.45029
-7.34995
-12.2495
-17.1489
-22.0482
-26.9474
-31.8467
-36.746
-41.6451
-46.5441
-2.45044
-7.35004
-12.2495
-17.1489
-22.0482
-26.9474
-31.8467
-36.746
-41.6451
-46.5442
-2.4506
-7.35017
-12.2496
-17.1489
-22.0482
-26.9474
-31.8467
-36.7459
-41.6451
-46.5442
-2.45066
-7.35024
-12.2496
-17.1489
-22.0481
-26.9474
-31.8467
-36.7459
-41.6451
-46.5443
-2.4505
-7.35015
-12.2495
-17.1488
-22.0481
-26.9474
-31.8466
-36.7458
-41.645
-46.5443
-2.45013
-7.34991
-12.2494
-17.1488
-22.0481
-26.9473
-31.8466
-36.7457
-41.6449
-46.5442
-2.44977
-7.34963
-12.2492
-17.1487
-22.048
-26.9472
-31.8465
-36.7456
-41.6447
-46.544
-2.44977
-7.34963
-12.2492
-17.1487
-22.048
-26.9472
-31.8465
-36.7456
-41.6447
-46.544
-2.4498
-7.34965
-12.2492
-17.1487
-22.048
-26.9473
-31.8466
-36.7457
-41.6449
-46.5442
-2.44993
-7.34972
-12.2493
-17.1487
-22.0481
-26.9474
-31.8466
-36.7458
-41.6449
-46.5442
-2.45014
-7.34983
-12.2493
-17.1488
-22.0481
-26.9474
-31.8467
-36.7459
-41.645
-46.5442
-2.45033
-7.34993
-12.2494
-17.1488
-22.0481
-26.9475
-31.8467
-36.7459
-41.6451
-46.5442
-2.45039
-7.34997
-12.2494
-17.1488
-22.0482
-26.9475
-31.8468
-36.746
-41.6451
-46.5442
-2.45031
-7.34996
-12.2494
-17.1488
-22.0482
-26.9475
-31.8468
-36.746
-41.6451
-46.5441
-2.45025
-7.34997
-12.2494
-17.1488
-22.0482
-26.9475
-31.8468
-36.746
-41.6451
-46.5441
-2.4503
-7.35
-12.2494
-17.1488
-22.0482
-26.9475
-31.8468
-36.746
-41.6452
-46.5442
-2.4503
-7.35
-12.2494
-17.1488
-22.0482
-26.9475
-31.8468
-36.7461
-41.6452
-46.5442
-2.45033
-7.35001
-12.2494
-17.1488
-22.0482
-26.9475
-31.8468
-36.7461
-41.6452
-46.5442
-2.45037
-7.35001
-12.2494
-17.1488
-22.0482
-26.9475
-31.8468
-36.7461
-41.6452
-46.5442
-2.45045
-7.35003
-12.2494
-17.1488
-22.0482
-26.9476
-31.8468
-36.7461
-41.6452
-46.5442
-2.45049
-7.35003
-12.2494
-17.1488
-22.0482
-26.9476
-31.8468
-36.7461
-41.6452
-46.5443
-2.45046
-7.34999
-12.2494
-17.1488
-22.0482
-26.9475
-31.8468
-36.7461
-41.6452
-46.5443
-2.45033
-7.34991
-12.2494
-17.1488
-22.0482
-26.9475
-31.8468
-36.7461
-41.6452
-46.5444
-2.45009
-7.34977
-12.2493
-17.1487
-22.0481
-26.9475
-31.8468
-36.746
-41.6452
-46.5444
-2.44972
-7.34955
-12.2491
-17.1486
-22.048
-26.9474
-31.8467
-36.7459
-41.6451
-46.5444
-2.44927
-7.34928
-12.249
-17.1485
-22.048
-26.9473
-31.8466
-36.7458
-41.645
-46.5443
-2.44897
-7.34909
-12.2489
-17.1485
-22.0479
-26.9472
-31.8465
-36.7456
-41.6448
-46.5442
)
;
    }
}


// ************************************************************************* //
