/*--------------------------------*- C++ -*----------------------------------*\
  =========                 |
  \\      /  F ield         | OpenFOAM: The Open Source CFD Toolbox
   \\    /   O peration     | Website:  https://openfoam.org
    \\  /    A nd           | Version:  8
     \\/     M anipulation  |
\*---------------------------------------------------------------------------*/
FoamFile
{
    version     2.0;
    format      ascii;
    class       volScalarField;
    location    "1400";
    object      p_rgh;
}
// * * * * * * * * * * * * * * * * * * * * * * * * * * * * * * * * * * * * * //

dimensions      [1 -1 -2 0 0 0 0];

internalField   nonuniform List<scalar> 
4000
(
-6.75828e-06
-0.000276022
-0.000597684
-0.000697322
-0.000553806
-0.000168227
-0.000231191
-0.000210405
-0.000221134
-0.000224833
-0.000231909
-0.000258569
-0.000253453
-0.000479802
-0.000691974
-0.00087653
-0.000946501
-0.000801421
-0.000426546
-5.66475e-05
-0.00047823
-0.000709831
-0.000964397
-0.00104546
-0.000832474
-0.000471062
-0.000589545
-0.000590188
-0.000598955
-0.000599271
-0.000601866
-0.00058873
-0.000563555
-0.000612792
-0.00087805
-0.00112323
-0.00126072
-0.00117766
-0.000889838
-0.000519698
-0.000641668
-0.000880533
-0.0011348
-0.00125968
-0.00102348
-0.000760778
-0.000740603
-0.000752728
-0.000817472
-0.000842755
-0.000837953
-0.000813515
-0.000756542
-0.000707835
-0.000906074
-0.00113929
-0.00142454
-0.00134492
-0.00108772
-0.000681948
-0.000639752
-0.000931589
-0.00121169
-0.00140601
-0.00119692
-0.00124362
-0.00133766
-0.00118839
-0.00104681
-0.000987661
-0.000997445
-0.0010481
-0.00116745
-0.00115899
-0.0012011
-0.00141837
-0.00149255
-0.00138693
-0.00112453
-0.00067486
-0.000537944
-0.000895715
-0.00120873
-0.00143798
-0.00156965
-0.00164439
-0.00170629
-0.00174446
-0.00162135
-0.00160064
-0.00165574
-0.00172089
-0.00173003
-0.00170434
-0.00167075
-0.00162399
-0.00153181
-0.00134836
-0.0010406
-0.000529949
-0.000357096
-0.000780482
-0.00113889
-0.00139768
-0.00155744
-0.001673
-0.00175935
-0.00182296
-0.00186766
-0.00187282
-0.00184586
-0.00181447
-0.00177577
-0.00172688
-0.00166541
-0.0015827
-0.00145041
-0.00122469
-0.000867412
-0.000284734
-7.06807e-05
-0.00057267
-0.000987313
-0.00129293
-0.00149568
-0.00163843
-0.00174285
-0.00181772
-0.00186637
-0.00187258
-0.00183039
-0.00178785
-0.00173821
-0.00167582
-0.00159372
-0.00147738
-0.00130014
-0.00101905
-0.000595815
7.01698e-05
0.000357209
-0.000227783
-0.000701479
-0.00105754
-0.00130274
-0.00147678
-0.00160727
-0.00170676
-0.001775
-0.00179022
-0.00173083
-0.00167052
-0.00160052
-0.00151482
-0.0014049
-0.00125281
-0.00102668
-0.000683614
-0.000186821
0.000565384
0.000879002
0.000250346
-0.000251055
-0.000626001
-0.000889066
-0.00108222
-0.00123724
-0.00136582
-0.00146879
-0.00150865
-0.0014246
-0.00134043
-0.00124503
-0.00113262
-0.000995429
-0.000816022
-0.000561231
-0.000183547
0.000357132
0.0011337
0.00136005
0.000886302
0.000503526
0.000204132
-1.50394e-05
-0.000179748
-0.000311183
-0.000420872
-0.000509392
-0.000528545
-0.000445033
-0.000369994
-0.000282421
-0.000174453
-4.03693e-05
0.000129633
0.000355223
0.000664531
0.00107747
0.00165015
-0.000276022
-0.00041591
-0.000619428
-0.000662134
-0.000522727
-0.000213837
-0.000230059
-0.000225473
-0.00022447
-0.000223971
-0.000235735
-0.000251812
-0.000320989
-0.000508596
-0.000696146
-0.000858208
-0.000912503
-0.000769675
-0.000415109
-8.87799e-05
-0.000709831
-0.00081877
-0.000973637
-0.000995977
-0.000795734
-0.000468726
-0.000557556
-0.000580136
-0.000597572
-0.000590326
-0.000575397
-0.000550923
-0.000517035
-0.000664724
-0.000901145
-0.00111347
-0.00122199
-0.0011356
-0.000868666
-0.000541313
-0.000880533
-0.000985449
-0.00114809
-0.0012146
-0.00102309
-0.000747014
-0.000738991
-0.000759657
-0.000835357
-0.000845989
-0.00083224
-0.000784326
-0.000715124
-0.000772809
-0.000994064
-0.00123486
-0.00140743
-0.00132643
-0.00107912
-0.000705386
-0.000931589
-0.00105857
-0.00125543
-0.00139855
-0.00121755
-0.00108062
-0.00111711
-0.00108796
-0.00103367
-0.00101289
-0.00102721
-0.00103745
-0.00101952
-0.000990676
-0.00111955
-0.00137189
-0.00150345
-0.00143461
-0.00117473
-0.000713898
-0.000895715
-0.00107629
-0.00133202
-0.00153978
-0.00152147
-0.00148764
-0.00152701
-0.00151656
-0.00142108
-0.00137729
-0.00140715
-0.00146007
-0.0014756
-0.00144341
-0.00147289
-0.00158253
-0.00161793
-0.00149457
-0.00118561
-0.000622306
-0.000780482
-0.00106525
-0.001399
-0.00165454
-0.00172328
-0.00174915
-0.00179442
-0.0018047
-0.00175856
-0.0017243
-0.00172949
-0.00175041
-0.00175693
-0.00174179
-0.00173671
-0.00174469
-0.00170184
-0.00152335
-0.00113434
-0.000454296
-0.00057267
-0.00102219
-0.00145022
-0.00175637
-0.0018972
-0.00194387
-0.00196786
-0.00197988
-0.00197729
-0.00197095
-0.00196291
-0.00195584
-0.00194308
-0.00192312
-0.00190499
-0.00187705
-0.00177902
-0.00152455
-0.00101802
-0.000204202
-0.000227783
-0.000896842
-0.00141622
-0.00178583
-0.00198689
-0.00209525
-0.00215833
-0.00218268
-0.00211471
-0.00204623
-0.00204033
-0.00206029
-0.00207519
-0.00207146
-0.00203818
-0.00195826
-0.00179016
-0.00143353
-0.000788898
0.000161849
0.000250346
-0.000538379
-0.00114636
-0.00157706
-0.00185698
-0.00205532
-0.00223109
-0.00237958
-0.00249375
-0.00257053
-0.00248343
-0.00238136
-0.002271
-0.00214576
-0.00199972
-0.00181533
-0.00153572
-0.00107114
-0.000350387
0.000665789
0.000886302
0.000331567
-0.000119777
-0.000492065
-0.000785193
-0.00102712
-0.00123344
-0.00140254
-0.00152443
-0.0015583
-0.00142882
-0.0013135
-0.00117265
-0.000996857
-0.000788355
-0.000544053
-0.000243998
0.000144122
0.000641717
0.00131486
-0.000597684
-0.000619428
-0.000673016
-0.000639538
-0.000494419
-0.000209544
-0.000235829
-0.000245361
-0.000233728
-0.0002265
-0.000239371
-0.000249058
-0.000353472
-0.000523622
-0.000694076
-0.000836852
-0.000884247
-0.00076519
-0.000470755
-0.000224512
-0.000964397
-0.000973637
-0.00100376
-0.000932613
-0.000738475
-0.000460175
-0.000521897
-0.000577503
-0.000599943
-0.000584577
-0.00056334
-0.000541821
-0.000525894
-0.000691728
-0.000906458
-0.00109063
-0.00117737
-0.00110052
-0.000880102
-0.000632101
-0.0011348
-0.00114809
-0.00119659
-0.00116568
-0.000975635
-0.000722472
-0.000712707
-0.00073771
-0.000830404
-0.000837582
-0.000808891
-0.000747402
-0.000708829
-0.000827347
-0.00105355
-0.00126867
-0.00137366
-0.00128916
-0.00107785
-0.000787302
-0.00121169
-0.00125543
-0.00133317
-0.00136995
-0.0012033
-0.001009
-0.000989261
-0.000996202
-0.00100614
-0.00102943
-0.0010313
-0.000989376
-0.000933004
-0.000970361
-0.00115832
-0.00138531
-0.0015006
-0.00142847
-0.00119524
-0.000822968
-0.00120873
-0.00133202
-0.00144741
-0.00154553
-0.00145683
-0.00133262
-0.00131909
-0.00131811
-0.00128033
-0.00125496
-0.00126818
-0.00128067
-0.00124997
-0.00122463
-0.00133044
-0.00152589
-0.00162288
-0.00153828
-0.001263
-0.000777049
-0.00113889
-0.001399
-0.00156092
-0.00169217
-0.00167759
-0.00160354
-0.00159046
-0.00158793
-0.00154949
-0.00150977
-0.00151033
-0.00153051
-0.00152658
-0.00150521
-0.00155223
-0.00167102
-0.0017231
-0.00161781
-0.00129716
-0.00067232
-0.000987313
-0.00145022
-0.00167852
-0.00185773
-0.0018768
-0.00182602
-0.0018079
-0.00180674
-0.00178461
-0.00175613
-0.00174859
-0.00175845
-0.00175968
-0.00174886
-0.00176647
-0.00182533
-0.00183902
-0.00168446
-0.00127202
-0.000505084
-0.000701479
-0.00141622
-0.00174761
-0.00188494
-0.00193939
-0.00190232
-0.00188022
-0.00187668
-0.0018709
-0.00185277
-0.00183593
-0.0018291
-0.0018275
-0.00182652
-0.00183893
-0.00186325
-0.00183296
-0.00166841
-0.00115762
-0.00021446
-0.000251055
-0.00114636
-0.00173671
-0.00206803
-0.00221635
-0.00229941
-0.00242179
-0.00250622
-0.00250952
-0.0024831
-0.00244763
-0.00243109
-0.00239477
-0.0023309
-0.00225091
-0.0021752
-0.00201987
-0.00161208
-0.000862058
0.000253874
0.000503526
-0.000119777
-0.00059162
-0.00097385
-0.00127755
-0.00156196
-0.00183135
-0.00205989
-0.00222307
-0.00228621
-0.00210993
-0.0019534
-0.00176454
-0.00153336
-0.00127093
-0.00098572
-0.00066261
-0.00025459
0.000269412
0.00100092
-0.000697322
-0.000662134
-0.000639538
-0.000562639
-0.000422826
-0.000205799
-0.00024854
-0.00026559
-0.000247334
-0.00023244
-0.000243284
-0.000249013
-0.000354919
-0.000510777
-0.000662454
-0.000789234
-0.000841204
-0.000775053
-0.00058084
-0.000437619
-0.00104546
-0.000995977
-0.000932613
-0.000815978
-0.000633424
-0.00044299
-0.000488552
-0.000574379
-0.000604178
-0.000581081
-0.00055694
-0.000531864
-0.000523834
-0.000680199
-0.000871729
-0.0010366
-0.00112378
-0.00107854
-0.000932835
-0.000779636
-0.00125968
-0.0012146
-0.00116568
-0.00105849
-0.000862953
-0.000667041
-0.000674874
-0.000713058
-0.000816748
-0.000827433
-0.000790715
-0.000729157
-0.000709009
-0.000841599
-0.00105113
-0.00123365
-0.00131551
-0.00125361
-0.00110944
-0.000920748
-0.00140601
-0.00139855
-0.00136995
-0.00129506
-0.00110485
-0.000923896
-0.000898696
-0.000929541
-0.000980191
-0.00102642
-0.00100896
-0.000945866
-0.000904138
-0.000987694
-0.00118869
-0.00137967
-0.00146146
-0.00140202
-0.00124045
-0.00098375
-0.00143798
-0.00153978
-0.00154553
-0.00151466
-0.00136214
-0.00120771
-0.00116973
-0.00118361
-0.00119509
-0.00120783
-0.00121729
-0.00118394
-0.00113261
-0.00115365
-0.00130903
-0.0015008
-0.00160022
-0.00153981
-0.00134531
-0.000986032
-0.00139768
-0.00165454
-0.00169217
-0.00169894
-0.00159515
-0.00146739
-0.00142227
-0.0014242
-0.00142044
-0.00140846
-0.00141275
-0.00140736
-0.00137067
-0.0013553
-0.00144786
-0.00161837
-0.00171452
-0.00165398
-0.00143161
-0.000930725
-0.00129293
-0.00175637
-0.00185773
-0.00187351
-0.00179334
-0.00168662
-0.00164457
-0.00164846
-0.0016504
-0.00163837
-0.00163372
-0.00163575
-0.00161424
-0.00158155
-0.0016194
-0.00173977
-0.00182121
-0.00175798
-0.00147247
-0.000799788
-0.00105754
-0.00178583
-0.00188494
-0.00193217
-0.00188265
-0.00180079
-0.00176668
-0.00176896
-0.00177385
-0.0017648
-0.00174857
-0.00174063
-0.00173252
-0.00171837
-0.00173211
-0.00179685
-0.00183539
-0.00174944
-0.00142263
-0.000536507
-0.000626001
-0.00157706
-0.00206803
-0.00215813
-0.0021634
-0.00224462
-0.00240775
-0.00253583
-0.00257054
-0.00254663
-0.00249966
-0.00248154
-0.00243266
-0.00233771
-0.00221951
-0.00213161
-0.00207523
-0.00185554
-0.00120274
-7.67214e-05
0.000204132
-0.000492065
-0.00097385
-0.00135686
-0.00167373
-0.00200784
-0.00234963
-0.002644
-0.00286022
-0.00296948
-0.00273409
-0.00253433
-0.00229557
-0.00200514
-0.00168255
-0.00135639
-0.00101588
-0.000591841
-5.23543e-05
0.000730938
-0.000553806
-0.000522727
-0.000494419
-0.000422826
-0.000329979
-0.000200208
-0.000263028
-0.000283249
-0.000265668
-0.000242599
-0.000247192
-0.000247918
-0.000333808
-0.000472213
-0.000600655
-0.000709458
-0.000773075
-0.000759919
-0.000677166
-0.000632511
-0.000832474
-0.000795734
-0.000738475
-0.000633424
-0.000500099
-0.000430176
-0.000474726
-0.000572211
-0.00060644
-0.000581405
-0.000554738
-0.000529614
-0.000506751
-0.000630939
-0.000793402
-0.000939355
-0.00103542
-0.00105166
-0.000987171
-0.00091709
-0.00102348
-0.00102309
-0.000975635
-0.000862953
-0.000698103
-0.000595762
-0.000624958
-0.000711981
-0.000809728
-0.000818914
-0.000780004
-0.0007181
-0.000693134
-0.000802019
-0.000980698
-0.00113945
-0.00123129
-0.00122522
-0.00114928
-0.0010444
-0.00119692
-0.00121755
-0.0012033
-0.00110485
-0.000932339
-0.000817057
-0.000825536
-0.000872505
-0.000956387
-0.00101756
-0.000985887
-0.000918229
-0.00088291
-0.000966151
-0.00114642
-0.00131185
-0.00139474
-0.00137332
-0.00128629
-0.00111719
-0.00156965
-0.00152147
-0.00145683
-0.00136214
-0.00119878
-0.00107747
-0.00105962
-0.00109632
-0.00114228
-0.00118545
-0.00118749
-0.00113186
-0.00108158
-0.00112542
-0.00128413
-0.0014541
-0.00154726
-0.00152507
-0.00141524
-0.00114043
-0.00155744
-0.00172328
-0.00167759
-0.00159515
-0.00145183
-0.00133146
-0.00129541
-0.00131244
-0.00133763
-0.00135701
-0.00137084
-0.00134014
-0.00128801
-0.00129131
-0.00140566
-0.00156798
-0.0016742
-0.00165919
-0.00152877
-0.00110565
-0.00149568
-0.0018972
-0.0018768
-0.00179334
-0.00166397
-0.00155584
-0.00152375
-0.00154266
-0.00156754
-0.00157825
-0.00158528
-0.00157775
-0.00152998
-0.001491
-0.00153916
-0.00166886
-0.00178104
-0.00177351
-0.00159813
-0.000997079
-0.00130274
-0.00198689
-0.00193939
-0.00188265
-0.00178401
-0.00170557
-0.00169041
-0.00170947
-0.00172718
-0.00172988
-0.00171715
-0.00170352
-0.00168257
-0.00165392
-0.00166101
-0.00173549
-0.00180572
-0.00176602
-0.0015756
-0.00076002
-0.000889066
-0.00185698
-0.00221635
-0.0021634
-0.00216994
-0.00231198
-0.00253581
-0.00271187
-0.00276822
-0.00273765
-0.00266321
-0.00263559
-0.00256596
-0.00242704
-0.00225517
-0.00213086
-0.00207479
-0.00197659
-0.00142498
-0.000314654
-1.50394e-05
-0.000785193
-0.00127755
-0.00167373
-0.00203978
-0.00245946
-0.00288955
-0.00326998
-0.00357152
-0.00376867
-0.00343974
-0.00316784
-0.00285597
-0.00248696
-0.00208453
-0.00168953
-0.00131319
-0.000872442
-0.000316627
0.000519249
-0.000168227
-0.000213837
-0.000209544
-0.000205799
-0.000200208
-0.000226053
-0.000281981
-0.000301539
-0.000286295
-0.000259611
-0.000256425
-0.000256884
-0.000300933
-0.000411623
-0.000508334
-0.000588476
-0.000649003
-0.000673198
-0.000660523
-0.000675693
-0.000471062
-0.000468726
-0.000460175
-0.00044299
-0.000430176
-0.000416336
-0.000510885
-0.00059173
-0.000613233
-0.000585778
-0.000557098
-0.00052139
-0.000487375
-0.000550937
-0.000669318
-0.000782981
-0.000876558
-0.000929821
-0.000940531
-0.000946361
-0.000760778
-0.000747014
-0.000722472
-0.000667041
-0.000595762
-0.000586264
-0.000633479
-0.000739032
-0.000812315
-0.000812378
-0.000772604
-0.00071179
-0.000663955
-0.000713705
-0.000841886
-0.000970631
-0.00107225
-0.0011278
-0.00113904
-0.00111834
-0.00124362
-0.00108062
-0.001009
-0.000923896
-0.000817057
-0.000772815
-0.000792614
-0.000861373
-0.000958635
-0.00100996
-0.000971954
-0.000899513
-0.000848322
-0.000886204
-0.00101515
-0.00115641
-0.00126409
-0.00131492
-0.0013104
-0.00119822
-0.00164439
-0.00148764
-0.00133262
-0.00120771
-0.00107747
-0.00100484
-0.00101019
-0.00105782
-0.00112385
-0.00117655
-0.00116654
-0.00110047
-0.00104212
-0.00106305
-0.00118212
-0.00133029
-0.00144414
-0.00148666
-0.00145818
-0.0012338
-0.001673
-0.00174915
-0.00160354
-0.00146739
-0.00133146
-0.00124347
-0.00122621
-0.00125361
-0.00129388
-0.00133179
-0.00134628
-0.0012996
-0.00123987
-0.00123767
-0.00133159
-0.00147484
-0.00159498
-0.00163447
-0.0015866
-0.00121926
-0.00163843
-0.00194387
-0.00182602
-0.00168662
-0.00155584
-0.00147566
-0.0014644
-0.00149363
-0.00152649
-0.00154786
-0.00156061
-0.00154314
-0.00148311
-0.00143948
-0.00147877
-0.00159267
-0.00171076
-0.00175499
-0.00167451
-0.00113173
-0.00147678
-0.00209525
-0.00190232
-0.00180079
-0.00170557
-0.00165924
-0.00166924
-0.00169857
-0.00172345
-0.00174281
-0.00172698
-0.00169315
-0.00165362
-0.00161494
-0.00161196
-0.00167666
-0.00175899
-0.00176288
-0.00166722
-0.000917937
-0.00108222
-0.00205532
-0.00229941
-0.00224462
-0.00231198
-0.00251354
-0.0027851
-0.00297313
-0.0030357
-0.00302032
-0.00290026
-0.00284615
-0.0027521
-0.00257241
-0.00234708
-0.00217329
-0.00209773
-0.00206012
-0.00158614
-0.00049226
-0.000179748
-0.00102712
-0.00156196
-0.00200784
-0.00245946
-0.00296649
-0.00348311
-0.00396131
-0.00437821
-0.00471797
-0.00425674
-0.00388187
-0.0034713
-0.00300614
-0.00251376
-0.00203817
-0.00160264
-0.00112965
-0.000546236
0.000347405
-0.000231191
-0.000230059
-0.000235829
-0.00024854
-0.000263028
-0.000281981
-0.000308977
-0.000318993
-0.000307496
-0.000286936
-0.000279812
-0.000275379
-0.000272981
-0.000328024
-0.000372657
-0.000410805
-0.000453287
-0.000491751
-0.000511486
-0.000510091
-0.000589545
-0.000557556
-0.000521897
-0.000488552
-0.000474726
-0.000510885
-0.00057547
-0.000619456
-0.000622736
-0.000596619
-0.000570906
-0.000531994
-0.000495126
-0.00047466
-0.000512814
-0.00056445
-0.000618103
-0.000659657
-0.000665924
-0.000638661
-0.000740603
-0.000738991
-0.000712707
-0.000674874
-0.000624958
-0.000633479
-0.00070522
-0.000782806
-0.000818552
-0.000814987
-0.000774554
-0.000715163
-0.000655655
-0.000631598
-0.000667554
-0.000730771
-0.000803284
-0.000876043
-0.000954349
-0.00110058
-0.00133766
-0.00111711
-0.000989261
-0.000898696
-0.000825536
-0.000792614
-0.000823541
-0.000903288
-0.000977695
-0.00100921
-0.000970898
-0.00089949
-0.000831679
-0.00080908
-0.000849692
-0.000931111
-0.00103331
-0.00114482
-0.00124931
-0.00125201
-0.00170629
-0.00152701
-0.00131909
-0.00116973
-0.00105962
-0.00101019
-0.00101382
-0.0010599
-0.00113208
-0.00118068
-0.00115803
-0.00108888
-0.00102116
-0.00100019
-0.0010472
-0.00114546
-0.0012691
-0.00138949
-0.00146972
-0.00129828
-0.00175935
-0.00179442
-0.00159046
-0.00142227
-0.00129541
-0.00122621
-0.00121471
-0.00124105
-0.00128439
-0.00133632
-0.00133732
-0.00127808
-0.0012139
-0.00119034
-0.0012348
-0.00133677
-0.00146536
-0.00157314
-0.00161102
-0.00129801
-0.00174285
-0.00196786
-0.0018079
-0.00164457
-0.00152375
-0.0014644
-0.00146131
-0.00148635
-0.00151455
-0.00155228
-0.00155843
-0.00152165
-0.00146048
-0.0014103
-0.00142067
-0.00149948
-0.00161468
-0.00170804
-0.00171764
-0.00122764
-0.00160727
-0.00215833
-0.00188022
-0.00176668
-0.00169041
-0.00166924
-0.00168811
-0.00171946
-0.00176712
-0.00185313
-0.00181431
-0.00170967
-0.00164262
-0.00159431
-0.00157634
-0.00161388
-0.0016962
-0.00173694
-0.00172459
-0.00103769
-0.00123724
-0.00223109
-0.00242179
-0.00240775
-0.00253581
-0.0027851
-0.00304095
-0.00323015
-0.00337427
-0.00356672
-0.00334145
-0.00314573
-0.0029891
-0.00276261
-0.00248531
-0.00225664
-0.0021445
-0.00212093
-0.00171826
-0.000635392
-0.000311183
-0.00123344
-0.00183135
-0.00234963
-0.00288955
-0.00348311
-0.00409534
-0.00469363
-0.00525865
-0.00582395
-0.00518296
-0.00468049
-0.00414459
-0.00355951
-0.00296476
-0.0024007
-0.00189145
-0.00137082
-0.000744985
0.000206742
-0.000210405
-0.000225473
-0.000245361
-0.00026559
-0.000283249
-0.000301539
-0.000318993
-0.000333334
-0.000338638
-0.00035018
-0.000344555
-0.000314978
-0.000295107
-0.000294991
-0.000297793
-0.000309817
-0.000309228
-0.000304431
-0.000301098
-0.000284995
-0.000590188
-0.000580136
-0.000577503
-0.000574379
-0.000572211
-0.00059173
-0.000619456
-0.000640079
-0.00063727
-0.000638559
-0.000612334
-0.000571112
-0.000534163
-0.000516916
-0.000522754
-0.000532418
-0.000539733
-0.000544564
-0.000562331
-0.000634345
-0.000752728
-0.000759657
-0.00073771
-0.000713058
-0.000711981
-0.000739032
-0.000782806
-0.000817687
-0.000835015
-0.000864251
-0.000817978
-0.000749293
-0.000702536
-0.000684252
-0.000700941
-0.000743972
-0.000807505
-0.000887651
-0.00100321
-0.00114272
-0.00118839
-0.00108796
-0.000996202
-0.000929541
-0.000872505
-0.000861373
-0.000903288
-0.000956404
-0.00100733
-0.00107489
-0.00101664
-0.000927885
-0.000873388
-0.000856006
-0.000878212
-0.000937976
-0.00103173
-0.00115416
-0.00127841
-0.00128189
-0.00174446
-0.00151656
-0.00131811
-0.00118361
-0.00109632
-0.00105782
-0.0010599
-0.00110471
-0.00116891
-0.00129779
-0.00122356
-0.00110707
-0.00104632
-0.00102325
-0.00104782
-0.00111975
-0.00123165
-0.00136645
-0.00147712
-0.00133665
-0.00182296
-0.0018047
-0.00158793
-0.0014242
-0.00131244
-0.00125361
-0.00124105
-0.00126324
-0.00133273
-0.00153143
-0.00144706
-0.00128462
-0.00121691
-0.0011918
-0.00121469
-0.0012873
-0.00140271
-0.0015324
-0.00161736
-0.00134899
-0.00181772
-0.00197988
-0.00180674
-0.00164846
-0.00154266
-0.00149363
-0.00148635
-0.00150067
-0.00157068
-0.00183901
-0.00173621
-0.00152789
-0.00145654
-0.00141185
-0.00140701
-0.00145586
-0.0015537
-0.0016673
-0.00173464
-0.00129669
-0.00170676
-0.00218268
-0.00187668
-0.00176896
-0.00170947
-0.00169857
-0.00171946
-0.00177795
-0.00195982
-0.00245124
-0.00222184
-0.00180347
-0.001655
-0.0015924
-0.00156377
-0.00157881
-0.00164328
-0.001704
-0.0017617
-0.00113199
-0.00136582
-0.00237958
-0.00250622
-0.00253583
-0.00271187
-0.00297313
-0.00323015
-0.00350082
-0.00392539
-0.00477164
-0.00429939
-0.00361536
-0.00325691
-0.00295384
-0.00263917
-0.00236923
-0.00221507
-0.00218364
-0.00183978
-0.000755073
-0.000420872
-0.00140254
-0.00205989
-0.002644
-0.00326998
-0.00396131
-0.00469363
-0.0054145
-0.00608795
-0.00695917
-0.00607388
-0.00549511
-0.00485181
-0.00412395
-0.00340871
-0.00274952
-0.00216101
-0.00158544
-0.000908479
9.36965e-05
-0.000221134
-0.00022447
-0.000233728
-0.000247334
-0.000265668
-0.000286295
-0.000307496
-0.000338638
-0.000375608
-0.000528475
-0.000509598
-0.000372863
-0.000331625
-0.000328076
-0.000343247
-0.000350748
-0.000353641
-0.00035515
-0.000351661
-0.000327566
-0.000598955
-0.000597572
-0.000599943
-0.000604178
-0.00060644
-0.000613233
-0.000622736
-0.00063727
-0.00067992
-0.000905751
-0.00085439
-0.000632634
-0.00059423
-0.000590454
-0.000606565
-0.000628771
-0.00063872
-0.000640432
-0.000684967
-0.000752718
-0.000817472
-0.000835357
-0.000830404
-0.000816748
-0.000809728
-0.000812315
-0.000818552
-0.000835015
-0.000902218
-0.00133976
-0.00121022
-0.000856311
-0.000775672
-0.000770138
-0.000792994
-0.000840948
-0.000924033
-0.001007
-0.00107905
-0.00116552
-0.00104681
-0.00103367
-0.00100614
-0.000980191
-0.000956387
-0.000958635
-0.000977695
-0.00100733
-0.00113827
-0.00184199
-0.00160201
-0.00104651
-0.000937004
-0.000927773
-0.000964066
-0.00103365
-0.00111095
-0.00120927
-0.0013006
-0.00128803
-0.00162135
-0.00142108
-0.00128033
-0.00119509
-0.00114228
-0.00112385
-0.00113208
-0.00116891
-0.00140354
-0.0024043
-0.00207268
-0.0012491
-0.0010961
-0.00108121
-0.00110838
-0.00117251
-0.00126607
-0.00138155
-0.00148218
-0.0013471
-0.00186766
-0.00175856
-0.00154949
-0.00142044
-0.00133763
-0.00129388
-0.00128439
-0.00133273
-0.00169827
-0.00302424
-0.00265469
-0.0014733
-0.00124705
-0.00122029
-0.00124001
-0.00130027
-0.00140047
-0.00152172
-0.00161564
-0.00136696
-0.00186637
-0.00197729
-0.00178461
-0.0016504
-0.00156754
-0.00152649
-0.00151455
-0.00157068
-0.00208431
-0.00382362
-0.00336347
-0.00176868
-0.0014729
-0.00142734
-0.00142232
-0.00145675
-0.00153832
-0.00164938
-0.00173719
-0.00132852
-0.001775
-0.00211471
-0.0018709
-0.00177385
-0.00172718
-0.00172345
-0.00176712
-0.00195982
-0.00278019
-0.00535298
-0.00458505
-0.00224961
-0.00172556
-0.00160722
-0.00156576
-0.00156804
-0.00161799
-0.00168339
-0.0017789
-0.00119032
-0.00146879
-0.00249375
-0.00250952
-0.00257054
-0.00276822
-0.0030357
-0.00337427
-0.00392539
-0.00500414
-0.00753185
-0.0063803
-0.00443527
-0.00355319
-0.00307126
-0.00272138
-0.00243867
-0.00226253
-0.00221893
-0.00193611
-0.000846313
-0.000509392
-0.00152443
-0.00222307
-0.00286022
-0.00357152
-0.00437821
-0.00525865
-0.00608795
-0.00674274
-0.0079666
-0.00669591
-0.00621577
-0.00554344
-0.004657
-0.00379831
-0.00303659
-0.00237387
-0.00175153
-0.00102783
1.17554e-05
-0.000224833
-0.000223971
-0.0002265
-0.00023244
-0.000242599
-0.000259611
-0.000286936
-0.00035018
-0.000528475
-0.00360128
-0.00352474
-0.000567067
-0.000379125
-0.000335816
-0.00033187
-0.000339128
-0.000346159
-0.000355423
-0.000356591
-0.000330608
-0.000599271
-0.000590326
-0.000584577
-0.000581081
-0.000581405
-0.000585778
-0.000596619
-0.000638559
-0.000905751
-0.00580161
-0.00540082
-0.000902775
-0.000632044
-0.000611671
-0.000617519
-0.000630465
-0.000644705
-0.000664519
-0.000713022
-0.000793567
-0.000842755
-0.000845989
-0.000837582
-0.000827433
-0.000818914
-0.000812378
-0.000814987
-0.000864251
-0.00133976
-0.00809531
-0.00718498
-0.00125125
-0.00083945
-0.000819022
-0.000838573
-0.000880413
-0.000932044
-0.000999975
-0.00108945
-0.00117854
-0.000987661
-0.00101289
-0.00102943
-0.00102642
-0.00101756
-0.00100996
-0.00100921
-0.00107489
-0.00184199
-0.0100008
-0.00852122
-0.00163405
-0.0010378
-0.000995126
-0.00101884
-0.00106217
-0.00113176
-0.00122702
-0.00131535
-0.00128384
-0.00160064
-0.00137729
-0.00125496
-0.00120783
-0.00118545
-0.00117655
-0.00118068
-0.00129779
-0.0024043
-0.0116864
-0.00960152
-0.00203341
-0.00121612
-0.00114839
-0.00116331
-0.00120785
-0.00128833
-0.00139516
-0.00148443
-0.00134389
-0.00187282
-0.0017243
-0.00150977
-0.00140846
-0.00135701
-0.00133179
-0.00133632
-0.00153143
-0.00302424
-0.0132219
-0.0104994
-0.00243524
-0.0013735
-0.00126943
-0.00128151
-0.001328
-0.00141236
-0.00152313
-0.00161127
-0.00136525
-0.00187258
-0.00197095
-0.00175613
-0.00163837
-0.00157825
-0.00154786
-0.00155228
-0.00183901
-0.00382362
-0.0146069
-0.0112825
-0.00287835
-0.00158812
-0.00145745
-0.00145289
-0.00147934
-0.00154552
-0.00164656
-0.00173414
-0.00133068
-0.00179022
-0.00204623
-0.00185277
-0.0017648
-0.00172988
-0.00174281
-0.00185313
-0.00245124
-0.00535298
-0.0155684
-0.0119748
-0.00358712
-0.00192875
-0.00164372
-0.00157682
-0.00157155
-0.00161233
-0.00167203
-0.00177832
-0.00120211
-0.00150865
-0.00257053
-0.0024831
-0.00254663
-0.00273765
-0.00302032
-0.00356672
-0.00477164
-0.00753185
-0.015263
-0.011786
-0.00618183
-0.00404903
-0.00315065
-0.00273218
-0.00245819
-0.00228437
-0.00223764
-0.00200034
-0.000875224
-0.000528545
-0.0015583
-0.00228621
-0.00296948
-0.00376867
-0.00471797
-0.00582395
-0.00695917
-0.0079666
-0.0105575
-0.00834055
-0.00729862
-0.00630125
-0.00513841
-0.00409205
-0.00321533
-0.00248226
-0.00182129
-0.0010619
-1.41132e-06
-0.000231909
-0.000235735
-0.000239371
-0.000243284
-0.000247192
-0.000256425
-0.000279812
-0.000344555
-0.000509598
-0.00352474
-0.00336414
-0.000560374
-0.000384243
-0.000338697
-0.000335714
-0.000352088
-0.00037782
-0.000404391
-0.000415744
-0.000371181
-0.000601866
-0.000575397
-0.00056334
-0.00055694
-0.000554738
-0.000557098
-0.000570906
-0.000612334
-0.00085439
-0.00540082
-0.00458803
-0.000790744
-0.000592472
-0.000572302
-0.00057045
-0.000580012
-0.000599661
-0.000636701
-0.000713285
-0.000852257
-0.000837953
-0.00083224
-0.000808891
-0.000790715
-0.000780004
-0.000772604
-0.000774554
-0.000817978
-0.00121022
-0.00718498
-0.00558812
-0.00105591
-0.000792336
-0.000786352
-0.000807588
-0.000843503
-0.000894572
-0.000978848
-0.00109311
-0.00117829
-0.000997445
-0.00102721
-0.0010313
-0.00100896
-0.000985887
-0.000971954
-0.000970898
-0.00101664
-0.00160201
-0.00852122
-0.00619815
-0.00133948
-0.000980095
-0.000965347
-0.000990907
-0.00103753
-0.00111264
-0.00122083
-0.00132077
-0.00127609
-0.00165574
-0.00140715
-0.00126818
-0.00121729
-0.00118749
-0.00116654
-0.00115803
-0.00122356
-0.00207268
-0.00960152
-0.00665578
-0.00163941
-0.00115731
-0.00112706
-0.00114643
-0.00119111
-0.00127351
-0.00138831
-0.00148239
-0.00133744
-0.00184586
-0.00172949
-0.00151033
-0.00141275
-0.00137084
-0.00134628
-0.00133732
-0.00144706
-0.00265469
-0.0104994
-0.00705556
-0.00194553
-0.0013175
-0.00126741
-0.00128188
-0.00132037
-0.0013961
-0.00150827
-0.00160158
-0.00135783
-0.00183039
-0.00196291
-0.00174859
-0.00163372
-0.00158528
-0.00156061
-0.00155843
-0.00173621
-0.00336347
-0.0112825
-0.00747693
-0.0023093
-0.00154486
-0.00147186
-0.0014731
-0.00149233
-0.00154164
-0.00163811
-0.00172265
-0.00132217
-0.00173083
-0.00204033
-0.00183593
-0.00174857
-0.00171715
-0.00172698
-0.00181431
-0.00222184
-0.00458505
-0.0119748
-0.00805264
-0.00290533
-0.00184343
-0.00163172
-0.00157824
-0.0015746
-0.00160755
-0.0016555
-0.00175966
-0.00118932
-0.0014246
-0.00248343
-0.00244763
-0.00249966
-0.00266321
-0.00290026
-0.00334145
-0.00429939
-0.0063803
-0.011786
-0.00827355
-0.00509022
-0.00368946
-0.00302392
-0.00267368
-0.00243676
-0.0022824
-0.00224034
-0.00197902
-0.000855425
-0.000445033
-0.00142882
-0.00210993
-0.00273409
-0.00343974
-0.00425674
-0.00518296
-0.00607388
-0.00669591
-0.00834055
-0.00643335
-0.00607235
-0.00544979
-0.00456917
-0.00372166
-0.00297894
-0.00233062
-0.00171498
-0.000994679
3.57845e-05
-0.000258569
-0.000251812
-0.000249058
-0.000249013
-0.000247918
-0.000256884
-0.000275379
-0.000314978
-0.000372863
-0.000567067
-0.000560374
-0.000433076
-0.000396413
-0.000393614
-0.000410275
-0.000438888
-0.000473676
-0.000505195
-0.0005161
-0.000493178
-0.00058873
-0.000550923
-0.000541821
-0.000531864
-0.000529614
-0.00052139
-0.000531994
-0.000571112
-0.000632634
-0.000902775
-0.000790744
-0.000596951
-0.000551326
-0.000546323
-0.000559892
-0.000585878
-0.000622182
-0.000669689
-0.000736823
-0.000864507
-0.000813515
-0.000784326
-0.000747402
-0.000729157
-0.0007181
-0.00071179
-0.000715163
-0.000749293
-0.000856311
-0.00125125
-0.00105591
-0.000789718
-0.000730904
-0.00073066
-0.00075633
-0.000798773
-0.000863534
-0.000963383
-0.00108757
-0.0011671
-0.0010481
-0.00103745
-0.000989376
-0.000945866
-0.000918229
-0.000899513
-0.00089949
-0.000927885
-0.00104651
-0.00163405
-0.00133948
-0.000976476
-0.000903149
-0.000902008
-0.000935221
-0.000992045
-0.00107972
-0.00120177
-0.00131471
-0.00126314
-0.00172089
-0.00146007
-0.00128067
-0.00118394
-0.00113186
-0.00110047
-0.00108888
-0.00110707
-0.0012491
-0.00203341
-0.00163941
-0.00116003
-0.00106464
-0.00105632
-0.00108661
-0.00114497
-0.00123977
-0.00136753
-0.00147353
-0.00132529
-0.00181447
-0.00175041
-0.00153051
-0.00140736
-0.00134014
-0.0012996
-0.00127808
-0.00128462
-0.0014733
-0.00243524
-0.00194553
-0.00133061
-0.00120916
-0.00119602
-0.00122115
-0.00127269
-0.00135691
-0.00147636
-0.00158524
-0.00134265
-0.00178785
-0.00195584
-0.00175845
-0.00163575
-0.00157775
-0.00154314
-0.00152165
-0.00152789
-0.00176868
-0.00287835
-0.0023093
-0.00157554
-0.00143126
-0.00140776
-0.00141976
-0.00145621
-0.0015193
-0.00162092
-0.00169727
-0.00130274
-0.00167052
-0.00206029
-0.0018291
-0.00174063
-0.00170352
-0.00169315
-0.00170967
-0.00180347
-0.00224961
-0.00358712
-0.00290533
-0.00191725
-0.00163027
-0.00155351
-0.0015398
-0.00155679
-0.00159129
-0.00163138
-0.00173211
-0.00115983
-0.00134043
-0.00238136
-0.00243109
-0.00248154
-0.00263559
-0.00284615
-0.00314573
-0.00361536
-0.00443527
-0.00618183
-0.00509022
-0.00397015
-0.0033453
-0.0029459
-0.00265624
-0.00243692
-0.00229141
-0.00224756
-0.00193059
-0.00081279
-0.000369994
-0.0013135
-0.0019534
-0.00253433
-0.00316784
-0.00388187
-0.00468049
-0.00549511
-0.00621577
-0.00729862
-0.00607235
-0.00553007
-0.00488466
-0.00414002
-0.00342379
-0.00277513
-0.00218773
-0.00160185
-0.00091298
9.1447e-05
-0.000253453
-0.000320989
-0.000353472
-0.000354919
-0.000333808
-0.000300933
-0.000272981
-0.000295107
-0.000331625
-0.000379125
-0.000384243
-0.000396413
-0.000425353
-0.00045926
-0.000497681
-0.000539647
-0.000582815
-0.000618443
-0.000635377
-0.000657078
-0.000563555
-0.000517035
-0.000525894
-0.000523834
-0.000506751
-0.000487375
-0.000495126
-0.000534163
-0.00059423
-0.000632044
-0.000592472
-0.000551326
-0.000558568
-0.000597331
-0.000644817
-0.000694606
-0.000745819
-0.000797662
-0.000854137
-0.000959351
-0.000756542
-0.000715124
-0.000708829
-0.000709009
-0.000693134
-0.000663955
-0.000655655
-0.000702536
-0.000775672
-0.00083945
-0.000792336
-0.000730904
-0.000709713
-0.000741471
-0.000791589
-0.000847609
-0.000916217
-0.0010076
-0.00110909
-0.00115231
-0.00116745
-0.00101952
-0.000933004
-0.000904138
-0.00088291
-0.000848322
-0.000831679
-0.000873388
-0.000937004
-0.0010378
-0.000980095
-0.000903149
-0.000864214
-0.000883292
-0.000933578
-0.000997578
-0.00108415
-0.0011995
-0.00130606
-0.00124182
-0.00173003
-0.0014756
-0.00124997
-0.00113261
-0.00108158
-0.00104212
-0.00102116
-0.00104632
-0.0010961
-0.00121612
-0.00115731
-0.00106464
-0.00101164
-0.00101447
-0.00105848
-0.00112491
-0.00122151
-0.00134805
-0.00145326
-0.00130074
-0.00177577
-0.00175693
-0.00152658
-0.00137067
-0.00128801
-0.00123987
-0.0012139
-0.00121691
-0.00124705
-0.0013735
-0.0013175
-0.00120916
-0.00114956
-0.00113987
-0.00117336
-0.00123397
-0.001325
-0.00144617
-0.00156432
-0.00131124
-0.00173821
-0.00194308
-0.00175968
-0.00161424
-0.00152998
-0.00148311
-0.00146048
-0.00145654
-0.0014729
-0.00158812
-0.00154486
-0.00143126
-0.00135949
-0.00132494
-0.00133483
-0.00138229
-0.00146947
-0.001592
-0.00165861
-0.00126238
-0.00160052
-0.00207519
-0.0018275
-0.00173252
-0.00168257
-0.00165362
-0.00164262
-0.001655
-0.00172556
-0.00192875
-0.00184343
-0.00163027
-0.00152843
-0.00148333
-0.00147392
-0.00149965
-0.0015502
-0.00159361
-0.00168853
-0.00110313
-0.00124503
-0.002271
-0.00239477
-0.00243266
-0.00256596
-0.0027521
-0.0029891
-0.00325691
-0.00355319
-0.00404903
-0.00368946
-0.0033453
-0.00308102
-0.00281062
-0.00255986
-0.00236725
-0.0022499
-0.00221979
-0.0018432
-0.000737149
-0.000282421
-0.00117265
-0.00176454
-0.00229557
-0.00285597
-0.0034713
-0.00414459
-0.00485181
-0.00554344
-0.00630125
-0.00544979
-0.00488466
-0.00430245
-0.00368816
-0.00308702
-0.00252396
-0.00199702
-0.00144319
-0.000790263
0.000175694
-0.000479802
-0.000508596
-0.000523622
-0.000510777
-0.000472213
-0.000411623
-0.000328024
-0.000294991
-0.000328076
-0.000335816
-0.000338697
-0.000393614
-0.00045926
-0.000521929
-0.000580346
-0.000633537
-0.000679302
-0.000708606
-0.000715013
-0.000747817
-0.000612792
-0.000664724
-0.000691728
-0.000680199
-0.000630939
-0.000550937
-0.00047466
-0.000516916
-0.000590454
-0.000611671
-0.000572302
-0.000546323
-0.000597331
-0.000676818
-0.00075453
-0.000822435
-0.000879921
-0.000925412
-0.000958275
-0.000997533
-0.000707835
-0.000772809
-0.000827347
-0.000841599
-0.000802019
-0.000713705
-0.000631598
-0.000684252
-0.000770138
-0.000819022
-0.000786352
-0.00073066
-0.000741471
-0.000813511
-0.000893463
-0.000963651
-0.00102796
-0.00109256
-0.00114683
-0.001129
-0.00115899
-0.000990676
-0.000970361
-0.000987694
-0.000966151
-0.000886204
-0.00080908
-0.000856006
-0.000927773
-0.000995126
-0.000965347
-0.000902008
-0.000883292
-0.00093653
-0.00101295
-0.00108366
-0.0011533
-0.00122865
-0.00128908
-0.00120701
-0.00170434
-0.00144341
-0.00122463
-0.00115365
-0.00112542
-0.00106305
-0.00100019
-0.00102325
-0.00108121
-0.00114839
-0.00112706
-0.00105632
-0.00101447
-0.00104231
-0.00110885
-0.00117982
-0.00125825
-0.00134713
-0.00142196
-0.00125769
-0.00172688
-0.00174179
-0.00150521
-0.0013553
-0.00129131
-0.00123767
-0.00119034
-0.0011918
-0.00122029
-0.00126943
-0.00126741
-0.00119602
-0.00113987
-0.00114211
-0.00119223
-0.00125874
-0.00134038
-0.00143446
-0.00152911
-0.00125784
-0.00167582
-0.00192312
-0.00174886
-0.00158155
-0.001491
-0.00143948
-0.0014103
-0.00141185
-0.00142734
-0.00145745
-0.00147186
-0.00140776
-0.00132494
-0.00128357
-0.0012997
-0.00135201
-0.00143526
-0.00155877
-0.00160687
-0.00119412
-0.00151482
-0.00207146
-0.00182652
-0.00171837
-0.00165392
-0.00161494
-0.00159431
-0.0015924
-0.00160722
-0.00164372
-0.00163172
-0.00155351
-0.00148333
-0.0014351
-0.00142163
-0.0014467
-0.00150206
-0.00154781
-0.00161991
-0.00101235
-0.00113262
-0.00214576
-0.0023309
-0.00233771
-0.00242704
-0.00257241
-0.00276261
-0.00295384
-0.00307126
-0.00315065
-0.00302392
-0.0029459
-0.00281062
-0.0025852
-0.00235226
-0.00218865
-0.00211575
-0.00209282
-0.00169383
-0.000621595
-0.000174453
-0.000996857
-0.00153336
-0.00200514
-0.00248696
-0.00300614
-0.00355951
-0.00412395
-0.004657
-0.00513841
-0.00456917
-0.00414002
-0.00368816
-0.00319451
-0.00269066
-0.0022067
-0.00174387
-0.00123702
-0.000624479
0.000287623
-0.000691974
-0.000696146
-0.000694076
-0.000662454
-0.000600655
-0.000508334
-0.000372657
-0.000297793
-0.000343247
-0.00033187
-0.000335714
-0.000410275
-0.000497681
-0.000580346
-0.00065107
-0.00070428
-0.00073682
-0.000740186
-0.00071534
-0.000725468
-0.00087805
-0.000901145
-0.000906458
-0.000871729
-0.000793402
-0.000669318
-0.000512814
-0.000522754
-0.000606565
-0.000617519
-0.00057045
-0.000559892
-0.000644817
-0.00075453
-0.000850099
-0.000919484
-0.000962294
-0.000979462
-0.000967424
-0.000956171
-0.000906074
-0.000994064
-0.00105355
-0.00105113
-0.000980698
-0.000841886
-0.000667554
-0.000700941
-0.000792994
-0.000838573
-0.000807588
-0.00075633
-0.000791589
-0.000893463
-0.000991597
-0.00106147
-0.00110406
-0.00112609
-0.00112858
-0.00107546
-0.0012011
-0.00111955
-0.00115832
-0.00118869
-0.00114642
-0.00101515
-0.000849692
-0.000878212
-0.000964066
-0.00101884
-0.000990907
-0.000935221
-0.000933578
-0.00101295
-0.00110527
-0.00117058
-0.00121132
-0.00123785
-0.00124896
-0.00114655
-0.00167075
-0.00147289
-0.00133044
-0.00130903
-0.00128413
-0.00118212
-0.0010472
-0.00104782
-0.00110838
-0.00116331
-0.00114643
-0.00108661
-0.00105848
-0.00110885
-0.00119148
-0.00125786
-0.00130759
-0.00134819
-0.00137294
-0.00118718
-0.00166541
-0.00173671
-0.00155223
-0.00144786
-0.00140566
-0.00133159
-0.0012348
-0.00121469
-0.00124001
-0.00128151
-0.00128188
-0.00122115
-0.00117336
-0.00119223
-0.00125934
-0.00132681
-0.00138704
-0.00143621
-0.00147284
-0.00117411
-0.00159372
-0.00190499
-0.00176647
-0.0016194
-0.00153916
-0.00147877
-0.00142067
-0.00140701
-0.00142232
-0.00145289
-0.0014731
-0.00141976
-0.00133483
-0.0012997
-0.00133032
-0.00138774
-0.00145439
-0.00153175
-0.00153771
-0.00108939
-0.0014049
-0.00203818
-0.00183893
-0.00173211
-0.00166101
-0.00161196
-0.00157634
-0.00156377
-0.00156576
-0.00157682
-0.00157824
-0.0015398
-0.00147392
-0.00142163
-0.00141082
-0.00143852
-0.00148654
-0.00151377
-0.00152169
-0.000880597
-0.000995429
-0.00199972
-0.00225091
-0.00221951
-0.00225517
-0.00234708
-0.00248531
-0.00263917
-0.00272138
-0.00273218
-0.00267368
-0.00265624
-0.00255986
-0.00235226
-0.00212824
-0.00198469
-0.00194116
-0.00190262
-0.00149022
-0.000461726
-4.03693e-05
-0.000788355
-0.00127093
-0.00168255
-0.00208453
-0.00251376
-0.00296476
-0.00340871
-0.00379831
-0.00409205
-0.00372166
-0.00342379
-0.00308702
-0.00269066
-0.00226643
-0.00185209
-0.00144885
-0.000989584
-0.000419361
0.000428334
-0.00087653
-0.000858208
-0.000836852
-0.000789234
-0.000709458
-0.000588476
-0.000410805
-0.000309817
-0.000350748
-0.000339128
-0.000352088
-0.000438888
-0.000539647
-0.000633537
-0.00070428
-0.000739018
-0.000740062
-0.000693628
-0.000615083
-0.000596234
-0.00112323
-0.00111347
-0.00109063
-0.0010366
-0.000939355
-0.000782981
-0.00056445
-0.000532418
-0.000628771
-0.000630465
-0.000580012
-0.000585878
-0.000694606
-0.000822435
-0.000919484
-0.000970072
-0.000971117
-0.000939756
-0.000886203
-0.000849818
-0.00113929
-0.00123486
-0.00126867
-0.00123365
-0.00113945
-0.000970631
-0.000730771
-0.000743972
-0.000840948
-0.000880413
-0.000843503
-0.000798773
-0.000847609
-0.000963651
-0.00106147
-0.00110842
-0.00110824
-0.00107856
-0.00104079
-0.000977772
-0.00141837
-0.00137189
-0.00138531
-0.00137967
-0.00131185
-0.00115641
-0.000931111
-0.000937976
-0.00103365
-0.00106217
-0.00103753
-0.000992045
-0.000997578
-0.00108366
-0.00117058
-0.00121012
-0.00120994
-0.00119091
-0.00116827
-0.00104805
-0.00162399
-0.00158253
-0.00152589
-0.0015008
-0.0014541
-0.00133029
-0.00114546
-0.00111975
-0.00117251
-0.00120785
-0.00119111
-0.00114497
-0.00112491
-0.00117982
-0.00125786
-0.00130251
-0.00131522
-0.00130848
-0.00128697
-0.00107662
-0.0015827
-0.00174469
-0.00167102
-0.00161837
-0.00156798
-0.00147484
-0.00133677
-0.0012873
-0.00130027
-0.001328
-0.00132037
-0.00127269
-0.00123397
-0.00125874
-0.00132681
-0.00138055
-0.00140968
-0.0014128
-0.00137933
-0.00104512
-0.00147738
-0.00187705
-0.00182533
-0.00173977
-0.00166886
-0.00159267
-0.00149948
-0.00145586
-0.00145675
-0.00147934
-0.00149233
-0.00145621
-0.00138229
-0.00135201
-0.00138774
-0.00144012
-0.00148285
-0.00150053
-0.0014271
-0.000931645
-0.00125281
-0.00195826
-0.00186325
-0.00179685
-0.00173549
-0.00167666
-0.00161388
-0.00157881
-0.00156804
-0.00157155
-0.0015746
-0.00155679
-0.00149965
-0.0014467
-0.00143852
-0.00146543
-0.00149247
-0.00148547
-0.00137821
-0.000692865
-0.000816022
-0.00181533
-0.0021752
-0.00213161
-0.00213086
-0.00217329
-0.00225664
-0.00236923
-0.00243867
-0.00245819
-0.00243676
-0.00243692
-0.00236725
-0.00218865
-0.00198469
-0.00185484
-0.00180977
-0.0016963
-0.00123817
-0.000246959
0.000129633
-0.000544053
-0.00098572
-0.00135639
-0.00168953
-0.00203817
-0.0024007
-0.00274952
-0.00303659
-0.00321533
-0.00297894
-0.00277513
-0.00252396
-0.0022067
-0.00185209
-0.00149692
-0.00113526
-0.000707235
-0.000171618
0.000608231
-0.000946501
-0.000912503
-0.000884247
-0.000841204
-0.000773075
-0.000649003
-0.000453287
-0.000309228
-0.000353641
-0.000346159
-0.00037782
-0.000473676
-0.000582815
-0.000679302
-0.00073682
-0.000740062
-0.000677428
-0.000551907
-0.000403077
-0.000350206
-0.00126072
-0.00122199
-0.00117737
-0.00112378
-0.00103542
-0.000876558
-0.000618103
-0.000539733
-0.00063872
-0.000644705
-0.000599661
-0.000622182
-0.000745819
-0.000879921
-0.000962294
-0.000971117
-0.000924519
-0.000830769
-0.000724686
-0.000665854
-0.00142454
-0.00140743
-0.00137366
-0.00131551
-0.00123129
-0.00107225
-0.000803284
-0.000807505
-0.000924033
-0.000932044
-0.000894572
-0.000863534
-0.000916217
-0.00102796
-0.00110406
-0.00110824
-0.00105356
-0.00097287
-0.000892696
-0.000820182
-0.00149255
-0.00150345
-0.0015006
-0.00146146
-0.00139474
-0.00126409
-0.00103331
-0.00103173
-0.00111095
-0.00113176
-0.00111264
-0.00107972
-0.00108415
-0.0011533
-0.00121132
-0.00120994
-0.00116358
-0.00109571
-0.00102644
-0.000897542
-0.00153181
-0.00161793
-0.00162288
-0.00160022
-0.00154726
-0.00144414
-0.0012691
-0.00123165
-0.00126607
-0.00128833
-0.00127351
-0.00123977
-0.00122151
-0.00125825
-0.00130759
-0.00131522
-0.00127949
-0.00121273
-0.00113743
-0.000909011
-0.00145041
-0.00170184
-0.0017231
-0.00171452
-0.0016742
-0.00159498
-0.00146536
-0.00140271
-0.00140047
-0.00141236
-0.0013961
-0.00135691
-0.001325
-0.00134038
-0.00138704
-0.00140968
-0.00138963
-0.00131973
-0.00121501
-0.000849004
-0.00130014
-0.00177902
-0.00183902
-0.00182121
-0.00178104
-0.00171076
-0.00161468
-0.0015537
-0.00153832
-0.00154552
-0.00154164
-0.0015193
-0.00146947
-0.00143526
-0.00145439
-0.00148285
-0.00148331
-0.00140144
-0.00123508
-0.000695376
-0.00102668
-0.00179016
-0.00183296
-0.00183539
-0.00180572
-0.00175899
-0.0016962
-0.00164328
-0.00161799
-0.00161233
-0.00160755
-0.00159129
-0.0015502
-0.00150206
-0.00148654
-0.00149247
-0.00147498
-0.00140253
-0.00114393
-0.000419637
-0.000561231
-0.00153572
-0.00201987
-0.00207523
-0.00207479
-0.00209773
-0.0021445
-0.00221507
-0.00226253
-0.00228437
-0.0022824
-0.00229141
-0.0022499
-0.00211575
-0.00194116
-0.00180977
-0.00171154
-0.00144587
-0.00090541
4.83722e-05
0.000355223
-0.000243998
-0.00066261
-0.00101588
-0.00131319
-0.00160264
-0.00189145
-0.00216101
-0.00237387
-0.00248226
-0.00233062
-0.00218773
-0.00199702
-0.00174387
-0.00144885
-0.00113526
-0.000792007
-0.000378578
0.000134326
0.000846972
-0.000801421
-0.000769675
-0.00076519
-0.000775053
-0.000759919
-0.000673198
-0.000491751
-0.000304431
-0.00035515
-0.000355423
-0.000404391
-0.000505195
-0.000618443
-0.000708606
-0.000740186
-0.000693628
-0.000551907
-0.000326181
-8.01714e-05
2.86668e-05
-0.00117766
-0.0011356
-0.00110052
-0.00107854
-0.00105166
-0.000929821
-0.000659657
-0.000544564
-0.000640432
-0.000664519
-0.000636701
-0.000669689
-0.000797662
-0.000925412
-0.000979462
-0.000939756
-0.000830769
-0.000660394
-0.000482159
-0.000386615
-0.00134492
-0.00132643
-0.00128916
-0.00125361
-0.00122522
-0.0011278
-0.000876043
-0.000887651
-0.001007
-0.000999975
-0.000978848
-0.000963383
-0.0010076
-0.00109256
-0.00112609
-0.00107856
-0.00097287
-0.000821611
-0.000673617
-0.000578925
-0.00138693
-0.00143461
-0.00142847
-0.00140202
-0.00137332
-0.00131492
-0.00114482
-0.00115416
-0.00120927
-0.00122702
-0.00122083
-0.00120177
-0.0011995
-0.00122865
-0.00123785
-0.00119091
-0.00109571
-0.000947246
-0.000798191
-0.000666423
-0.00134836
-0.00149457
-0.00153828
-0.00153981
-0.00152507
-0.00148666
-0.00138949
-0.00136645
-0.00138155
-0.00139516
-0.00138831
-0.00136753
-0.00134805
-0.00134713
-0.00134819
-0.00130848
-0.00121273
-0.0010487
-0.000873245
-0.000654597
-0.00122469
-0.00152335
-0.00161781
-0.00165398
-0.00165919
-0.00163447
-0.00157314
-0.0015324
-0.00152172
-0.00152313
-0.00150827
-0.00147636
-0.00144617
-0.00143446
-0.00143621
-0.0014128
-0.00131973
-0.00112985
-0.000908246
-0.000556651
-0.00101905
-0.00152455
-0.00168446
-0.00175798
-0.00177351
-0.00175499
-0.00170804
-0.0016673
-0.00164938
-0.00164656
-0.00163811
-0.00162092
-0.001592
-0.00155877
-0.00153175
-0.00150053
-0.00140144
-0.00118001
-0.000882485
-0.000355535
-0.000683614
-0.00143353
-0.00166841
-0.00174944
-0.00176602
-0.00176288
-0.00173694
-0.001704
-0.00168339
-0.00167203
-0.0016555
-0.00163138
-0.00159361
-0.00154781
-0.00151377
-0.00148547
-0.00140253
-0.00117327
-0.000746737
-2.47237e-05
-0.000183547
-0.00107114
-0.00161208
-0.00185554
-0.00197659
-0.00206012
-0.00212093
-0.00218364
-0.00221893
-0.00223764
-0.00224034
-0.00224756
-0.00221979
-0.00209282
-0.00190262
-0.0016963
-0.00144587
-0.0010443
-0.000432867
0.000458937
0.000664531
0.000144122
-0.00025459
-0.000591841
-0.000872442
-0.00112965
-0.00137082
-0.00158544
-0.00175153
-0.00182129
-0.00171498
-0.00160185
-0.00144319
-0.00123702
-0.000989584
-0.000707235
-0.000378578
2.92975e-05
0.000525129
0.00117024
-0.000426546
-0.000415109
-0.000470755
-0.00058084
-0.000677166
-0.000660523
-0.000511486
-0.000301098
-0.000351661
-0.000356591
-0.000415744
-0.0005161
-0.000635377
-0.000715013
-0.00071534
-0.000615083
-0.000403077
-8.01714e-05
0.00028284
0.000483092
-0.000889838
-0.000868666
-0.000880102
-0.000932835
-0.000987171
-0.000940531
-0.000665924
-0.000562331
-0.000684967
-0.000713022
-0.000713285
-0.000736823
-0.000854137
-0.000958275
-0.000967424
-0.000886203
-0.000724686
-0.000482159
-0.000214083
-4.91839e-05
-0.00108772
-0.00107912
-0.00107785
-0.00110944
-0.00114928
-0.00113904
-0.000954349
-0.00100321
-0.00107905
-0.00108945
-0.00109311
-0.00108757
-0.00110909
-0.00114683
-0.00112858
-0.00104079
-0.000892696
-0.000673617
-0.00043524
-0.00027926
-0.00112453
-0.00117473
-0.00119524
-0.00124045
-0.00128629
-0.0013104
-0.00124931
-0.00127841
-0.0013006
-0.00131535
-0.00132077
-0.00131471
-0.00130606
-0.00128908
-0.00124896
-0.00116827
-0.00102644
-0.000798191
-0.000540144
-0.000359307
-0.0010406
-0.00118561
-0.001263
-0.00134531
-0.00141524
-0.00145818
-0.00146972
-0.00147712
-0.00148218
-0.00148443
-0.00148239
-0.00147353
-0.00145326
-0.00142196
-0.00137294
-0.00128697
-0.00113743
-0.000873245
-0.00055971
-0.000319383
-0.000867412
-0.00113434
-0.00129716
-0.00143161
-0.00152877
-0.0015866
-0.00161102
-0.00161736
-0.00161564
-0.00161127
-0.00160158
-0.00158524
-0.00156432
-0.00152911
-0.00147284
-0.00137933
-0.00121501
-0.000908246
-0.000518087
-0.000170225
-0.000595815
-0.00101802
-0.00127202
-0.00147247
-0.00159813
-0.00167451
-0.00171764
-0.00173464
-0.00173719
-0.00173414
-0.00172265
-0.00169727
-0.00165861
-0.00160687
-0.00153771
-0.0014271
-0.00123508
-0.000882485
-0.000416765
9.25368e-05
-0.000186821
-0.000788898
-0.00115762
-0.00142263
-0.0015756
-0.00166722
-0.00172459
-0.0017617
-0.0017789
-0.00177832
-0.00175966
-0.00173211
-0.00168853
-0.00161991
-0.00152169
-0.00137821
-0.00114393
-0.000746737
-0.000202522
0.000486978
0.000357132
-0.000350387
-0.000862058
-0.00120274
-0.00142498
-0.00158614
-0.00171826
-0.00183978
-0.00193611
-0.00200034
-0.00197902
-0.00193059
-0.0018432
-0.00169383
-0.00149022
-0.00123817
-0.00090541
-0.000432867
0.000196023
0.000992343
0.00107747
0.000641717
0.000269412
-5.23543e-05
-0.000316627
-0.000546236
-0.000744985
-0.000908479
-0.00102783
-0.0010619
-0.000994679
-0.00091298
-0.000790263
-0.000624479
-0.000419361
-0.000171618
0.000134326
0.000525129
0.00100019
0.00158159
-5.66475e-05
-8.87799e-05
-0.000224512
-0.000437619
-0.000632511
-0.000675693
-0.000510091
-0.000284995
-0.000327566
-0.000330608
-0.000371181
-0.000493178
-0.000657078
-0.000747817
-0.000725468
-0.000596234
-0.000350206
2.86668e-05
0.000483092
0.000793534
-0.000519698
-0.000541313
-0.000632101
-0.000779636
-0.00091709
-0.000946361
-0.000638661
-0.000634345
-0.000752718
-0.000793567
-0.000852257
-0.000864507
-0.000959351
-0.000997533
-0.000956171
-0.000849818
-0.000665854
-0.000386615
-4.91839e-05
0.000215063
-0.000681948
-0.000705386
-0.000787302
-0.000920748
-0.0010444
-0.00111834
-0.00110058
-0.00114272
-0.00116552
-0.00117854
-0.00117829
-0.0011671
-0.00115231
-0.001129
-0.00107546
-0.000977772
-0.000820182
-0.000578925
-0.00027926
-1.06986e-05
-0.00067486
-0.000713898
-0.000822968
-0.00098375
-0.00111719
-0.00119822
-0.00125201
-0.00128189
-0.00128803
-0.00128384
-0.00127609
-0.00126314
-0.00124182
-0.00120701
-0.00114655
-0.00104805
-0.000897542
-0.000666423
-0.000359307
-4.11747e-05
-0.000529949
-0.000622306
-0.000777049
-0.000986032
-0.00114043
-0.0012338
-0.00129828
-0.00133665
-0.0013471
-0.00134389
-0.00133744
-0.00132529
-0.00130074
-0.00125769
-0.00118718
-0.00107662
-0.000909011
-0.000654597
-0.000319383
6.5602e-05
-0.000284734
-0.000454296
-0.00067232
-0.000930725
-0.00110565
-0.00121926
-0.00129801
-0.00134899
-0.00136696
-0.00136525
-0.00135783
-0.00134265
-0.00131124
-0.00125784
-0.00117411
-0.00104512
-0.000849004
-0.000556651
-0.000170225
0.000282287
7.01698e-05
-0.000204202
-0.000505084
-0.000799788
-0.000997079
-0.00113173
-0.00122764
-0.00129669
-0.00132852
-0.00133068
-0.00132217
-0.00130274
-0.00126238
-0.00119412
-0.00108939
-0.000931645
-0.000695376
-0.000355535
9.25368e-05
0.000625082
0.000565384
0.000161849
-0.00021446
-0.000536507
-0.00076002
-0.000917937
-0.00103769
-0.00113199
-0.00119032
-0.00120211
-0.00118932
-0.00115983
-0.00110313
-0.00101235
-0.000880597
-0.000692865
-0.000419637
-2.47237e-05
0.000486978
0.0011087
0.0011337
0.000665789
0.000253874
-7.67214e-05
-0.000314654
-0.00049226
-0.000635392
-0.000755073
-0.000846313
-0.000875224
-0.000855425
-0.00081279
-0.000737149
-0.000621595
-0.000461726
-0.000246959
4.83722e-05
0.000458937
0.000992343
0.00165473
0.00165015
0.00131486
0.00100092
0.000730938
0.000519249
0.000347405
0.000206742
9.36965e-05
1.17554e-05
-1.41132e-06
3.57845e-05
9.1447e-05
0.000175694
0.000287623
0.000428334
0.000608231
0.000846972
0.00117024
0.00158159
0.0020896
)
;

boundaryField
{
    floor
    {
        type            fixedFluxPressure;
        gradient        uniform 0;
        value           nonuniform List<scalar> 
400
(
-6.75828e-06
-0.000276022
-0.000597684
-0.000697322
-0.000553806
-0.000168227
-0.000231191
-0.000210405
-0.000221134
-0.000224833
-0.000231909
-0.000258569
-0.000253453
-0.000479802
-0.000691974
-0.00087653
-0.000946501
-0.000801421
-0.000426546
-5.66475e-05
-0.000276022
-0.00041591
-0.000619428
-0.000662134
-0.000522727
-0.000213837
-0.000230059
-0.000225473
-0.00022447
-0.000223971
-0.000235735
-0.000251812
-0.000320989
-0.000508596
-0.000696146
-0.000858208
-0.000912503
-0.000769675
-0.000415109
-8.87799e-05
-0.000597684
-0.000619428
-0.000673016
-0.000639538
-0.000494419
-0.000209544
-0.000235829
-0.000245361
-0.000233728
-0.0002265
-0.000239371
-0.000249058
-0.000353472
-0.000523622
-0.000694076
-0.000836852
-0.000884247
-0.00076519
-0.000470755
-0.000224512
-0.000697322
-0.000662134
-0.000639538
-0.000562639
-0.000422826
-0.000205799
-0.00024854
-0.00026559
-0.000247334
-0.00023244
-0.000243284
-0.000249013
-0.000354919
-0.000510777
-0.000662454
-0.000789234
-0.000841204
-0.000775053
-0.00058084
-0.000437619
-0.000553806
-0.000522727
-0.000494419
-0.000422826
-0.000329979
-0.000200208
-0.000263028
-0.000283249
-0.000265668
-0.000242599
-0.000247192
-0.000247918
-0.000333808
-0.000472213
-0.000600655
-0.000709458
-0.000773075
-0.000759919
-0.000677166
-0.000632511
-0.000168227
-0.000213837
-0.000209544
-0.000205799
-0.000200208
-0.000226053
-0.000281981
-0.000301539
-0.000286295
-0.000259611
-0.000256425
-0.000256884
-0.000300933
-0.000411623
-0.000508334
-0.000588476
-0.000649003
-0.000673198
-0.000660523
-0.000675693
-0.000231191
-0.000230059
-0.000235829
-0.00024854
-0.000263028
-0.000281981
-0.000308977
-0.000318993
-0.000307496
-0.000286936
-0.000279812
-0.000275379
-0.000272981
-0.000328024
-0.000372657
-0.000410805
-0.000453287
-0.000491751
-0.000511486
-0.000510091
-0.000210405
-0.000225473
-0.000245361
-0.00026559
-0.000283249
-0.000301539
-0.000318993
-0.000333334
-0.000338638
-0.00035018
-0.000344555
-0.000314978
-0.000295107
-0.000294991
-0.000297793
-0.000309817
-0.000309228
-0.000304431
-0.000301098
-0.000284995
-0.000221134
-0.00022447
-0.000233728
-0.000247334
-0.000265668
-0.000286295
-0.000307496
-0.000338638
-0.000375608
-0.000528475
-0.000509598
-0.000372863
-0.000331625
-0.000328076
-0.000343247
-0.000350748
-0.000353641
-0.00035515
-0.000351661
-0.000327566
-0.000224833
-0.000223971
-0.0002265
-0.00023244
-0.000242599
-0.000259611
-0.000286936
-0.00035018
-0.000528475
-0.00360128
-0.00352474
-0.000567067
-0.000379125
-0.000335816
-0.00033187
-0.000339128
-0.000346159
-0.000355423
-0.000356591
-0.000330608
-0.000231909
-0.000235735
-0.000239371
-0.000243284
-0.000247192
-0.000256425
-0.000279812
-0.000344555
-0.000509598
-0.00352474
-0.00336414
-0.000560374
-0.000384243
-0.000338697
-0.000335714
-0.000352088
-0.00037782
-0.000404391
-0.000415744
-0.000371181
-0.000258569
-0.000251812
-0.000249058
-0.000249013
-0.000247918
-0.000256884
-0.000275379
-0.000314978
-0.000372863
-0.000567067
-0.000560374
-0.000433076
-0.000396413
-0.000393614
-0.000410275
-0.000438888
-0.000473676
-0.000505195
-0.0005161
-0.000493178
-0.000253453
-0.000320989
-0.000353472
-0.000354919
-0.000333808
-0.000300933
-0.000272981
-0.000295107
-0.000331625
-0.000379125
-0.000384243
-0.000396413
-0.000425353
-0.00045926
-0.000497681
-0.000539647
-0.000582815
-0.000618443
-0.000635377
-0.000657078
-0.000479802
-0.000508596
-0.000523622
-0.000510777
-0.000472213
-0.000411623
-0.000328024
-0.000294991
-0.000328076
-0.000335816
-0.000338697
-0.000393614
-0.00045926
-0.000521929
-0.000580346
-0.000633537
-0.000679302
-0.000708606
-0.000715013
-0.000747817
-0.000691974
-0.000696146
-0.000694076
-0.000662454
-0.000600655
-0.000508334
-0.000372657
-0.000297793
-0.000343247
-0.00033187
-0.000335714
-0.000410275
-0.000497681
-0.000580346
-0.00065107
-0.00070428
-0.00073682
-0.000740186
-0.00071534
-0.000725468
-0.00087653
-0.000858208
-0.000836852
-0.000789234
-0.000709458
-0.000588476
-0.000410805
-0.000309817
-0.000350748
-0.000339128
-0.000352088
-0.000438888
-0.000539647
-0.000633537
-0.00070428
-0.000739018
-0.000740062
-0.000693628
-0.000615083
-0.000596234
-0.000946501
-0.000912503
-0.000884247
-0.000841204
-0.000773075
-0.000649003
-0.000453287
-0.000309228
-0.000353641
-0.000346159
-0.00037782
-0.000473676
-0.000582815
-0.000679302
-0.00073682
-0.000740062
-0.000677428
-0.000551907
-0.000403077
-0.000350206
-0.000801421
-0.000769675
-0.00076519
-0.000775053
-0.000759919
-0.000673198
-0.000491751
-0.000304431
-0.00035515
-0.000355423
-0.000404391
-0.000505195
-0.000618443
-0.000708606
-0.000740186
-0.000693628
-0.000551907
-0.000326181
-8.01714e-05
2.86668e-05
-0.000426546
-0.000415109
-0.000470755
-0.00058084
-0.000677166
-0.000660523
-0.000511486
-0.000301098
-0.000351661
-0.000356591
-0.000415744
-0.0005161
-0.000635377
-0.000715013
-0.00071534
-0.000615083
-0.000403077
-8.01714e-05
0.00028284
0.000483092
-5.66475e-05
-8.87799e-05
-0.000224512
-0.000437619
-0.000632511
-0.000675693
-0.000510091
-0.000284995
-0.000327566
-0.000330608
-0.000371181
-0.000493178
-0.000657078
-0.000747817
-0.000725468
-0.000596234
-0.000350206
2.86668e-05
0.000483092
0.000793534
)
;
    }
    ceiling
    {
        type            fixedFluxPressure;
        gradient        nonuniform List<scalar> 
400
(
0.219704
0.221149
0.222581
0.223838
0.224929
0.225873
0.226667
0.227273
0.227633
0.227614
0.227212
0.226821
0.226275
0.225571
0.224727
0.223758
0.222652
0.221373
0.219867
0.218119
0.221149
0.222761
0.224368
0.225815
0.227117
0.228298
0.229345
0.230183
0.230716
0.230816
0.230226
0.229681
0.228942
0.228012
0.226933
0.225734
0.224398
0.222878
0.221105
0.219069
0.222581
0.224368
0.226078
0.227632
0.229069
0.230445
0.231733
0.23281
0.233533
0.233779
0.232999
0.232299
0.231364
0.230212
0.228914
0.227525
0.226024
0.224351
0.222433
0.220235
0.223838
0.225815
0.227632
0.229308
0.230876
0.232478
0.234059
0.235422
0.236398
0.236852
0.23579
0.234888
0.233704
0.232278
0.230716
0.229127
0.227492
0.225666
0.223638
0.221309
0.224929
0.227117
0.229069
0.230876
0.232688
0.234648
0.236615
0.238377
0.239758
0.2406
0.239099
0.237865
0.236309
0.234502
0.232573
0.230662
0.228817
0.226855
0.22472
0.222251
0.225873
0.228298
0.230445
0.232478
0.234648
0.237014
0.239426
0.24171
0.243699
0.245234
0.24308
0.241315
0.239226
0.236923
0.23455
0.232253
0.230117
0.227985
0.225708
0.223076
0.226667
0.229345
0.231733
0.234059
0.236615
0.239426
0.242388
0.245409
0.248389
0.251269
0.248075
0.245369
0.242468
0.239498
0.236592
0.233859
0.231383
0.229035
0.226583
0.223769
0.227273
0.230183
0.23281
0.235422
0.238377
0.24171
0.245409
0.24953
0.254205
0.259869
0.254814
0.250234
0.246008
0.242115
0.238562
0.235356
0.232522
0.229939
0.227291
0.224291
0.227633
0.230716
0.233533
0.236398
0.239758
0.243699
0.248389
0.254205
0.261936
0.273568
0.264838
0.256277
0.249776
0.244573
0.240238
0.236531
0.233359
0.230566
0.227734
0.224566
0.227614
0.230816
0.233779
0.236852
0.2406
0.245234
0.251269
0.259869
0.273568
0.299117
0.282639
0.264787
0.253997
0.246813
0.241501
0.237267
0.23379
0.230827
0.227829
0.224519
0.227212
0.230226
0.232999
0.23579
0.239099
0.24308
0.248075
0.254814
0.264838
0.282639
0.268069
0.257037
0.249609
0.244139
0.239801
0.236181
0.233095
0.230356
0.227526
0.224361
0.226821
0.229681
0.232299
0.234888
0.237865
0.241315
0.245369
0.250234
0.256277
0.264787
0.257037
0.251118
0.246201
0.242009
0.238374
0.235186
0.232379
0.229798
0.227112
0.224081
0.226275
0.228942
0.231364
0.233704
0.236309
0.239226
0.242468
0.246008
0.249776
0.253997
0.249609
0.246201
0.242855
0.23964
0.236635
0.233878
0.231371
0.228974
0.226467
0.223605
0.225571
0.228012
0.230212
0.232278
0.234502
0.236923
0.239498
0.242115
0.244573
0.246813
0.244139
0.242009
0.23964
0.237138
0.234651
0.232286
0.230081
0.227903
0.225592
0.222935
0.224727
0.226933
0.228914
0.230716
0.232573
0.23455
0.236592
0.238562
0.240238
0.241501
0.239801
0.238374
0.236635
0.234651
0.232574
0.230547
0.228615
0.22665
0.224534
0.222098
0.223758
0.225734
0.227525
0.229127
0.230662
0.232253
0.233859
0.235356
0.236531
0.237267
0.236181
0.235186
0.233878
0.232286
0.230547
0.228802
0.227087
0.225292
0.223339
0.221117
0.222652
0.224398
0.226024
0.227492
0.228817
0.230117
0.231383
0.232522
0.233359
0.23379
0.233095
0.232379
0.231371
0.230081
0.228615
0.227087
0.225513
0.22385
0.222023
0.219997
0.221373
0.222878
0.224351
0.225666
0.226855
0.227985
0.229035
0.229939
0.230566
0.230827
0.230356
0.229798
0.228974
0.227903
0.22665
0.225292
0.22385
0.222287
0.220557
0.218711
0.219867
0.221105
0.222433
0.223638
0.22472
0.225708
0.226583
0.227291
0.227734
0.227829
0.227526
0.227112
0.226467
0.225592
0.224534
0.223339
0.222023
0.220557
0.218915
0.217232
0.218119
0.219069
0.220235
0.221309
0.222251
0.223076
0.223769
0.224291
0.224566
0.224519
0.224361
0.224081
0.223605
0.222935
0.222098
0.221117
0.219997
0.218711
0.217232
0.215694
)
;
        value           nonuniform List<scalar> 
400
(
0.056286
0.0561735
0.0561488
0.0561636
0.0562173
0.0562886
0.0563557
0.0563975
0.0563989
0.0563748
0.056358
0.0563352
0.0562864
0.0562182
0.0561414
0.0560691
0.0560182
0.0560077
0.0560442
0.0561798
0.0561735
0.0560218
0.0559723
0.0559617
0.055994
0.0560473
0.0561028
0.0561432
0.0561545
0.0561458
0.0561277
0.0561066
0.0560628
0.0560063
0.055945
0.0558894
0.0558555
0.0558636
0.0559179
0.0560822
0.0561488
0.0559723
0.055928
0.0559342
0.0559897
0.0560493
0.0561018
0.0561425
0.0561603
0.0561586
0.0561399
0.0561213
0.0560764
0.0560197
0.0559577
0.0558956
0.0558433
0.0558331
0.0558777
0.0560596
0.0561636
0.0559617
0.0559342
0.0559702
0.0560453
0.0561116
0.056165
0.0562114
0.0562393
0.0562435
0.0562135
0.0561877
0.0561303
0.0560644
0.0559965
0.0559252
0.0558571
0.0558247
0.0558572
0.0560581
0.0562173
0.055994
0.0559897
0.0560453
0.0561321
0.0562026
0.0562641
0.0563244
0.056368
0.0563812
0.0563351
0.0562983
0.0562213
0.0561386
0.0560588
0.055976
0.055891
0.0558413
0.0558633
0.0560821
0.0562886
0.0560473
0.0560493
0.0561116
0.0562026
0.056287
0.0563735
0.0564662
0.0565465
0.0565906
0.0565133
0.0564469
0.0563353
0.0562245
0.0561238
0.0560251
0.0559266
0.0558666
0.0558807
0.0561163
0.0563557
0.0561028
0.0561018
0.056165
0.0562641
0.0563735
0.0565017
0.0566587
0.0568385
0.0569933
0.0568357
0.0566618
0.0564723
0.056315
0.0561832
0.0560642
0.0559543
0.0558879
0.0559008
0.056149
0.0563975
0.0561432
0.0561425
0.0562114
0.0563244
0.0564662
0.0566587
0.0569681
0.0574632
0.0580081
0.0576296
0.0570633
0.0566502
0.0564047
0.0562319
0.0560895
0.0559695
0.0558994
0.0559141
0.0561663
0.0563989
0.0561545
0.0561603
0.0562393
0.056368
0.0565465
0.0568385
0.0574632
0.0587414
0.0604254
0.0595136
0.0578534
0.0569005
0.0564862
0.0562611
0.0560961
0.0559659
0.0558901
0.0559056
0.0561531
0.0563748
0.0561458
0.0561586
0.0562435
0.0563812
0.0565906
0.0569933
0.0580081
0.0604254
0.0642216
0.0623191
0.058898
0.0571979
0.0565649
0.0562832
0.0561013
0.0559654
0.0558854
0.0558952
0.0561283
0.056358
0.0561277
0.0561399
0.0562135
0.0563351
0.0565133
0.0568357
0.0576296
0.0595136
0.0623191
0.0605839
0.058187
0.0569525
0.0564655
0.0562287
0.0560663
0.0559432
0.0558741
0.0558869
0.056126
0.0563352
0.0561066
0.0561213
0.0561877
0.0562983
0.0564469
0.0566618
0.0570633
0.0578534
0.058898
0.058187
0.0572494
0.0566656
0.0563621
0.0561697
0.0560215
0.055907
0.0558477
0.0558651
0.0561116
0.0562864
0.0560628
0.0560764
0.0561303
0.0562213
0.0563353
0.0564723
0.0566502
0.0569005
0.0571979
0.0569525
0.0566656
0.0564113
0.0562219
0.0560716
0.0559455
0.0558457
0.0558004
0.0558265
0.0560769
0.0562182
0.0560063
0.0560197
0.0560644
0.0561386
0.0562245
0.056315
0.0564047
0.0564862
0.0565649
0.0564655
0.0563621
0.0562219
0.05609
0.055972
0.0558648
0.0557763
0.0557387
0.0557736
0.0560214
0.0561414
0.055945
0.0559577
0.0559965
0.0560588
0.0561238
0.0561832
0.0562319
0.0562611
0.0562832
0.0562287
0.0561697
0.0560716
0.055972
0.0558772
0.0557846
0.055705
0.0556729
0.0557141
0.0559528
0.0560691
0.0558894
0.0558956
0.0559252
0.055976
0.0560251
0.0560642
0.0560895
0.0560961
0.0561013
0.0560663
0.0560215
0.0559455
0.0558648
0.0557846
0.0557037
0.0556365
0.0556158
0.055663
0.0558876
0.0560182
0.0558555
0.0558433
0.0558571
0.055891
0.0559266
0.0559543
0.0559695
0.0559659
0.0559654
0.0559432
0.055907
0.0558457
0.0557763
0.055705
0.0556365
0.0555861
0.055584
0.05564
0.0558463
0.0560077
0.0558636
0.0558331
0.0558247
0.0558413
0.0558666
0.0558879
0.0558994
0.0558901
0.0558854
0.0558741
0.0558477
0.0558004
0.0557387
0.0556729
0.0556158
0.055584
0.0556011
0.0556644
0.0558479
0.0560442
0.0559179
0.0558777
0.0558572
0.0558633
0.0558807
0.0559008
0.0559141
0.0559056
0.0558952
0.0558869
0.0558651
0.0558265
0.0557736
0.0557141
0.055663
0.05564
0.0556644
0.0557291
0.0558895
0.0561798
0.0560822
0.0560596
0.0560581
0.0560821
0.0561163
0.056149
0.0561663
0.0561531
0.0561283
0.056126
0.0561116
0.0560769
0.0560214
0.0559528
0.0558876
0.0558463
0.0558479
0.0558895
0.056013
)
;
    }
    fixedWalls
    {
        type            fixedFluxPressure;
        gradient        uniform 0;
        value           nonuniform List<scalar> 
800
(
-6.75828e-06
-0.00047823
-0.000641668
-0.000639752
-0.000537944
-0.000357096
-7.06807e-05
0.000357209
0.000879002
0.00136005
-0.000276022
-0.000709831
-0.000880533
-0.000931589
-0.000895715
-0.000780482
-0.00057267
-0.000227783
0.000250346
0.000886302
-0.000597684
-0.000964397
-0.0011348
-0.00121169
-0.00120873
-0.00113889
-0.000987313
-0.000701479
-0.000251055
0.000503526
-0.000697322
-0.00104546
-0.00125968
-0.00140601
-0.00143798
-0.00139768
-0.00129293
-0.00105754
-0.000626001
0.000204132
-0.000553806
-0.000832474
-0.00102348
-0.00119692
-0.00156965
-0.00155744
-0.00149568
-0.00130274
-0.000889066
-1.50394e-05
-0.000168227
-0.000471062
-0.000760778
-0.00124362
-0.00164439
-0.001673
-0.00163843
-0.00147678
-0.00108222
-0.000179748
-0.000231191
-0.000589545
-0.000740603
-0.00133766
-0.00170629
-0.00175935
-0.00174285
-0.00160727
-0.00123724
-0.000311183
-0.000210405
-0.000590188
-0.000752728
-0.00118839
-0.00174446
-0.00182296
-0.00181772
-0.00170676
-0.00136582
-0.000420872
-0.000221134
-0.000598955
-0.000817472
-0.00104681
-0.00162135
-0.00186766
-0.00186637
-0.001775
-0.00146879
-0.000509392
-0.000224833
-0.000599271
-0.000842755
-0.000987661
-0.00160064
-0.00187282
-0.00187258
-0.00179022
-0.00150865
-0.000528545
-0.000231909
-0.000601866
-0.000837953
-0.000997445
-0.00165574
-0.00184586
-0.00183039
-0.00173083
-0.0014246
-0.000445033
-0.000258569
-0.00058873
-0.000813515
-0.0010481
-0.00172089
-0.00181447
-0.00178785
-0.00167052
-0.00134043
-0.000369994
-0.000253453
-0.000563555
-0.000756542
-0.00116745
-0.00173003
-0.00177577
-0.00173821
-0.00160052
-0.00124503
-0.000282421
-0.000479802
-0.000612792
-0.000707835
-0.00115899
-0.00170434
-0.00172688
-0.00167582
-0.00151482
-0.00113262
-0.000174453
-0.000691974
-0.00087805
-0.000906074
-0.0012011
-0.00167075
-0.00166541
-0.00159372
-0.0014049
-0.000995429
-4.03693e-05
-0.00087653
-0.00112323
-0.00113929
-0.00141837
-0.00162399
-0.0015827
-0.00147738
-0.00125281
-0.000816022
0.000129633
-0.000946501
-0.00126072
-0.00142454
-0.00149255
-0.00153181
-0.00145041
-0.00130014
-0.00102668
-0.000561231
0.000355223
-0.000801421
-0.00117766
-0.00134492
-0.00138693
-0.00134836
-0.00122469
-0.00101905
-0.000683614
-0.000183547
0.000664531
-0.000426546
-0.000889838
-0.00108772
-0.00112453
-0.0010406
-0.000867412
-0.000595815
-0.000186821
0.000357132
0.00107747
-5.66475e-05
-0.000519698
-0.000681948
-0.00067486
-0.000529949
-0.000284734
7.01698e-05
0.000565384
0.0011337
0.00165015
-5.66475e-05
-0.000519698
-0.000681948
-0.00067486
-0.000529949
-0.000284734
7.01698e-05
0.000565384
0.0011337
0.00165015
-8.87799e-05
-0.000541313
-0.000705386
-0.000713898
-0.000622306
-0.000454296
-0.000204202
0.000161849
0.000665789
0.00131486
-0.000224512
-0.000632101
-0.000787302
-0.000822968
-0.000777049
-0.00067232
-0.000505084
-0.00021446
0.000253874
0.00100092
-0.000437619
-0.000779636
-0.000920748
-0.00098375
-0.000986032
-0.000930725
-0.000799788
-0.000536507
-7.67214e-05
0.000730938
-0.000632511
-0.00091709
-0.0010444
-0.00111719
-0.00114043
-0.00110565
-0.000997079
-0.00076002
-0.000314654
0.000519249
-0.000675693
-0.000946361
-0.00111834
-0.00119822
-0.0012338
-0.00121926
-0.00113173
-0.000917937
-0.00049226
0.000347405
-0.000510091
-0.000638661
-0.00110058
-0.00125201
-0.00129828
-0.00129801
-0.00122764
-0.00103769
-0.000635392
0.000206742
-0.000284995
-0.000634345
-0.00114272
-0.00128189
-0.00133665
-0.00134899
-0.00129669
-0.00113199
-0.000755073
9.36965e-05
-0.000327566
-0.000752718
-0.00116552
-0.00128803
-0.0013471
-0.00136696
-0.00132852
-0.00119032
-0.000846313
1.17554e-05
-0.000330608
-0.000793567
-0.00117854
-0.00128384
-0.00134389
-0.00136525
-0.00133068
-0.00120211
-0.000875224
-1.41132e-06
-0.000371181
-0.000852257
-0.00117829
-0.00127609
-0.00133744
-0.00135783
-0.00132217
-0.00118932
-0.000855425
3.57845e-05
-0.000493178
-0.000864507
-0.0011671
-0.00126314
-0.00132529
-0.00134265
-0.00130274
-0.00115983
-0.00081279
9.1447e-05
-0.000657078
-0.000959351
-0.00115231
-0.00124182
-0.00130074
-0.00131124
-0.00126238
-0.00110313
-0.000737149
0.000175694
-0.000747817
-0.000997533
-0.001129
-0.00120701
-0.00125769
-0.00125784
-0.00119412
-0.00101235
-0.000621595
0.000287623
-0.000725468
-0.000956171
-0.00107546
-0.00114655
-0.00118718
-0.00117411
-0.00108939
-0.000880597
-0.000461726
0.000428334
-0.000596234
-0.000849818
-0.000977772
-0.00104805
-0.00107662
-0.00104512
-0.000931645
-0.000692865
-0.000246959
0.000608231
-0.000350206
-0.000665854
-0.000820182
-0.000897542
-0.000909011
-0.000849004
-0.000695376
-0.000419637
4.83722e-05
0.000846972
2.86668e-05
-0.000386615
-0.000578925
-0.000666423
-0.000654597
-0.000556651
-0.000355535
-2.47237e-05
0.000458937
0.00117024
0.000483092
-4.91839e-05
-0.00027926
-0.000359307
-0.000319383
-0.000170225
9.25368e-05
0.000486978
0.000992343
0.00158159
0.000793534
0.000215063
-1.06986e-05
-4.11747e-05
6.5602e-05
0.000282287
0.000625082
0.0011087
0.00165473
0.0020896
-6.75828e-06
-0.00047823
-0.000641668
-0.000639752
-0.000537944
-0.000357096
-7.06807e-05
0.000357209
0.000879002
0.00136005
-0.000276022
-0.000709831
-0.000880533
-0.000931589
-0.000895715
-0.000780482
-0.00057267
-0.000227783
0.000250346
0.000886302
-0.000597684
-0.000964397
-0.0011348
-0.00121169
-0.00120873
-0.00113889
-0.000987313
-0.000701479
-0.000251055
0.000503526
-0.000697322
-0.00104546
-0.00125968
-0.00140601
-0.00143798
-0.00139768
-0.00129293
-0.00105754
-0.000626001
0.000204132
-0.000553806
-0.000832474
-0.00102348
-0.00119692
-0.00156965
-0.00155744
-0.00149568
-0.00130274
-0.000889066
-1.50394e-05
-0.000168227
-0.000471062
-0.000760778
-0.00124362
-0.00164439
-0.001673
-0.00163843
-0.00147678
-0.00108222
-0.000179748
-0.000231191
-0.000589545
-0.000740603
-0.00133766
-0.00170629
-0.00175935
-0.00174285
-0.00160727
-0.00123724
-0.000311183
-0.000210405
-0.000590188
-0.000752728
-0.00118839
-0.00174446
-0.00182296
-0.00181772
-0.00170676
-0.00136582
-0.000420872
-0.000221134
-0.000598955
-0.000817472
-0.00104681
-0.00162135
-0.00186766
-0.00186637
-0.001775
-0.00146879
-0.000509392
-0.000224833
-0.000599271
-0.000842755
-0.000987661
-0.00160064
-0.00187282
-0.00187258
-0.00179022
-0.00150865
-0.000528545
-0.000231909
-0.000601866
-0.000837953
-0.000997445
-0.00165574
-0.00184586
-0.00183039
-0.00173083
-0.0014246
-0.000445033
-0.000258569
-0.00058873
-0.000813515
-0.0010481
-0.00172089
-0.00181447
-0.00178785
-0.00167052
-0.00134043
-0.000369994
-0.000253453
-0.000563555
-0.000756542
-0.00116745
-0.00173003
-0.00177577
-0.00173821
-0.00160052
-0.00124503
-0.000282421
-0.000479802
-0.000612792
-0.000707835
-0.00115899
-0.00170434
-0.00172688
-0.00167582
-0.00151482
-0.00113262
-0.000174453
-0.000691974
-0.00087805
-0.000906074
-0.0012011
-0.00167075
-0.00166541
-0.00159372
-0.0014049
-0.000995429
-4.03693e-05
-0.00087653
-0.00112323
-0.00113929
-0.00141837
-0.00162399
-0.0015827
-0.00147738
-0.00125281
-0.000816022
0.000129633
-0.000946501
-0.00126072
-0.00142454
-0.00149255
-0.00153181
-0.00145041
-0.00130014
-0.00102668
-0.000561231
0.000355223
-0.000801421
-0.00117766
-0.00134492
-0.00138693
-0.00134836
-0.00122469
-0.00101905
-0.000683614
-0.000183547
0.000664531
-0.000426546
-0.000889838
-0.00108772
-0.00112453
-0.0010406
-0.000867412
-0.000595815
-0.000186821
0.000357132
0.00107747
-5.66475e-05
-0.000519698
-0.000681948
-0.00067486
-0.000529949
-0.000284734
7.01698e-05
0.000565384
0.0011337
0.00165015
-5.66475e-05
-0.000519698
-0.000681948
-0.00067486
-0.000529949
-0.000284734
7.01698e-05
0.000565384
0.0011337
0.00165015
-8.87799e-05
-0.000541313
-0.000705386
-0.000713898
-0.000622306
-0.000454296
-0.000204202
0.000161849
0.000665789
0.00131486
-0.000224512
-0.000632101
-0.000787302
-0.000822968
-0.000777049
-0.00067232
-0.000505084
-0.00021446
0.000253874
0.00100092
-0.000437619
-0.000779636
-0.000920748
-0.00098375
-0.000986032
-0.000930725
-0.000799788
-0.000536507
-7.67214e-05
0.000730938
-0.000632511
-0.00091709
-0.0010444
-0.00111719
-0.00114043
-0.00110565
-0.000997079
-0.00076002
-0.000314654
0.000519249
-0.000675693
-0.000946361
-0.00111834
-0.00119822
-0.0012338
-0.00121926
-0.00113173
-0.000917937
-0.00049226
0.000347405
-0.000510091
-0.000638661
-0.00110058
-0.00125201
-0.00129828
-0.00129801
-0.00122764
-0.00103769
-0.000635392
0.000206742
-0.000284995
-0.000634345
-0.00114272
-0.00128189
-0.00133665
-0.00134899
-0.00129669
-0.00113199
-0.000755073
9.36965e-05
-0.000327566
-0.000752718
-0.00116552
-0.00128803
-0.0013471
-0.00136696
-0.00132852
-0.00119032
-0.000846313
1.17554e-05
-0.000330608
-0.000793567
-0.00117854
-0.00128384
-0.00134389
-0.00136525
-0.00133068
-0.00120211
-0.000875224
-1.41132e-06
-0.000371181
-0.000852257
-0.00117829
-0.00127609
-0.00133744
-0.00135783
-0.00132217
-0.00118932
-0.000855425
3.57845e-05
-0.000493178
-0.000864507
-0.0011671
-0.00126314
-0.00132529
-0.00134265
-0.00130274
-0.00115983
-0.00081279
9.1447e-05
-0.000657078
-0.000959351
-0.00115231
-0.00124182
-0.00130074
-0.00131124
-0.00126238
-0.00110313
-0.000737149
0.000175694
-0.000747817
-0.000997533
-0.001129
-0.00120701
-0.00125769
-0.00125784
-0.00119412
-0.00101235
-0.000621595
0.000287623
-0.000725468
-0.000956171
-0.00107546
-0.00114655
-0.00118718
-0.00117411
-0.00108939
-0.000880597
-0.000461726
0.000428334
-0.000596234
-0.000849818
-0.000977772
-0.00104805
-0.00107662
-0.00104512
-0.000931645
-0.000692865
-0.000246959
0.000608231
-0.000350206
-0.000665854
-0.000820182
-0.000897542
-0.000909011
-0.000849004
-0.000695376
-0.000419637
4.83722e-05
0.000846972
2.86668e-05
-0.000386615
-0.000578925
-0.000666423
-0.000654597
-0.000556651
-0.000355535
-2.47237e-05
0.000458937
0.00117024
0.000483092
-4.91839e-05
-0.00027926
-0.000359307
-0.000319383
-0.000170225
9.25368e-05
0.000486978
0.000992343
0.00158159
0.000793534
0.000215063
-1.06986e-05
-4.11747e-05
6.5602e-05
0.000282287
0.000625082
0.0011087
0.00165473
0.0020896
)
;
    }
}


// ************************************************************************* //
