/*--------------------------------*- C++ -*----------------------------------*\
  =========                 |
  \\      /  F ield         | OpenFOAM: The Open Source CFD Toolbox
   \\    /   O peration     | Website:  https://openfoam.org
    \\  /    A nd           | Version:  8
     \\/     M anipulation  |
\*---------------------------------------------------------------------------*/
FoamFile
{
    version     2.0;
    format      ascii;
    class       volScalarField;
    location    "1400";
    object      T;
}
// * * * * * * * * * * * * * * * * * * * * * * * * * * * * * * * * * * * * * //

dimensions      [0 0 0 1 0 0 0];

internalField   nonuniform List<scalar> 
4000
(
300.379
300.381
300.382
300.38
300.375
300.344
300.345
300.344
300.344
300.344
300.344
300.346
300.345
300.365
300.373
300.377
300.379
300.38
300.38
300.379
300.38
300.383
300.386
300.386
300.38
300.365
300.369
300.37
300.37
300.37
300.37
300.369
300.367
300.37
300.378
300.383
300.386
300.386
300.384
300.38
300.38
300.384
300.388
300.39
300.383
300.375
300.375
300.375
300.377
300.378
300.378
300.377
300.375
300.374
300.378
300.383
300.39
300.389
300.386
300.379
300.379
300.384
300.388
300.391
300.387
300.387
300.388
300.385
300.382
300.381
300.381
300.382
300.384
300.384
300.385
300.389
300.391
300.389
300.386
300.379
300.379
300.383
300.388
300.391
300.393
300.393
300.393
300.394
300.392
300.391
300.392
300.393
300.393
300.393
300.393
300.392
300.391
300.389
300.385
300.378
300.378
300.383
300.387
300.389
300.391
300.392
300.393
300.394
300.394
300.394
300.394
300.394
300.393
300.393
300.392
300.391
300.39
300.387
300.383
300.377
300.378
300.382
300.386
300.388
300.39
300.391
300.392
300.393
300.393
300.394
300.393
300.393
300.392
300.391
300.391
300.389
300.388
300.386
300.382
300.376
300.377
300.381
300.384
300.387
300.389
300.39
300.391
300.392
300.392
300.393
300.392
300.391
300.391
300.39
300.389
300.388
300.386
300.384
300.38
300.375
300.376
300.379
300.382
300.385
300.387
300.388
300.389
300.39
300.391
300.391
300.39
300.39
300.389
300.388
300.387
300.385
300.384
300.381
300.378
300.373
300.373
300.376
300.378
300.38
300.382
300.384
300.385
300.386
300.387
300.387
300.386
300.385
300.384
300.383
300.382
300.38
300.378
300.376
300.374
300.371
300.381
300.381
300.381
300.379
300.374
300.348
300.345
300.346
300.344
300.344
300.345
300.345
300.352
300.367
300.374
300.376
300.378
300.38
300.38
300.379
300.383
300.385
300.387
300.385
300.379
300.365
300.368
300.369
300.37
300.369
300.368
300.367
300.366
300.372
300.379
300.383
300.385
300.386
300.384
300.38
300.384
300.386
300.388
300.389
300.384
300.375
300.375
300.376
300.378
300.378
300.377
300.376
300.374
300.376
300.381
300.386
300.389
300.389
300.385
300.38
300.384
300.386
300.389
300.391
300.387
300.383
300.384
300.383
300.382
300.382
300.382
300.382
300.381
300.381
300.384
300.388
300.39
300.39
300.386
300.379
300.383
300.386
300.389
300.391
300.391
300.39
300.39
300.39
300.388
300.388
300.388
300.389
300.389
300.389
300.389
300.391
300.391
300.39
300.386
300.379
300.383
300.386
300.389
300.392
300.392
300.392
300.392
300.393
300.392
300.392
300.392
300.392
300.392
300.392
300.392
300.392
300.392
300.39
300.386
300.378
300.382
300.385
300.389
300.392
300.393
300.393
300.394
300.394
300.394
300.393
300.393
300.393
300.393
300.393
300.393
300.393
300.392
300.39
300.385
300.378
300.381
300.385
300.389
300.392
300.394
300.394
300.395
300.395
300.395
300.394
300.394
300.394
300.394
300.394
300.394
300.393
300.392
300.389
300.384
300.377
300.379
300.384
300.388
300.391
300.393
300.394
300.395
300.397
300.397
300.398
300.397
300.396
300.396
300.395
300.393
300.392
300.39
300.387
300.382
300.376
300.376
300.378
300.381
300.384
300.386
300.388
300.39
300.391
300.392
300.392
300.391
300.39
300.389
300.387
300.386
300.384
300.381
300.379
300.376
300.372
300.382
300.381
300.38
300.377
300.372
300.347
300.346
300.348
300.345
300.345
300.345
300.345
300.356
300.368
300.373
300.376
300.378
300.38
300.38
300.38
300.386
300.387
300.386
300.384
300.378
300.364
300.366
300.37
300.37
300.369
300.368
300.367
300.367
300.374
300.38
300.383
300.385
300.385
300.384
300.381
300.388
300.388
300.389
300.388
300.382
300.375
300.374
300.375
300.378
300.378
300.377
300.375
300.374
300.377
300.383
300.387
300.389
300.388
300.385
300.381
300.388
300.389
300.39
300.39
300.386
300.382
300.381
300.381
300.382
300.382
300.382
300.381
300.38
300.381
300.384
300.388
300.39
300.389
300.386
300.381
300.388
300.389
300.39
300.391
300.39
300.387
300.387
300.387
300.386
300.386
300.386
300.386
300.386
300.385
300.387
300.39
300.391
300.39
300.387
300.381
300.387
300.389
300.391
300.392
300.392
300.39
300.39
300.39
300.39
300.389
300.389
300.389
300.389
300.389
300.39
300.391
300.392
300.391
300.387
300.38
300.386
300.389
300.391
300.393
300.393
300.392
300.392
300.392
300.392
300.392
300.392
300.392
300.392
300.392
300.392
300.392
300.392
300.391
300.387
300.38
300.384
300.389
300.392
300.393
300.393
300.393
300.393
300.393
300.393
300.393
300.393
300.392
300.392
300.392
300.392
300.392
300.392
300.391
300.387
300.38
300.382
300.388
300.392
300.394
300.395
300.396
300.397
300.398
300.398
300.397
300.397
300.397
300.397
300.396
300.395
300.395
300.394
300.391
300.385
300.378
300.378
300.381
300.384
300.387
300.389
300.392
300.394
300.396
300.397
300.397
300.396
300.395
300.393
300.391
300.389
300.387
300.384
300.381
300.378
300.374
300.38
300.379
300.377
300.374
300.367
300.346
300.348
300.35
300.347
300.345
300.346
300.346
300.357
300.367
300.372
300.375
300.377
300.379
300.38
300.38
300.386
300.385
300.384
300.38
300.374
300.363
300.365
300.37
300.371
300.37
300.368
300.367
300.367
300.374
300.379
300.383
300.385
300.385
300.384
300.383
300.39
300.389
300.388
300.385
300.379
300.373
300.373
300.375
300.378
300.378
300.377
300.375
300.375
300.378
300.383
300.387
300.388
300.388
300.386
300.383
300.391
300.391
300.39
300.388
300.384
300.38
300.379
300.38
300.381
300.382
300.382
300.38
300.38
300.381
300.385
300.388
300.389
300.389
300.387
300.383
300.391
300.391
300.391
300.39
300.388
300.385
300.384
300.385
300.385
300.385
300.385
300.385
300.384
300.384
300.387
300.389
300.39
300.39
300.387
300.383
300.389
300.392
300.392
300.392
300.39
300.389
300.388
300.388
300.388
300.388
300.388
300.388
300.387
300.387
300.388
300.39
300.391
300.391
300.388
300.383
300.388
300.392
300.393
300.393
300.392
300.391
300.391
300.391
300.391
300.39
300.39
300.39
300.39
300.39
300.39
300.391
300.392
300.391
300.389
300.383
300.387
300.392
300.393
300.393
300.393
300.392
300.392
300.392
300.392
300.392
300.392
300.392
300.391
300.391
300.391
300.392
300.392
300.391
300.388
300.382
300.385
300.391
300.394
300.395
300.395
300.396
300.397
300.398
300.398
300.398
300.398
300.397
300.397
300.396
300.395
300.394
300.394
300.392
300.387
300.38
300.38
300.384
300.387
300.39
300.392
300.395
300.398
300.4
300.402
300.402
300.401
300.399
300.397
300.395
300.392
300.389
300.386
300.383
300.38
300.376
300.375
300.374
300.372
300.367
300.359
300.344
300.35
300.352
300.349
300.347
300.347
300.346
300.355
300.365
300.371
300.374
300.376
300.378
300.379
300.381
300.38
300.379
300.378
300.374
300.368
300.363
300.365
300.37
300.371
300.37
300.368
300.367
300.367
300.372
300.377
300.381
300.383
300.385
300.385
300.385
300.383
300.384
300.382
300.379
300.375
300.371
300.372
300.375
300.378
300.378
300.377
300.375
300.374
300.377
300.382
300.385
300.387
300.388
300.387
300.385
300.387
300.387
300.386
300.384
300.38
300.378
300.378
300.379
300.381
300.382
300.382
300.38
300.379
300.381
300.384
300.387
300.388
300.388
300.387
300.385
300.393
300.391
300.39
300.388
300.385
300.383
300.383
300.384
300.384
300.385
300.385
300.384
300.383
300.384
300.386
300.388
300.39
300.39
300.388
300.385
300.391
300.392
300.392
300.39
300.389
300.387
300.386
300.387
300.387
300.387
300.387
300.387
300.386
300.386
300.388
300.39
300.391
300.391
300.389
300.385
300.39
300.393
300.393
300.392
300.391
300.39
300.389
300.389
300.39
300.39
300.39
300.39
300.389
300.389
300.389
300.391
300.392
300.391
300.389
300.384
300.389
300.394
300.393
300.393
300.392
300.391
300.391
300.391
300.391
300.391
300.391
300.391
300.391
300.391
300.391
300.391
300.392
300.391
300.39
300.383
300.387
300.393
300.395
300.395
300.395
300.396
300.398
300.399
300.4
300.399
300.399
300.398
300.398
300.397
300.395
300.394
300.394
300.393
300.389
300.382
300.382
300.386
300.389
300.392
300.395
300.399
300.402
300.405
300.407
300.409
300.406
300.404
300.401
300.398
300.395
300.392
300.389
300.385
300.382
300.378
300.344
300.348
300.347
300.346
300.344
300.348
300.353
300.353
300.351
300.348
300.347
300.347
300.352
300.361
300.367
300.371
300.373
300.376
300.377
300.378
300.365
300.365
300.364
300.363
300.363
300.363
300.368
300.371
300.372
300.37
300.369
300.367
300.366
300.369
300.374
300.377
300.379
300.381
300.383
300.384
300.375
300.375
300.375
300.373
300.371
300.371
300.373
300.376
300.378
300.378
300.377
300.375
300.373
300.375
300.378
300.381
300.384
300.385
300.387
300.387
300.387
300.383
300.382
300.38
300.378
300.377
300.378
300.379
300.381
300.382
300.381
300.38
300.379
300.379
300.382
300.384
300.386
300.387
300.388
300.387
300.393
300.39
300.387
300.385
300.383
300.382
300.382
300.383
300.384
300.385
300.385
300.384
300.383
300.383
300.385
300.387
300.388
300.389
300.389
300.386
300.392
300.392
300.39
300.389
300.387
300.386
300.386
300.386
300.387
300.387
300.387
300.386
300.386
300.386
300.387
300.388
300.39
300.39
300.389
300.386
300.391
300.393
300.392
300.391
300.39
300.389
300.389
300.389
300.389
300.389
300.39
300.389
300.389
300.388
300.389
300.39
300.391
300.391
300.39
300.385
300.39
300.394
300.393
300.392
300.391
300.391
300.391
300.391
300.391
300.391
300.391
300.391
300.391
300.39
300.39
300.391
300.391
300.391
300.39
300.385
300.388
300.394
300.396
300.396
300.396
300.398
300.4
300.401
300.402
300.401
300.4
300.4
300.399
300.398
300.396
300.395
300.394
300.393
300.39
300.383
300.384
300.388
300.392
300.395
300.399
300.403
300.407
300.411
300.414
300.417
300.413
300.41
300.406
300.403
300.398
300.395
300.391
300.387
300.383
300.379
300.345
300.345
300.346
300.348
300.35
300.353
300.355
300.354
300.352
300.349
300.349
300.349
300.348
300.352
300.355
300.358
300.363
300.367
300.369
300.366
300.369
300.368
300.366
300.365
300.365
300.368
300.371
300.372
300.372
300.371
300.369
300.367
300.366
300.365
300.366
300.368
300.37
300.372
300.372
300.371
300.375
300.375
300.374
300.373
300.372
300.373
300.375
300.378
300.379
300.378
300.377
300.375
300.373
300.372
300.373
300.375
300.376
300.379
300.381
300.386
300.388
300.384
300.381
300.379
300.378
300.378
300.379
300.38
300.382
300.382
300.381
300.38
300.378
300.378
300.378
300.38
300.382
300.384
300.386
300.388
300.393
300.39
300.387
300.384
300.383
300.382
300.382
300.383
300.385
300.385
300.385
300.383
300.382
300.382
300.382
300.384
300.386
300.387
300.389
300.387
300.393
300.392
300.39
300.388
300.386
300.386
300.385
300.386
300.387
300.387
300.387
300.386
300.385
300.385
300.385
300.386
300.388
300.389
300.389
300.387
300.392
300.394
300.392
300.391
300.389
300.389
300.388
300.389
300.389
300.389
300.389
300.389
300.388
300.388
300.388
300.388
300.39
300.39
300.39
300.386
300.391
300.395
300.393
300.392
300.391
300.391
300.391
300.391
300.391
300.392
300.392
300.391
300.39
300.39
300.39
300.39
300.39
300.391
300.39
300.385
300.389
300.395
300.397
300.397
300.398
300.4
300.402
300.403
300.404
300.406
300.404
300.402
300.401
300.399
300.397
300.395
300.394
300.394
300.391
300.384
300.385
300.39
300.394
300.398
300.402
300.407
300.412
300.417
300.422
300.427
300.421
300.417
300.412
300.407
300.402
300.397
300.393
300.389
300.385
300.38
300.344
300.346
300.348
300.35
300.352
300.353
300.354
300.353
300.352
300.351
300.351
300.351
300.35
300.349
300.348
300.349
300.348
300.348
300.348
300.345
300.37
300.369
300.37
300.37
300.37
300.371
300.372
300.373
300.372
300.372
300.37
300.369
300.367
300.366
300.366
300.366
300.365
300.366
300.366
300.37
300.375
300.376
300.375
300.375
300.375
300.376
300.378
300.379
300.379
300.379
300.378
300.376
300.374
300.374
300.374
300.374
300.376
300.378
300.382
300.386
300.385
300.383
300.381
300.38
300.379
300.379
300.38
300.382
300.383
300.384
300.382
300.38
300.379
300.378
300.379
300.38
300.381
300.384
300.387
300.388
300.394
300.39
300.387
300.385
300.384
300.383
300.383
300.384
300.385
300.387
300.386
300.384
300.382
300.382
300.382
300.383
300.385
300.387
300.388
300.387
300.394
300.393
300.39
300.388
300.387
300.386
300.386
300.386
300.387
300.39
300.388
300.386
300.385
300.385
300.385
300.386
300.387
300.389
300.389
300.387
300.393
300.394
300.392
300.391
300.389
300.389
300.389
300.389
300.39
300.392
300.391
300.389
300.388
300.387
300.387
300.388
300.389
300.39
300.39
300.387
300.392
300.395
300.393
300.392
300.391
300.391
300.391
300.392
300.393
300.397
300.395
300.391
300.39
300.389
300.389
300.389
300.39
300.39
300.391
300.386
300.39
300.397
300.398
300.398
300.399
300.401
300.403
300.405
300.409
300.416
300.412
300.406
300.403
300.4
300.398
300.396
300.394
300.394
300.391
300.385
300.386
300.391
300.396
300.4
300.405
300.411
300.417
300.424
300.432
300.442
300.433
300.425
300.418
300.411
300.405
300.4
300.395
300.391
300.386
300.381
300.344
300.344
300.345
300.347
300.349
300.351
300.352
300.352
300.352
300.358
300.358
300.353
300.353
300.353
300.353
300.352
300.351
300.349
300.347
300.344
300.37
300.37
300.37
300.371
300.371
300.372
300.372
300.372
300.374
300.382
300.379
300.371
300.37
300.37
300.37
300.37
300.37
300.369
300.371
300.374
300.377
300.378
300.378
300.378
300.378
300.378
300.379
300.379
300.38
300.391
300.388
300.378
300.377
300.376
300.377
300.378
300.379
300.381
300.384
300.387
300.382
300.382
300.382
300.381
300.381
300.381
300.382
300.383
300.385
300.398
300.393
300.382
300.38
300.38
300.381
300.382
300.383
300.385
300.387
300.388
300.392
300.388
300.386
300.385
300.384
300.384
300.385
300.385
300.389
300.403
300.398
300.386
300.383
300.383
300.383
300.384
300.386
300.387
300.388
300.388
300.394
300.392
300.39
300.388
300.387
300.387
300.387
300.387
300.392
300.408
300.403
300.388
300.385
300.385
300.385
300.386
300.387
300.389
300.389
300.387
300.393
300.394
300.392
300.391
300.39
300.389
300.389
300.39
300.395
300.413
300.408
300.391
300.388
300.387
300.387
300.388
300.389
300.39
300.39
300.387
300.392
300.395
300.393
300.392
300.391
300.391
300.391
300.393
300.401
300.424
300.417
300.395
300.39
300.389
300.389
300.389
300.39
300.39
300.391
300.386
300.391
300.397
300.398
300.398
300.4
300.402
300.404
300.409
300.42
300.443
300.433
300.413
300.405
300.401
300.398
300.396
300.395
300.394
300.392
300.385
300.387
300.392
300.397
300.402
300.407
300.414
300.422
300.432
300.445
300.465
300.45
300.435
300.424
300.416
300.408
300.402
300.396
300.392
300.387
300.382
300.344
300.344
300.345
300.345
300.347
300.348
300.349
300.351
300.358
300.686
300.677
300.359
300.353
300.352
300.351
300.351
300.35
300.349
300.348
300.344
300.37
300.369
300.369
300.37
300.37
300.37
300.371
300.372
300.382
300.612
300.593
300.38
300.371
300.37
300.37
300.37
300.37
300.37
300.372
300.376
300.378
300.378
300.378
300.378
300.378
300.378
300.378
300.379
300.391
300.579
300.554
300.388
300.378
300.377
300.378
300.379
300.38
300.381
300.384
300.387
300.381
300.382
300.382
300.382
300.382
300.382
300.382
300.384
300.398
300.56
300.531
300.393
300.382
300.381
300.382
300.382
300.384
300.385
300.387
300.388
300.391
300.388
300.386
300.385
300.385
300.385
300.385
300.387
300.403
300.546
300.514
300.397
300.385
300.384
300.384
300.385
300.386
300.387
300.388
300.387
300.394
300.392
300.389
300.388
300.387
300.387
300.387
300.39
300.408
300.536
300.502
300.4
300.387
300.386
300.386
300.386
300.387
300.389
300.389
300.387
300.394
300.393
300.392
300.39
300.39
300.389
300.389
300.392
300.413
300.528
300.493
300.402
300.389
300.388
300.388
300.388
300.389
300.39
300.39
300.387
300.393
300.394
300.393
300.392
300.391
300.391
300.392
300.397
300.424
300.522
300.488
300.407
300.392
300.389
300.389
300.389
300.389
300.39
300.391
300.386
300.391
300.398
300.397
300.398
300.399
300.401
300.406
300.416
300.443
300.517
300.484
300.428
300.409
300.401
300.398
300.396
300.395
300.394
300.392
300.385
300.387
300.392
300.397
300.402
300.409
300.417
300.427
300.442
300.465
300.508
300.48
300.45
300.432
300.419
300.41
300.403
300.397
300.392
300.387
300.381
300.344
300.345
300.345
300.346
300.347
300.347
300.349
300.351
300.358
300.677
300.659
300.357
300.352
300.351
300.351
300.352
300.353
300.353
300.352
300.345
300.37
300.368
300.368
300.368
300.368
300.369
300.369
300.37
300.379
300.593
300.557
300.376
300.369
300.369
300.368
300.368
300.368
300.369
300.372
300.378
300.378
300.377
300.377
300.377
300.377
300.377
300.377
300.378
300.388
300.554
300.511
300.383
300.376
300.376
300.377
300.378
300.379
300.381
300.384
300.387
300.381
300.382
300.382
300.382
300.382
300.381
300.381
300.382
300.393
300.531
300.485
300.387
300.381
300.381
300.381
300.382
300.383
300.385
300.387
300.387
300.392
300.388
300.386
300.385
300.385
300.385
300.385
300.386
300.398
300.514
300.469
300.391
300.384
300.384
300.384
300.385
300.386
300.387
300.388
300.387
300.394
300.392
300.389
300.388
300.387
300.387
300.387
300.388
300.403
300.502
300.458
300.394
300.386
300.386
300.386
300.386
300.387
300.388
300.389
300.387
300.393
300.393
300.392
300.39
300.39
300.39
300.389
300.391
300.408
300.493
300.452
300.396
300.388
300.388
300.388
300.388
300.389
300.39
300.39
300.387
300.392
300.394
300.393
300.392
300.391
300.391
300.392
300.395
300.417
300.488
300.45
300.4
300.391
300.389
300.389
300.389
300.389
300.39
300.39
300.386
300.39
300.397
300.397
300.398
300.399
300.4
300.404
300.412
300.433
300.484
300.452
300.419
300.406
300.4
300.398
300.396
300.395
300.394
300.392
300.385
300.386
300.391
300.396
300.401
300.406
300.413
300.421
300.433
300.45
300.48
300.455
300.437
300.424
300.415
300.407
300.401
300.396
300.391
300.387
300.381
300.346
300.345
300.345
300.346
300.346
300.347
300.349
300.351
300.353
300.359
300.357
300.353
300.355
300.357
300.359
300.36
300.361
300.362
300.361
300.356
300.369
300.367
300.367
300.367
300.367
300.367
300.367
300.369
300.371
300.38
300.376
300.368
300.368
300.368
300.368
300.369
300.369
300.37
300.373
300.379
300.377
300.376
300.375
300.375
300.375
300.375
300.375
300.376
300.378
300.388
300.383
300.376
300.375
300.375
300.376
300.376
300.378
300.38
300.384
300.387
300.382
300.382
300.381
300.38
300.38
300.38
300.38
300.38
300.382
300.393
300.387
300.38
300.379
300.38
300.38
300.381
300.383
300.385
300.387
300.387
300.393
300.389
300.386
300.385
300.384
300.384
300.383
300.384
300.386
300.397
300.391
300.384
300.383
300.383
300.383
300.384
300.385
300.387
300.388
300.387
300.394
300.392
300.389
300.388
300.387
300.386
300.386
300.386
300.388
300.4
300.394
300.386
300.385
300.385
300.385
300.386
300.386
300.388
300.389
300.387
300.393
300.393
300.392
300.39
300.39
300.389
300.389
300.389
300.391
300.402
300.396
300.388
300.387
300.387
300.387
300.388
300.388
300.389
300.39
300.386
300.391
300.394
300.392
300.392
300.391
300.391
300.391
300.391
300.395
300.407
300.4
300.391
300.389
300.389
300.389
300.389
300.389
300.389
300.39
300.386
300.39
300.396
300.397
300.397
300.398
300.4
300.402
300.406
300.413
300.428
300.419
300.408
300.403
300.4
300.397
300.396
300.395
300.394
300.392
300.385
300.385
300.39
300.395
300.399
300.404
300.41
300.417
300.425
300.435
300.45
300.437
300.427
300.418
300.411
300.405
300.4
300.395
300.39
300.386
300.381
300.345
300.352
300.356
300.357
300.355
300.352
300.348
300.35
300.353
300.353
300.352
300.355
300.359
300.362
300.364
300.366
300.367
300.368
300.369
300.369
300.367
300.366
300.367
300.367
300.367
300.366
300.366
300.367
300.37
300.371
300.369
300.368
300.369
300.37
300.372
300.373
300.374
300.375
300.377
300.382
300.375
300.374
300.374
300.375
300.374
300.373
300.373
300.374
300.377
300.378
300.376
300.375
300.375
300.376
300.377
300.378
300.379
300.381
300.384
300.387
300.384
300.381
300.38
300.38
300.379
300.379
300.378
300.379
300.38
300.382
300.381
300.379
300.379
300.379
300.38
300.381
300.383
300.385
300.387
300.387
300.393
300.389
300.386
300.384
300.383
300.383
300.382
300.382
300.383
300.385
300.384
300.383
300.382
300.382
300.383
300.383
300.385
300.386
300.388
300.386
300.393
300.392
300.389
300.387
300.386
300.386
300.385
300.385
300.385
300.387
300.386
300.385
300.384
300.384
300.384
300.385
300.386
300.387
300.388
300.386
300.392
300.393
300.392
300.39
300.389
300.389
300.388
300.388
300.388
300.389
300.388
300.387
300.386
300.386
300.386
300.387
300.388
300.389
300.389
300.386
300.391
300.394
300.392
300.391
300.391
300.391
300.39
300.39
300.39
300.392
300.391
300.389
300.388
300.388
300.388
300.388
300.389
300.389
300.39
300.385
300.389
300.396
300.397
300.397
300.398
300.399
300.401
300.403
300.405
300.409
300.406
300.403
300.401
300.398
300.397
300.395
300.394
300.394
300.391
300.384
300.384
300.389
300.393
300.397
300.401
300.406
300.412
300.418
300.424
300.432
300.424
300.418
300.413
300.407
300.402
300.397
300.393
300.389
300.385
300.38
300.365
300.367
300.368
300.367
300.365
300.361
300.352
300.349
300.353
300.352
300.351
300.357
300.362
300.365
300.367
300.369
300.37
300.372
300.373
300.374
300.37
300.372
300.374
300.374
300.372
300.369
300.365
300.366
300.37
300.37
300.369
300.368
300.37
300.373
300.375
300.377
300.378
300.379
300.381
300.384
300.374
300.376
300.377
300.378
300.377
300.375
300.372
300.374
300.376
300.377
300.376
300.375
300.376
300.378
300.379
300.381
300.382
300.383
300.385
300.386
300.384
300.381
300.381
300.381
300.381
300.379
300.378
300.378
300.38
300.381
300.381
300.38
300.379
300.38
300.382
300.383
300.384
300.385
300.386
300.386
300.393
300.389
300.385
300.384
300.384
300.383
300.382
300.382
300.383
300.384
300.384
300.383
300.382
300.382
300.383
300.384
300.385
300.386
300.387
300.386
300.393
300.392
300.389
300.387
300.386
300.386
300.385
300.385
300.385
300.386
300.386
300.385
300.384
300.384
300.385
300.385
300.386
300.387
300.388
300.386
300.391
300.393
300.392
300.39
300.389
300.388
300.388
300.387
300.387
300.388
300.388
300.387
300.386
300.386
300.386
300.386
300.387
300.388
300.389
300.385
300.39
300.394
300.392
300.391
300.391
300.39
300.39
300.389
300.389
300.389
300.389
300.389
300.388
300.388
300.387
300.388
300.388
300.388
300.389
300.385
300.388
300.395
300.396
300.396
300.397
300.398
300.399
300.4
300.401
300.401
300.4
300.4
300.398
300.397
300.395
300.394
300.393
300.393
300.39
300.383
300.383
300.387
300.391
300.395
300.398
300.403
300.407
300.411
300.416
300.419
300.415
300.411
300.407
300.403
300.399
300.395
300.391
300.387
300.383
300.379
300.373
300.374
300.373
300.372
300.371
300.367
300.355
300.348
300.353
300.351
300.351
300.359
300.364
300.367
300.37
300.371
300.372
300.373
300.375
300.376
300.378
300.379
300.38
300.379
300.377
300.374
300.366
300.366
300.37
300.37
300.368
300.368
300.372
300.375
300.378
300.379
300.38
300.381
300.382
300.383
300.378
300.381
300.383
300.383
300.382
300.378
300.373
300.374
300.377
300.378
300.377
300.376
300.377
300.379
300.382
300.383
300.384
300.384
300.385
300.385
300.385
300.384
300.384
300.385
300.384
300.382
300.378
300.379
300.381
300.382
300.381
300.38
300.38
300.382
300.383
300.384
300.385
300.385
300.386
300.385
300.393
300.389
300.387
300.387
300.386
300.385
300.382
300.382
300.383
300.384
300.384
300.383
300.383
300.383
300.384
300.385
300.386
300.386
300.387
300.385
300.392
300.392
300.39
300.388
300.388
300.387
300.385
300.385
300.385
300.386
300.386
300.385
300.384
300.385
300.385
300.386
300.386
300.387
300.387
300.385
300.391
300.393
300.392
300.39
300.389
300.389
300.388
300.387
300.387
300.388
300.388
300.387
300.386
300.386
300.386
300.387
300.387
300.388
300.388
300.384
300.389
300.394
300.392
300.391
300.391
300.39
300.39
300.389
300.389
300.389
300.389
300.389
300.388
300.387
300.387
300.387
300.388
300.388
300.388
300.383
300.387
300.393
300.395
300.395
300.395
300.396
300.397
300.398
300.398
300.398
300.398
300.397
300.397
300.395
300.393
300.392
300.391
300.391
300.388
300.382
300.382
300.386
300.389
300.392
300.395
300.398
300.402
300.405
300.408
300.41
300.407
300.405
300.402
300.399
300.395
300.392
300.388
300.385
300.381
300.377
300.377
300.376
300.376
300.375
300.374
300.371
300.358
300.349
300.352
300.351
300.352
300.36
300.366
300.369
300.371
300.372
300.373
300.374
300.375
300.376
300.383
300.383
300.383
300.383
300.381
300.377
300.368
300.366
300.37
300.37
300.368
300.369
300.373
300.377
300.379
300.38
300.381
300.381
300.382
300.382
300.383
300.386
300.387
300.387
300.385
300.381
300.375
300.374
300.378
300.379
300.378
300.376
300.378
300.381
300.383
300.384
300.384
300.384
300.384
300.384
300.389
300.388
300.388
300.388
300.387
300.384
300.38
300.38
300.382
300.382
300.382
300.381
300.381
300.383
300.384
300.385
300.385
300.385
300.385
300.384
300.392
300.391
300.39
300.389
300.388
300.387
300.384
300.383
300.384
300.385
300.385
300.384
300.383
300.384
300.385
300.386
300.386
300.386
300.386
300.384
300.391
300.392
300.391
300.39
300.39
300.388
300.386
300.386
300.386
300.386
300.386
300.386
300.385
300.385
300.386
300.386
300.387
300.387
300.386
300.383
300.389
300.393
300.392
300.391
300.391
300.39
300.388
300.388
300.388
300.388
300.388
300.388
300.387
300.386
300.387
300.387
300.387
300.388
300.387
300.383
300.388
300.393
300.392
300.392
300.391
300.391
300.39
300.389
300.389
300.389
300.389
300.389
300.388
300.388
300.387
300.388
300.388
300.388
300.387
300.382
300.385
300.392
300.395
300.394
300.394
300.395
300.395
300.396
300.396
300.396
300.396
300.396
300.395
300.394
300.392
300.391
300.39
300.389
300.386
300.38
300.38
300.384
300.387
300.389
300.392
300.395
300.397
300.4
300.402
300.403
300.401
300.4
300.397
300.395
300.392
300.389
300.386
300.383
300.379
300.376
300.379
300.378
300.378
300.377
300.376
300.373
300.363
300.348
300.351
300.35
300.353
300.361
300.367
300.37
300.372
300.373
300.374
300.375
300.375
300.376
300.386
300.385
300.385
300.385
300.383
300.379
300.37
300.365
300.37
300.37
300.368
300.369
300.374
300.378
300.38
300.381
300.381
300.38
300.38
300.38
300.39
300.389
300.389
300.388
300.387
300.384
300.376
300.376
300.379
300.38
300.379
300.378
300.379
300.382
300.384
300.384
300.383
300.383
300.382
300.382
300.391
300.39
300.39
300.389
300.388
300.386
300.382
300.381
300.383
300.384
300.383
300.383
300.383
300.384
300.385
300.385
300.384
300.384
300.383
300.382
300.391
300.391
300.391
300.39
300.39
300.388
300.386
300.385
300.386
300.386
300.386
300.385
300.385
300.385
300.386
300.386
300.385
300.385
300.384
300.382
300.39
300.392
300.392
300.391
300.391
300.39
300.388
300.387
300.387
300.387
300.387
300.386
300.386
300.386
300.386
300.387
300.386
300.386
300.385
300.381
300.388
300.392
300.392
300.392
300.392
300.391
300.39
300.389
300.389
300.389
300.389
300.388
300.388
300.387
300.387
300.387
300.387
300.387
300.385
300.381
300.386
300.392
300.392
300.392
300.392
300.391
300.39
300.39
300.39
300.389
300.389
300.389
300.389
300.388
300.388
300.388
300.387
300.387
300.385
300.38
300.384
300.39
300.394
300.394
300.394
300.394
300.394
300.394
300.395
300.395
300.395
300.395
300.394
300.393
300.391
300.39
300.389
300.387
300.384
300.378
300.378
300.381
300.384
300.386
300.389
300.391
300.393
300.395
300.396
300.397
300.396
300.395
300.393
300.391
300.388
300.386
300.383
300.38
300.377
300.374
300.38
300.38
300.38
300.379
300.378
300.376
300.367
300.348
300.349
300.349
300.353
300.362
300.368
300.372
300.373
300.374
300.375
300.375
300.374
300.374
300.386
300.386
300.385
300.385
300.385
300.381
300.372
300.366
300.369
300.37
300.369
300.37
300.375
300.379
300.381
300.381
300.38
300.379
300.378
300.378
300.389
300.389
300.388
300.388
300.388
300.385
300.379
300.378
300.381
300.381
300.381
300.38
300.381
300.383
300.384
300.384
300.383
300.381
300.38
300.379
300.389
300.39
300.389
300.389
300.388
300.387
300.384
300.384
300.385
300.385
300.385
300.385
300.385
300.385
300.385
300.385
300.384
300.382
300.381
300.379
300.389
300.39
300.39
300.39
300.39
300.389
300.387
300.387
300.387
300.387
300.387
300.387
300.386
300.386
300.386
300.386
300.385
300.383
300.381
300.379
300.387
300.39
300.391
300.391
300.391
300.39
300.389
300.389
300.389
300.389
300.388
300.388
300.387
300.387
300.387
300.387
300.386
300.384
300.382
300.379
300.386
300.39
300.391
300.391
300.391
300.391
300.39
300.39
300.39
300.39
300.39
300.389
300.389
300.388
300.388
300.388
300.387
300.385
300.382
300.378
300.384
300.389
300.391
300.391
300.391
300.391
300.391
300.39
300.39
300.39
300.39
300.389
300.389
300.388
300.388
300.388
300.387
300.385
300.382
300.377
300.381
300.387
300.391
300.392
300.393
300.393
300.394
300.394
300.394
300.394
300.394
300.394
300.394
300.393
300.391
300.389
300.387
300.385
300.381
300.375
300.376
300.379
300.381
300.383
300.385
300.387
300.389
300.391
300.392
300.392
300.391
300.39
300.389
300.387
300.385
300.383
300.38
300.378
300.375
300.372
300.38
300.38
300.38
300.38
300.379
300.377
300.369
300.348
300.347
300.348
300.352
300.361
300.369
300.373
300.375
300.375
300.375
300.374
300.374
300.373
300.384
300.384
300.384
300.384
300.385
300.383
300.372
300.366
300.371
300.372
300.372
300.373
300.377
300.381
300.382
300.382
300.38
300.378
300.376
300.374
300.386
300.385
300.385
300.386
300.387
300.387
300.381
300.382
300.384
300.384
300.384
300.384
300.384
300.385
300.385
300.384
300.382
300.38
300.377
300.375
300.386
300.386
300.386
300.387
300.387
300.388
300.386
300.387
300.387
300.387
300.387
300.387
300.387
300.386
300.386
300.385
300.383
300.381
300.377
300.375
300.385
300.386
300.387
300.387
300.388
300.389
300.389
300.388
300.388
300.388
300.388
300.388
300.388
300.387
300.387
300.386
300.384
300.381
300.378
300.375
300.383
300.386
300.387
300.388
300.389
300.389
300.389
300.389
300.389
300.389
300.389
300.389
300.388
300.388
300.387
300.386
300.385
300.382
300.378
300.375
300.382
300.385
300.387
300.389
300.389
300.39
300.39
300.39
300.39
300.39
300.39
300.39
300.389
300.389
300.388
300.387
300.385
300.382
300.378
300.374
300.38
300.384
300.387
300.388
300.39
300.39
300.39
300.391
300.391
300.391
300.39
300.39
300.39
300.389
300.388
300.387
300.385
300.382
300.378
300.373
300.378
300.382
300.385
300.387
300.389
300.39
300.391
300.391
300.392
300.392
300.392
300.392
300.391
300.39
300.388
300.386
300.384
300.381
300.377
300.372
300.374
300.376
300.378
300.38
300.382
300.383
300.385
300.386
300.387
300.387
300.387
300.386
300.385
300.383
300.381
300.379
300.377
300.375
300.372
300.369
300.379
300.379
300.38
300.38
300.381
300.378
300.366
300.345
300.344
300.344
300.345
300.356
300.369
300.374
300.376
300.376
300.376
300.374
300.373
300.371
300.38
300.38
300.381
300.383
300.385
300.384
300.371
300.37
300.374
300.376
300.378
300.379
300.382
300.384
300.383
300.382
300.38
300.378
300.374
300.371
300.379
300.38
300.381
300.383
300.385
300.387
300.386
300.386
300.387
300.387
300.387
300.387
300.387
300.386
300.385
300.384
300.382
300.379
300.375
300.371
300.379
300.379
300.381
300.383
300.385
300.387
300.388
300.388
300.388
300.388
300.387
300.387
300.387
300.386
300.385
300.384
300.382
300.379
300.375
300.371
300.378
300.379
300.381
300.383
300.385
300.386
300.387
300.387
300.388
300.387
300.387
300.387
300.386
300.386
300.385
300.384
300.382
300.379
300.375
300.37
300.377
300.378
300.38
300.383
300.385
300.386
300.387
300.387
300.387
300.387
300.387
300.387
300.386
300.386
300.385
300.383
300.381
300.379
300.375
300.37
300.376
300.378
300.38
300.383
300.384
300.385
300.386
300.387
300.387
300.387
300.387
300.386
300.386
300.385
300.384
300.383
300.381
300.378
300.374
300.37
300.375
300.377
300.38
300.382
300.383
300.385
300.385
300.386
300.386
300.386
300.386
300.386
300.385
300.385
300.383
300.382
300.38
300.377
300.373
300.369
300.373
300.376
300.378
300.38
300.382
300.383
300.384
300.385
300.385
300.385
300.385
300.385
300.384
300.383
300.382
300.38
300.378
300.375
300.372
300.368
300.371
300.372
300.374
300.376
300.378
300.379
300.38
300.381
300.382
300.381
300.381
300.381
300.38
300.379
300.377
300.376
300.374
300.372
300.369
300.366
)
;

boundaryField
{
    floor
    {
        type            fixedValue;
        value           nonuniform List<scalar> 
400
(
300
300
300
300
300
300
300
300
300
300
300
300
300
300
300
300
300
300
300
300
300
300
300
300
300
300
300
300
300
300
300
300
300
300
300
300
300
300
300
300
300
300
300
300
300
300
300
300
300
300
300
300
300
300
300
300
300
300
300
300
300
300
300
300
300
300
300
300
300
300
300
300
300
300
300
300
300
300
300
300
300
300
300
300
300
300
300
300
300
300
300
300
300
300
300
300
300
300
300
300
300
300
300
300
300
300
300
300
300
300
300
300
300
300
300
300
300
300
300
300
300
300
300
300
300
300
300
300
300
300
300
300
300
300
300
300
300
300
300
300
300
300
300
300
300
300
300
300
300
300
300
300
300
300
300
300
300
300
300
300
300
300
300
300
300
300
300
300
300
300
300
300
300
300
300
300
300
300
300
300
300
300
300
300
300
300
300
300
300
600
600
300
300
300
300
300
300
300
300
300
300
300
300
300
300
300
300
300
300
600
600
300
300
300
300
300
300
300
300
300
300
300
300
300
300
300
300
300
300
300
300
300
300
300
300
300
300
300
300
300
300
300
300
300
300
300
300
300
300
300
300
300
300
300
300
300
300
300
300
300
300
300
300
300
300
300
300
300
300
300
300
300
300
300
300
300
300
300
300
300
300
300
300
300
300
300
300
300
300
300
300
300
300
300
300
300
300
300
300
300
300
300
300
300
300
300
300
300
300
300
300
300
300
300
300
300
300
300
300
300
300
300
300
300
300
300
300
300
300
300
300
300
300
300
300
300
300
300
300
300
300
300
300
300
300
300
300
300
300
300
300
300
300
300
300
300
300
300
300
300
300
300
300
300
300
300
300
300
300
300
300
300
300
300
300
300
300
300
300
300
300
300
300
300
300
300
300
300
300
300
300
300
300
300
300
300
300
300
300
300
)
;
    }
    ceiling
    {
        type            fixedValue;
        value           uniform 300;
    }
    fixedWalls
    {
        type            zeroGradient;
    }
}


// ************************************************************************* //
