/*--------------------------------*- C++ -*----------------------------------*\
  =========                 |
  \\      /  F ield         | OpenFOAM: The Open Source CFD Toolbox
   \\    /   O peration     | Website:  https://openfoam.org
    \\  /    A nd           | Version:  8
     \\/     M anipulation  |
\*---------------------------------------------------------------------------*/
FoamFile
{
    version     2.0;
    format      ascii;
    class       volScalarField;
    location    "1200";
    object      nut;
}
// * * * * * * * * * * * * * * * * * * * * * * * * * * * * * * * * * * * * * //

dimensions      [0 2 -1 0 0 0 0];

internalField   nonuniform List<scalar> 
4000
(
0.000356144
0.000348996
0.000337467
0.000322888
0.000305568
0.000239194
0.00014965
0.00013062
0.000124718
0.00012185
0.000120577
0.00011969
0.000127924
0.000186834
0.000265063
0.000287989
0.000299223
0.000307753
0.000317595
0.000326876
0.000370174
0.000361971
0.000342808
0.000313542
0.000287721
0.000245546
0.00017036
0.000149165
0.000145213
0.000144227
0.000144357
0.000146535
0.000164065
0.000200976
0.000244425
0.000264035
0.000279663
0.000303217
0.000325755
0.000340512
0.00037815
0.000372972
0.000353642
0.000319344
0.000269184
0.00024527
0.000207792
0.000189214
0.000163942
0.000151393
0.000155414
0.000161457
0.000178692
0.000196722
0.000219471
0.000237008
0.000264488
0.000308098
0.000335532
0.000348151
0.000382439
0.000381401
0.000367231
0.000342882
0.00031112
0.000261371
0.00026718
0.000257012
0.000221122
0.000198765
0.000211587
0.000228869
0.00024294
0.000254857
0.000264427
0.000281528
0.000302579
0.00032646
0.000345481
0.000352175
0.000385542
0.000389242
0.000383577
0.000372099
0.000356833
0.000341707
0.000333315
0.000319575
0.00029713
0.000288091
0.000293305
0.000301453
0.000309383
0.000316618
0.000323483
0.000331113
0.000340221
0.000349985
0.000356964
0.000355462
0.000388481
0.000397177
0.000398862
0.00039667
0.000392211
0.000385556
0.000378754
0.000368329
0.00035108
0.000342277
0.000344438
0.000349286
0.000354424
0.000359052
0.000362917
0.000366027
0.000368198
0.000369144
0.000367114
0.000358179
0.000391664
0.000405273
0.000413108
0.000417507
0.000419786
0.000419261
0.000415188
0.000406776
0.000391946
0.000381923
0.000382251
0.000385335
0.000388811
0.000391629
0.000393048
0.00039259
0.00038981
0.000384599
0.000375858
0.000360451
0.00039557
0.000414401
0.000427674
0.000437298
0.000444271
0.000447917
0.000446986
0.000440568
0.000426963
0.000415225
0.000414348
0.000416266
0.000418492
0.000419738
0.000418987
0.000415432
0.000408507
0.000398364
0.000384161
0.000362822
0.000401052
0.000425759
0.000444382
0.000458047
0.000468126
0.000474642
0.000476852
0.000472926
0.000461536
0.000447864
0.000446004
0.000446846
0.000447636
0.000447005
0.000443832
0.000437261
0.000426969
0.000412978
0.000393745
0.000366464
0.000409064
0.000437981
0.000460427
0.000476385
0.000488355
0.000496927
0.000502189
0.000503526
0.000500384
0.00048976
0.000485376
0.00048141
0.000476685
0.000470805
0.000463405
0.000453983
0.000441887
0.000426086
0.000403816
0.000372409
0.000348996
0.000353236
0.000345598
0.00033054
0.00031188
0.000264001
0.000169592
0.000152588
0.000148115
0.000145116
0.000145468
0.000147662
0.000159992
0.000219785
0.000277004
0.000299303
0.000312324
0.000323089
0.000332332
0.000330355
0.000361971
0.000489141
0.000508756
0.000469413
0.000402803
0.000333935
0.000257377
0.000269738
0.000310633
0.000342068
0.00033771
0.000287973
0.000253701
0.000269421
0.000321757
0.000374085
0.000412822
0.000445955
0.000460612
0.000345
0.000372972
0.000550615
0.000596467
0.000557664
0.000446731
0.000355679
0.000304424
0.000291696
0.000310698
0.000372819
0.000396144
0.000340072
0.000296187
0.00029757
0.000321888
0.000356916
0.000410116
0.00049518
0.000523915
0.000353654
0.000381401
0.00059388
0.000665385
0.000630983
0.000491581
0.000383495
0.000346477
0.000314721
0.00029011
0.00028455
0.000291676
0.000288485
0.000293542
0.000311483
0.00033561
0.000361859
0.000425382
0.00054749
0.000573703
0.000358598
0.000389242
0.000623392
0.000715347
0.000707669
0.000573931
0.00045232
0.000405668
0.000359863
0.000313895
0.000290863
0.000292528
0.000302144
0.00031769
0.000341319
0.000370451
0.000415587
0.000503483
0.000595812
0.000601091
0.000362393
0.000397177
0.000638885
0.000744049
0.000776029
0.000729845
0.000589004
0.000522886
0.000455648
0.000388345
0.000357065
0.000360437
0.000376891
0.000400545
0.00043301
0.000484828
0.000549862
0.000608906
0.000644153
0.000604326
0.000366075
0.000405273
0.000642819
0.000751538
0.000820003
0.000864731
0.000845189
0.000780988
0.000683593
0.000571486
0.00051805
0.000526902
0.000572507
0.000625198
0.00067283
0.000700805
0.000711325
0.000702726
0.000672356
0.000596262
0.000369947
0.000414401
0.000633408
0.00072898
0.000807069
0.000869552
0.000893691
0.000874668
0.000832318
0.000780294
0.000749566
0.000737454
0.00074241
0.000758642
0.000775255
0.000781121
0.000768492
0.00073029
0.000668932
0.000578514
0.00037523
0.000425759
0.000592657
0.000680854
0.000754833
0.000809022
0.00083589
0.0008383
0.000809809
0.000758054
0.000715593
0.000699652
0.000716205
0.000742802
0.000763302
0.000764518
0.000739405
0.000688615
0.000620893
0.00054298
0.000382622
0.000437981
0.00046916
0.000494114
0.000513163
0.000528761
0.000541071
0.00054952
0.000552619
0.000549559
0.000538326
0.000531191
0.000524993
0.000517871
0.000509293
0.000498812
0.000485901
0.000470089
0.000450679
0.000424994
0.000390455
0.000337467
0.000345598
0.000340724
0.000327853
0.000310781
0.00027214
0.000180611
0.000160857
0.000159747
0.000158493
0.000160891
0.000163846
0.000176482
0.000235531
0.000283349
0.000304637
0.000317949
0.000328783
0.000335897
0.000328521
0.000342808
0.000508756
0.000551945
0.000517147
0.000436817
0.000356217
0.000279235
0.000294724
0.000362091
0.000421037
0.000419435
0.000353463
0.000296626
0.000304343
0.000362119
0.000430524
0.00048383
0.000515669
0.000507294
0.000342271
0.000353642
0.000596467
0.000675645
0.000651847
0.000536772
0.000411005
0.000342366
0.00034065
0.000376631
0.000462908
0.000489235
0.00041679
0.000364839
0.000352978
0.000384019
0.000448374
0.00052407
0.0006023
0.000596818
0.000351832
0.000367231
0.000665385
0.000771375
0.00074977
0.000607322
0.000462426
0.000396115
0.000369397
0.000360661
0.000382395
0.000442268
0.000413939
0.000371745
0.000369591
0.000392232
0.000438639
0.00053876
0.000680253
0.00066952
0.000358115
0.000383577
0.000715347
0.000837356
0.000826111
0.00067305
0.000513169
0.000438405
0.000392192
0.000354758
0.00033604
0.000340052
0.000340532
0.000342037
0.0003601
0.000388675
0.00043759
0.00056708
0.0007364
0.000715496
0.000363293
0.000398862
0.000744049
0.000876072
0.000883053
0.000760598
0.000594267
0.00050854
0.000447338
0.000390489
0.000354673
0.000349744
0.000358638
0.000372553
0.000399278
0.000439967
0.000502274
0.000623964
0.000767605
0.000729409
0.000368621
0.000413108
0.000751538
0.000890185
0.00092635
0.000856128
0.000735851
0.000656842
0.000587948
0.000512345
0.000462728
0.000460442
0.000484226
0.00051297
0.000544585
0.000577171
0.000620393
0.000700801
0.000776484
0.000712717
0.000375426
0.000427674
0.00072898
0.000890547
0.000993997
0.00100298
0.000941052
0.0008816
0.00081051
0.000722169
0.00066097
0.000660953
0.000698411
0.000743963
0.000783227
0.000807916
0.000821591
0.000826176
0.000779678
0.000671148
0.000384535
0.000444382
0.000680854
0.000869718
0.00103401
0.00113562
0.00115077
0.00113861
0.00107212
0.000963125
0.000881756
0.000888728
0.000943727
0.0010075
0.00105546
0.00106332
0.0010195
0.000929372
0.000787423
0.000626533
0.000396136
0.000460427
0.000494114
0.000521035
0.000542568
0.000561233
0.000577057
0.000588657
0.000593776
0.000591124
0.000579608
0.000569543
0.000561397
0.000552213
0.000541252
0.000527996
0.00051199
0.000493064
0.000470932
0.000443124
0.000406799
0.000322888
0.00033054
0.000327853
0.00031847
0.000302655
0.000265366
0.000182527
0.000164508
0.000166975
0.000168311
0.000172246
0.00017429
0.000183106
0.000239435
0.000283312
0.000303603
0.00031615
0.000325655
0.000330294
0.000320702
0.000313542
0.000469413
0.000517147
0.000483952
0.0004179
0.000345925
0.000281903
0.000307214
0.000404645
0.000491522
0.000492726
0.000404135
0.000322915
0.000320733
0.000378036
0.000451875
0.00051322
0.000536108
0.000509546
0.000330453
0.000319344
0.000557664
0.000651847
0.000632859
0.000530068
0.000413588
0.000353809
0.000364323
0.000421597
0.000543938
0.000583063
0.00049247
0.000410318
0.00038892
0.000426711
0.00050979
0.000593378
0.000649737
0.000617662
0.000341196
0.000342882
0.000630983
0.00074977
0.00074254
0.00062682
0.000488463
0.00042222
0.000409779
0.000425095
0.00049169
0.000597335
0.000534996
0.000450361
0.000428845
0.00045402
0.00052783
0.000643492
0.000749505
0.000713295
0.000350859
0.000372099
0.000707669
0.000826111
0.000823996
0.000703314
0.000556644
0.000479179
0.000442168
0.000422167
0.000433249
0.000477489
0.000464425
0.000419052
0.000421392
0.000451022
0.000517587
0.000659312
0.000816896
0.000783471
0.000360161
0.00039667
0.000776029
0.000883053
0.000880556
0.000771387
0.000627151
0.000541286
0.000488175
0.000448309
0.00043269
0.000446202
0.000445176
0.000424513
0.000432465
0.000463478
0.000525933
0.000674044
0.00085497
0.000819751
0.000369337
0.000417507
0.000820003
0.00092635
0.000935104
0.000852905
0.000737454
0.000661349
0.000606984
0.000557872
0.000529522
0.000539059
0.000554648
0.000554169
0.000556174
0.000567076
0.000604055
0.000719589
0.000863717
0.000809372
0.000379263
0.000437298
0.000807069
0.000993997
0.00104436
0.00100997
0.000949058
0.000899884
0.000846224
0.000774892
0.000719437
0.000723026
0.000759106
0.000795295
0.00081893
0.000822417
0.000821082
0.000860445
0.000868779
0.00074584
0.000391307
0.000458047
0.000754833
0.00103401
0.00118254
0.0012286
0.00126077
0.00126695
0.00120454
0.00108931
0.000992776
0.000991913
0.001051
0.00112365
0.00117562
0.00118144
0.00113616
0.00107952
0.000926362
0.000690463
0.000405978
0.000476385
0.000513163
0.000542568
0.000567213
0.00059
0.000609974
0.000625267
0.000633774
0.00063483
0.000626475
0.000610385
0.000597688
0.000584876
0.000570722
0.000554233
0.000534521
0.00051178
0.000486693
0.000456639
0.000418346
0.000305568
0.00031188
0.000310781
0.000302655
0.000286526
0.000242774
0.000173867
0.000166227
0.000171499
0.000177037
0.000180918
0.000180143
0.000183772
0.000233204
0.000277279
0.000297022
0.0003085
0.000315716
0.000317966
0.000307866
0.000287721
0.000402803
0.000436817
0.0004179
0.000372213
0.000315986
0.000281546
0.000324004
0.00045557
0.000567823
0.000552134
0.000435191
0.000338518
0.000323534
0.000371509
0.000439693
0.000496583
0.000515992
0.00048008
0.000310532
0.000269184
0.000446731
0.000536772
0.000530068
0.000458394
0.000382375
0.00035536
0.000384464
0.000474641
0.000646933
0.000670144
0.00053559
0.000435781
0.000408047
0.000442465
0.000525703
0.000604252
0.000642634
0.000596598
0.000323442
0.00031112
0.000491581
0.000607322
0.00062682
0.000553012
0.000462107
0.000427556
0.000437178
0.000488226
0.000616912
0.00072775
0.000609075
0.000502119
0.000472217
0.000498834
0.000583026
0.000692133
0.000767237
0.000718499
0.000340023
0.000356833
0.000573931
0.00067305
0.000703314
0.000637986
0.00054373
0.000496209
0.000482208
0.000496652
0.000569322
0.000674546
0.000619592
0.000509086
0.000491671
0.00052187
0.000600668
0.00073338
0.00085473
0.000822713
0.000355179
0.000392211
0.000729845
0.000760598
0.000771387
0.000714497
0.00062575
0.000568408
0.000536258
0.000529707
0.00057137
0.000643359
0.000625946
0.000528179
0.000505107
0.000532763
0.000601421
0.000742412
0.000906078
0.000894083
0.000368303
0.000419786
0.000864731
0.000856128
0.000852905
0.000812355
0.000744481
0.000692295
0.000655379
0.000637624
0.000657421
0.000709118
0.000717533
0.000656875
0.000620372
0.000618137
0.000652729
0.00077036
0.000933413
0.000890921
0.000381324
0.000444271
0.000869552
0.00100298
0.00100997
0.000992784
0.000960279
0.000929053
0.000885359
0.000826077
0.000790118
0.00080905
0.000835127
0.000851064
0.000859072
0.000849916
0.000841452
0.000892323
0.000944569
0.000806556
0.000395382
0.000468126
0.000809022
0.00113562
0.0012286
0.00130326
0.00135957
0.00136852
0.00128639
0.00115005
0.00104302
0.00103869
0.00109945
0.00118684
0.00125377
0.00126033
0.00119807
0.00112281
0.0010122
0.000735062
0.00041234
0.000488355
0.000528761
0.000561233
0.00059
0.000617191
0.000641095
0.000660387
0.000673645
0.000680388
0.000677499
0.000654291
0.000635256
0.000617227
0.000598696
0.000578208
0.000554598
0.000528016
0.000499498
0.000467009
0.00042649
0.000239194
0.000264001
0.00027214
0.000265366
0.000242774
0.000186598
0.000160898
0.000166471
0.000175829
0.000186602
0.000187506
0.000182803
0.000182128
0.000216723
0.000265467
0.000285479
0.000296097
0.000301026
0.000300531
0.000290656
0.000245546
0.000333935
0.000356217
0.000345925
0.000315986
0.000284801
0.000295404
0.000352169
0.000513786
0.000619997
0.000577774
0.000447542
0.00034835
0.000320899
0.000349123
0.000404408
0.000449166
0.000463993
0.000422045
0.00028282
0.00024527
0.000355679
0.000411005
0.000413588
0.000382375
0.00035658
0.000363423
0.000412578
0.000550012
0.000719345
0.000697295
0.00054669
0.000444048
0.000413104
0.000431084
0.000495647
0.000554779
0.000571713
0.000518303
0.000300924
0.000261371
0.000383495
0.000462426
0.000488463
0.000462107
0.000432417
0.000432848
0.000469297
0.000568812
0.000724783
0.000775588
0.000634456
0.000524371
0.000493005
0.000510911
0.000579601
0.000661338
0.000707037
0.000657223
0.000327586
0.000341707
0.00045232
0.000513169
0.000556644
0.00054373
0.00051252
0.000502413
0.000519941
0.000586228
0.000701164
0.000793379
0.000694982
0.00056657
0.000540141
0.00056616
0.000637347
0.000742978
0.000829281
0.000810589
0.000348545
0.000385556
0.000589004
0.000594267
0.000627151
0.00062575
0.000598557
0.000579594
0.000581786
0.000625445
0.000709183
0.000797479
0.000743923
0.00061097
0.000572273
0.000599061
0.000666427
0.000783823
0.000910766
0.000938095
0.000365466
0.000419261
0.000845189
0.000735851
0.000737454
0.000744481
0.000728561
0.000709527
0.000702271
0.000722941
0.000778591
0.000850923
0.000825446
0.000726657
0.00067662
0.000679006
0.000720296
0.000822495
0.000962368
0.000947733
0.000381083
0.000447917
0.000893691
0.000941052
0.000949058
0.000960279
0.000961252
0.00095124
0.000922521
0.000883958
0.000877239
0.000902761
0.000891648
0.000877184
0.000878201
0.000873264
0.000873327
0.000927792
0.000986272
0.000849093
0.000396273
0.000474642
0.00083589
0.00115077
0.00126077
0.00135957
0.00142115
0.00140634
0.00130437
0.00117715
0.0010917
0.0010758
0.00110888
0.00120072
0.0012831
0.00129792
0.00123197
0.00114545
0.00105413
0.000754141
0.000414602
0.000496927
0.000541071
0.000577057
0.000609974
0.000641095
0.000669113
0.000693615
0.000714334
0.000730852
0.000737301
0.000704734
0.000675771
0.000649833
0.000625115
0.000599519
0.000571472
0.000540973
0.000509093
0.000474224
0.000431558
0.00014965
0.000169592
0.000180611
0.000182527
0.000173867
0.000160898
0.000160739
0.000165971
0.000182589
0.000198441
0.000193951
0.000184794
0.000181561
0.000194229
0.000246421
0.000268669
0.000279023
0.00028246
0.000279662
0.00026996
0.00017036
0.000257377
0.000279235
0.000281903
0.000281546
0.000295404
0.000320541
0.000406375
0.000558194
0.000627152
0.000570572
0.00045051
0.000357605
0.000324028
0.000322137
0.000358119
0.000386012
0.000387442
0.000346446
0.00023801
0.000207792
0.000304424
0.000342366
0.000353809
0.00035536
0.000363423
0.000391474
0.000468275
0.000618259
0.000709909
0.00066079
0.00053927
0.000445922
0.000412362
0.000405967
0.000436365
0.000462754
0.000449766
0.000387338
0.000277759
0.00026718
0.000346477
0.000396115
0.00042222
0.000427556
0.000432848
0.000458635
0.000527963
0.000645903
0.000761525
0.000727556
0.000618785
0.000528428
0.000495898
0.000494124
0.000523664
0.000555639
0.000553708
0.000506356
0.000313481
0.000333315
0.000405668
0.000438405
0.000479179
0.000496209
0.000502413
0.000522861
0.000578988
0.000670414
0.000809953
0.000787124
0.000681747
0.000588329
0.000560159
0.000571689
0.000610064
0.000664525
0.000706661
0.000718862
0.000340124
0.000378754
0.000522886
0.00050854
0.000541286
0.000568408
0.000579594
0.000597016
0.000640234
0.000713647
0.000875852
0.000854298
0.000734543
0.000648548
0.000613267
0.00063283
0.000680496
0.000756388
0.000843263
0.000925125
0.000360477
0.000415188
0.000780988
0.000656842
0.000661349
0.000692295
0.000709527
0.000725522
0.000754205
0.000816687
0.00097936
0.000947423
0.000820862
0.000752984
0.000713404
0.000721819
0.000760804
0.000836546
0.000936667
0.000964196
0.00037793
0.000446986
0.000874668
0.0008816
0.000899884
0.000929053
0.00095124
0.000963723
0.00096953
0.000992499
0.00108392
0.00100783
0.000896915
0.000870431
0.000874851
0.000881896
0.000893906
0.000946506
0.000990147
0.000860058
0.000393818
0.000476852
0.0008383
0.00113861
0.00126695
0.00136852
0.00140634
0.00136383
0.00128316
0.00125089
0.00124266
0.00116485
0.0010997
0.00116801
0.00126131
0.00129017
0.0012318
0.0011412
0.00103861
0.000746353
0.000413222
0.000502189
0.00054952
0.000588657
0.000625267
0.000660387
0.000693615
0.000725875
0.000758489
0.000791213
0.000811909
0.000766586
0.000721335
0.000683335
0.000650068
0.000618069
0.00058493
0.000550289
0.000515252
0.000478202
0.000433755
0.00013062
0.000152588
0.000160857
0.000164508
0.000166227
0.000166471
0.000165971
0.000173797
0.000193726
0.000211707
0.000204866
0.000192085
0.000184563
0.00018545
0.000216181
0.000244944
0.000255869
0.000257874
0.000252031
0.000236249
0.000149165
0.000269738
0.000294724
0.000307214
0.000324004
0.000352169
0.000406375
0.000483953
0.000582456
0.000589443
0.000534505
0.000467853
0.000386335
0.000335541
0.000307392
0.000314191
0.000325784
0.000316111
0.000275878
0.000208107
0.000189214
0.000291696
0.00034065
0.000364323
0.000384464
0.000412578
0.000468275
0.000552377
0.000663159
0.000708862
0.000633745
0.000533385
0.000468032
0.000422124
0.000390494
0.000382624
0.000379863
0.000356648
0.000319589
0.00025795
0.000257012
0.000314721
0.000369397
0.000409779
0.000437178
0.000469297
0.000527963
0.000606125
0.000751964
0.000877896
0.000756044
0.000583836
0.000540582
0.000499328
0.000473129
0.000460113
0.000448047
0.000422979
0.000405184
0.000300961
0.000319575
0.000359863
0.000392192
0.000442168
0.000482208
0.000519941
0.000578988
0.000652256
0.00086417
0.00108218
0.000892424
0.000628297
0.000596532
0.000567116
0.000554533
0.000550633
0.000551351
0.00055898
0.000591737
0.000330661
0.000368329
0.000455648
0.000447338
0.000488175
0.000536258
0.000581786
0.000640234
0.000715587
0.00100554
0.00128971
0.00102859
0.000688137
0.000653375
0.000635333
0.000634559
0.00064815
0.000675221
0.000731752
0.000857411
0.000352968
0.000406776
0.000683593
0.000587948
0.000606984
0.000655379
0.000702271
0.000754205
0.000844255
0.0011905
0.00145585
0.00117022
0.000791365
0.000748255
0.000737594
0.000738865
0.000759891
0.000800108
0.000866268
0.000935964
0.000371149
0.000440568
0.000832318
0.00081051
0.000846224
0.000885359
0.000922521
0.00096953
0.00107207
0.00136649
0.00152788
0.00128328
0.000912327
0.00084808
0.000856229
0.000871708
0.000890116
0.000930536
0.000956143
0.000836002
0.000387642
0.000472926
0.000809809
0.00107212
0.00120454
0.00128639
0.00130437
0.00128316
0.0013166
0.00147459
0.00154412
0.00138215
0.00112495
0.00110739
0.00119198
0.0012331
0.00119203
0.00110655
0.000996363
0.000716837
0.000408093
0.000503526
0.000552619
0.000593776
0.000633774
0.000673645
0.000714334
0.000758489
0.000809213
0.000865511
0.000901776
0.000843624
0.000773251
0.000717589
0.000672804
0.000632895
0.000594046
0.000555169
0.000517251
0.000478568
0.000433004
0.000124718
0.000148115
0.000159747
0.000166975
0.000171499
0.000175829
0.000182589
0.000193726
0.000203005
0.000223742
0.000218333
0.000211897
0.000199898
0.000188913
0.000193154
0.000208143
0.000222716
0.00022335
0.000211406
0.00019266
0.000145213
0.000310633
0.000362091
0.000404645
0.00045557
0.000513786
0.000558194
0.000582456
0.000605229
0.000669554
0.000625707
0.000531315
0.000478985
0.000393888
0.000334057
0.000297153
0.000285104
0.000273033
0.000248744
0.000190281
0.000163942
0.000310698
0.000376631
0.000421597
0.000474641
0.000550012
0.000618259
0.000663159
0.000784614
0.0010125
0.000863735
0.000604676
0.000534583
0.000469375
0.000408026
0.000367514
0.000340773
0.000317842
0.000296293
0.000247821
0.000221122
0.00029011
0.000360661
0.000425095
0.000488226
0.000568812
0.000645903
0.000751964
0.00100846
0.0013344
0.00107765
0.000698765
0.000563631
0.000530033
0.000474342
0.00043224
0.000395667
0.000368063
0.000365218
0.000292421
0.00029713
0.000313895
0.000354758
0.000422167
0.000496652
0.000586228
0.000670414
0.00086417
0.0012557
0.0015866
0.00127987
0.00080871
0.000587034
0.000587461
0.000544978
0.000509873
0.00048106
0.000480437
0.000529198
0.000321751
0.00035108
0.000388345
0.000390489
0.000448309
0.000529707
0.000625445
0.000713647
0.00100554
0.00151296
0.00177719
0.00146119
0.000928278
0.00062969
0.000660273
0.000630839
0.000611229
0.000605156
0.00064827
0.000780609
0.00034311
0.000391946
0.000571486
0.000512345
0.000557872
0.000637624
0.000722941
0.000816687
0.0011905
0.00174258
0.00189192
0.00160941
0.00104307
0.000724682
0.000765129
0.000748062
0.000741436
0.000749876
0.000794576
0.000882103
0.000360444
0.000426963
0.000780294
0.000722169
0.000774892
0.000826077
0.000883958
0.000992499
0.00136649
0.00183264
0.00191369
0.0017098
0.00112267
0.000828572
0.000839218
0.000853075
0.000867647
0.000891891
0.000902029
0.000792209
0.000376972
0.000461536
0.000758054
0.000963125
0.00108931
0.00115005
0.00117715
0.00125089
0.00147459
0.00179611
0.00184361
0.00172022
0.00125597
0.00106749
0.00110707
0.00115413
0.00112843
0.00105118
0.000939267
0.000676156
0.00039803
0.000500384
0.000549559
0.000591124
0.00063483
0.000680388
0.000730852
0.000791213
0.000865511
0.00094779
0.000981773
0.000931988
0.000830945
0.000751568
0.000692075
0.000643046
0.000598082
0.000554895
0.00051414
0.000474174
0.000427618
0.00012185
0.000145116
0.000158493
0.000168311
0.000177037
0.000186602
0.000198441
0.000211707
0.000223742
0.000469167
0.000482093
0.00023076
0.000222551
0.00020673
0.000193197
0.000189178
0.000192577
0.000196416
0.000193568
0.000181864
0.000144227
0.000342068
0.000421037
0.000491522
0.000567823
0.000619997
0.000627152
0.000589443
0.000669554
0.000474525
0.000540971
0.000657234
0.000525593
0.000491483
0.000408524
0.00033927
0.000295
0.000271924
0.000259109
0.000192132
0.000151393
0.000372819
0.000462908
0.000543938
0.000646933
0.000719345
0.000709909
0.000708862
0.0010125
0.000660041
0.000766068
0.000870053
0.000580561
0.000558927
0.000466148
0.000398268
0.00035447
0.000324676
0.000299736
0.000248676
0.000198765
0.00028455
0.000382395
0.00049169
0.000616912
0.000724783
0.000761525
0.000877896
0.0013344
0.00080814
0.000994195
0.00102787
0.000589884
0.00058943
0.000504656
0.000438498
0.000390005
0.000361051
0.000361949
0.000290223
0.000288091
0.000290863
0.00033604
0.000433249
0.000569322
0.000701164
0.000809953
0.00108218
0.0015866
0.000940478
0.0012301
0.0011528
0.000601508
0.000626
0.00055751
0.000498355
0.00046008
0.000465239
0.000525116
0.000317104
0.000342277
0.000357065
0.000354673
0.00043269
0.00057137
0.000709183
0.000875852
0.00128971
0.00177719
0.00106514
0.00146469
0.00125163
0.000639788
0.000695369
0.000645355
0.000595856
0.00057308
0.000612896
0.000731371
0.000336419
0.000381923
0.00051805
0.000462728
0.000529522
0.000657421
0.000778591
0.00097936
0.00145585
0.00189192
0.00118137
0.00167274
0.00131112
0.000730039
0.000807644
0.000776236
0.000738291
0.000721421
0.000751208
0.000827017
0.000352422
0.000415225
0.000749566
0.00066097
0.000719437
0.000790118
0.000877239
0.00108392
0.00152788
0.00191369
0.00128863
0.0018228
0.00129563
0.000818514
0.000853508
0.000859764
0.000858357
0.000863197
0.000858339
0.000746863
0.000368274
0.000447864
0.000715593
0.000881756
0.000992776
0.00104302
0.0010917
0.00124266
0.00154412
0.00184361
0.00141256
0.00183662
0.00135813
0.00105486
0.00108385
0.00112788
0.00109444
0.00101319
0.000898808
0.000643056
0.000388886
0.00048976
0.000538326
0.000579608
0.000626475
0.000677499
0.000737301
0.000811909
0.000901776
0.000981773
0.00086435
0.000979082
0.000875209
0.000778471
0.000707125
0.000650104
0.000599105
0.000551525
0.000508153
0.000466739
0.000419383
0.000120577
0.000145468
0.000160891
0.000172246
0.000180918
0.000187506
0.000193951
0.000204866
0.000218333
0.000482093
0.000539505
0.00024251
0.000233207
0.000222616
0.000212403
0.000203098
0.000198519
0.000198004
0.000193972
0.000180655
0.000144357
0.00033771
0.000419435
0.000492726
0.000552134
0.000577774
0.000570572
0.000534505
0.000625707
0.000540971
0.000585939
0.000539091
0.000474021
0.000469775
0.000446323
0.000396283
0.000330655
0.000295599
0.000287959
0.000202095
0.000155414
0.000396144
0.000489235
0.000583063
0.000670144
0.000697295
0.00066079
0.000633745
0.000863735
0.000766068
0.000811613
0.000729119
0.000591041
0.000570678
0.000511529
0.0004312
0.000372109
0.000337435
0.000314212
0.000257593
0.000211587
0.000291676
0.000442268
0.000597335
0.00072775
0.000775588
0.000727556
0.000756044
0.00107765
0.000994195
0.00103919
0.000825143
0.000651756
0.000627207
0.000539857
0.000448292
0.000387955
0.000366209
0.000381513
0.000294623
0.000293305
0.000292528
0.000340052
0.000477489
0.000674546
0.000793379
0.000787124
0.000892424
0.00127987
0.0012301
0.00125586
0.00088147
0.000686877
0.000678658
0.000586832
0.00049917
0.000453303
0.000467024
0.000534281
0.00031857
0.000344438
0.000360437
0.000349744
0.000446202
0.000643359
0.000797479
0.000854298
0.00102859
0.00146119
0.00146469
0.00144713
0.000916352
0.000725139
0.000753722
0.000679727
0.00060016
0.000561901
0.000601677
0.000721066
0.000336484
0.000382251
0.000526902
0.000460442
0.000539059
0.000709118
0.000850923
0.000947423
0.00117022
0.00160941
0.00167274
0.00159447
0.000949409
0.000803388
0.000858876
0.000817718
0.000755531
0.000716178
0.000732822
0.000779862
0.00035218
0.000414348
0.000737454
0.000660953
0.000723026
0.00080905
0.000902761
0.00100783
0.00128328
0.0017098
0.0018228
0.00168249
0.000967292
0.00085049
0.000878757
0.000887054
0.000871254
0.000856192
0.000836177
0.000709607
0.000368298
0.000446004
0.000699652
0.000888728
0.000991913
0.00103869
0.0010758
0.00116485
0.00138215
0.00172022
0.00183662
0.00166719
0.0011654
0.0011352
0.00121403
0.00121322
0.00114543
0.00104301
0.000915691
0.000640525
0.000390275
0.000485376
0.000531191
0.000569543
0.000610385
0.000654291
0.000704734
0.000766586
0.000843624
0.000931988
0.000979082
0.000932257
0.000827802
0.000752389
0.000694561
0.000643604
0.000595873
0.000550693
0.000509013
0.000467444
0.000419717
0.00011969
0.000147662
0.000163846
0.00017429
0.000180143
0.000182803
0.000184794
0.000192085
0.000211897
0.00023076
0.00024251
0.000248835
0.000249869
0.000247053
0.000243136
0.000238922
0.00023375
0.000226099
0.000212775
0.000184891
0.000146535
0.000287973
0.000353463
0.000404135
0.000435191
0.000447542
0.00045051
0.000467853
0.000531315
0.000657234
0.000539091
0.000437825
0.000428162
0.000420819
0.000413086
0.000397408
0.000359584
0.000308345
0.000276786
0.000206346
0.000161457
0.000340072
0.00041679
0.00049247
0.00053559
0.00054669
0.00053927
0.000533385
0.000604676
0.000870053
0.000729119
0.000561941
0.000549585
0.000537891
0.00050626
0.000441564
0.000367538
0.00032313
0.000306935
0.00026099
0.000228869
0.000288485
0.000413939
0.000534996
0.000609075
0.000634456
0.000618785
0.000583836
0.000698765
0.00102787
0.000825143
0.000633548
0.000635153
0.000616615
0.000556308
0.000455569
0.00037876
0.000359527
0.000385628
0.000296888
0.000301453
0.000302144
0.000340532
0.000464425
0.000619592
0.000694982
0.000681747
0.000628297
0.00080871
0.0011528
0.00088147
0.000673121
0.000697715
0.000679862
0.000613578
0.000507407
0.000446218
0.000463797
0.000545851
0.000319978
0.000349286
0.000376891
0.000358638
0.000445176
0.000625946
0.000743923
0.000734543
0.000688137
0.000928278
0.00125163
0.000916352
0.000701938
0.000752079
0.000745987
0.000698197
0.000610942
0.000555433
0.000595815
0.000730724
0.00033729
0.000385335
0.000572507
0.000484226
0.000554648
0.000717533
0.000825446
0.000820862
0.000791365
0.00104307
0.00131112
0.000949409
0.000762313
0.000820387
0.000832014
0.000816276
0.000762366
0.000711494
0.000720782
0.000754593
0.000352777
0.000416266
0.00074241
0.000698411
0.000759106
0.000835127
0.000891648
0.000896915
0.000912327
0.00112267
0.00129563
0.000967292
0.00085213
0.000858876
0.000880519
0.00088858
0.000872902
0.000850383
0.000809291
0.000686821
0.000368954
0.000446846
0.000716205
0.000943727
0.001051
0.00109945
0.00110888
0.0010997
0.00112495
0.00125597
0.00135813
0.0011654
0.00119026
0.00132135
0.00134043
0.00128955
0.00120417
0.00109237
0.000912023
0.000645185
0.000391391
0.00048141
0.000524993
0.000561397
0.000597688
0.000635256
0.000675771
0.000721335
0.000773251
0.000830945
0.000875209
0.000827802
0.00077033
0.000721659
0.000674851
0.000629197
0.000585444
0.000543763
0.000504299
0.000463781
0.000417105
0.000127924
0.000159992
0.000176482
0.000183106
0.000183772
0.000182128
0.000181561
0.000184563
0.000199898
0.000222551
0.000233207
0.000249869
0.000260521
0.000265128
0.000266385
0.000265306
0.000261488
0.000253761
0.000241012
0.000223328
0.000164065
0.000253701
0.000296626
0.000322915
0.000338518
0.00034835
0.000357605
0.000386335
0.000478985
0.000525593
0.000474021
0.000428162
0.000432957
0.000442054
0.000442411
0.000433077
0.000406816
0.000351941
0.000284191
0.000210532
0.000178692
0.000296187
0.000364839
0.000410318
0.000435781
0.000444048
0.000445922
0.000468032
0.000534583
0.000580561
0.000591041
0.000549585
0.000541861
0.000543316
0.000525848
0.000477239
0.000399717
0.000334046
0.000304472
0.000262838
0.00024294
0.000293542
0.000371745
0.000450361
0.000502119
0.000524371
0.000528428
0.000540582
0.000563631
0.000589884
0.000651756
0.000635153
0.000622118
0.000617783
0.000585045
0.000499065
0.000397024
0.000359514
0.000385961
0.000297728
0.000309383
0.00031769
0.000342037
0.000419052
0.000509086
0.00056657
0.000588329
0.000596532
0.000587034
0.000601508
0.000686877
0.000697715
0.000684405
0.000678555
0.000642448
0.000546422
0.000454819
0.000464952
0.000563497
0.000320488
0.000354424
0.000400545
0.000372553
0.000424513
0.000528179
0.00061097
0.000648548
0.000653375
0.00062969
0.000639788
0.000725139
0.000752079
0.00073863
0.000734939
0.000707947
0.000629311
0.000556539
0.000599715
0.000763312
0.000337297
0.000388811
0.000625198
0.00051297
0.000554169
0.000656875
0.000726657
0.000752984
0.000748255
0.000724682
0.000730039
0.000803388
0.000820387
0.000809508
0.00081292
0.000802895
0.000755216
0.000701633
0.000722221
0.000774747
0.000352026
0.000418492
0.000758642
0.000743963
0.000795295
0.000851064
0.000877184
0.000870431
0.00084808
0.000828572
0.000818514
0.00085049
0.000858876
0.000874408
0.000894002
0.000900485
0.000876647
0.000846885
0.000802433
0.000686512
0.000366697
0.000447636
0.000742802
0.0010075
0.00112365
0.00118684
0.00120072
0.00116801
0.00110739
0.00106749
0.00105486
0.0011352
0.00132135
0.00138876
0.00134859
0.00128626
0.00120703
0.00110834
0.00088978
0.000638879
0.000387545
0.000476685
0.000517871
0.000552213
0.000584876
0.000617227
0.000649833
0.000683335
0.000717589
0.000751568
0.000778471
0.000752389
0.000721659
0.000685835
0.000645471
0.000604362
0.000564725
0.000527116
0.000491018
0.000453223
0.00040952
0.000186834
0.000219785
0.000235531
0.000239435
0.000233204
0.000216723
0.000194229
0.00018545
0.000188913
0.00020673
0.000222616
0.000247053
0.000265128
0.000275562
0.00028105
0.000282992
0.000281416
0.000275443
0.000263915
0.000245913
0.000200976
0.000269421
0.000304343
0.000320733
0.000323534
0.000320899
0.000324028
0.000335541
0.000393888
0.000491483
0.000469775
0.000420819
0.000442054
0.000478898
0.000501669
0.000505292
0.000484076
0.000427208
0.000327174
0.000217803
0.000196722
0.00029757
0.000352978
0.00038892
0.000408047
0.000413104
0.000412362
0.000422124
0.000469375
0.000558927
0.000570678
0.000537891
0.000543316
0.00057235
0.000582522
0.000549883
0.000473196
0.000378657
0.000317105
0.000264778
0.000254857
0.000311483
0.000369591
0.000428845
0.000472217
0.000493005
0.000495898
0.000499328
0.000530033
0.00058943
0.000627207
0.000616615
0.000617783
0.000637443
0.000638365
0.000579038
0.000465716
0.000385733
0.000392205
0.000297848
0.000316618
0.000341319
0.0003601
0.000421392
0.000491671
0.000540141
0.000560159
0.000567116
0.000587461
0.000626
0.000678658
0.000679862
0.000678555
0.000690314
0.000687286
0.0006214
0.000509096
0.000486746
0.000590966
0.000320315
0.000359052
0.00043301
0.000399278
0.000432465
0.000505107
0.000572273
0.000613267
0.000635333
0.000660273
0.000695369
0.000753722
0.000745987
0.000734939
0.00074187
0.000740515
0.000685322
0.000596773
0.000628878
0.000822079
0.000336639
0.000391629
0.00067283
0.000544585
0.000556174
0.000620372
0.00067662
0.000713404
0.000737594
0.000765129
0.000807644
0.000858876
0.000832014
0.00081292
0.00081885
0.000822849
0.000786078
0.000724876
0.000760356
0.000850376
0.000350102
0.000419738
0.000775255
0.000783227
0.00081893
0.000859072
0.000878201
0.000874851
0.000856229
0.000839218
0.000853508
0.000878757
0.000880519
0.000894002
0.000918643
0.00093799
0.000920339
0.000878942
0.000862641
0.000729323
0.000361617
0.000447005
0.000763302
0.00105546
0.00117562
0.00125377
0.0012831
0.00126131
0.00119198
0.00110707
0.00108385
0.00121403
0.00134043
0.00134859
0.00130015
0.00125158
0.00118366
0.001096
0.000891389
0.000637128
0.000378622
0.000470805
0.000509293
0.000541252
0.000570722
0.000598696
0.000625115
0.000650068
0.000672804
0.000692075
0.000707125
0.000694561
0.000674851
0.000645471
0.000609977
0.000572636
0.000536371
0.00050226
0.000469858
0.000435883
0.000396878
0.000265063
0.000277004
0.000283349
0.000283312
0.000277279
0.000265467
0.000246421
0.000216181
0.000193154
0.000193197
0.000212403
0.000243136
0.000266385
0.00028105
0.000289788
0.00029436
0.000295235
0.00029164
0.000281832
0.000263292
0.000244425
0.000321757
0.000362119
0.000378036
0.000371509
0.000349123
0.000322137
0.000307392
0.000334057
0.000408524
0.000446323
0.000413086
0.000442411
0.000501669
0.000548026
0.000568764
0.000555421
0.00049969
0.000394612
0.000227848
0.000219471
0.000321888
0.000384019
0.000426711
0.000442465
0.000431084
0.000405967
0.000390494
0.000408026
0.000466148
0.000511529
0.00050626
0.000525848
0.000582522
0.000633769
0.000637134
0.000568298
0.000447631
0.000344976
0.000267346
0.000264427
0.00033561
0.000392232
0.00045402
0.000498834
0.000510911
0.000494124
0.000473129
0.000474342
0.000504656
0.000539857
0.000556308
0.000585045
0.000638365
0.000692883
0.000688381
0.00058698
0.000454988
0.000418187
0.000298147
0.000323483
0.000370451
0.000388675
0.000451022
0.00052187
0.00056616
0.000571689
0.000554533
0.000544978
0.00055751
0.000586832
0.000613578
0.000642448
0.000687286
0.000737157
0.000731771
0.000634834
0.000560643
0.000639654
0.000319925
0.000362917
0.000484828
0.000439967
0.000463478
0.000532763
0.000599061
0.00063283
0.000634559
0.000630839
0.000645355
0.000679727
0.000698197
0.000707947
0.000740515
0.000783293
0.00078278
0.000711399
0.000709934
0.000898223
0.000335461
0.000393048
0.000700805
0.000577171
0.000567076
0.000618137
0.000679006
0.000721819
0.000738865
0.000748062
0.000776236
0.000817718
0.000816276
0.000802895
0.000822849
0.00085893
0.000863912
0.000817327
0.000846134
0.000956117
0.000347156
0.000418987
0.000781121
0.000807916
0.000822417
0.000849916
0.000873264
0.000881896
0.000871708
0.000853075
0.000859764
0.000887054
0.00088858
0.000900485
0.00093799
0.000981194
0.000994199
0.000961326
0.000951831
0.000813602
0.000354893
0.000443832
0.000764518
0.00106332
0.00118144
0.00126033
0.00129792
0.00129017
0.0012331
0.00115413
0.00112788
0.00121322
0.00128955
0.00128626
0.00125158
0.00122657
0.00118291
0.00110636
0.00095268
0.000656169
0.00036642
0.000463405
0.000498812
0.000527996
0.000554233
0.000578208
0.000599519
0.000618069
0.000632895
0.000643046
0.000650104
0.000643604
0.000629197
0.000604362
0.000572636
0.000538359
0.000504566
0.000472847
0.000443366
0.000413578
0.000380316
0.000287989
0.000299303
0.000304637
0.000303603
0.000297022
0.000285479
0.000268669
0.000244944
0.000208143
0.000189178
0.000203098
0.000238922
0.000265306
0.000282992
0.00029436
0.000301335
0.000304806
0.000304085
0.000296366
0.000277938
0.000264035
0.000374085
0.000430524
0.000451875
0.000439693
0.000404408
0.000358119
0.000314191
0.000297153
0.00033927
0.000396283
0.000397408
0.000433077
0.000505292
0.000568764
0.000605932
0.000602504
0.000543918
0.000434929
0.000257556
0.000237008
0.000356916
0.000448374
0.00050979
0.000525703
0.000495647
0.000436365
0.000382624
0.000367514
0.000398268
0.0004312
0.000441564
0.000477239
0.000549883
0.000637134
0.000702376
0.00068704
0.000580356
0.000419964
0.000275141
0.000281528
0.000361859
0.000438639
0.00052783
0.000583026
0.000579601
0.000523664
0.000460113
0.00043224
0.000438498
0.000448292
0.000455569
0.000499065
0.000579038
0.000688381
0.000786634
0.000774696
0.000646058
0.000522723
0.000301005
0.000331113
0.000415587
0.00043759
0.000517587
0.000600668
0.000637347
0.000610064
0.000550633
0.000509873
0.000498355
0.00049917
0.000507407
0.000546422
0.0006214
0.000731771
0.000841139
0.000843763
0.00075863
0.000743821
0.000320082
0.000366027
0.000549862
0.000502274
0.000525933
0.000601421
0.000666427
0.000680496
0.00064815
0.000611229
0.000595856
0.00060016
0.000610942
0.000629311
0.000685322
0.00078278
0.000886374
0.000906362
0.000888115
0.000983074
0.000333255
0.00039259
0.000711325
0.000620393
0.000604055
0.000652729
0.000720296
0.000760804
0.000759891
0.000741436
0.000738291
0.000755531
0.000762366
0.000755216
0.000786078
0.000863912
0.000949431
0.000974516
0.000993459
0.00104332
0.000342135
0.000415432
0.000768492
0.000821591
0.000821082
0.000841452
0.000873327
0.000893906
0.000890116
0.000867647
0.000858357
0.000871254
0.000872902
0.000876647
0.000920339
0.000994199
0.00106092
0.00107168
0.00105178
0.000892188
0.000346618
0.000437261
0.000739405
0.0010195
0.00113616
0.00119807
0.00123197
0.0012318
0.00119203
0.00112843
0.00109444
0.00114543
0.00120417
0.00120703
0.00118366
0.00118291
0.00117283
0.00111775
0.00100866
0.00067988
0.000352864
0.000453983
0.000485901
0.00051199
0.000534521
0.000554598
0.000571472
0.00058493
0.000594046
0.000598082
0.000599105
0.000595873
0.000585444
0.000564725
0.000536371
0.000504566
0.000472881
0.000443236
0.000416063
0.000389944
0.000362136
0.000299223
0.000312324
0.000317949
0.00031615
0.0003085
0.000296097
0.000279023
0.000255869
0.000222716
0.000192577
0.000198519
0.00023375
0.000261488
0.000281416
0.000295235
0.000304806
0.000311523
0.000313749
0.000308502
0.000289879
0.000279663
0.000412822
0.00048383
0.00051322
0.000496583
0.000449166
0.000386012
0.000325784
0.000285104
0.000295
0.000330655
0.000359584
0.000406816
0.000484076
0.000555421
0.000602504
0.000607053
0.000585564
0.000493438
0.000282866
0.000264488
0.000410116
0.00052407
0.000593378
0.000604252
0.000554779
0.000462754
0.000379863
0.000340773
0.00035447
0.000372109
0.000367538
0.000399717
0.000473196
0.000568298
0.00068704
0.000755259
0.000724903
0.000592199
0.000290864
0.000302579
0.000425382
0.00053876
0.000643492
0.000692133
0.000661338
0.000555639
0.000448047
0.000395667
0.000390005
0.000387955
0.00037876
0.000397024
0.000465716
0.00058698
0.000774696
0.000913975
0.000892384
0.000724955
0.000308337
0.000340221
0.000503483
0.00056708
0.000659312
0.00073338
0.000742978
0.000664525
0.000551351
0.00048106
0.00046008
0.000453303
0.000446218
0.000454819
0.000509096
0.000634834
0.000843763
0.00101339
0.00103327
0.000903974
0.000321517
0.000368198
0.000608906
0.000623964
0.000674044
0.000742412
0.000783823
0.000756388
0.000675221
0.000605156
0.00057308
0.000561901
0.000555433
0.000556539
0.000596773
0.000711399
0.000906362
0.00107261
0.00112738
0.00106535
0.000329737
0.00038981
0.000702726
0.000700801
0.000719589
0.00077036
0.000822495
0.000836546
0.000800108
0.000749876
0.000721421
0.000716178
0.000711494
0.000701633
0.000724876
0.000817327
0.000974516
0.00110716
0.0011632
0.00108475
0.000334317
0.000408507
0.00073029
0.000826176
0.000860445
0.000892323
0.000927792
0.000946506
0.000930536
0.000891891
0.000863197
0.000856192
0.000850383
0.000846885
0.000878942
0.000961326
0.00107168
0.00113689
0.00112701
0.000918774
0.000336174
0.000426969
0.000688615
0.000929372
0.00107952
0.00112281
0.00114545
0.0011412
0.00110655
0.00105118
0.00101319
0.00104301
0.00109237
0.00110834
0.001096
0.00110636
0.00111775
0.00108916
0.000994425
0.000676787
0.000338523
0.000441887
0.000470089
0.000493064
0.00051178
0.000528016
0.000540973
0.000550289
0.000555169
0.000554895
0.000551525
0.000550693
0.000543763
0.000527116
0.00050226
0.000472847
0.000443236
0.000415885
0.000391131
0.000367894
0.000344387
0.000307753
0.000323089
0.000328783
0.000325655
0.000315716
0.000301026
0.00028246
0.000257874
0.00022335
0.000196416
0.000198004
0.000226099
0.000253761
0.000275443
0.00029164
0.000304085
0.000313749
0.000319618
0.000317608
0.00029868
0.000303217
0.000445955
0.000515669
0.000536108
0.000515992
0.000463993
0.000387442
0.000316111
0.000273033
0.000271924
0.000295599
0.000308345
0.000351941
0.000427208
0.00049969
0.000543918
0.000585564
0.000606546
0.000543624
0.000302123
0.000308098
0.00049518
0.0006023
0.000649737
0.000642634
0.000571713
0.000449766
0.000356648
0.000317842
0.000324676
0.000337435
0.00032313
0.000334046
0.000378657
0.000447631
0.000580356
0.000724903
0.000794736
0.000708091
0.000309905
0.00032646
0.00054749
0.000680253
0.000749505
0.000767237
0.000707037
0.000553708
0.000422979
0.000368063
0.000361051
0.000366209
0.000359527
0.000359514
0.000385733
0.000454988
0.000646058
0.000892384
0.000995886
0.000876661
0.000317595
0.000349985
0.000595812
0.0007364
0.000816896
0.00085473
0.000829281
0.000706661
0.00055898
0.000480437
0.000465239
0.000467024
0.000463797
0.000464952
0.000486746
0.000560643
0.00075863
0.00103327
0.00115017
0.001012
0.000323122
0.000369144
0.000644153
0.000767605
0.00085497
0.000906078
0.000910766
0.000843263
0.000731752
0.00064827
0.000612896
0.000601677
0.000595815
0.000599715
0.000628878
0.000709934
0.000888115
0.00112738
0.0012438
0.00108806
0.000324983
0.000384599
0.000672356
0.000776484
0.000863717
0.000933413
0.000962368
0.000936667
0.000866268
0.000794576
0.000751208
0.000732822
0.000720782
0.000722221
0.000760356
0.000846134
0.000993459
0.0011632
0.00124856
0.00105039
0.000324658
0.000398364
0.000668932
0.000779678
0.000868779
0.000944569
0.000986272
0.000990147
0.000956143
0.000902029
0.000858339
0.000836177
0.000809291
0.000802433
0.000862641
0.000951831
0.00105178
0.00112701
0.00111986
0.000864525
0.000324166
0.000412978
0.000620893
0.000787423
0.000926362
0.0010122
0.00105413
0.00103861
0.000996363
0.000939267
0.000898808
0.000915691
0.000912023
0.00088978
0.000891389
0.00095268
0.00100866
0.000994425
0.000885091
0.000622396
0.000323957
0.000426086
0.000450679
0.000470932
0.000486693
0.000499498
0.000509093
0.000515252
0.000517251
0.00051414
0.000508153
0.000509013
0.000504299
0.000491018
0.000469858
0.000443366
0.000416063
0.000391131
0.000369049
0.000348374
0.000327882
0.000317595
0.000332332
0.000335897
0.000330294
0.000317966
0.000300531
0.000279662
0.000252031
0.000211406
0.000193568
0.000193972
0.000212775
0.000241012
0.000263915
0.000281832
0.000296366
0.000308502
0.000317608
0.00031919
0.000303017
0.000325755
0.000460612
0.000507294
0.000509546
0.00048008
0.000422045
0.000346446
0.000275878
0.000248744
0.000259109
0.000287959
0.000276786
0.000284191
0.000327174
0.000394612
0.000434929
0.000493438
0.000543624
0.000521504
0.000310837
0.000335532
0.000523915
0.000596818
0.000617662
0.000596598
0.000518303
0.000387338
0.000319589
0.000296293
0.000299736
0.000314212
0.000306935
0.000304472
0.000317105
0.000344976
0.000419964
0.000592199
0.000708091
0.000674591
0.000317147
0.000345481
0.000573703
0.00066952
0.000713295
0.000718499
0.000657223
0.000506356
0.000405184
0.000365218
0.000361949
0.000381513
0.000385628
0.000385961
0.000392205
0.000418187
0.000522723
0.000724955
0.000876661
0.000804968
0.000319525
0.000356964
0.000601091
0.000715496
0.000783471
0.000822713
0.000810589
0.000718862
0.000591737
0.000529198
0.000525116
0.000534281
0.000545851
0.000563497
0.000590966
0.000639654
0.000743821
0.000903974
0.001012
0.000886165
0.00031912
0.000367114
0.000604326
0.000729409
0.000819751
0.000894083
0.000938095
0.000925125
0.000857411
0.000780609
0.000731371
0.000721066
0.000730724
0.000763312
0.000822079
0.000898223
0.000983074
0.00106535
0.00108806
0.000902016
0.000316752
0.000375858
0.000596262
0.000712717
0.000809372
0.000890921
0.000947733
0.000964196
0.000935964
0.000882103
0.000827017
0.000779862
0.000754593
0.000774747
0.000850376
0.000956117
0.00104332
0.00108475
0.00105039
0.000838412
0.000313855
0.000384161
0.000578514
0.000671148
0.00074584
0.000806556
0.000849093
0.000860058
0.000836002
0.000792209
0.000746863
0.000709607
0.000686821
0.000686512
0.000729323
0.000813602
0.000892188
0.000918774
0.000864525
0.000680019
0.000311378
0.000393745
0.00054298
0.000626533
0.000690463
0.000735062
0.000754141
0.000746353
0.000716837
0.000676156
0.000643056
0.000640525
0.000645185
0.000638879
0.000637128
0.000656169
0.00067988
0.000676787
0.000622396
0.000508806
0.000309538
0.000403816
0.000424994
0.000443124
0.000456639
0.000467009
0.000474224
0.000478202
0.000478568
0.000474174
0.000466739
0.000467444
0.000463781
0.000453223
0.000435883
0.000413578
0.000389944
0.000367894
0.000348374
0.000329654
0.000311118
0.000326876
0.000330355
0.000328521
0.000320702
0.000307866
0.000290656
0.00026996
0.000236249
0.00019266
0.000181864
0.000180655
0.000184891
0.000223328
0.000245913
0.000263292
0.000277938
0.000289879
0.00029868
0.000303017
0.000302344
0.000340512
0.000345
0.000342271
0.000330453
0.000310532
0.00028282
0.00023801
0.000208107
0.000190281
0.000192132
0.000202095
0.000206346
0.000210532
0.000217803
0.000227848
0.000257556
0.000282866
0.000302123
0.000310837
0.000306872
0.000348151
0.000353654
0.000351832
0.000341196
0.000323442
0.000300924
0.000277759
0.00025795
0.000247821
0.000248676
0.000257593
0.00026099
0.000262838
0.000264778
0.000267346
0.000275141
0.000290864
0.000309905
0.000317147
0.000307946
0.000352175
0.000358598
0.000358115
0.000350859
0.000340023
0.000327586
0.000313481
0.000300961
0.000292421
0.000290223
0.000294623
0.000296888
0.000297728
0.000297848
0.000298147
0.000301005
0.000308337
0.000317595
0.000319525
0.000306363
0.000355462
0.000362393
0.000363293
0.000360161
0.000355179
0.000348545
0.000340124
0.000330661
0.000321751
0.000317104
0.00031857
0.000319978
0.000320488
0.000320315
0.000319925
0.000320082
0.000321517
0.000323122
0.00031912
0.000303989
0.000358179
0.000366075
0.000368621
0.000369337
0.000368303
0.000365466
0.000360477
0.000352968
0.00034311
0.000336419
0.000336484
0.00033729
0.000337297
0.000336639
0.000335461
0.000333255
0.000329737
0.000324983
0.000316752
0.000301051
0.000360451
0.000369947
0.000375426
0.000379263
0.000381324
0.000381083
0.00037793
0.000371149
0.000360444
0.000352422
0.00035218
0.000352777
0.000352026
0.000350102
0.000347156
0.000342135
0.000334317
0.000324658
0.000313855
0.000297963
0.000362822
0.00037523
0.000384535
0.000391307
0.000395382
0.000396273
0.000393818
0.000387642
0.000376972
0.000368274
0.000368298
0.000368954
0.000366697
0.000361617
0.000354893
0.000346618
0.000336174
0.000324166
0.000311378
0.000295199
0.000366464
0.000382622
0.000396136
0.000405978
0.00041234
0.000414602
0.000413222
0.000408093
0.00039803
0.000388886
0.000390275
0.000391391
0.000387545
0.000378622
0.00036642
0.000352864
0.000338523
0.000323957
0.000309538
0.000293473
0.000372409
0.000390455
0.000406799
0.000418346
0.00042649
0.000431558
0.000433755
0.000433004
0.000427618
0.000419383
0.000419717
0.000417105
0.00040952
0.000396878
0.000380316
0.000362136
0.000344387
0.000327882
0.000311118
0.00029412
)
;

boundaryField
{
    floor
    {
        type            nutkWallFunction;
        Cmu             0.09;
        kappa           0.41;
        E               9.8;
        value           nonuniform List<scalar> 
400
(
4.28958e-05
4.19987e-05
4.0546e-05
3.86942e-05
3.65108e-05
2.83129e-05
1.57432e-05
1.28555e-05
1.19404e-05
1.15045e-05
1.13142e-05
1.12065e-05
1.2389e-05
2.01036e-05
3.10121e-05
3.40924e-05
3.55698e-05
3.66706e-05
3.79379e-05
3.91269e-05
4.19987e-05
4.25347e-05
4.15781e-05
3.96818e-05
3.73255e-05
3.153e-05
1.86037e-05
1.59382e-05
1.52931e-05
1.48657e-05
1.49153e-05
1.52282e-05
1.68163e-05
2.47586e-05
3.2594e-05
3.55543e-05
3.7252e-05
3.86384e-05
3.98243e-05
3.95714e-05
4.0546e-05
4.15781e-05
4.09705e-05
3.9344e-05
3.71866e-05
3.25364e-05
2.01985e-05
1.70589e-05
1.69181e-05
1.67557e-05
1.70953e-05
1.75144e-05
1.91142e-05
2.69566e-05
3.34398e-05
3.62471e-05
3.79748e-05
3.93681e-05
4.0281e-05
3.93422e-05
3.86942e-05
3.96818e-05
3.9344e-05
3.81557e-05
3.61473e-05
3.16119e-05
2.04102e-05
1.75514e-05
1.79201e-05
1.81224e-05
1.86849e-05
1.89818e-05
2.00612e-05
2.75254e-05
3.34555e-05
3.61258e-05
3.7754e-05
3.89791e-05
3.95779e-05
3.83544e-05
3.65108e-05
3.73255e-05
3.71866e-05
3.61473e-05
3.40782e-05
2.86015e-05
1.90828e-05
1.77856e-05
1.85502e-05
1.93329e-05
1.98948e-05
1.97993e-05
2.01993e-05
2.67137e-05
3.26927e-05
3.52963e-05
3.67918e-05
3.77294e-05
3.80256e-05
3.67274e-05
2.83129e-05
3.153e-05
3.25364e-05
3.16119e-05
2.86015e-05
2.10938e-05
1.7142e-05
1.78464e-05
1.91522e-05
2.06585e-05
2.08169e-05
2.01675e-05
2.00207e-05
2.45059e-05
3.11754e-05
3.38302e-05
3.52217e-05
3.58687e-05
3.58181e-05
3.45349e-05
1.57432e-05
1.86037e-05
2.01985e-05
2.04102e-05
1.90828e-05
1.7142e-05
1.70401e-05
1.77853e-05
2.00784e-05
2.22847e-05
2.17119e-05
2.04393e-05
1.99678e-05
2.15544e-05
2.86748e-05
3.16848e-05
3.30549e-05
3.35126e-05
3.31541e-05
3.18587e-05
1.28555e-05
1.59382e-05
1.70589e-05
1.75514e-05
1.77856e-05
1.78464e-05
1.77853e-05
1.88559e-05
2.1542e-05
2.40675e-05
2.31954e-05
2.14356e-05
2.03716e-05
2.0458e-05
2.46867e-05
2.86376e-05
3.01119e-05
3.04013e-05
2.96748e-05
2.77523e-05
1.19404e-05
1.52931e-05
1.69181e-05
1.79201e-05
1.85502e-05
1.91522e-05
2.00784e-05
2.1542e-05
2.27444e-05
2.56805e-05
2.49659e-05
2.40909e-05
2.24428e-05
2.09374e-05
2.16256e-05
2.38173e-05
2.59127e-05
2.60708e-05
2.45105e-05
2.18401e-05
1.15045e-05
1.48657e-05
1.67557e-05
1.81224e-05
1.93329e-05
2.06585e-05
2.22847e-05
2.40675e-05
2.56805e-05
0
0
2.65834e-05
2.54671e-05
2.3328e-05
2.15299e-05
2.11234e-05
2.17276e-05
2.22894e-05
2.18462e-05
2.01535e-05
1.13142e-05
1.49153e-05
1.70953e-05
1.86849e-05
1.98948e-05
2.08169e-05
2.17119e-05
2.31954e-05
2.49659e-05
0
0
2.82778e-05
2.70054e-05
2.55696e-05
2.4166e-05
2.28794e-05
2.23132e-05
2.22888e-05
2.17527e-05
1.99305e-05
1.12065e-05
1.52282e-05
1.75144e-05
1.89818e-05
1.97993e-05
2.01675e-05
2.04393e-05
2.14356e-05
2.40909e-05
2.65834e-05
2.82778e-05
2.91819e-05
2.93215e-05
2.89433e-05
2.84141e-05
2.78427e-05
2.71464e-05
2.61256e-05
2.43373e-05
2.05037e-05
1.2389e-05
1.68163e-05
1.91142e-05
2.00612e-05
2.01993e-05
2.00207e-05
1.99678e-05
2.03716e-05
2.24428e-05
2.54671e-05
2.70054e-05
2.93215e-05
3.07288e-05
3.13264e-05
3.14834e-05
3.13363e-05
3.08322e-05
2.98137e-05
2.81255e-05
2.57687e-05
2.01036e-05
2.47586e-05
2.69566e-05
2.75254e-05
2.67137e-05
2.45059e-05
2.15544e-05
2.0458e-05
2.09374e-05
2.3328e-05
2.55696e-05
2.89433e-05
3.13264e-05
3.268e-05
3.3385e-05
3.36319e-05
3.34246e-05
3.26451e-05
3.11341e-05
2.87535e-05
3.10121e-05
3.2594e-05
3.34398e-05
3.34555e-05
3.26927e-05
3.11754e-05
2.86748e-05
2.46867e-05
2.16256e-05
2.15299e-05
2.4166e-05
2.84141e-05
3.14834e-05
3.3385e-05
3.45063e-05
3.50903e-05
3.51992e-05
3.4731e-05
3.34556e-05
3.10236e-05
3.40924e-05
3.55543e-05
3.62471e-05
3.61258e-05
3.52963e-05
3.38302e-05
3.16848e-05
2.86376e-05
2.38173e-05
2.11234e-05
2.28794e-05
2.78427e-05
3.13363e-05
3.36319e-05
3.50903e-05
3.59811e-05
3.64221e-05
3.63253e-05
3.53243e-05
3.29257e-05
3.55698e-05
3.7252e-05
3.79748e-05
3.7754e-05
3.67918e-05
3.52217e-05
3.30549e-05
3.01119e-05
2.59127e-05
2.17276e-05
2.23132e-05
2.71464e-05
3.08322e-05
3.34246e-05
3.51992e-05
3.64221e-05
3.72771e-05
3.75534e-05
3.68744e-05
3.44693e-05
3.66706e-05
3.86384e-05
3.93681e-05
3.89791e-05
3.77294e-05
3.58687e-05
3.35126e-05
3.04013e-05
2.60708e-05
2.22894e-05
2.22888e-05
2.61256e-05
2.98137e-05
3.26451e-05
3.4731e-05
3.63253e-05
3.75534e-05
3.82925e-05
3.80294e-05
3.56035e-05
3.79379e-05
3.98243e-05
4.0281e-05
3.95779e-05
3.80256e-05
3.58181e-05
3.31541e-05
2.96748e-05
2.45105e-05
2.18462e-05
2.17527e-05
2.43373e-05
2.81255e-05
3.11341e-05
3.34556e-05
3.53243e-05
3.68744e-05
3.80294e-05
3.82272e-05
3.61649e-05
3.91269e-05
3.95714e-05
3.93422e-05
3.83544e-05
3.67274e-05
3.45349e-05
3.18587e-05
2.77523e-05
2.18401e-05
2.01535e-05
1.99305e-05
2.05037e-05
2.57687e-05
2.87535e-05
3.10236e-05
3.29257e-05
3.44693e-05
3.56035e-05
3.61649e-05
3.60874e-05
)
;
    }
    ceiling
    {
        type            nutkWallFunction;
        Cmu             0.09;
        kappa           0.41;
        E               9.8;
        value           nonuniform List<scalar> 
400
(
4.95803e-05
5.31754e-05
5.59406e-05
5.78907e-05
5.93414e-05
6.03713e-05
6.0996e-05
6.11469e-05
6.07518e-05
5.94373e-05
5.89068e-05
5.84175e-05
5.78315e-05
5.71025e-05
5.61857e-05
5.50197e-05
5.35234e-05
5.15665e-05
4.88001e-05
4.48768e-05
5.31754e-05
5.70205e-05
6.00681e-05
6.23733e-05
6.42427e-05
6.5704e-05
6.6696e-05
6.70504e-05
6.66674e-05
6.52919e-05
6.44437e-05
6.36901e-05
6.28192e-05
6.17695e-05
6.04872e-05
5.89081e-05
5.69723e-05
5.45897e-05
5.14238e-05
4.71389e-05
5.59406e-05
6.00681e-05
6.33349e-05
6.5923e-05
6.81428e-05
7.00057e-05
7.13571e-05
7.19431e-05
7.16085e-05
7.02138e-05
6.90292e-05
6.80472e-05
6.69338e-05
6.56046e-05
6.39988e-05
6.20598e-05
5.97609e-05
5.70624e-05
5.36545e-05
4.91709e-05
5.78907e-05
6.23733e-05
6.5923e-05
6.88705e-05
7.15645e-05
7.39003e-05
7.56728e-05
7.66486e-05
7.67502e-05
7.5733e-05
7.38475e-05
7.23333e-05
7.07986e-05
6.91014e-05
6.71234e-05
6.47564e-05
6.20139e-05
5.89717e-05
5.53041e-05
5.05943e-05
5.93414e-05
6.42427e-05
6.81428e-05
7.15645e-05
7.47611e-05
7.75432e-05
7.97734e-05
8.12999e-05
8.20687e-05
8.16907e-05
7.89808e-05
7.67268e-05
7.45865e-05
7.23846e-05
6.99484e-05
6.71352e-05
6.39512e-05
6.05083e-05
5.65575e-05
5.15879e-05
6.03713e-05
6.5704e-05
7.00057e-05
7.39003e-05
7.75432e-05
8.07949e-05
8.36259e-05
8.60175e-05
8.79221e-05
8.86149e-05
8.48294e-05
8.14258e-05
7.83718e-05
7.54577e-05
7.24351e-05
6.91126e-05
6.54781e-05
6.16443e-05
5.74169e-05
5.2196e-05
6.0996e-05
6.6696e-05
7.13571e-05
7.56728e-05
7.97734e-05
8.36259e-05
8.73546e-05
9.11162e-05
9.48724e-05
9.71607e-05
9.19341e-05
8.66703e-05
8.22355e-05
7.83406e-05
7.45822e-05
7.06729e-05
6.65587e-05
6.23587e-05
5.78754e-05
5.24451e-05
6.11469e-05
6.70504e-05
7.19431e-05
7.66486e-05
8.12999e-05
8.60175e-05
9.11162e-05
9.69404e-05
0.000103338
0.000107293
0.000100675
9.25969e-05
8.61621e-05
8.09529e-05
7.62858e-05
7.17135e-05
6.71036e-05
6.2565e-05
5.78891e-05
5.23275e-05
6.07518e-05
6.66674e-05
7.16085e-05
7.67502e-05
8.20687e-05
8.79221e-05
9.48724e-05
0.000103338
0.000112552
0.000116113
0.000110538
9.90993e-05
9.002e-05
8.31504e-05
7.74338e-05
7.21479e-05
6.70294e-05
6.21535e-05
5.73238e-05
5.16421e-05
5.94373e-05
6.52919e-05
7.02138e-05
7.5733e-05
8.16907e-05
8.86149e-05
9.71607e-05
0.000107293
0.000116113
0.00010284
0.000115746
0.000103965
9.29941e-05
8.48211e-05
7.81952e-05
7.22014e-05
6.65566e-05
6.1362e-05
5.63506e-05
5.05697e-05
5.89068e-05
6.44437e-05
6.90292e-05
7.38475e-05
7.89808e-05
8.48294e-05
9.19341e-05
0.000100675
0.000110538
0.000115746
0.000110157
9.84431e-05
8.99174e-05
8.32737e-05
7.73378e-05
7.1728e-05
6.63754e-05
6.13937e-05
5.63781e-05
5.05652e-05
5.84175e-05
6.36901e-05
6.80472e-05
7.23333e-05
7.67268e-05
8.14258e-05
8.66703e-05
9.25969e-05
9.90993e-05
0.000103965
9.84431e-05
9.19496e-05
8.63507e-05
8.08874e-05
7.55302e-05
7.0375e-05
6.54381e-05
6.0729e-05
5.58535e-05
5.01847e-05
5.78315e-05
6.28192e-05
6.69338e-05
7.07986e-05
7.45865e-05
7.83718e-05
8.22355e-05
8.61621e-05
9.002e-05
9.29941e-05
8.99174e-05
8.63507e-05
8.21274e-05
7.73674e-05
7.25113e-05
6.78167e-05
6.33454e-05
5.90335e-05
5.4488e-05
4.91906e-05
5.71025e-05
6.17695e-05
6.56046e-05
6.91014e-05
7.23846e-05
7.54577e-05
7.83406e-05
8.09529e-05
8.31504e-05
8.48211e-05
8.32737e-05
8.08874e-05
7.73674e-05
7.31403e-05
6.86947e-05
6.43662e-05
6.02828e-05
5.6393e-05
5.2301e-05
4.75796e-05
5.61857e-05
6.04872e-05
6.39988e-05
6.71234e-05
6.99484e-05
7.24351e-05
7.45822e-05
7.62858e-05
7.74338e-05
7.81952e-05
7.73378e-05
7.55302e-05
7.25113e-05
6.86947e-05
6.4579e-05
6.05153e-05
5.66915e-05
5.3133e-05
4.95373e-05
4.55101e-05
5.50197e-05
5.89081e-05
6.20598e-05
6.47564e-05
6.71352e-05
6.91126e-05
7.06729e-05
7.17135e-05
7.21479e-05
7.22014e-05
7.1728e-05
7.0375e-05
6.78167e-05
6.43662e-05
6.05153e-05
5.66876e-05
5.31075e-05
4.98222e-05
4.66571e-05
4.32777e-05
5.35234e-05
5.69723e-05
5.97609e-05
6.20139e-05
6.39512e-05
6.54781e-05
6.65587e-05
6.71036e-05
6.70294e-05
6.65566e-05
6.63754e-05
6.54381e-05
6.33454e-05
6.02828e-05
5.66915e-05
5.31075e-05
4.98134e-05
4.68257e-05
4.40019e-05
4.11252e-05
5.15665e-05
5.45897e-05
5.70624e-05
5.89717e-05
6.05083e-05
6.16443e-05
6.23587e-05
6.2565e-05
6.21535e-05
6.1362e-05
6.13937e-05
6.0729e-05
5.90335e-05
5.6393e-05
5.3133e-05
4.98222e-05
4.68257e-05
4.41636e-05
4.16536e-05
3.91283e-05
4.88001e-05
5.14238e-05
5.36545e-05
5.53041e-05
5.65575e-05
5.74169e-05
5.78754e-05
5.78891e-05
5.73238e-05
5.63506e-05
5.63781e-05
5.58535e-05
5.4488e-05
5.2301e-05
4.95373e-05
4.66571e-05
4.40019e-05
4.16536e-05
3.93759e-05
3.70756e-05
4.48768e-05
4.71389e-05
4.91709e-05
5.05943e-05
5.15879e-05
5.2196e-05
5.24451e-05
5.23275e-05
5.16421e-05
5.05697e-05
5.05652e-05
5.01847e-05
4.91906e-05
4.75796e-05
4.55101e-05
4.32777e-05
4.11252e-05
3.91283e-05
3.70756e-05
3.49548e-05
)
;
    }
    fixedWalls
    {
        type            nutkWallFunction;
        Cmu             0.09;
        kappa           0.41;
        E               9.8;
        value           nonuniform List<scalar> 
800
(
4.28933e-05
4.46711e-05
4.56799e-05
4.62237e-05
4.66183e-05
4.6992e-05
4.73959e-05
4.78896e-05
4.85787e-05
4.95788e-05
4.1996e-05
4.36491e-05
4.50429e-05
4.61087e-05
4.70975e-05
4.80955e-05
4.91118e-05
5.02546e-05
5.16687e-05
5.31744e-05
4.05432e-05
4.12433e-05
4.26283e-05
4.4349e-05
4.64037e-05
4.83178e-05
5.00974e-05
5.19116e-05
5.39808e-05
5.594e-05
3.86911e-05
3.75337e-05
3.83099e-05
4.13035e-05
4.49796e-05
4.80511e-05
5.06465e-05
5.31034e-05
5.56646e-05
5.78903e-05
3.65074e-05
3.41371e-05
3.17082e-05
3.73106e-05
4.30729e-05
4.74982e-05
5.09265e-05
5.39585e-05
5.6896e-05
5.93412e-05
2.83085e-05
2.89634e-05
2.87226e-05
3.08549e-05
4.11491e-05
4.6664e-05
5.08575e-05
5.43982e-05
5.76809e-05
6.03712e-05
1.57374e-05
1.86618e-05
2.35735e-05
3.14782e-05
4.00501e-05
4.58e-05
5.03469e-05
5.4276e-05
5.79372e-05
6.0996e-05
1.28493e-05
1.55226e-05
2.11149e-05
3.01691e-05
3.83093e-05
4.44915e-05
4.93002e-05
5.34818e-05
5.74506e-05
6.11469e-05
1.19341e-05
1.48552e-05
1.76491e-05
2.55152e-05
3.54465e-05
4.23221e-05
4.74509e-05
5.17966e-05
5.60463e-05
6.07517e-05
1.14981e-05
1.46936e-05
1.5705e-05
2.24961e-05
3.42611e-05
4.11963e-05
4.61899e-05
5.03359e-05
5.43584e-05
5.94371e-05
1.13077e-05
1.47014e-05
1.62249e-05
2.41913e-05
3.49313e-05
4.14701e-05
4.62317e-05
5.02288e-05
5.41358e-05
5.89065e-05
1.12e-05
1.50147e-05
1.71225e-05
2.65037e-05
3.59763e-05
4.20807e-05
4.66152e-05
5.04645e-05
5.42382e-05
5.84172e-05
1.23826e-05
1.74163e-05
1.95646e-05
2.83391e-05
3.69828e-05
4.27205e-05
4.70418e-05
5.07331e-05
5.43273e-05
5.78311e-05
2.00983e-05
2.24641e-05
2.20191e-05
2.98747e-05
3.78913e-05
4.32892e-05
4.73794e-05
5.08743e-05
5.42354e-05
5.71019e-05
3.1008e-05
2.83205e-05
2.50149e-05
3.11153e-05
3.87459e-05
4.37573e-05
4.75377e-05
5.0763e-05
5.38261e-05
5.6185e-05
3.40887e-05
3.09978e-05
2.74355e-05
3.32871e-05
3.96966e-05
4.41283e-05
4.74604e-05
5.03018e-05
5.29965e-05
5.50189e-05
3.55663e-05
3.30431e-05
3.1014e-05
3.60048e-05
4.08402e-05
4.43829e-05
4.70936e-05
4.94222e-05
5.17065e-05
5.35223e-05
3.66672e-05
3.60828e-05
3.6711e-05
3.90727e-05
4.20689e-05
4.44871e-05
4.64254e-05
4.8143e-05
4.99575e-05
5.15652e-05
3.79347e-05
3.89816e-05
4.02295e-05
4.14938e-05
4.29448e-05
4.42218e-05
4.53183e-05
4.6357e-05
4.75527e-05
4.87985e-05
3.91239e-05
4.08615e-05
4.18297e-05
4.23375e-05
4.27502e-05
4.30905e-05
4.33751e-05
4.36723e-05
4.41304e-05
4.48747e-05
3.91239e-05
4.08615e-05
4.18297e-05
4.23375e-05
4.27502e-05
4.30905e-05
4.33751e-05
4.36723e-05
4.41304e-05
4.48747e-05
3.95685e-05
4.14325e-05
4.2528e-05
4.31507e-05
4.36265e-05
4.40899e-05
4.45784e-05
4.52439e-05
4.6167e-05
4.71371e-05
3.93392e-05
4.10933e-05
4.23061e-05
4.31002e-05
4.3753e-05
4.44236e-05
4.52769e-05
4.64169e-05
4.78599e-05
4.91693e-05
3.83512e-05
3.96075e-05
4.09744e-05
4.21955e-05
4.33689e-05
4.45225e-05
4.57651e-05
4.72679e-05
4.90854e-05
5.05929e-05
3.6724e-05
3.70976e-05
3.87475e-05
4.08402e-05
4.27466e-05
4.43933e-05
4.60224e-05
4.77741e-05
4.98711e-05
5.15867e-05
3.45312e-05
3.36002e-05
3.59167e-05
3.92778e-05
4.19101e-05
4.40293e-05
4.59815e-05
4.78737e-05
5.01394e-05
5.21948e-05
3.18546e-05
2.79458e-05
3.29563e-05
3.74916e-05
4.08445e-05
4.33908e-05
4.5571e-05
4.75494e-05
4.99485e-05
5.2444e-05
2.77477e-05
2.37596e-05
3.03723e-05
3.58688e-05
3.96355e-05
4.2436e-05
4.47104e-05
4.67616e-05
4.92896e-05
5.23263e-05
2.18348e-05
2.12932e-05
2.889e-05
3.47265e-05
3.8487e-05
4.11902e-05
4.3364e-05
4.542e-05
4.80237e-05
5.16409e-05
2.01481e-05
2.13022e-05
2.8882e-05
3.43682e-05
3.7844e-05
4.0306e-05
4.23204e-05
4.42937e-05
4.68398e-05
5.05683e-05
1.99251e-05
2.25754e-05
2.99858e-05
3.4902e-05
3.80115e-05
4.02976e-05
4.22707e-05
4.42702e-05
4.69765e-05
5.05638e-05
2.04983e-05
2.31155e-05
3.04018e-05
3.51637e-05
3.81652e-05
4.03746e-05
4.23157e-05
4.43072e-05
4.70562e-05
5.01833e-05
2.57639e-05
2.36927e-05
3.06377e-05
3.52508e-05
3.82076e-05
4.03519e-05
4.21925e-05
4.39821e-05
4.65178e-05
4.9189e-05
2.87491e-05
2.47024e-05
3.09165e-05
3.52641e-05
3.81753e-05
4.02568e-05
4.19357e-05
4.33254e-05
4.5368e-05
4.75778e-05
3.10194e-05
2.6145e-05
3.13126e-05
3.53313e-05
3.8139e-05
4.01163e-05
4.15719e-05
4.24943e-05
4.38525e-05
4.5508e-05
3.29218e-05
3.02345e-05
3.24239e-05
3.57611e-05
3.82033e-05
3.98719e-05
4.09735e-05
4.14924e-05
4.21998e-05
4.32754e-05
3.44656e-05
3.35491e-05
3.45409e-05
3.67681e-05
3.84435e-05
3.94778e-05
4.00405e-05
4.0231e-05
4.04632e-05
4.11226e-05
3.56e-05
3.60398e-05
3.70266e-05
3.79969e-05
3.86959e-05
3.89258e-05
3.88744e-05
3.87727e-05
3.86948e-05
3.91254e-05
3.61615e-05
3.71659e-05
3.79722e-05
3.8275e-05
3.8223e-05
3.79183e-05
3.75433e-05
3.71964e-05
3.6922e-05
3.70725e-05
3.6084e-05
3.6673e-05
3.68127e-05
3.66077e-05
3.62987e-05
3.59143e-05
3.55072e-05
3.51359e-05
3.48936e-05
3.49514e-05
4.28933e-05
4.46711e-05
4.56799e-05
4.62237e-05
4.66183e-05
4.6992e-05
4.73959e-05
4.78896e-05
4.85787e-05
4.95788e-05
4.1996e-05
4.36491e-05
4.50429e-05
4.61087e-05
4.70975e-05
4.80955e-05
4.91118e-05
5.02546e-05
5.16687e-05
5.31744e-05
4.05432e-05
4.12433e-05
4.26283e-05
4.4349e-05
4.64037e-05
4.83178e-05
5.00974e-05
5.19116e-05
5.39808e-05
5.594e-05
3.86911e-05
3.75337e-05
3.83099e-05
4.13035e-05
4.49796e-05
4.80511e-05
5.06465e-05
5.31034e-05
5.56646e-05
5.78903e-05
3.65074e-05
3.41371e-05
3.17082e-05
3.73106e-05
4.30729e-05
4.74982e-05
5.09265e-05
5.39585e-05
5.6896e-05
5.93412e-05
2.83085e-05
2.89634e-05
2.87226e-05
3.08549e-05
4.11491e-05
4.6664e-05
5.08575e-05
5.43982e-05
5.76809e-05
6.03712e-05
1.57374e-05
1.86618e-05
2.35735e-05
3.14782e-05
4.00501e-05
4.58e-05
5.03469e-05
5.4276e-05
5.79372e-05
6.0996e-05
1.28493e-05
1.55226e-05
2.11149e-05
3.01691e-05
3.83093e-05
4.44915e-05
4.93002e-05
5.34818e-05
5.74506e-05
6.11469e-05
1.19341e-05
1.48552e-05
1.76491e-05
2.55152e-05
3.54465e-05
4.23221e-05
4.74509e-05
5.17966e-05
5.60463e-05
6.07517e-05
1.14981e-05
1.46936e-05
1.5705e-05
2.24961e-05
3.42611e-05
4.11963e-05
4.61899e-05
5.03359e-05
5.43584e-05
5.94371e-05
1.13077e-05
1.47014e-05
1.62249e-05
2.41913e-05
3.49313e-05
4.14701e-05
4.62317e-05
5.02288e-05
5.41358e-05
5.89065e-05
1.12e-05
1.50147e-05
1.71225e-05
2.65037e-05
3.59763e-05
4.20807e-05
4.66152e-05
5.04645e-05
5.42382e-05
5.84172e-05
1.23826e-05
1.74163e-05
1.95646e-05
2.83391e-05
3.69828e-05
4.27205e-05
4.70418e-05
5.07331e-05
5.43273e-05
5.78311e-05
2.00983e-05
2.24641e-05
2.20191e-05
2.98747e-05
3.78913e-05
4.32892e-05
4.73794e-05
5.08743e-05
5.42354e-05
5.71019e-05
3.1008e-05
2.83205e-05
2.50149e-05
3.11153e-05
3.87459e-05
4.37573e-05
4.75377e-05
5.0763e-05
5.38261e-05
5.6185e-05
3.40887e-05
3.09978e-05
2.74355e-05
3.32871e-05
3.96966e-05
4.41283e-05
4.74604e-05
5.03018e-05
5.29965e-05
5.50189e-05
3.55663e-05
3.30431e-05
3.1014e-05
3.60048e-05
4.08402e-05
4.43829e-05
4.70936e-05
4.94222e-05
5.17065e-05
5.35223e-05
3.66672e-05
3.60828e-05
3.6711e-05
3.90727e-05
4.20689e-05
4.44871e-05
4.64254e-05
4.8143e-05
4.99575e-05
5.15652e-05
3.79347e-05
3.89816e-05
4.02295e-05
4.14938e-05
4.29448e-05
4.42218e-05
4.53183e-05
4.6357e-05
4.75527e-05
4.87985e-05
3.91239e-05
4.08615e-05
4.18297e-05
4.23375e-05
4.27502e-05
4.30905e-05
4.33751e-05
4.36723e-05
4.41304e-05
4.48747e-05
3.91239e-05
4.08615e-05
4.18297e-05
4.23375e-05
4.27502e-05
4.30905e-05
4.33751e-05
4.36723e-05
4.41304e-05
4.48747e-05
3.95685e-05
4.14325e-05
4.2528e-05
4.31507e-05
4.36265e-05
4.40899e-05
4.45784e-05
4.52439e-05
4.6167e-05
4.71371e-05
3.93392e-05
4.10933e-05
4.23061e-05
4.31002e-05
4.3753e-05
4.44236e-05
4.52769e-05
4.64169e-05
4.78599e-05
4.91693e-05
3.83512e-05
3.96075e-05
4.09744e-05
4.21955e-05
4.33689e-05
4.45225e-05
4.57651e-05
4.72679e-05
4.90854e-05
5.05929e-05
3.6724e-05
3.70976e-05
3.87475e-05
4.08402e-05
4.27466e-05
4.43933e-05
4.60224e-05
4.77741e-05
4.98711e-05
5.15867e-05
3.45312e-05
3.36002e-05
3.59167e-05
3.92778e-05
4.19101e-05
4.40293e-05
4.59815e-05
4.78737e-05
5.01394e-05
5.21948e-05
3.18546e-05
2.79458e-05
3.29563e-05
3.74916e-05
4.08445e-05
4.33908e-05
4.5571e-05
4.75494e-05
4.99485e-05
5.2444e-05
2.77477e-05
2.37596e-05
3.03723e-05
3.58688e-05
3.96355e-05
4.2436e-05
4.47104e-05
4.67616e-05
4.92896e-05
5.23263e-05
2.18348e-05
2.12932e-05
2.889e-05
3.47265e-05
3.8487e-05
4.11902e-05
4.3364e-05
4.542e-05
4.80237e-05
5.16409e-05
2.01481e-05
2.13022e-05
2.8882e-05
3.43682e-05
3.7844e-05
4.0306e-05
4.23204e-05
4.42937e-05
4.68398e-05
5.05683e-05
1.99251e-05
2.25754e-05
2.99858e-05
3.4902e-05
3.80115e-05
4.02976e-05
4.22707e-05
4.42702e-05
4.69765e-05
5.05638e-05
2.04983e-05
2.31155e-05
3.04018e-05
3.51637e-05
3.81652e-05
4.03746e-05
4.23157e-05
4.43072e-05
4.70562e-05
5.01833e-05
2.57639e-05
2.36927e-05
3.06377e-05
3.52508e-05
3.82076e-05
4.03519e-05
4.21925e-05
4.39821e-05
4.65178e-05
4.9189e-05
2.87491e-05
2.47024e-05
3.09165e-05
3.52641e-05
3.81753e-05
4.02568e-05
4.19357e-05
4.33254e-05
4.5368e-05
4.75778e-05
3.10194e-05
2.6145e-05
3.13126e-05
3.53313e-05
3.8139e-05
4.01163e-05
4.15719e-05
4.24943e-05
4.38525e-05
4.5508e-05
3.29218e-05
3.02345e-05
3.24239e-05
3.57611e-05
3.82033e-05
3.98719e-05
4.09735e-05
4.14924e-05
4.21998e-05
4.32754e-05
3.44656e-05
3.35491e-05
3.45409e-05
3.67681e-05
3.84435e-05
3.94778e-05
4.00405e-05
4.0231e-05
4.04632e-05
4.11226e-05
3.56e-05
3.60398e-05
3.70266e-05
3.79969e-05
3.86959e-05
3.89258e-05
3.88744e-05
3.87727e-05
3.86948e-05
3.91254e-05
3.61615e-05
3.71659e-05
3.79722e-05
3.8275e-05
3.8223e-05
3.79183e-05
3.75433e-05
3.71964e-05
3.6922e-05
3.70725e-05
3.6084e-05
3.6673e-05
3.68127e-05
3.66077e-05
3.62987e-05
3.59143e-05
3.55072e-05
3.51359e-05
3.48936e-05
3.49514e-05
)
;
    }
}


// ************************************************************************* //
