/*--------------------------------*- C++ -*----------------------------------*\
  =========                 |
  \\      /  F ield         | OpenFOAM: The Open Source CFD Toolbox
   \\    /   O peration     | Website:  https://openfoam.org
    \\  /    A nd           | Version:  8
     \\/     M anipulation  |
\*---------------------------------------------------------------------------*/
FoamFile
{
    version     2.0;
    format      ascii;
    class       volScalarField;
    location    "1200";
    object      p;
}
// * * * * * * * * * * * * * * * * * * * * * * * * * * * * * * * * * * * * * //

dimensions      [1 -1 -2 0 0 0 0];

internalField   nonuniform List<scalar> 
4000
(
-2.44969
-2.44995
-2.45031
-2.45051
-2.45044
-2.45027
-2.45018
-2.45019
-2.45019
-2.45019
-2.45021
-2.45022
-2.45024
-2.45024
-2.45034
-2.45051
-2.45056
-2.45037
-2.44997
-2.44961
-7.34955
-7.34971
-7.34992
-7.35006
-7.35005
-7.34995
-7.34996
-7.34995
-7.34994
-7.34993
-7.34993
-7.34994
-7.34995
-7.34994
-7.34996
-7.35008
-7.35013
-7.35
-7.34974
-7.34947
-12.2491
-12.2492
-12.2493
-12.2494
-12.2494
-12.2494
-12.2495
-12.2495
-12.2494
-12.2494
-12.2494
-12.2494
-12.2494
-12.2494
-12.2494
-12.2494
-12.2495
-12.2494
-12.2492
-12.249
-17.1485
-17.1486
-17.1486
-17.1487
-17.1487
-17.1487
-17.1488
-17.1488
-17.1488
-17.1488
-17.1488
-17.1488
-17.1488
-17.1488
-17.1487
-17.1487
-17.1487
-17.1487
-17.1486
-17.1485
-22.0478
-22.0478
-22.0479
-22.0479
-22.0479
-22.048
-22.048
-22.048
-22.048
-22.048
-22.048
-22.048
-22.048
-22.048
-22.048
-22.048
-22.048
-22.0479
-22.0479
-22.0478
-26.947
-26.9471
-26.9471
-26.9472
-26.9472
-26.9472
-26.9473
-26.9473
-26.9473
-26.9473
-26.9473
-26.9473
-26.9473
-26.9473
-26.9473
-26.9472
-26.9472
-26.9472
-26.9471
-26.947
-31.8461
-31.8463
-31.8463
-31.8464
-31.8464
-31.8465
-31.8465
-31.8465
-31.8465
-31.8465
-31.8465
-31.8465
-31.8465
-31.8465
-31.8465
-31.8465
-31.8464
-31.8464
-31.8463
-31.8462
-36.7452
-36.7453
-36.7454
-36.7455
-36.7456
-36.7456
-36.7456
-36.7456
-36.7457
-36.7457
-36.7457
-36.7457
-36.7457
-36.7457
-36.7457
-36.7456
-36.7456
-36.7455
-36.7454
-36.7452
-41.6441
-41.6444
-41.6445
-41.6446
-41.6446
-41.6446
-41.6446
-41.6446
-41.6447
-41.6447
-41.6447
-41.6447
-41.6447
-41.6447
-41.6447
-41.6447
-41.6447
-41.6446
-41.6445
-41.6443
-46.5434
-46.5436
-46.5436
-46.5436
-46.5436
-46.5435
-46.5434
-46.5434
-46.5434
-46.5435
-46.5435
-46.5435
-46.5436
-46.5437
-46.5437
-46.5438
-46.5439
-46.5439
-46.5438
-46.5436
-2.44995
-2.45011
-2.45036
-2.45049
-2.45043
-2.45028
-2.45018
-2.45019
-2.45019
-2.4502
-2.45021
-2.45022
-2.45023
-2.45025
-2.45035
-2.45049
-2.45053
-2.45035
-2.44998
-2.44967
-7.34971
-7.3498
-7.34995
-7.35005
-7.35002
-7.34992
-7.34995
-7.34995
-7.34993
-7.34993
-7.34993
-7.34993
-7.34994
-7.34993
-7.34995
-7.35006
-7.3501
-7.34998
-7.34974
-7.34951
-12.2492
-12.2492
-12.2493
-12.2494
-12.2494
-12.2494
-12.2495
-12.2495
-12.2494
-12.2494
-12.2494
-12.2494
-12.2494
-12.2494
-12.2494
-12.2494
-12.2494
-12.2494
-12.2492
-12.2491
-17.1486
-17.1486
-17.1486
-17.1487
-17.1487
-17.1487
-17.1488
-17.1488
-17.1488
-17.1488
-17.1488
-17.1488
-17.1488
-17.1488
-17.1488
-17.1488
-17.1487
-17.1487
-17.1486
-17.1485
-22.0478
-22.0479
-22.0479
-22.048
-22.048
-22.048
-22.0481
-22.0481
-22.0481
-22.0481
-22.0481
-22.0481
-22.0481
-22.0481
-22.0481
-22.048
-22.048
-22.048
-22.0479
-22.0478
-26.9471
-26.9472
-26.9472
-26.9473
-26.9473
-26.9473
-26.9474
-26.9474
-26.9474
-26.9474
-26.9474
-26.9474
-26.9474
-26.9474
-26.9473
-26.9473
-26.9473
-26.9472
-26.9472
-26.9471
-31.8463
-31.8464
-31.8464
-31.8465
-31.8466
-31.8466
-31.8466
-31.8466
-31.8466
-31.8466
-31.8466
-31.8466
-31.8466
-31.8466
-31.8466
-31.8466
-31.8465
-31.8465
-31.8464
-31.8463
-36.7453
-36.7455
-36.7456
-36.7457
-36.7457
-36.7458
-36.7458
-36.7458
-36.7458
-36.7458
-36.7458
-36.7458
-36.7458
-36.7458
-36.7458
-36.7458
-36.7458
-36.7457
-36.7456
-36.7454
-41.6444
-41.6446
-41.6447
-41.6448
-41.6449
-41.6449
-41.6449
-41.6449
-41.6449
-41.645
-41.645
-41.6449
-41.6449
-41.645
-41.645
-41.645
-41.6449
-41.6448
-41.6447
-41.6445
-46.5436
-46.5438
-46.5438
-46.5439
-46.5439
-46.5438
-46.5438
-46.5438
-46.5438
-46.5438
-46.5438
-46.5438
-46.5439
-46.5439
-46.544
-46.544
-46.5441
-46.544
-46.544
-46.5438
-2.45031
-2.45036
-2.45047
-2.45051
-2.45042
-2.45027
-2.45018
-2.45018
-2.45018
-2.45019
-2.45021
-2.45022
-2.45022
-2.45025
-2.45035
-2.45049
-2.45052
-2.45039
-2.45009
-2.44987
-7.34992
-7.34995
-7.35001
-7.35004
-7.34999
-7.3499
-7.34994
-7.34995
-7.34992
-7.34992
-7.34992
-7.34992
-7.34993
-7.34991
-7.34994
-7.35004
-7.35007
-7.34998
-7.34978
-7.34962
-12.2493
-12.2493
-12.2494
-12.2494
-12.2494
-12.2494
-12.2494
-12.2495
-12.2494
-12.2494
-12.2494
-12.2494
-12.2494
-12.2494
-12.2494
-12.2494
-12.2494
-12.2494
-12.2492
-12.2491
-17.1486
-17.1486
-17.1487
-17.1487
-17.1487
-17.1488
-17.1488
-17.1488
-17.1488
-17.1488
-17.1488
-17.1488
-17.1488
-17.1488
-17.1488
-17.1488
-17.1488
-17.1487
-17.1486
-17.1485
-22.0479
-22.0479
-22.048
-22.048
-22.048
-22.0481
-22.0481
-22.0481
-22.0481
-22.0481
-22.0481
-22.0481
-22.0481
-22.0481
-22.0481
-22.0481
-22.048
-22.048
-22.0479
-22.0479
-26.9471
-26.9472
-26.9472
-26.9473
-26.9473
-26.9473
-26.9473
-26.9473
-26.9473
-26.9473
-26.9473
-26.9473
-26.9473
-26.9473
-26.9473
-26.9473
-26.9473
-26.9473
-26.9472
-26.9471
-31.8463
-31.8464
-31.8465
-31.8465
-31.8465
-31.8465
-31.8466
-31.8466
-31.8466
-31.8466
-31.8466
-31.8466
-31.8466
-31.8466
-31.8466
-31.8466
-31.8466
-31.8465
-31.8465
-31.8464
-36.7454
-36.7456
-36.7457
-36.7457
-36.7457
-36.7457
-36.7457
-36.7457
-36.7457
-36.7457
-36.7457
-36.7457
-36.7457
-36.7458
-36.7458
-36.7458
-36.7458
-36.7457
-36.7457
-36.7455
-41.6445
-41.6447
-41.6448
-41.6449
-41.6449
-41.6449
-41.6449
-41.6449
-41.6449
-41.6449
-41.6449
-41.6449
-41.645
-41.645
-41.645
-41.645
-41.645
-41.6449
-41.6448
-41.6446
-46.5436
-46.5438
-46.5439
-46.544
-46.5439
-46.5439
-46.5439
-46.5438
-46.5438
-46.5439
-46.5439
-46.5439
-46.5439
-46.544
-46.544
-46.5441
-46.5441
-46.5441
-46.544
-46.5438
-2.45051
-2.45049
-2.45051
-2.45048
-2.45037
-2.45025
-2.45017
-2.45017
-2.45018
-2.45019
-2.4502
-2.45022
-2.45022
-2.45025
-2.45034
-2.45047
-2.45052
-2.45044
-2.45025
-2.45014
-7.35006
-7.35005
-7.35004
-7.35001
-7.34994
-7.34988
-7.34993
-7.34993
-7.34991
-7.34991
-7.34991
-7.34991
-7.34992
-7.3499
-7.34993
-7.35001
-7.35005
-7.34999
-7.34986
-7.34977
-12.2494
-12.2494
-12.2494
-12.2494
-12.2494
-12.2494
-12.2494
-12.2494
-12.2494
-12.2494
-12.2494
-12.2494
-12.2494
-12.2494
-12.2494
-12.2494
-12.2494
-12.2494
-12.2493
-12.2492
-17.1487
-17.1487
-17.1487
-17.1487
-17.1487
-17.1488
-17.1488
-17.1488
-17.1488
-17.1488
-17.1488
-17.1488
-17.1488
-17.1487
-17.1487
-17.1488
-17.1487
-17.1487
-17.1486
-17.1486
-22.0479
-22.048
-22.048
-22.048
-22.048
-22.0481
-22.0481
-22.0481
-22.0481
-22.0481
-22.0481
-22.0481
-22.0481
-22.0481
-22.048
-22.0481
-22.048
-22.048
-22.048
-22.0479
-26.9472
-26.9473
-26.9473
-26.9473
-26.9473
-26.9473
-26.9473
-26.9473
-26.9473
-26.9473
-26.9473
-26.9473
-26.9473
-26.9473
-26.9473
-26.9473
-26.9473
-26.9473
-26.9473
-26.9472
-31.8464
-31.8465
-31.8465
-31.8465
-31.8465
-31.8465
-31.8465
-31.8466
-31.8466
-31.8466
-31.8466
-31.8466
-31.8466
-31.8466
-31.8466
-31.8466
-31.8466
-31.8466
-31.8466
-31.8464
-36.7455
-36.7457
-36.7457
-36.7457
-36.7457
-36.7457
-36.7457
-36.7457
-36.7457
-36.7458
-36.7458
-36.7458
-36.7458
-36.7458
-36.7458
-36.7458
-36.7458
-36.7458
-36.7458
-36.7456
-41.6446
-41.6448
-41.6449
-41.6449
-41.6449
-41.6449
-41.6449
-41.6449
-41.6449
-41.6449
-41.6449
-41.6449
-41.645
-41.645
-41.645
-41.645
-41.645
-41.645
-41.6449
-41.6447
-46.5436
-46.5439
-46.544
-46.544
-46.5439
-46.5438
-46.5438
-46.5438
-46.5438
-46.5438
-46.5438
-46.5439
-46.5439
-46.544
-46.544
-46.5441
-46.5441
-46.5441
-46.5441
-46.5438
-2.45044
-2.45043
-2.45042
-2.45037
-2.45028
-2.4502
-2.45016
-2.45016
-2.45017
-2.45019
-2.4502
-2.45021
-2.45022
-2.45024
-2.45032
-2.45043
-2.4505
-2.45049
-2.4504
-2.45036
-7.35005
-7.35002
-7.34999
-7.34994
-7.34988
-7.34987
-7.34992
-7.34991
-7.34989
-7.3499
-7.3499
-7.3499
-7.34992
-7.3499
-7.34991
-7.34997
-7.35002
-7.35
-7.34993
-7.34988
-12.2494
-12.2494
-12.2494
-12.2494
-12.2494
-12.2494
-12.2494
-12.2494
-12.2494
-12.2494
-12.2494
-12.2494
-12.2494
-12.2494
-12.2494
-12.2494
-12.2494
-12.2493
-12.2493
-12.2492
-17.1487
-17.1487
-17.1487
-17.1487
-17.1487
-17.1488
-17.1488
-17.1488
-17.1488
-17.1488
-17.1487
-17.1487
-17.1487
-17.1487
-17.1487
-17.1487
-17.1487
-17.1487
-17.1487
-17.1486
-22.0479
-22.048
-22.048
-22.048
-22.048
-22.0481
-22.0481
-22.0481
-22.0481
-22.0481
-22.0481
-22.0481
-22.0481
-22.048
-22.048
-22.048
-22.048
-22.048
-22.048
-22.0479
-26.9472
-26.9473
-26.9473
-26.9473
-26.9473
-26.9473
-26.9473
-26.9473
-26.9473
-26.9473
-26.9473
-26.9473
-26.9473
-26.9473
-26.9473
-26.9473
-26.9473
-26.9473
-26.9473
-26.9472
-31.8464
-31.8466
-31.8465
-31.8465
-31.8465
-31.8465
-31.8465
-31.8466
-31.8466
-31.8466
-31.8466
-31.8466
-31.8466
-31.8466
-31.8466
-31.8466
-31.8466
-31.8466
-31.8466
-31.8465
-36.7456
-36.7457
-36.7457
-36.7457
-36.7457
-36.7457
-36.7457
-36.7457
-36.7457
-36.7458
-36.7458
-36.7458
-36.7458
-36.7458
-36.7458
-36.7458
-36.7458
-36.7458
-36.7458
-36.7456
-41.6446
-41.6449
-41.6449
-41.6449
-41.6448
-41.6448
-41.6449
-41.6449
-41.6449
-41.6449
-41.6449
-41.645
-41.645
-41.645
-41.645
-41.645
-41.645
-41.645
-41.645
-41.6447
-46.5436
-46.5439
-46.5439
-46.5439
-46.5438
-46.5438
-46.5437
-46.5437
-46.5437
-46.5437
-46.5437
-46.5438
-46.5439
-46.5439
-46.544
-46.5441
-46.5441
-46.5441
-46.5441
-46.5438
-2.45027
-2.45028
-2.45027
-2.45025
-2.4502
-2.45015
-2.45015
-2.45015
-2.45016
-2.45019
-2.4502
-2.45021
-2.45022
-2.45022
-2.45029
-2.45038
-2.45046
-2.45048
-2.45046
-2.45047
-7.34995
-7.34992
-7.3499
-7.34988
-7.34987
-7.3499
-7.34991
-7.34989
-7.34988
-7.34989
-7.34989
-7.3499
-7.34991
-7.3499
-7.34989
-7.34993
-7.34998
-7.34999
-7.34996
-7.34992
-12.2494
-12.2494
-12.2494
-12.2494
-12.2494
-12.2494
-12.2494
-12.2494
-12.2494
-12.2494
-12.2494
-12.2494
-12.2494
-12.2494
-12.2493
-12.2494
-12.2494
-12.2493
-12.2493
-12.2493
-17.1487
-17.1487
-17.1488
-17.1488
-17.1488
-17.1488
-17.1488
-17.1488
-17.1488
-17.1487
-17.1487
-17.1487
-17.1487
-17.1487
-17.1487
-17.1487
-17.1487
-17.1487
-17.1487
-17.1486
-22.048
-22.048
-22.0481
-22.0481
-22.0481
-22.0481
-22.0481
-22.0481
-22.0481
-22.0481
-22.0481
-22.0481
-22.0481
-22.048
-22.048
-22.048
-22.048
-22.048
-22.048
-22.0479
-26.9472
-26.9473
-26.9473
-26.9473
-26.9473
-26.9473
-26.9473
-26.9473
-26.9473
-26.9473
-26.9473
-26.9473
-26.9473
-26.9473
-26.9473
-26.9473
-26.9473
-26.9473
-26.9473
-26.9472
-31.8465
-31.8466
-31.8465
-31.8465
-31.8465
-31.8465
-31.8465
-31.8466
-31.8466
-31.8466
-31.8466
-31.8466
-31.8466
-31.8466
-31.8466
-31.8466
-31.8466
-31.8466
-31.8466
-31.8465
-36.7456
-36.7458
-36.7457
-36.7457
-36.7457
-36.7457
-36.7457
-36.7457
-36.7458
-36.7458
-36.7458
-36.7458
-36.7458
-36.7458
-36.7458
-36.7458
-36.7458
-36.7458
-36.7458
-36.7457
-41.6446
-41.6449
-41.6449
-41.6449
-41.6448
-41.6448
-41.6449
-41.6449
-41.6449
-41.6449
-41.6449
-41.645
-41.645
-41.645
-41.645
-41.645
-41.645
-41.645
-41.645
-41.6448
-46.5435
-46.5438
-46.5439
-46.5438
-46.5438
-46.5437
-46.5436
-46.5436
-46.5435
-46.5434
-46.5435
-46.5437
-46.5438
-46.5439
-46.544
-46.544
-46.5441
-46.5441
-46.5441
-46.5438
-2.45018
-2.45018
-2.45018
-2.45017
-2.45016
-2.45015
-2.45014
-2.45014
-2.45016
-2.45019
-2.45021
-2.45021
-2.45021
-2.45021
-2.45024
-2.45031
-2.45038
-2.45042
-2.45043
-2.45045
-7.34996
-7.34995
-7.34994
-7.34993
-7.34992
-7.34991
-7.34989
-7.34988
-7.34988
-7.34989
-7.3499
-7.34989
-7.3499
-7.3499
-7.34988
-7.34989
-7.34992
-7.34995
-7.34994
-7.34993
-12.2495
-12.2495
-12.2494
-12.2494
-12.2494
-12.2494
-12.2494
-12.2494
-12.2494
-12.2494
-12.2494
-12.2494
-12.2494
-12.2494
-12.2493
-12.2493
-12.2493
-12.2493
-12.2493
-12.2493
-17.1488
-17.1488
-17.1488
-17.1488
-17.1488
-17.1488
-17.1488
-17.1488
-17.1487
-17.1487
-17.1487
-17.1487
-17.1487
-17.1487
-17.1487
-17.1487
-17.1487
-17.1487
-17.1487
-17.1486
-22.048
-22.0481
-22.0481
-22.0481
-22.0481
-22.0481
-22.0481
-22.0481
-22.0481
-22.0481
-22.0481
-22.0481
-22.048
-22.048
-22.048
-22.048
-22.048
-22.048
-22.048
-22.048
-26.9473
-26.9474
-26.9473
-26.9473
-26.9473
-26.9473
-26.9473
-26.9473
-26.9473
-26.9473
-26.9473
-26.9473
-26.9473
-26.9473
-26.9473
-26.9473
-26.9473
-26.9473
-26.9473
-26.9473
-31.8465
-31.8466
-31.8466
-31.8465
-31.8465
-31.8465
-31.8466
-31.8466
-31.8466
-31.8466
-31.8466
-31.8466
-31.8466
-31.8466
-31.8466
-31.8466
-31.8466
-31.8466
-31.8466
-31.8465
-36.7456
-36.7458
-36.7457
-36.7457
-36.7457
-36.7457
-36.7457
-36.7457
-36.7458
-36.7458
-36.7458
-36.7458
-36.7458
-36.7458
-36.7458
-36.7458
-36.7458
-36.7458
-36.7458
-36.7457
-41.6446
-41.6449
-41.6449
-41.6449
-41.6449
-41.6449
-41.6449
-41.6449
-41.6448
-41.6448
-41.6449
-41.645
-41.645
-41.645
-41.645
-41.645
-41.645
-41.645
-41.645
-41.6448
-46.5434
-46.5438
-46.5439
-46.5438
-46.5437
-46.5436
-46.5435
-46.5433
-46.5431
-46.5429
-46.5431
-46.5435
-46.5437
-46.5438
-46.5439
-46.544
-46.5441
-46.5441
-46.5441
-46.5438
-2.45019
-2.45019
-2.45018
-2.45017
-2.45016
-2.45015
-2.45014
-2.45015
-2.45017
-2.45023
-2.45025
-2.45022
-2.4502
-2.45019
-2.4502
-2.45024
-2.45029
-2.45033
-2.45033
-2.45034
-7.34995
-7.34995
-7.34995
-7.34993
-7.34991
-7.34989
-7.34988
-7.34988
-7.34988
-7.34991
-7.34991
-7.34989
-7.34988
-7.34989
-7.34987
-7.34986
-7.34987
-7.34989
-7.34988
-7.34988
-12.2495
-12.2495
-12.2495
-12.2494
-12.2494
-12.2494
-12.2494
-12.2494
-12.2494
-12.2494
-12.2494
-12.2494
-12.2493
-12.2494
-12.2493
-12.2493
-12.2493
-12.2493
-12.2493
-12.2493
-17.1488
-17.1488
-17.1488
-17.1488
-17.1488
-17.1488
-17.1488
-17.1487
-17.1487
-17.1487
-17.1487
-17.1487
-17.1487
-17.1487
-17.1487
-17.1487
-17.1487
-17.1487
-17.1487
-17.1486
-22.048
-22.0481
-22.0481
-22.0481
-22.0481
-22.0481
-22.0481
-22.0481
-22.048
-22.0481
-22.0481
-22.0481
-22.048
-22.048
-22.048
-22.048
-22.048
-22.048
-22.048
-22.048
-26.9473
-26.9474
-26.9473
-26.9473
-26.9473
-26.9473
-26.9473
-26.9473
-26.9473
-26.9473
-26.9473
-26.9473
-26.9473
-26.9473
-26.9473
-26.9473
-26.9473
-26.9473
-26.9474
-26.9473
-31.8465
-31.8466
-31.8466
-31.8466
-31.8466
-31.8466
-31.8466
-31.8466
-31.8466
-31.8466
-31.8466
-31.8466
-31.8466
-31.8466
-31.8466
-31.8466
-31.8466
-31.8466
-31.8466
-31.8465
-36.7456
-36.7458
-36.7457
-36.7457
-36.7457
-36.7457
-36.7457
-36.7457
-36.7457
-36.7457
-36.7458
-36.7458
-36.7458
-36.7458
-36.7458
-36.7458
-36.7458
-36.7458
-36.7458
-36.7457
-41.6446
-41.6449
-41.6449
-41.6449
-41.6449
-41.6449
-41.6449
-41.6448
-41.6446
-41.6444
-41.6446
-41.6449
-41.645
-41.645
-41.645
-41.645
-41.645
-41.645
-41.645
-41.6448
-46.5434
-46.5438
-46.5438
-46.5438
-46.5437
-46.5436
-46.5433
-46.5428
-46.5421
-46.5416
-46.5422
-46.5431
-46.5436
-46.5438
-46.5439
-46.544
-46.5441
-46.5441
-46.5441
-46.5438
-2.45019
-2.45019
-2.45018
-2.45018
-2.45017
-2.45016
-2.45016
-2.45017
-2.4502
-2.45034
-2.45034
-2.45024
-2.45018
-2.45016
-2.45017
-2.45018
-2.45021
-2.45024
-2.45025
-2.45025
-7.34994
-7.34993
-7.34992
-7.34991
-7.34989
-7.34988
-7.34988
-7.34988
-7.34988
-7.34994
-7.34995
-7.34989
-7.34985
-7.34985
-7.34986
-7.34985
-7.34985
-7.34985
-7.34985
-7.34986
-12.2494
-12.2494
-12.2494
-12.2494
-12.2494
-12.2494
-12.2494
-12.2494
-12.2493
-12.2494
-12.2494
-12.2494
-12.2493
-12.2493
-12.2493
-12.2493
-12.2493
-12.2493
-12.2493
-12.2493
-17.1488
-17.1488
-17.1488
-17.1488
-17.1488
-17.1488
-17.1487
-17.1487
-17.1487
-17.1488
-17.1488
-17.1487
-17.1487
-17.1487
-17.1487
-17.1487
-17.1487
-17.1487
-17.1487
-17.1486
-22.048
-22.0481
-22.0481
-22.0481
-22.0481
-22.0481
-22.0481
-22.048
-22.0481
-22.0481
-22.0481
-22.0481
-22.048
-22.048
-22.048
-22.048
-22.048
-22.048
-22.048
-22.048
-26.9473
-26.9474
-26.9473
-26.9473
-26.9473
-26.9473
-26.9473
-26.9473
-26.9473
-26.9473
-26.9473
-26.9473
-26.9473
-26.9473
-26.9473
-26.9473
-26.9473
-26.9473
-26.9474
-26.9473
-31.8465
-31.8466
-31.8466
-31.8466
-31.8466
-31.8466
-31.8466
-31.8466
-31.8465
-31.8465
-31.8466
-31.8466
-31.8466
-31.8466
-31.8466
-31.8466
-31.8466
-31.8466
-31.8466
-31.8465
-36.7457
-36.7458
-36.7457
-36.7457
-36.7457
-36.7458
-36.7458
-36.7457
-36.7455
-36.7454
-36.7456
-36.7458
-36.7458
-36.7458
-36.7458
-36.7458
-36.7458
-36.7458
-36.7458
-36.7457
-41.6447
-41.6449
-41.6449
-41.6449
-41.6449
-41.6449
-41.6448
-41.6446
-41.644
-41.6436
-41.6441
-41.6449
-41.645
-41.6451
-41.6451
-41.645
-41.645
-41.6451
-41.6451
-41.6448
-46.5434
-46.5438
-46.5438
-46.5438
-46.5437
-46.5435
-46.5431
-46.5421
-46.5406
-46.5393
-46.5408
-46.5426
-46.5435
-46.5438
-46.5439
-46.544
-46.5441
-46.5442
-46.5441
-46.5439
-2.45019
-2.4502
-2.45019
-2.45019
-2.45019
-2.45019
-2.45019
-2.45023
-2.45034
-2.45105
-2.45101
-2.45037
-2.4502
-2.45015
-2.45014
-2.45014
-2.45016
-2.45018
-2.4502
-2.45021
-7.34993
-7.34993
-7.34992
-7.34991
-7.3499
-7.34989
-7.34989
-7.34991
-7.34994
-7.34971
-7.34973
-7.34991
-7.34984
-7.34983
-7.34983
-7.34984
-7.34985
-7.34985
-7.34985
-7.34984
-12.2494
-12.2494
-12.2494
-12.2494
-12.2494
-12.2494
-12.2494
-12.2494
-12.2494
-12.2492
-12.2492
-12.2494
-12.2493
-12.2493
-12.2493
-12.2493
-12.2493
-12.2493
-12.2493
-12.2493
-17.1488
-17.1488
-17.1488
-17.1488
-17.1488
-17.1487
-17.1487
-17.1487
-17.1488
-17.1485
-17.1485
-17.1487
-17.1487
-17.1487
-17.1487
-17.1487
-17.1487
-17.1487
-17.1487
-17.1486
-22.048
-22.0481
-22.0481
-22.0481
-22.0481
-22.0481
-22.0481
-22.0481
-22.0481
-22.0478
-22.0479
-22.048
-22.048
-22.048
-22.048
-22.048
-22.048
-22.048
-22.048
-22.048
-26.9473
-26.9474
-26.9473
-26.9473
-26.9473
-26.9473
-26.9473
-26.9473
-26.9473
-26.9471
-26.9472
-26.9473
-26.9473
-26.9473
-26.9473
-26.9473
-26.9473
-26.9473
-26.9474
-26.9473
-31.8465
-31.8466
-31.8466
-31.8466
-31.8466
-31.8466
-31.8466
-31.8466
-31.8465
-31.8463
-31.8464
-31.8466
-31.8466
-31.8466
-31.8466
-31.8466
-31.8466
-31.8466
-31.8466
-31.8465
-36.7457
-36.7458
-36.7457
-36.7458
-36.7458
-36.7458
-36.7458
-36.7457
-36.7454
-36.7452
-36.7455
-36.7459
-36.7459
-36.7458
-36.7458
-36.7458
-36.7458
-36.7458
-36.7459
-36.7457
-41.6447
-41.645
-41.6449
-41.6449
-41.6449
-41.6449
-41.6448
-41.6444
-41.6436
-41.6428
-41.6438
-41.6449
-41.6451
-41.6451
-41.6451
-41.6451
-41.6451
-41.6451
-41.6451
-41.6449
-46.5435
-46.5438
-46.5439
-46.5438
-46.5437
-46.5434
-46.5429
-46.5416
-46.5393
-46.5368
-46.5396
-46.5422
-46.5434
-46.5438
-46.5439
-46.544
-46.5441
-46.5442
-46.5441
-46.5439
-2.45021
-2.45021
-2.45021
-2.4502
-2.4502
-2.4502
-2.45021
-2.45025
-2.45034
-2.45101
-2.45094
-2.45035
-2.4502
-2.45014
-2.45012
-2.45012
-2.45013
-2.45015
-2.45018
-2.45019
-7.34993
-7.34993
-7.34992
-7.34991
-7.3499
-7.34989
-7.3499
-7.34991
-7.34995
-7.34973
-7.3497
-7.34988
-7.34982
-7.3498
-7.3498
-7.3498
-7.34981
-7.34983
-7.34983
-7.34982
-12.2494
-12.2494
-12.2494
-12.2494
-12.2494
-12.2494
-12.2494
-12.2494
-12.2494
-12.2492
-12.2492
-12.2493
-12.2493
-12.2493
-12.2493
-12.2493
-12.2493
-12.2493
-12.2493
-12.2492
-17.1488
-17.1488
-17.1488
-17.1488
-17.1487
-17.1487
-17.1487
-17.1487
-17.1488
-17.1485
-17.1486
-17.1487
-17.1487
-17.1487
-17.1487
-17.1487
-17.1487
-17.1487
-17.1487
-17.1486
-22.048
-22.0481
-22.0481
-22.0481
-22.0481
-22.0481
-22.0481
-22.0481
-22.0481
-22.0479
-22.0479
-22.048
-22.048
-22.048
-22.048
-22.048
-22.048
-22.048
-22.048
-22.048
-26.9473
-26.9474
-26.9473
-26.9473
-26.9473
-26.9473
-26.9473
-26.9473
-26.9473
-26.9472
-26.9472
-26.9473
-26.9473
-26.9473
-26.9473
-26.9473
-26.9473
-26.9473
-26.9474
-26.9473
-31.8465
-31.8466
-31.8466
-31.8466
-31.8466
-31.8466
-31.8466
-31.8466
-31.8466
-31.8464
-31.8465
-31.8466
-31.8466
-31.8466
-31.8466
-31.8466
-31.8466
-31.8466
-31.8466
-31.8465
-36.7457
-36.7458
-36.7457
-36.7458
-36.7458
-36.7458
-36.7458
-36.7458
-36.7456
-36.7455
-36.7457
-36.7459
-36.7459
-36.7458
-36.7458
-36.7458
-36.7458
-36.7458
-36.7459
-36.7457
-41.6447
-41.645
-41.6449
-41.6449
-41.6449
-41.6449
-41.6449
-41.6446
-41.6441
-41.6438
-41.6445
-41.6451
-41.6451
-41.6451
-41.6451
-41.6451
-41.6451
-41.6451
-41.6451
-41.6449
-46.5435
-46.5438
-46.5439
-46.5438
-46.5437
-46.5435
-46.5431
-46.5422
-46.5408
-46.5396
-46.5414
-46.5429
-46.5436
-46.5439
-46.544
-46.5441
-46.5442
-46.5442
-46.5442
-46.5439
-2.45022
-2.45022
-2.45022
-2.45022
-2.45021
-2.45021
-2.45021
-2.45022
-2.45024
-2.45037
-2.45035
-2.45023
-2.45018
-2.45015
-2.45014
-2.45014
-2.45015
-2.45016
-2.45019
-2.4502
-7.34994
-7.34993
-7.34992
-7.34991
-7.3499
-7.3499
-7.34989
-7.34989
-7.34989
-7.34991
-7.34988
-7.34983
-7.3498
-7.34978
-7.34978
-7.34978
-7.34979
-7.34981
-7.34981
-7.3498
-12.2494
-12.2494
-12.2494
-12.2494
-12.2494
-12.2494
-12.2494
-12.2494
-12.2494
-12.2494
-12.2493
-12.2493
-12.2493
-12.2493
-12.2493
-12.2493
-12.2493
-12.2493
-12.2493
-12.2492
-17.1488
-17.1488
-17.1488
-17.1488
-17.1487
-17.1487
-17.1487
-17.1487
-17.1487
-17.1487
-17.1487
-17.1487
-17.1487
-17.1487
-17.1487
-17.1487
-17.1487
-17.1487
-17.1487
-17.1486
-22.048
-22.0481
-22.0481
-22.0481
-22.0481
-22.0481
-22.0481
-22.0481
-22.0481
-22.048
-22.048
-22.048
-22.048
-22.048
-22.048
-22.048
-22.048
-22.048
-22.048
-22.048
-26.9473
-26.9474
-26.9473
-26.9473
-26.9473
-26.9473
-26.9473
-26.9473
-26.9473
-26.9473
-26.9473
-26.9473
-26.9473
-26.9473
-26.9473
-26.9473
-26.9473
-26.9473
-26.9473
-26.9473
-31.8465
-31.8466
-31.8466
-31.8466
-31.8466
-31.8466
-31.8466
-31.8466
-31.8466
-31.8466
-31.8466
-31.8466
-31.8466
-31.8466
-31.8466
-31.8466
-31.8466
-31.8466
-31.8466
-31.8465
-36.7457
-36.7458
-36.7457
-36.7458
-36.7458
-36.7458
-36.7458
-36.7458
-36.7458
-36.7459
-36.7459
-36.7459
-36.7458
-36.7458
-36.7458
-36.7458
-36.7458
-36.7458
-36.7458
-36.7457
-41.6447
-41.6449
-41.6449
-41.6449
-41.645
-41.645
-41.645
-41.6449
-41.6449
-41.6449
-41.6451
-41.6452
-41.6452
-41.6451
-41.6451
-41.6451
-41.6451
-41.6451
-41.6451
-41.6448
-46.5435
-46.5438
-46.5439
-46.5439
-46.5438
-46.5437
-46.5435
-46.5431
-46.5426
-46.5422
-46.5429
-46.5435
-46.5438
-46.5439
-46.544
-46.5441
-46.5442
-46.5442
-46.5442
-46.5439
-2.45024
-2.45023
-2.45022
-2.45022
-2.45022
-2.45022
-2.45021
-2.4502
-2.45018
-2.4502
-2.4502
-2.45018
-2.45017
-2.45017
-2.45018
-2.45019
-2.4502
-2.45021
-2.45022
-2.45023
-7.34995
-7.34994
-7.34993
-7.34992
-7.34992
-7.34991
-7.3499
-7.34988
-7.34985
-7.34984
-7.34982
-7.3498
-7.34977
-7.34977
-7.34977
-7.34978
-7.3498
-7.34981
-7.34982
-7.3498
-12.2494
-12.2494
-12.2494
-12.2494
-12.2494
-12.2494
-12.2494
-12.2493
-12.2493
-12.2493
-12.2493
-12.2493
-12.2492
-12.2492
-12.2492
-12.2492
-12.2493
-12.2493
-12.2492
-12.2492
-17.1488
-17.1488
-17.1488
-17.1488
-17.1487
-17.1487
-17.1487
-17.1487
-17.1487
-17.1487
-17.1487
-17.1487
-17.1486
-17.1486
-17.1486
-17.1486
-17.1487
-17.1487
-17.1487
-17.1486
-22.048
-22.0481
-22.0481
-22.0481
-22.0481
-22.0481
-22.048
-22.048
-22.048
-22.048
-22.048
-22.048
-22.048
-22.048
-22.048
-22.048
-22.048
-22.048
-22.048
-22.0479
-26.9473
-26.9474
-26.9473
-26.9473
-26.9473
-26.9473
-26.9473
-26.9473
-26.9473
-26.9473
-26.9473
-26.9473
-26.9473
-26.9473
-26.9473
-26.9473
-26.9473
-26.9473
-26.9473
-26.9473
-31.8465
-31.8466
-31.8466
-31.8466
-31.8466
-31.8466
-31.8466
-31.8466
-31.8466
-31.8466
-31.8466
-31.8466
-31.8466
-31.8466
-31.8466
-31.8466
-31.8466
-31.8466
-31.8466
-31.8465
-36.7457
-36.7458
-36.7457
-36.7458
-36.7458
-36.7458
-36.7458
-36.7458
-36.7458
-36.7459
-36.7459
-36.7458
-36.7458
-36.7458
-36.7458
-36.7458
-36.7458
-36.7458
-36.7458
-36.7457
-41.6447
-41.6449
-41.645
-41.645
-41.645
-41.645
-41.645
-41.645
-41.645
-41.6451
-41.6451
-41.6452
-41.6451
-41.6451
-41.6451
-41.6451
-41.6451
-41.6451
-41.6451
-41.6448
-46.5436
-46.5439
-46.5439
-46.5439
-46.5439
-46.5438
-46.5437
-46.5436
-46.5435
-46.5434
-46.5436
-46.5438
-46.5439
-46.544
-46.5441
-46.5442
-46.5442
-46.5443
-46.5442
-46.544
-2.45024
-2.45025
-2.45025
-2.45025
-2.45024
-2.45022
-2.45021
-2.45019
-2.45016
-2.45015
-2.45014
-2.45015
-2.45017
-2.45021
-2.45024
-2.45026
-2.45027
-2.45028
-2.45027
-2.45028
-7.34994
-7.34993
-7.34991
-7.3499
-7.3499
-7.3499
-7.3499
-7.34989
-7.34985
-7.34983
-7.3498
-7.34978
-7.34977
-7.34978
-7.3498
-7.34981
-7.34983
-7.34984
-7.34983
-7.34981
-12.2494
-12.2494
-12.2494
-12.2494
-12.2494
-12.2494
-12.2494
-12.2494
-12.2493
-12.2493
-12.2493
-12.2493
-12.2492
-12.2492
-12.2492
-12.2492
-12.2492
-12.2492
-12.2492
-12.2492
-17.1488
-17.1488
-17.1488
-17.1487
-17.1487
-17.1487
-17.1487
-17.1487
-17.1487
-17.1487
-17.1487
-17.1487
-17.1486
-17.1486
-17.1486
-17.1486
-17.1486
-17.1486
-17.1486
-17.1486
-22.048
-22.0481
-22.0481
-22.0481
-22.048
-22.048
-22.048
-22.048
-22.048
-22.048
-22.048
-22.048
-22.048
-22.048
-22.048
-22.048
-22.048
-22.048
-22.048
-22.0479
-26.9473
-26.9474
-26.9473
-26.9473
-26.9473
-26.9473
-26.9473
-26.9473
-26.9473
-26.9473
-26.9473
-26.9473
-26.9473
-26.9473
-26.9473
-26.9473
-26.9473
-26.9473
-26.9473
-26.9472
-31.8465
-31.8466
-31.8466
-31.8466
-31.8466
-31.8466
-31.8466
-31.8466
-31.8466
-31.8466
-31.8466
-31.8466
-31.8466
-31.8466
-31.8465
-31.8466
-31.8466
-31.8466
-31.8466
-31.8465
-36.7457
-36.7458
-36.7458
-36.7458
-36.7458
-36.7458
-36.7458
-36.7458
-36.7458
-36.7458
-36.7458
-36.7458
-36.7458
-36.7458
-36.7458
-36.7458
-36.7458
-36.7458
-36.7458
-36.7457
-41.6447
-41.645
-41.645
-41.645
-41.645
-41.645
-41.645
-41.645
-41.6451
-41.6451
-41.6451
-41.6451
-41.6451
-41.6451
-41.6451
-41.6451
-41.6451
-41.6451
-41.645
-41.6449
-46.5437
-46.5439
-46.544
-46.544
-46.5439
-46.5439
-46.5438
-46.5438
-46.5438
-46.5438
-46.5439
-46.5439
-46.544
-46.5441
-46.5441
-46.5442
-46.5442
-46.5443
-46.5443
-46.544
-2.45034
-2.45035
-2.45035
-2.45034
-2.45032
-2.45029
-2.45024
-2.4502
-2.45017
-2.45014
-2.45012
-2.45014
-2.45018
-2.45024
-2.45029
-2.45033
-2.45035
-2.45035
-2.45033
-2.45034
-7.34996
-7.34995
-7.34994
-7.34993
-7.34991
-7.34989
-7.34988
-7.34987
-7.34986
-7.34983
-7.3498
-7.34978
-7.34977
-7.3498
-7.34983
-7.34985
-7.34987
-7.34987
-7.34984
-7.34982
-12.2494
-12.2494
-12.2494
-12.2494
-12.2494
-12.2493
-12.2493
-12.2493
-12.2493
-12.2493
-12.2493
-12.2493
-12.2492
-12.2492
-12.2492
-12.2492
-12.2492
-12.2492
-12.2492
-12.2492
-17.1487
-17.1488
-17.1488
-17.1487
-17.1487
-17.1487
-17.1487
-17.1487
-17.1487
-17.1487
-17.1487
-17.1487
-17.1486
-17.1486
-17.1486
-17.1486
-17.1486
-17.1486
-17.1486
-17.1485
-22.048
-22.0481
-22.0481
-22.048
-22.048
-22.048
-22.048
-22.048
-22.048
-22.048
-22.048
-22.048
-22.048
-22.048
-22.048
-22.0479
-22.048
-22.048
-22.048
-22.0479
-26.9473
-26.9473
-26.9473
-26.9473
-26.9473
-26.9473
-26.9473
-26.9473
-26.9473
-26.9473
-26.9473
-26.9473
-26.9473
-26.9473
-26.9473
-26.9473
-26.9473
-26.9473
-26.9473
-26.9472
-31.8465
-31.8466
-31.8466
-31.8466
-31.8466
-31.8466
-31.8466
-31.8466
-31.8466
-31.8466
-31.8466
-31.8466
-31.8466
-31.8465
-31.8465
-31.8465
-31.8465
-31.8466
-31.8466
-31.8465
-36.7457
-36.7458
-36.7458
-36.7458
-36.7458
-36.7458
-36.7458
-36.7458
-36.7458
-36.7458
-36.7458
-36.7458
-36.7458
-36.7458
-36.7458
-36.7458
-36.7458
-36.7458
-36.7458
-36.7457
-41.6447
-41.645
-41.645
-41.645
-41.645
-41.645
-41.645
-41.645
-41.6451
-41.6451
-41.6451
-41.6451
-41.6451
-41.6451
-41.645
-41.645
-41.645
-41.6451
-41.645
-41.6449
-46.5437
-46.544
-46.544
-46.544
-46.544
-46.544
-46.5439
-46.5439
-46.5439
-46.5439
-46.544
-46.544
-46.5441
-46.5441
-46.5442
-46.5442
-46.5443
-46.5443
-46.5443
-46.5441
-2.45051
-2.45049
-2.45049
-2.45047
-2.45043
-2.45038
-2.45031
-2.45024
-2.45018
-2.45014
-2.45012
-2.45014
-2.45019
-2.45026
-2.45033
-2.45038
-2.45039
-2.45038
-2.45034
-2.45034
-7.35008
-7.35006
-7.35004
-7.35001
-7.34997
-7.34993
-7.34989
-7.34986
-7.34985
-7.34984
-7.3498
-7.34978
-7.34978
-7.34981
-7.34985
-7.34988
-7.3499
-7.34989
-7.34985
-7.34981
-12.2494
-12.2494
-12.2494
-12.2494
-12.2494
-12.2494
-12.2493
-12.2493
-12.2493
-12.2493
-12.2493
-12.2493
-12.2492
-12.2492
-12.2492
-12.2492
-12.2493
-12.2492
-12.2492
-12.2492
-17.1487
-17.1488
-17.1488
-17.1488
-17.1487
-17.1487
-17.1487
-17.1487
-17.1487
-17.1487
-17.1487
-17.1487
-17.1486
-17.1486
-17.1486
-17.1486
-17.1486
-17.1486
-17.1486
-17.1485
-22.048
-22.048
-22.0481
-22.0481
-22.048
-22.048
-22.048
-22.048
-22.048
-22.048
-22.048
-22.048
-22.048
-22.048
-22.0479
-22.0479
-22.0479
-22.0479
-22.048
-22.0479
-26.9472
-26.9473
-26.9473
-26.9473
-26.9473
-26.9473
-26.9473
-26.9473
-26.9473
-26.9473
-26.9473
-26.9473
-26.9473
-26.9473
-26.9473
-26.9473
-26.9473
-26.9473
-26.9473
-26.9472
-31.8465
-31.8466
-31.8466
-31.8466
-31.8466
-31.8466
-31.8466
-31.8466
-31.8466
-31.8466
-31.8466
-31.8466
-31.8466
-31.8466
-31.8465
-31.8465
-31.8465
-31.8465
-31.8466
-31.8465
-36.7456
-36.7458
-36.7458
-36.7458
-36.7458
-36.7458
-36.7458
-36.7458
-36.7458
-36.7458
-36.7458
-36.7458
-36.7458
-36.7458
-36.7458
-36.7458
-36.7458
-36.7458
-36.7458
-36.7457
-41.6447
-41.645
-41.645
-41.645
-41.645
-41.645
-41.645
-41.645
-41.645
-41.6451
-41.6451
-41.6451
-41.6451
-41.6451
-41.645
-41.645
-41.645
-41.645
-41.645
-41.6449
-46.5438
-46.544
-46.5441
-46.5441
-46.5441
-46.544
-46.544
-46.544
-46.544
-46.544
-46.5441
-46.5441
-46.5442
-46.5442
-46.5442
-46.5442
-46.5443
-46.5443
-46.5443
-46.5442
-2.45056
-2.45053
-2.45052
-2.45052
-2.4505
-2.45046
-2.45038
-2.45029
-2.45021
-2.45016
-2.45013
-2.45015
-2.4502
-2.45027
-2.45035
-2.45039
-2.45039
-2.45034
-2.45025
-2.45022
-7.35013
-7.3501
-7.35007
-7.35005
-7.35002
-7.34998
-7.34992
-7.34987
-7.34985
-7.34985
-7.34981
-7.34979
-7.3498
-7.34983
-7.34987
-7.3499
-7.3499
-7.34987
-7.34981
-7.34977
-12.2495
-12.2494
-12.2494
-12.2494
-12.2494
-12.2494
-12.2493
-12.2493
-12.2493
-12.2493
-12.2493
-12.2493
-12.2493
-12.2492
-12.2492
-12.2493
-12.2492
-12.2492
-12.2492
-12.2491
-17.1487
-17.1487
-17.1488
-17.1487
-17.1487
-17.1487
-17.1487
-17.1487
-17.1487
-17.1487
-17.1487
-17.1487
-17.1487
-17.1486
-17.1486
-17.1486
-17.1486
-17.1486
-17.1486
-17.1485
-22.048
-22.048
-22.048
-22.048
-22.048
-22.048
-22.048
-22.048
-22.048
-22.048
-22.048
-22.048
-22.048
-22.048
-22.048
-22.0479
-22.0479
-22.0479
-22.0479
-22.0479
-26.9472
-26.9473
-26.9473
-26.9473
-26.9473
-26.9473
-26.9473
-26.9473
-26.9473
-26.9473
-26.9473
-26.9473
-26.9473
-26.9473
-26.9473
-26.9473
-26.9473
-26.9473
-26.9473
-26.9472
-31.8464
-31.8465
-31.8466
-31.8466
-31.8466
-31.8466
-31.8466
-31.8466
-31.8466
-31.8466
-31.8466
-31.8466
-31.8466
-31.8466
-31.8465
-31.8465
-31.8465
-31.8465
-31.8466
-31.8465
-36.7456
-36.7458
-36.7458
-36.7458
-36.7458
-36.7458
-36.7458
-36.7458
-36.7458
-36.7458
-36.7458
-36.7458
-36.7458
-36.7458
-36.7458
-36.7458
-36.7458
-36.7458
-36.7458
-36.7457
-41.6447
-41.6449
-41.645
-41.645
-41.645
-41.645
-41.645
-41.645
-41.645
-41.6451
-41.6451
-41.6451
-41.6451
-41.6451
-41.645
-41.645
-41.645
-41.645
-41.645
-41.6449
-46.5439
-46.5441
-46.5441
-46.5441
-46.5441
-46.5441
-46.5441
-46.5441
-46.5441
-46.5441
-46.5442
-46.5442
-46.5442
-46.5442
-46.5443
-46.5443
-46.5443
-46.5444
-46.5444
-46.5442
-2.45037
-2.45035
-2.45039
-2.45044
-2.45049
-2.45048
-2.45042
-2.45033
-2.45024
-2.45018
-2.45015
-2.45016
-2.45021
-2.45028
-2.45035
-2.45038
-2.45034
-2.45022
-2.45005
-2.44996
-7.35
-7.34998
-7.34998
-7.34999
-7.35
-7.34999
-7.34995
-7.34989
-7.34985
-7.34985
-7.34983
-7.34981
-7.34981
-7.34984
-7.34987
-7.34989
-7.34987
-7.3498
-7.34971
-7.34964
-12.2494
-12.2494
-12.2494
-12.2494
-12.2493
-12.2493
-12.2493
-12.2493
-12.2493
-12.2493
-12.2493
-12.2493
-12.2493
-12.2492
-12.2492
-12.2492
-12.2492
-12.2492
-12.2491
-12.2491
-17.1487
-17.1487
-17.1487
-17.1487
-17.1487
-17.1487
-17.1487
-17.1487
-17.1487
-17.1487
-17.1487
-17.1487
-17.1487
-17.1486
-17.1486
-17.1486
-17.1486
-17.1486
-17.1485
-17.1485
-22.0479
-22.048
-22.048
-22.048
-22.048
-22.048
-22.048
-22.048
-22.048
-22.048
-22.048
-22.048
-22.048
-22.048
-22.048
-22.0479
-22.0479
-22.0479
-22.0479
-22.0478
-26.9472
-26.9472
-26.9473
-26.9473
-26.9473
-26.9473
-26.9473
-26.9473
-26.9473
-26.9473
-26.9473
-26.9473
-26.9473
-26.9473
-26.9473
-26.9473
-26.9473
-26.9472
-26.9472
-26.9472
-31.8464
-31.8465
-31.8465
-31.8466
-31.8466
-31.8466
-31.8466
-31.8466
-31.8466
-31.8466
-31.8466
-31.8466
-31.8466
-31.8466
-31.8466
-31.8465
-31.8465
-31.8465
-31.8465
-31.8464
-36.7455
-36.7457
-36.7457
-36.7458
-36.7458
-36.7458
-36.7458
-36.7458
-36.7458
-36.7458
-36.7458
-36.7458
-36.7458
-36.7458
-36.7458
-36.7458
-36.7458
-36.7458
-36.7458
-36.7457
-41.6446
-41.6448
-41.6449
-41.645
-41.645
-41.645
-41.645
-41.645
-41.6451
-41.6451
-41.6451
-41.6451
-41.6451
-41.6451
-41.6451
-41.645
-41.645
-41.645
-41.645
-41.6449
-46.5439
-46.544
-46.5441
-46.5441
-46.5441
-46.5441
-46.5441
-46.5441
-46.5442
-46.5442
-46.5442
-46.5442
-46.5443
-46.5443
-46.5443
-46.5443
-46.5444
-46.5444
-46.5444
-46.5443
-2.44997
-2.44998
-2.45009
-2.45025
-2.4504
-2.45046
-2.45043
-2.45033
-2.45025
-2.4502
-2.45018
-2.45019
-2.45022
-2.45027
-2.45033
-2.45034
-2.45025
-2.45005
-2.44977
-2.44958
-7.34974
-7.34974
-7.34978
-7.34986
-7.34993
-7.34996
-7.34994
-7.34988
-7.34985
-7.34985
-7.34983
-7.34981
-7.34982
-7.34983
-7.34984
-7.34985
-7.34981
-7.34971
-7.34956
-7.34944
-12.2492
-12.2492
-12.2492
-12.2493
-12.2493
-12.2493
-12.2493
-12.2493
-12.2493
-12.2493
-12.2493
-12.2493
-12.2492
-12.2492
-12.2492
-12.2492
-12.2492
-12.2491
-12.2491
-12.249
-17.1486
-17.1486
-17.1486
-17.1486
-17.1487
-17.1487
-17.1487
-17.1487
-17.1487
-17.1487
-17.1487
-17.1487
-17.1487
-17.1486
-17.1486
-17.1486
-17.1486
-17.1485
-17.1485
-17.1484
-22.0479
-22.0479
-22.0479
-22.048
-22.048
-22.048
-22.048
-22.048
-22.048
-22.048
-22.048
-22.048
-22.048
-22.048
-22.048
-22.048
-22.0479
-22.0479
-22.0479
-22.0478
-26.9471
-26.9472
-26.9472
-26.9473
-26.9473
-26.9473
-26.9473
-26.9474
-26.9474
-26.9474
-26.9474
-26.9473
-26.9473
-26.9473
-26.9473
-26.9473
-26.9473
-26.9472
-26.9472
-26.9471
-31.8463
-31.8464
-31.8465
-31.8466
-31.8466
-31.8466
-31.8466
-31.8466
-31.8466
-31.8466
-31.8466
-31.8466
-31.8466
-31.8466
-31.8466
-31.8466
-31.8466
-31.8465
-31.8465
-31.8464
-36.7454
-36.7456
-36.7457
-36.7458
-36.7458
-36.7458
-36.7458
-36.7458
-36.7458
-36.7459
-36.7459
-36.7458
-36.7458
-36.7458
-36.7458
-36.7458
-36.7458
-36.7458
-36.7457
-36.7456
-41.6445
-41.6447
-41.6448
-41.6449
-41.645
-41.645
-41.645
-41.645
-41.6451
-41.6451
-41.6451
-41.6451
-41.6451
-41.645
-41.645
-41.645
-41.645
-41.645
-41.645
-41.6448
-46.5438
-46.544
-46.544
-46.5441
-46.5441
-46.5441
-46.5441
-46.5441
-46.5441
-46.5441
-46.5442
-46.5442
-46.5442
-46.5443
-46.5443
-46.5443
-46.5444
-46.5444
-46.5444
-46.5443
-2.44961
-2.44967
-2.44987
-2.45014
-2.45036
-2.45047
-2.45045
-2.45034
-2.45025
-2.45021
-2.45019
-2.4502
-2.45023
-2.45028
-2.45034
-2.45034
-2.45022
-2.44996
-2.44958
-2.44926
-7.34947
-7.34951
-7.34962
-7.34977
-7.34988
-7.34992
-7.34993
-7.34988
-7.34986
-7.34984
-7.34982
-7.3498
-7.3498
-7.34981
-7.34982
-7.34981
-7.34977
-7.34964
-7.34944
-7.34925
-12.249
-12.2491
-12.2491
-12.2492
-12.2492
-12.2493
-12.2493
-12.2493
-12.2493
-12.2493
-12.2492
-12.2492
-12.2492
-12.2492
-12.2492
-12.2492
-12.2491
-12.2491
-12.249
-12.2489
-17.1485
-17.1485
-17.1485
-17.1486
-17.1486
-17.1486
-17.1486
-17.1486
-17.1486
-17.1486
-17.1486
-17.1486
-17.1486
-17.1486
-17.1485
-17.1485
-17.1485
-17.1485
-17.1484
-17.1484
-22.0478
-22.0478
-22.0479
-22.0479
-22.0479
-22.0479
-22.048
-22.048
-22.048
-22.048
-22.048
-22.048
-22.0479
-22.0479
-22.0479
-22.0479
-22.0479
-22.0478
-22.0478
-22.0477
-26.947
-26.9471
-26.9471
-26.9472
-26.9472
-26.9472
-26.9473
-26.9473
-26.9473
-26.9473
-26.9473
-26.9473
-26.9473
-26.9472
-26.9472
-26.9472
-26.9472
-26.9472
-26.9471
-26.9471
-31.8462
-31.8463
-31.8464
-31.8464
-31.8465
-31.8465
-31.8465
-31.8465
-31.8465
-31.8465
-31.8465
-31.8465
-31.8465
-31.8465
-31.8465
-31.8465
-31.8465
-31.8464
-31.8464
-31.8463
-36.7452
-36.7454
-36.7455
-36.7456
-36.7456
-36.7457
-36.7457
-36.7457
-36.7457
-36.7457
-36.7457
-36.7457
-36.7457
-36.7457
-36.7457
-36.7457
-36.7457
-36.7457
-36.7456
-36.7455
-41.6443
-41.6445
-41.6446
-41.6447
-41.6447
-41.6448
-41.6448
-41.6448
-41.6448
-41.6449
-41.6449
-41.6448
-41.6448
-41.6449
-41.6449
-41.6449
-41.6449
-41.6449
-41.6448
-41.6447
-46.5436
-46.5438
-46.5438
-46.5438
-46.5438
-46.5438
-46.5438
-46.5438
-46.5439
-46.5439
-46.5439
-46.5439
-46.544
-46.544
-46.5441
-46.5442
-46.5442
-46.5443
-46.5443
-46.5442
)
;

boundaryField
{
    floor
    {
        type            calculated;
        value           nonuniform List<scalar> 
400
(
-6.77748e-06
-0.000285784
-0.000648969
-0.000840374
-0.000759705
-0.000467198
-0.000201167
-0.000221909
-0.000223344
-0.00023837
-0.000261533
-0.000280761
-0.000313586
-0.000329234
-0.00057706
-0.000787577
-0.000858753
-0.000686457
-0.000284183
8.62975e-05
-0.000285784
-0.000443233
-0.000695176
-0.000819378
-0.000736286
-0.000505652
-0.000216323
-0.000218727
-0.0002325
-0.000246463
-0.000269821
-0.000291986
-0.000306191
-0.000373106
-0.000586073
-0.000771366
-0.000829348
-0.000666213
-0.000292132
2.55915e-05
-0.000648969
-0.000695176
-0.000805297
-0.000829729
-0.000721349
-0.000513333
-0.000230176
-0.000211556
-0.000236712
-0.000251443
-0.000274795
-0.000294341
-0.000299737
-0.000395172
-0.000593898
-0.000762626
-0.000820609
-0.000695599
-0.000400183
-0.000178374
-0.000840374
-0.000819378
-0.000829729
-0.000786183
-0.000658349
-0.000468412
-0.000223691
-0.000204609
-0.000234876
-0.000252093
-0.000277342
-0.000295863
-0.000294786
-0.000391974
-0.000579709
-0.00073849
-0.000810218
-0.000751452
-0.000569193
-0.000455055
-0.000759705
-0.000736286
-0.000721349
-0.000658349
-0.000540353
-0.000369842
-0.000194396
-0.000195439
-0.000226096
-0.000250564
-0.00027911
-0.000296687
-0.000293859
-0.000364964
-0.000543455
-0.000694753
-0.000786761
-0.000789705
-0.000711033
-0.000677511
-0.000467198
-0.000505652
-0.000513333
-0.000468412
-0.000369842
-0.000210932
-0.000168803
-0.000193592
-0.000216624
-0.000251892
-0.000283356
-0.000297296
-0.000297193
-0.000313908
-0.000486138
-0.000628186
-0.000730766
-0.000774176
-0.000764803
-0.00078245
-0.000201167
-0.000216323
-0.000230176
-0.000223691
-0.000194396
-0.000168803
-0.000172656
-0.000193697
-0.000207099
-0.000260493
-0.000295128
-0.000299702
-0.000300637
-0.000256
-0.000405218
-0.000537785
-0.000638056
-0.000698493
-0.000717317
-0.000745129
-0.000221909
-0.000218727
-0.000211556
-0.000204609
-0.000195439
-0.000193592
-0.000193697
-0.000204831
-0.000218112
-0.000299389
-0.000339566
-0.000312584
-0.000291258
-0.000240333
-0.000298216
-0.000425003
-0.000516343
-0.000572976
-0.000590785
-0.000596229
-0.000223344
-0.0002325
-0.000236712
-0.000234876
-0.000226096
-0.000216624
-0.000207099
-0.000218112
-0.000239275
-0.000459584
-0.000483413
-0.000331494
-0.000278179
-0.000238424
-0.000221525
-0.000276306
-0.000370154
-0.000432043
-0.000443833
-0.000414415
-0.00023837
-0.000246463
-0.000251443
-0.000252093
-0.000250564
-0.000251892
-0.000260493
-0.000299389
-0.000459584
-0.00367558
-0.00351775
-0.000523628
-0.000306118
-0.000240434
-0.00020701
-0.00019828
-0.000228518
-0.000274133
-0.00031778
-0.000323374
-0.000261533
-0.000269821
-0.000274795
-0.000277342
-0.00027911
-0.000283356
-0.000295128
-0.000339566
-0.000483413
-0.00351775
-0.00321537
-0.000497275
-0.000296544
-0.000234679
-0.000210476
-0.0002072
-0.000215164
-0.000242852
-0.000280671
-0.000294305
-0.000280761
-0.000291986
-0.000294341
-0.000295863
-0.000296687
-0.000297296
-0.000299702
-0.000312584
-0.000331494
-0.000523628
-0.000497275
-0.000356766
-0.000309603
-0.000289908
-0.000283369
-0.000287041
-0.00030175
-0.00032575
-0.000347713
-0.000338501
-0.000313586
-0.000306191
-0.000299737
-0.000294786
-0.000293859
-0.000297193
-0.000300637
-0.000291258
-0.000278179
-0.000306118
-0.000296544
-0.000309603
-0.000330082
-0.000350714
-0.000370258
-0.000388184
-0.000406225
-0.000423025
-0.000432947
-0.00044287
-0.000329234
-0.000373106
-0.000395172
-0.000391974
-0.000364964
-0.000313908
-0.000256
-0.000240333
-0.000238424
-0.000240434
-0.000234679
-0.000289908
-0.000350714
-0.000404111
-0.000449613
-0.000485039
-0.000510482
-0.000522429
-0.000519187
-0.000539559
-0.00057706
-0.000586073
-0.000593898
-0.000579709
-0.000543455
-0.000486138
-0.000405218
-0.000298216
-0.000221525
-0.00020701
-0.000210476
-0.000283369
-0.000370258
-0.000449613
-0.000518599
-0.000570559
-0.000603099
-0.000612861
-0.000601238
-0.000621144
-0.000787577
-0.000771366
-0.000762626
-0.00073849
-0.000694753
-0.000628186
-0.000537785
-0.000425003
-0.000276306
-0.00019828
-0.0002072
-0.000287041
-0.000388184
-0.000485039
-0.000570559
-0.000629628
-0.000656416
-0.000652589
-0.000623732
-0.000632945
-0.000858753
-0.000829348
-0.000820609
-0.000810218
-0.000786761
-0.000730766
-0.000638056
-0.000516343
-0.000370154
-0.000228518
-0.000215164
-0.00030175
-0.000406225
-0.000510482
-0.000603099
-0.000656416
-0.000664781
-0.00061881
-0.000539985
-0.000514794
-0.000686457
-0.000666213
-0.000695599
-0.000751452
-0.000789705
-0.000774176
-0.000698493
-0.000572976
-0.000432043
-0.000274133
-0.000242852
-0.00032575
-0.000423025
-0.000522429
-0.000612861
-0.000652589
-0.00061881
-0.000502942
-0.000337198
-0.000243514
-0.000284183
-0.000292132
-0.000400183
-0.000569193
-0.000711033
-0.000764803
-0.000717317
-0.000590785
-0.000443833
-0.00031778
-0.000280671
-0.000347713
-0.000432947
-0.000519187
-0.000601238
-0.000623732
-0.000539985
-0.000337198
-5.26692e-05
0.000149679
8.62975e-05
2.55915e-05
-0.000178374
-0.000455055
-0.000677511
-0.00078245
-0.000745129
-0.000596229
-0.000414415
-0.000323374
-0.000294305
-0.000338501
-0.00044287
-0.000539559
-0.000621144
-0.000632945
-0.000514794
-0.000243514
0.000149679
0.000476675
)
;
    }
    ceiling
    {
        type            calculated;
        value           nonuniform List<scalar> 
400
(
-48.9931
-48.9933
-48.9933
-48.9933
-48.9932
-48.9932
-48.9931
-48.993
-48.9931
-48.9931
-48.9931
-48.9932
-48.9932
-48.9933
-48.9934
-48.9935
-48.9936
-48.9936
-48.9935
-48.9934
-48.9933
-48.9934
-48.9935
-48.9935
-48.9935
-48.9935
-48.9934
-48.9934
-48.9934
-48.9934
-48.9934
-48.9934
-48.9935
-48.9936
-48.9937
-48.9937
-48.9938
-48.9937
-48.9937
-48.9935
-48.9933
-48.9935
-48.9936
-48.9936
-48.9935
-48.9935
-48.9934
-48.9934
-48.9934
-48.9934
-48.9934
-48.9935
-48.9935
-48.9936
-48.9937
-48.9937
-48.9938
-48.9938
-48.9937
-48.9935
-48.9933
-48.9935
-48.9936
-48.9936
-48.9935
-48.9934
-48.9934
-48.9933
-48.9933
-48.9933
-48.9934
-48.9934
-48.9935
-48.9936
-48.9936
-48.9937
-48.9938
-48.9938
-48.9938
-48.9936
-48.9932
-48.9935
-48.9935
-48.9935
-48.9934
-48.9933
-48.9933
-48.9932
-48.9932
-48.9932
-48.9932
-48.9933
-48.9934
-48.9935
-48.9936
-48.9937
-48.9938
-48.9938
-48.9938
-48.9936
-48.9932
-48.9935
-48.9935
-48.9934
-48.9933
-48.9932
-48.9931
-48.993
-48.9929
-48.9928
-48.993
-48.9932
-48.9933
-48.9934
-48.9935
-48.9936
-48.9937
-48.9938
-48.9938
-48.9935
-48.9931
-48.9934
-48.9934
-48.9934
-48.9933
-48.9931
-48.993
-48.9927
-48.9925
-48.9922
-48.9925
-48.9929
-48.9932
-48.9934
-48.9935
-48.9936
-48.9937
-48.9938
-48.9938
-48.9935
-48.993
-48.9934
-48.9934
-48.9933
-48.9932
-48.993
-48.9927
-48.9922
-48.9915
-48.9908
-48.9916
-48.9925
-48.993
-48.9933
-48.9934
-48.9936
-48.9937
-48.9938
-48.9938
-48.9935
-48.9931
-48.9934
-48.9934
-48.9933
-48.9932
-48.9929
-48.9925
-48.9915
-48.9899
-48.9884
-48.99
-48.9919
-48.9929
-48.9932
-48.9934
-48.9936
-48.9937
-48.9938
-48.9938
-48.9936
-48.9931
-48.9934
-48.9934
-48.9933
-48.9932
-48.9928
-48.9922
-48.9908
-48.9884
-48.9855
-48.9886
-48.9915
-48.9928
-48.9932
-48.9934
-48.9936
-48.9937
-48.9938
-48.9938
-48.9936
-48.9931
-48.9934
-48.9934
-48.9934
-48.9932
-48.993
-48.9925
-48.9916
-48.99
-48.9886
-48.9906
-48.9923
-48.993
-48.9933
-48.9935
-48.9936
-48.9938
-48.9938
-48.9938
-48.9936
-48.9932
-48.9934
-48.9935
-48.9934
-48.9933
-48.9932
-48.9929
-48.9925
-48.9919
-48.9915
-48.9923
-48.9929
-48.9933
-48.9934
-48.9936
-48.9937
-48.9938
-48.9939
-48.9939
-48.9936
-48.9932
-48.9935
-48.9935
-48.9935
-48.9934
-48.9933
-48.9932
-48.993
-48.9929
-48.9928
-48.993
-48.9933
-48.9934
-48.9935
-48.9937
-48.9938
-48.9939
-48.9939
-48.9939
-48.9937
-48.9933
-48.9936
-48.9936
-48.9936
-48.9935
-48.9934
-48.9934
-48.9933
-48.9932
-48.9932
-48.9933
-48.9934
-48.9935
-48.9936
-48.9937
-48.9938
-48.9939
-48.994
-48.994
-48.9938
-48.9934
-48.9937
-48.9937
-48.9936
-48.9936
-48.9935
-48.9935
-48.9934
-48.9934
-48.9934
-48.9935
-48.9936
-48.9937
-48.9937
-48.9938
-48.9939
-48.9939
-48.994
-48.994
-48.9939
-48.9935
-48.9937
-48.9937
-48.9937
-48.9937
-48.9936
-48.9936
-48.9936
-48.9936
-48.9936
-48.9936
-48.9937
-48.9938
-48.9938
-48.9939
-48.9939
-48.994
-48.994
-48.9941
-48.9939
-48.9936
-48.9938
-48.9938
-48.9938
-48.9938
-48.9937
-48.9937
-48.9937
-48.9937
-48.9937
-48.9938
-48.9938
-48.9939
-48.9939
-48.9939
-48.994
-48.994
-48.9941
-48.9941
-48.994
-48.9936
-48.9937
-48.9938
-48.9938
-48.9938
-48.9938
-48.9938
-48.9938
-48.9938
-48.9938
-48.9938
-48.9939
-48.9939
-48.994
-48.994
-48.994
-48.9941
-48.9941
-48.9941
-48.9941
-48.9935
-48.9937
-48.9937
-48.9938
-48.9938
-48.9938
-48.9938
-48.9938
-48.9938
-48.9938
-48.9938
-48.9939
-48.9939
-48.994
-48.994
-48.9941
-48.9941
-48.9941
-48.9941
-48.9941
-48.9934
-48.9935
-48.9935
-48.9936
-48.9936
-48.9935
-48.9935
-48.9935
-48.9936
-48.9936
-48.9936
-48.9936
-48.9937
-48.9938
-48.9939
-48.9939
-48.994
-48.9941
-48.9941
-48.994
)
;
    }
    fixedWalls
    {
        type            calculated;
        value           nonuniform List<scalar> 
800
(
-2.44969
-7.34955
-12.2491
-17.1485
-22.0478
-26.947
-31.8461
-36.7452
-41.6441
-46.5434
-2.44995
-7.34971
-12.2492
-17.1486
-22.0478
-26.9471
-31.8463
-36.7453
-41.6444
-46.5436
-2.45031
-7.34992
-12.2493
-17.1486
-22.0479
-26.9471
-31.8463
-36.7454
-41.6445
-46.5436
-2.45051
-7.35006
-12.2494
-17.1487
-22.0479
-26.9472
-31.8464
-36.7455
-41.6446
-46.5436
-2.45044
-7.35005
-12.2494
-17.1487
-22.0479
-26.9472
-31.8464
-36.7456
-41.6446
-46.5436
-2.45027
-7.34995
-12.2494
-17.1487
-22.048
-26.9472
-31.8465
-36.7456
-41.6446
-46.5435
-2.45018
-7.34996
-12.2495
-17.1488
-22.048
-26.9473
-31.8465
-36.7456
-41.6446
-46.5434
-2.45019
-7.34995
-12.2495
-17.1488
-22.048
-26.9473
-31.8465
-36.7456
-41.6446
-46.5434
-2.45019
-7.34994
-12.2494
-17.1488
-22.048
-26.9473
-31.8465
-36.7457
-41.6447
-46.5434
-2.45019
-7.34993
-12.2494
-17.1488
-22.048
-26.9473
-31.8465
-36.7457
-41.6447
-46.5435
-2.45021
-7.34993
-12.2494
-17.1488
-22.048
-26.9473
-31.8465
-36.7457
-41.6447
-46.5435
-2.45022
-7.34994
-12.2494
-17.1488
-22.048
-26.9473
-31.8465
-36.7457
-41.6447
-46.5435
-2.45024
-7.34995
-12.2494
-17.1488
-22.048
-26.9473
-31.8465
-36.7457
-41.6447
-46.5436
-2.45024
-7.34994
-12.2494
-17.1488
-22.048
-26.9473
-31.8465
-36.7457
-41.6447
-46.5437
-2.45034
-7.34996
-12.2494
-17.1487
-22.048
-26.9473
-31.8465
-36.7457
-41.6447
-46.5437
-2.45051
-7.35008
-12.2494
-17.1487
-22.048
-26.9472
-31.8465
-36.7456
-41.6447
-46.5438
-2.45056
-7.35013
-12.2495
-17.1487
-22.048
-26.9472
-31.8464
-36.7456
-41.6447
-46.5439
-2.45037
-7.35
-12.2494
-17.1487
-22.0479
-26.9472
-31.8464
-36.7455
-41.6446
-46.5439
-2.44997
-7.34974
-12.2492
-17.1486
-22.0479
-26.9471
-31.8463
-36.7454
-41.6445
-46.5438
-2.44961
-7.34947
-12.249
-17.1485
-22.0478
-26.947
-31.8462
-36.7452
-41.6443
-46.5436
-2.44961
-7.34947
-12.249
-17.1485
-22.0478
-26.947
-31.8462
-36.7452
-41.6443
-46.5436
-2.44967
-7.34951
-12.2491
-17.1485
-22.0478
-26.9471
-31.8463
-36.7454
-41.6445
-46.5438
-2.44987
-7.34962
-12.2491
-17.1485
-22.0479
-26.9471
-31.8464
-36.7455
-41.6446
-46.5438
-2.45014
-7.34977
-12.2492
-17.1486
-22.0479
-26.9472
-31.8464
-36.7456
-41.6447
-46.5438
-2.45036
-7.34988
-12.2492
-17.1486
-22.0479
-26.9472
-31.8465
-36.7456
-41.6447
-46.5438
-2.45047
-7.34992
-12.2493
-17.1486
-22.0479
-26.9472
-31.8465
-36.7457
-41.6448
-46.5438
-2.45045
-7.34993
-12.2493
-17.1486
-22.048
-26.9473
-31.8465
-36.7457
-41.6448
-46.5438
-2.45034
-7.34988
-12.2493
-17.1486
-22.048
-26.9473
-31.8465
-36.7457
-41.6448
-46.5438
-2.45025
-7.34986
-12.2493
-17.1486
-22.048
-26.9473
-31.8465
-36.7457
-41.6448
-46.5439
-2.45021
-7.34984
-12.2493
-17.1486
-22.048
-26.9473
-31.8465
-36.7457
-41.6449
-46.5439
-2.45019
-7.34982
-12.2492
-17.1486
-22.048
-26.9473
-31.8465
-36.7457
-41.6449
-46.5439
-2.4502
-7.3498
-12.2492
-17.1486
-22.048
-26.9473
-31.8465
-36.7457
-41.6448
-46.5439
-2.45023
-7.3498
-12.2492
-17.1486
-22.0479
-26.9473
-31.8465
-36.7457
-41.6448
-46.544
-2.45028
-7.34981
-12.2492
-17.1486
-22.0479
-26.9472
-31.8465
-36.7457
-41.6449
-46.544
-2.45034
-7.34982
-12.2492
-17.1485
-22.0479
-26.9472
-31.8465
-36.7457
-41.6449
-46.5441
-2.45034
-7.34981
-12.2492
-17.1485
-22.0479
-26.9472
-31.8465
-36.7457
-41.6449
-46.5442
-2.45022
-7.34977
-12.2491
-17.1485
-22.0479
-26.9472
-31.8465
-36.7457
-41.6449
-46.5442
-2.44996
-7.34964
-12.2491
-17.1485
-22.0478
-26.9472
-31.8464
-36.7457
-41.6449
-46.5443
-2.44958
-7.34944
-12.249
-17.1484
-22.0478
-26.9471
-31.8464
-36.7456
-41.6448
-46.5443
-2.44926
-7.34925
-12.2489
-17.1484
-22.0477
-26.9471
-31.8463
-36.7455
-41.6447
-46.5442
-2.44969
-7.34955
-12.2491
-17.1485
-22.0478
-26.947
-31.8461
-36.7452
-41.6441
-46.5434
-2.44995
-7.34971
-12.2492
-17.1486
-22.0478
-26.9471
-31.8463
-36.7453
-41.6444
-46.5436
-2.45031
-7.34992
-12.2493
-17.1486
-22.0479
-26.9471
-31.8463
-36.7454
-41.6445
-46.5436
-2.45051
-7.35006
-12.2494
-17.1487
-22.0479
-26.9472
-31.8464
-36.7455
-41.6446
-46.5436
-2.45044
-7.35005
-12.2494
-17.1487
-22.0479
-26.9472
-31.8464
-36.7456
-41.6446
-46.5436
-2.45027
-7.34995
-12.2494
-17.1487
-22.048
-26.9472
-31.8465
-36.7456
-41.6446
-46.5435
-2.45018
-7.34996
-12.2495
-17.1488
-22.048
-26.9473
-31.8465
-36.7456
-41.6446
-46.5434
-2.45019
-7.34995
-12.2495
-17.1488
-22.048
-26.9473
-31.8465
-36.7456
-41.6446
-46.5434
-2.45019
-7.34994
-12.2494
-17.1488
-22.048
-26.9473
-31.8465
-36.7457
-41.6447
-46.5434
-2.45019
-7.34993
-12.2494
-17.1488
-22.048
-26.9473
-31.8465
-36.7457
-41.6447
-46.5435
-2.45021
-7.34993
-12.2494
-17.1488
-22.048
-26.9473
-31.8465
-36.7457
-41.6447
-46.5435
-2.45022
-7.34994
-12.2494
-17.1488
-22.048
-26.9473
-31.8465
-36.7457
-41.6447
-46.5435
-2.45024
-7.34995
-12.2494
-17.1488
-22.048
-26.9473
-31.8465
-36.7457
-41.6447
-46.5436
-2.45024
-7.34994
-12.2494
-17.1488
-22.048
-26.9473
-31.8465
-36.7457
-41.6447
-46.5437
-2.45034
-7.34996
-12.2494
-17.1487
-22.048
-26.9473
-31.8465
-36.7457
-41.6447
-46.5437
-2.45051
-7.35008
-12.2494
-17.1487
-22.048
-26.9472
-31.8465
-36.7456
-41.6447
-46.5438
-2.45056
-7.35013
-12.2495
-17.1487
-22.048
-26.9472
-31.8464
-36.7456
-41.6447
-46.5439
-2.45037
-7.35
-12.2494
-17.1487
-22.0479
-26.9472
-31.8464
-36.7455
-41.6446
-46.5439
-2.44997
-7.34974
-12.2492
-17.1486
-22.0479
-26.9471
-31.8463
-36.7454
-41.6445
-46.5438
-2.44961
-7.34947
-12.249
-17.1485
-22.0478
-26.947
-31.8462
-36.7452
-41.6443
-46.5436
-2.44961
-7.34947
-12.249
-17.1485
-22.0478
-26.947
-31.8462
-36.7452
-41.6443
-46.5436
-2.44967
-7.34951
-12.2491
-17.1485
-22.0478
-26.9471
-31.8463
-36.7454
-41.6445
-46.5438
-2.44987
-7.34962
-12.2491
-17.1485
-22.0479
-26.9471
-31.8464
-36.7455
-41.6446
-46.5438
-2.45014
-7.34977
-12.2492
-17.1486
-22.0479
-26.9472
-31.8464
-36.7456
-41.6447
-46.5438
-2.45036
-7.34988
-12.2492
-17.1486
-22.0479
-26.9472
-31.8465
-36.7456
-41.6447
-46.5438
-2.45047
-7.34992
-12.2493
-17.1486
-22.0479
-26.9472
-31.8465
-36.7457
-41.6448
-46.5438
-2.45045
-7.34993
-12.2493
-17.1486
-22.048
-26.9473
-31.8465
-36.7457
-41.6448
-46.5438
-2.45034
-7.34988
-12.2493
-17.1486
-22.048
-26.9473
-31.8465
-36.7457
-41.6448
-46.5438
-2.45025
-7.34986
-12.2493
-17.1486
-22.048
-26.9473
-31.8465
-36.7457
-41.6448
-46.5439
-2.45021
-7.34984
-12.2493
-17.1486
-22.048
-26.9473
-31.8465
-36.7457
-41.6449
-46.5439
-2.45019
-7.34982
-12.2492
-17.1486
-22.048
-26.9473
-31.8465
-36.7457
-41.6449
-46.5439
-2.4502
-7.3498
-12.2492
-17.1486
-22.048
-26.9473
-31.8465
-36.7457
-41.6448
-46.5439
-2.45023
-7.3498
-12.2492
-17.1486
-22.0479
-26.9473
-31.8465
-36.7457
-41.6448
-46.544
-2.45028
-7.34981
-12.2492
-17.1486
-22.0479
-26.9472
-31.8465
-36.7457
-41.6449
-46.544
-2.45034
-7.34982
-12.2492
-17.1485
-22.0479
-26.9472
-31.8465
-36.7457
-41.6449
-46.5441
-2.45034
-7.34981
-12.2492
-17.1485
-22.0479
-26.9472
-31.8465
-36.7457
-41.6449
-46.5442
-2.45022
-7.34977
-12.2491
-17.1485
-22.0479
-26.9472
-31.8465
-36.7457
-41.6449
-46.5442
-2.44996
-7.34964
-12.2491
-17.1485
-22.0478
-26.9472
-31.8464
-36.7457
-41.6449
-46.5443
-2.44958
-7.34944
-12.249
-17.1484
-22.0478
-26.9471
-31.8464
-36.7456
-41.6448
-46.5443
-2.44926
-7.34925
-12.2489
-17.1484
-22.0477
-26.9471
-31.8463
-36.7455
-41.6447
-46.5442
)
;
    }
}


// ************************************************************************* //
