/*--------------------------------*- C++ -*----------------------------------*\
  =========                 |
  \\      /  F ield         | OpenFOAM: The Open Source CFD Toolbox
   \\    /   O peration     | Website:  https://openfoam.org
    \\  /    A nd           | Version:  8
     \\/     M anipulation  |
\*---------------------------------------------------------------------------*/
FoamFile
{
    version     2.0;
    format      ascii;
    class       volScalarField;
    location    "1200";
    object      p_rgh;
}
// * * * * * * * * * * * * * * * * * * * * * * * * * * * * * * * * * * * * * //

dimensions      [1 -1 -2 0 0 0 0];

internalField   nonuniform List<scalar> 
4000
(
-6.77748e-06
-0.000285784
-0.000648969
-0.000840374
-0.000759705
-0.000467198
-0.000201167
-0.000221909
-0.000223344
-0.00023837
-0.000261533
-0.000280761
-0.000313586
-0.000329234
-0.00057706
-0.000787577
-0.000858753
-0.000686457
-0.000284183
8.62975e-05
-0.000522382
-0.000762298
-0.00104146
-0.00121047
-0.00113375
-0.000759604
-0.000498384
-0.000584037
-0.000592725
-0.000602092
-0.000612429
-0.000621697
-0.000622225
-0.000604944
-0.000763251
-0.00104874
-0.00118876
-0.0010748
-0.000761201
-0.000397256
-0.000714528
-0.000957755
-0.00122143
-0.00140919
-0.00131977
-0.000977957
-0.000796468
-0.000834516
-0.000830647
-0.000826809
-0.000807629
-0.000828395
-0.000861615
-0.000811024
-0.000805761
-0.00107581
-0.00138483
-0.00125889
-0.000970948
-0.000575319
-0.000731229
-0.00102481
-0.00130567
-0.00149995
-0.00158734
-0.0012802
-0.00149012
-0.00158583
-0.00143743
-0.0013069
-0.00138262
-0.00147639
-0.00152161
-0.00153821
-0.00150666
-0.00154393
-0.00149371
-0.00132116
-0.0010258
-0.000580747
-0.000638216
-0.0010001
-0.00130894
-0.00153172
-0.00166547
-0.00175272
-0.00181488
-0.00186235
-0.00188869
-0.00188405
-0.00186271
-0.00183189
-0.00179221
-0.0017428
-0.00168151
-0.00160659
-0.0014891
-0.00128185
-0.000956593
-0.00044885
-0.000457341
-0.000887173
-0.00124471
-0.00150549
-0.00167026
-0.00178012
-0.00186577
-0.00192789
-0.00197033
-0.00196959
-0.00193491
-0.00188911
-0.00183404
-0.0017682
-0.00168579
-0.00157619
-0.00141636
-0.00116523
-0.000790841
-0.00020777
-0.000153608
-0.000667062
-0.00108578
-0.00139731
-0.00160315
-0.00174504
-0.00184772
-0.00192336
-0.00197542
-0.00197908
-0.00193567
-0.00187726
-0.00180532
-0.00171873
-0.00161094
-0.00146758
-0.0012629
-0.000955043
-0.000514241
0.000155806
0.000313971
-0.000290545
-0.000774526
-0.00113995
-0.00138828
-0.00155912
-0.0016842
-0.00178221
-0.00185685
-0.0018768
-0.00181846
-0.00174093
-0.00164809
-0.0015383
-0.00140328
-0.00122485
-0.00097168
-0.000600941
-8.67747e-05
0.000671702
0.000889812
0.00024144
-0.000270641
-0.000652531
-0.000914949
-0.00109838
-0.00123938
-0.00136111
-0.00147128
-0.00152675
-0.00144659
-0.00134862
-0.00123654
-0.00110661
-0.000949601
-0.000747701
-0.000470001
-7.1838e-05
0.000483516
0.00126734
0.00141206
0.000940152
0.000566647
0.000278335
7.40711e-05
-7.28678e-05
-0.000185151
-0.000283629
-0.00038373
-0.000445382
-0.000365488
-0.000280099
-0.000181858
-6.42268e-05
7.8493e-05
0.000256669
0.000489782
0.000806257
0.00122596
0.00180309
-0.000285784
-0.000443233
-0.000695176
-0.000819378
-0.000736286
-0.000505652
-0.000216323
-0.000218727
-0.0002325
-0.000246463
-0.000269821
-0.000291986
-0.000306191
-0.000373106
-0.000586073
-0.000771366
-0.000829348
-0.000666213
-0.000292132
2.55915e-05
-0.000762298
-0.000888155
-0.00107615
-0.00118742
-0.00109359
-0.000806957
-0.000477254
-0.000533759
-0.000577375
-0.00060078
-0.000610933
-0.000608806
-0.000592222
-0.000586931
-0.00078896
-0.00103944
-0.00115484
-0.00104363
-0.000754345
-0.000440864
-0.000957755
-0.00107856
-0.001257
-0.00139388
-0.00133075
-0.00104993
-0.000764803
-0.000794766
-0.000810867
-0.00084458
-0.000843582
-0.000831349
-0.000812839
-0.000781214
-0.000887753
-0.00115778
-0.00135157
-0.00123975
-0.0009641
-0.000609999
-0.00102481
-0.00117199
-0.00137701
-0.00154298
-0.00155753
-0.00127962
-0.00117345
-0.00127711
-0.00127088
-0.00120327
-0.0011993
-0.00126053
-0.00130191
-0.00125676
-0.00123041
-0.00139309
-0.00151031
-0.00136123
-0.0010599
-0.000622514
-0.0010001
-0.00120809
-0.00147133
-0.00167966
-0.00175266
-0.00163344
-0.00160693
-0.00167901
-0.00168429
-0.00165023
-0.00164701
-0.00166479
-0.00167296
-0.00165206
-0.00161378
-0.0016401
-0.00161365
-0.00142994
-0.00107946
-0.000528105
-0.000887173
-0.00120881
-0.00155427
-0.00181029
-0.00192547
-0.00190943
-0.0019197
-0.00196067
-0.00196195
-0.00194097
-0.00192973
-0.00192193
-0.00190716
-0.00188237
-0.00185387
-0.00181009
-0.00170013
-0.00145891
-0.00102651
-0.000359932
-0.000667062
-0.00116441
-0.00160641
-0.00191817
-0.00207146
-0.00212327
-0.00213317
-0.00213695
-0.00213451
-0.00213151
-0.00212087
-0.00210833
-0.00208932
-0.00205976
-0.00200855
-0.00192084
-0.0017586
-0.00144167
-0.000898911
-9.9027e-05
-0.000290545
-0.00101157
-0.00155117
-0.00193134
-0.00213846
-0.0022417
-0.00229363
-0.00233004
-0.00234359
-0.00234704
-0.002326
-0.00227797
-0.00222151
-0.00215567
-0.00207212
-0.00194629
-0.00172135
-0.00131752
-0.000648413
0.000289969
0.00024144
-0.000601413
-0.00124605
-0.00170223
-0.00199159
-0.00217503
-0.00232039
-0.0024522
-0.00256012
-0.00263026
-0.00254125
-0.00243065
-0.00230519
-0.00215862
-0.00198042
-0.00175177
-0.00142691
-0.000927056
-0.000188273
0.000826705
0.000940152
0.000372803
-7.97575e-05
-0.000449378
-0.000732335
-0.000958697
-0.00114691
-0.00130821
-0.00144753
-0.00153653
-0.00139743
-0.00124747
-0.00107353
-0.000872473
-0.000644701
-0.000384949
-7.27254e-05
0.000325702
0.000831308
0.00150487
-0.000648969
-0.000695176
-0.000805297
-0.000829729
-0.000721349
-0.000513333
-0.000230176
-0.000211556
-0.000236712
-0.000251443
-0.000274795
-0.000294341
-0.000299737
-0.000395172
-0.000593898
-0.000762626
-0.000820609
-0.000695599
-0.000400183
-0.000178374
-0.00104146
-0.00107615
-0.00115068
-0.00117197
-0.00104133
-0.000791762
-0.000480385
-0.000508042
-0.000565426
-0.000601972
-0.00061336
-0.000604704
-0.000579375
-0.000589517
-0.000801155
-0.00102443
-0.00112468
-0.00103501
-0.000806894
-0.000585975
-0.00122143
-0.001257
-0.00133189
-0.00139238
-0.00130404
-0.00105495
-0.000753003
-0.000755255
-0.00077474
-0.000831409
-0.000847291
-0.00083244
-0.000797066
-0.000781889
-0.000943355
-0.00119369
-0.0013192
-0.00121773
-0.000993708
-0.000737652
-0.00130567
-0.00137701
-0.0014709
-0.00155923
-0.00153052
-0.00128943
-0.00105414
-0.00107717
-0.0011226
-0.00112769
-0.00111171
-0.00112178
-0.00113513
-0.00108214
-0.0011359
-0.00135026
-0.00147632
-0.00135274
-0.00110012
-0.000772518
-0.00130894
-0.00147133
-0.00159943
-0.00171532
-0.00173242
-0.00154997
-0.00139282
-0.00141852
-0.00145204
-0.0014448
-0.00144045
-0.00146266
-0.00147168
-0.0014341
-0.0014212
-0.00154713
-0.00162468
-0.00146539
-0.00115769
-0.000725706
-0.00124471
-0.00155427
-0.00173364
-0.00186919
-0.00191516
-0.0018013
-0.00169832
-0.00170553
-0.00171655
-0.00170407
-0.00169691
-0.00170313
-0.00170628
-0.00169383
-0.00168533
-0.00173421
-0.00173329
-0.00156075
-0.00118686
-0.000613454
-0.00108578
-0.00160641
-0.00186768
-0.00204613
-0.00208565
-0.00201651
-0.00194223
-0.00193036
-0.00192957
-0.00192449
-0.00191969
-0.00191817
-0.0019149
-0.00190707
-0.00189913
-0.00190547
-0.00186506
-0.00163169
-0.00117378
-0.000414833
-0.000774526
-0.00155117
-0.00193897
-0.0020934
-0.00213778
-0.002109
-0.00206272
-0.00204616
-0.00203685
-0.00202075
-0.00199604
-0.00197623
-0.00196205
-0.00194857
-0.00193069
-0.0019088
-0.00185142
-0.00161953
-0.00104942
-8.96213e-05
-0.000270641
-0.00124605
-0.00189192
-0.00226
-0.0024267
-0.00248092
-0.00256237
-0.00264291
-0.00264019
-0.00264257
-0.00262507
-0.00260372
-0.00255529
-0.0024731
-0.00235236
-0.00219277
-0.00195202
-0.00149024
-0.000713135
0.000420528
0.000566647
-7.97575e-05
-0.000559489
-0.000944122
-0.00123702
-0.00149844
-0.00174321
-0.00196898
-0.00215867
-0.00228843
-0.00209051
-0.00188606
-0.00165307
-0.00138925
-0.00110458
-0.000805688
-0.000469613
-4.8925e-05
0.000484824
0.00121825
-0.000840374
-0.000819378
-0.000829729
-0.000786183
-0.000658349
-0.000468412
-0.000223691
-0.000204609
-0.000234876
-0.000252093
-0.000277342
-0.000295863
-0.000294786
-0.000391974
-0.000579709
-0.00073849
-0.000810218
-0.000751452
-0.000569193
-0.000455055
-0.00121047
-0.00118742
-0.00117197
-0.00109885
-0.000942928
-0.000717391
-0.000459387
-0.000492949
-0.000558349
-0.000602819
-0.000616049
-0.000603984
-0.000573726
-0.000582648
-0.00078432
-0.000989983
-0.00109722
-0.00105039
-0.000909132
-0.000784841
-0.00140919
-0.00139388
-0.00139238
-0.00135378
-0.00121904
-0.000982999
-0.000716782
-0.000715362
-0.000748918
-0.000824287
-0.000845607
-0.000827159
-0.000788884
-0.000782786
-0.000954596
-0.00117916
-0.00128111
-0.00121414
-0.00107138
-0.000917467
-0.00149995
-0.00154298
-0.00155923
-0.00155984
-0.00146671
-0.00123179
-0.000989695
-0.0009723
-0.0010257
-0.00106323
-0.00106591
-0.00105479
-0.001041
-0.00100931
-0.00111425
-0.00132869
-0.00143089
-0.00135112
-0.00118942
-0.000973786
-0.00153172
-0.00167966
-0.00171532
-0.00173957
-0.00168401
-0.0014778
-0.00127868
-0.00125805
-0.00129664
-0.00131899
-0.00132786
-0.00133972
-0.00132671
-0.00127786
-0.00131139
-0.00148349
-0.00158465
-0.00148387
-0.00128593
-0.000963941
-0.00150549
-0.00181029
-0.00186919
-0.00190614
-0.00187242
-0.00170891
-0.00155327
-0.00152544
-0.00154129
-0.00154673
-0.00154493
-0.001547
-0.00154251
-0.00151627
-0.00152409
-0.00164109
-0.00171788
-0.00161176
-0.00137068
-0.000884067
-0.00139731
-0.00191817
-0.00204613
-0.00207538
-0.00203417
-0.00190517
-0.00178838
-0.00175924
-0.00176335
-0.0017656
-0.00176317
-0.00176292
-0.00175673
-0.00173689
-0.00173064
-0.00179786
-0.00184901
-0.00172729
-0.00142518
-0.000718538
-0.00113995
-0.00193134
-0.0020934
-0.00213968
-0.00210307
-0.00201558
-0.00194306
-0.00192633
-0.00193201
-0.00192664
-0.0018993
-0.0018745
-0.0018586
-0.00184232
-0.00183192
-0.00185661
-0.00186846
-0.00175428
-0.00137173
-0.00042541
-0.000652531
-0.00170223
-0.00226
-0.00239208
-0.00239559
-0.00242904
-0.00253368
-0.00265205
-0.0026845
-0.00269579
-0.00265126
-0.0026137
-0.00255102
-0.00244915
-0.00231863
-0.00219981
-0.00210854
-0.00180875
-0.00109912
8.39085e-05
0.000278335
-0.000449378
-0.000944122
-0.00133315
-0.0016292
-0.00191421
-0.00222012
-0.00251005
-0.00274984
-0.00293389
-0.00266872
-0.00241895
-0.00213949
-0.00182471
-0.00148905
-0.00115178
-0.000795215
-0.000362301
0.000186904
0.00097345
-0.000759705
-0.000736286
-0.000721349
-0.000658349
-0.000540353
-0.000369842
-0.000194396
-0.000195439
-0.000226096
-0.000250564
-0.00027911
-0.000296687
-0.000293859
-0.000364964
-0.000543455
-0.000694753
-0.000786761
-0.000789705
-0.000711033
-0.000677511
-0.00113375
-0.00109359
-0.00104133
-0.000942928
-0.000789661
-0.000589213
-0.000432825
-0.00048166
-0.000556693
-0.000602395
-0.000616552
-0.000603228
-0.00057141
-0.000566126
-0.000741154
-0.000932659
-0.00105229
-0.00106306
-0.000996772
-0.000936425
-0.00131977
-0.00133075
-0.00130404
-0.00121904
-0.00106464
-0.000839461
-0.000663456
-0.000692989
-0.000742725
-0.000822743
-0.000841163
-0.000821009
-0.000782828
-0.000777511
-0.000929288
-0.00113105
-0.00123625
-0.00121734
-0.00113907
-0.00104527
-0.00158734
-0.00155753
-0.00153052
-0.00146671
-0.00132518
-0.00109464
-0.000917842
-0.000917557
-0.000978632
-0.00102746
-0.00104393
-0.00102922
-0.00100073
-0.000984731
-0.00109778
-0.00129229
-0.00138534
-0.00135007
-0.00126247
-0.00110136
-0.00166547
-0.00175266
-0.00173242
-0.00168401
-0.0015658
-0.00135383
-0.00118973
-0.00117066
-0.00121226
-0.0012507
-0.00126806
-0.00125886
-0.00123869
-0.00119914
-0.00126238
-0.00143549
-0.00153438
-0.00149173
-0.00138654
-0.00110912
-0.00167026
-0.00192547
-0.00191516
-0.00187242
-0.00177268
-0.00159252
-0.00145056
-0.00141978
-0.00143802
-0.00145598
-0.00146203
-0.00145862
-0.00143589
-0.0014026
-0.00143077
-0.00156919
-0.00167213
-0.00163273
-0.0015046
-0.00105899
-0.00160315
-0.00207146
-0.00208565
-0.00203417
-0.00193651
-0.00179007
-0.00168256
-0.00165762
-0.00166809
-0.00167902
-0.00168061
-0.00168124
-0.00166352
-0.001623
-0.00161303
-0.00170009
-0.00179727
-0.00176316
-0.00158703
-0.000925834
-0.00138828
-0.00213846
-0.00213778
-0.00210307
-0.0020256
-0.00193115
-0.00188096
-0.00188758
-0.00191275
-0.00191963
-0.00188294
-0.0018428
-0.00181352
-0.00178129
-0.00175468
-0.00178561
-0.00183546
-0.00177533
-0.001553
-0.000656722
-0.000914949
-0.00199159
-0.0024267
-0.00239559
-0.00239785
-0.00247231
-0.00263264
-0.00280027
-0.00287448
-0.00290696
-0.00280322
-0.00272892
-0.00263995
-0.0025049
-0.00233159
-0.00217952
-0.00209848
-0.0019644
-0.00135084
-0.000153481
7.40711e-05
-0.000732335
-0.00123702
-0.0016292
-0.00194794
-0.00230072
-0.00268809
-0.00305532
-0.00336923
-0.00364549
-0.00326479
-0.00294671
-0.0026031
-0.00222027
-0.00181599
-0.00142261
-0.00104882
-0.000601533
-4.05868e-05
0.000793679
-0.000467198
-0.000505652
-0.000513333
-0.000468412
-0.000369842
-0.000210932
-0.000168803
-0.000193592
-0.000216624
-0.000251892
-0.000283356
-0.000297296
-0.000297193
-0.000313908
-0.000486138
-0.000628186
-0.000730766
-0.000774176
-0.000764803
-0.00078245
-0.000759604
-0.000806957
-0.000791762
-0.000717391
-0.000589213
-0.000450158
-0.00043792
-0.000486994
-0.000556489
-0.000600298
-0.000616328
-0.000602843
-0.000569253
-0.000552762
-0.00067383
-0.000848462
-0.000978961
-0.00103897
-0.00102857
-0.00100312
-0.000977957
-0.00104993
-0.00105495
-0.000982999
-0.000839461
-0.000676083
-0.000628822
-0.000688328
-0.000753481
-0.000821015
-0.0008351
-0.000815228
-0.000779821
-0.000767189
-0.000873893
-0.00105485
-0.00117276
-0.0012036
-0.00117057
-0.00110517
-0.0012802
-0.00127962
-0.00128943
-0.00123179
-0.00109464
-0.000928239
-0.000859636
-0.000899433
-0.000965282
-0.00101914
-0.00102954
-0.00101064
-0.000983016
-0.000970144
-0.00106058
-0.00123124
-0.00133087
-0.00133751
-0.00129573
-0.00116638
-0.00175272
-0.00163344
-0.00154997
-0.0014778
-0.00135383
-0.00119793
-0.00111607
-0.00112828
-0.00117574
-0.00121907
-0.00123708
-0.00121609
-0.00119059
-0.00116236
-0.00122679
-0.00138035
-0.00147881
-0.00148228
-0.001437
-0.00119315
-0.00178012
-0.00190943
-0.0018013
-0.00170891
-0.00159252
-0.0014534
-0.0013704
-0.00136243
-0.00138613
-0.00141177
-0.00142139
-0.00140661
-0.00137338
-0.00134244
-0.00137889
-0.00150847
-0.0016146
-0.00162432
-0.00157088
-0.00116564
-0.00174504
-0.00212327
-0.00201651
-0.00190517
-0.00179007
-0.00167538
-0.00161267
-0.0016088
-0.00163029
-0.00165363
-0.00164878
-0.00163331
-0.00160435
-0.00155614
-0.00154642
-0.00162949
-0.00173263
-0.0017512
-0.00166952
-0.00105546
-0.00155912
-0.0022417
-0.002109
-0.00201558
-0.00193115
-0.00187135
-0.00186727
-0.00190783
-0.00196613
-0.0020112
-0.00194135
-0.00184945
-0.00178988
-0.0017423
-0.00170546
-0.00172857
-0.00179202
-0.00178119
-0.0016498
-0.000805032
-0.00109838
-0.00217503
-0.00248092
-0.00242904
-0.00247231
-0.00261612
-0.00283055
-0.00303653
-0.00318418
-0.00329404
-0.00306941
-0.00291385
-0.00277507
-0.00259766
-0.00238184
-0.00219196
-0.00209813
-0.00204411
-0.00151205
-0.000313895
-7.28678e-05
-0.000958697
-0.00149844
-0.00191421
-0.00230072
-0.0027372
-0.00320085
-0.00363831
-0.0040332
-0.00445071
-0.00390556
-0.00351074
-0.00309093
-0.00262668
-0.00214328
-0.00168016
-0.00126221
-0.000797415
-0.000218801
0.000660671
-0.000201167
-0.000216323
-0.000230176
-0.000223691
-0.000194396
-0.000168803
-0.000172656
-0.000193697
-0.000207099
-0.000260493
-0.000295128
-0.000299702
-0.000300637
-0.000256
-0.000405218
-0.000537785
-0.000638056
-0.000698493
-0.000717317
-0.000745129
-0.000498384
-0.000477254
-0.000480385
-0.000459387
-0.000432825
-0.00043792
-0.000453146
-0.000512689
-0.000551403
-0.000600024
-0.000618095
-0.00060139
-0.000567646
-0.0005527
-0.000584785
-0.000733518
-0.000859968
-0.000938455
-0.000960737
-0.000939764
-0.000796468
-0.000764803
-0.000753003
-0.000716782
-0.000663456
-0.000628822
-0.000658725
-0.000714517
-0.000766621
-0.00082379
-0.000833235
-0.000808338
-0.000772602
-0.000750858
-0.000793931
-0.000942388
-0.00106248
-0.00112398
-0.00112945
-0.00111623
-0.00149012
-0.00117345
-0.00105414
-0.000989695
-0.000917842
-0.000859636
-0.000865832
-0.000920077
-0.000976893
-0.00103931
-0.00103249
-0.000996925
-0.000970046
-0.000950798
-0.000999316
-0.00113465
-0.00124076
-0.00128489
-0.00128082
-0.00119386
-0.00181488
-0.00160693
-0.00139282
-0.00127868
-0.00118973
-0.00111607
-0.00109752
-0.00112763
-0.00117234
-0.00123599
-0.00124091
-0.00119633
-0.00116257
-0.0011375
-0.00118103
-0.00130191
-0.00140201
-0.001443
-0.00144289
-0.00123674
-0.00186577
-0.0019197
-0.00169832
-0.00155327
-0.00145056
-0.0013704
-0.00133644
-0.0013449
-0.00138109
-0.00145258
-0.00144318
-0.00137641
-0.0013351
-0.00130859
-0.00133831
-0.00144281
-0.00154517
-0.00159004
-0.00158662
-0.00122434
-0.00184772
-0.00213317
-0.00194223
-0.00178838
-0.00168256
-0.00161267
-0.00158832
-0.00160444
-0.00166907
-0.00177704
-0.00172444
-0.00160735
-0.00156111
-0.00151558
-0.00150537
-0.00157166
-0.00166742
-0.00171671
-0.00170259
-0.00112962
-0.0016842
-0.00229363
-0.00206272
-0.00194306
-0.00188096
-0.00186727
-0.00190677
-0.00199506
-0.00218353
-0.00242282
-0.00222435
-0.00189552
-0.00177631
-0.0017119
-0.00167059
-0.00168291
-0.00174596
-0.00176467
-0.00169292
-0.000896462
-0.00123938
-0.00232039
-0.00256237
-0.00253368
-0.00263264
-0.00283055
-0.00307999
-0.00334488
-0.00363448
-0.00399754
-0.00353793
-0.00318122
-0.0029285
-0.00269079
-0.00243791
-0.00221791
-0.00210394
-0.00206018
-0.0016107
-0.000421656
-0.000185151
-0.00114691
-0.00174321
-0.00222012
-0.00268809
-0.00320085
-0.00372338
-0.00420333
-0.00465612
-0.00529274
-0.00453591
-0.00409294
-0.00359856
-0.00303954
-0.00246713
-0.00192862
-0.00145427
-0.000965499
-0.000356809
0.000562199
-0.000221909
-0.000218727
-0.000211556
-0.000204609
-0.000195439
-0.000193592
-0.000193697
-0.000204831
-0.000218112
-0.000299389
-0.000339566
-0.000312584
-0.000291258
-0.000240333
-0.000298216
-0.000425003
-0.000516343
-0.000572976
-0.000590785
-0.000596229
-0.000584037
-0.000533759
-0.000508042
-0.000492949
-0.00048166
-0.000486994
-0.000512689
-0.000536944
-0.000549322
-0.0006303
-0.000635918
-0.000598225
-0.000556182
-0.000522349
-0.000501515
-0.000594304
-0.000698202
-0.000760614
-0.000749455
-0.000715444
-0.000834516
-0.000794766
-0.000755255
-0.000715362
-0.000692989
-0.000688328
-0.000714517
-0.000751519
-0.00079009
-0.000891246
-0.000892546
-0.000802178
-0.000759638
-0.000732666
-0.000716239
-0.000797475
-0.00089731
-0.000962778
-0.00100778
-0.00110915
-0.00158583
-0.00127711
-0.00107717
-0.0009723
-0.000917557
-0.000899433
-0.000920077
-0.000958934
-0.00100654
-0.00116737
-0.00114381
-0.00100164
-0.000953922
-0.000926664
-0.000929875
-0.00100453
-0.00109812
-0.00117179
-0.00123344
-0.00120486
-0.00186235
-0.00167901
-0.00141852
-0.00125805
-0.00117066
-0.00112828
-0.00112763
-0.00115515
-0.00124408
-0.00150598
-0.00143711
-0.00120087
-0.00113823
-0.00111095
-0.00112481
-0.00119822
-0.00129041
-0.00136897
-0.00142419
-0.0012552
-0.00192789
-0.00196067
-0.00170553
-0.00152544
-0.00141978
-0.00136243
-0.0013449
-0.00137178
-0.00153586
-0.00193634
-0.00182588
-0.00139752
-0.0013068
-0.00128103
-0.00129537
-0.00136547
-0.00145904
-0.0015378
-0.00158115
-0.00124872
-0.00192336
-0.00213695
-0.00193036
-0.00175924
-0.00165762
-0.0016088
-0.00160444
-0.00167394
-0.00197799
-0.00262666
-0.00236015
-0.00165917
-0.00152723
-0.00148586
-0.00147347
-0.00151752
-0.00160119
-0.00167469
-0.00170652
-0.00116173
-0.00178221
-0.00233004
-0.00204616
-0.00192633
-0.00188758
-0.00190783
-0.00199506
-0.00221032
-0.00282782
-0.0036935
-0.00312919
-0.00205896
-0.00177148
-0.00168406
-0.00164114
-0.00164448
-0.00169761
-0.0017349
-0.00170371
-0.000943772
-0.00136111
-0.0024522
-0.00264291
-0.00265205
-0.00280027
-0.00303653
-0.00334488
-0.00374151
-0.00432237
-0.00532396
-0.00437939
-0.00356071
-0.00308865
-0.00275956
-0.00247595
-0.00223848
-0.00210887
-0.00206807
-0.00167132
-0.000487387
-0.000283629
-0.00130821
-0.00196898
-0.00251005
-0.00305532
-0.00363831
-0.00420333
-0.00466544
-0.00508386
-0.00605751
-0.00503281
-0.00464889
-0.00411647
-0.00344923
-0.00277402
-0.00215502
-0.00161924
-0.00109478
-0.000451813
0.000494745
-0.000223344
-0.0002325
-0.000236712
-0.000234876
-0.000226096
-0.000216624
-0.000207099
-0.000218112
-0.000239275
-0.000459584
-0.000483413
-0.000331494
-0.000278179
-0.000238424
-0.000221525
-0.000276306
-0.000370154
-0.000432043
-0.000443833
-0.000414415
-0.000592725
-0.000577375
-0.000565426
-0.000558349
-0.000556693
-0.000556489
-0.000551403
-0.000549322
-0.000587875
-0.000883402
-0.000873928
-0.000627102
-0.000541777
-0.000501406
-0.00047803
-0.000471186
-0.000525857
-0.000574706
-0.000574264
-0.000567735
-0.000830647
-0.000810867
-0.00077474
-0.000748918
-0.000742725
-0.000753481
-0.000766621
-0.00079009
-0.000850194
-0.0014749
-0.00161293
-0.000895441
-0.00074051
-0.000707592
-0.000677049
-0.000676782
-0.000721185
-0.00078453
-0.000889527
-0.00108315
-0.00143743
-0.00127088
-0.0011226
-0.0010257
-0.000978632
-0.000965282
-0.000976893
-0.00100654
-0.00120183
-0.00228918
-0.00247753
-0.0011583
-0.000942228
-0.000904764
-0.00088149
-0.000894929
-0.000949186
-0.00104362
-0.00117735
-0.00120321
-0.00188869
-0.00168429
-0.00145204
-0.00129664
-0.00121226
-0.00117574
-0.00117234
-0.00124408
-0.00173926
-0.00350931
-0.00331773
-0.00142541
-0.00112183
-0.00108402
-0.00107719
-0.00110792
-0.00117927
-0.00129115
-0.00140727
-0.00124816
-0.00197033
-0.00196195
-0.00171655
-0.00154129
-0.00143802
-0.00138613
-0.00138109
-0.00153586
-0.00247189
-0.00480755
-0.00405627
-0.00169612
-0.00129155
-0.00125268
-0.0012554
-0.00129634
-0.0013772
-0.00148641
-0.00156839
-0.00123494
-0.00197542
-0.00213451
-0.00192957
-0.00176335
-0.00166809
-0.00163029
-0.00166907
-0.00197799
-0.00340853
-0.00606866
-0.00473402
-0.00200629
-0.00150493
-0.00145663
-0.00144677
-0.00147305
-0.00154376
-0.00163663
-0.00168857
-0.00114478
-0.00185685
-0.00234359
-0.00203685
-0.00193201
-0.00191275
-0.00196613
-0.00218353
-0.00282782
-0.00444121
-0.00723629
-0.00542034
-0.00247426
-0.00177136
-0.00164937
-0.00161042
-0.00161072
-0.00165444
-0.00170098
-0.00169068
-0.000936031
-0.00147128
-0.00256012
-0.00264019
-0.0026845
-0.00287448
-0.00318418
-0.00363448
-0.00432237
-0.00558877
-0.00819636
-0.00605257
-0.00418181
-0.00326564
-0.00277257
-0.00246069
-0.00223156
-0.00210142
-0.00206118
-0.00169545
-0.000498256
-0.00038373
-0.00144753
-0.00215867
-0.00274984
-0.00336923
-0.0040332
-0.00465612
-0.00508386
-0.00544697
-0.00704618
-0.00557261
-0.00529502
-0.00469696
-0.00386699
-0.00305962
-0.00235079
-0.00175043
-0.00118273
-0.00049682
0.000472856
-0.00023837
-0.000246463
-0.000251443
-0.000252093
-0.000250564
-0.000251892
-0.000260493
-0.000299389
-0.000459584
-0.00367558
-0.00351775
-0.000523628
-0.000306118
-0.000240434
-0.00020701
-0.00019828
-0.000228518
-0.000274133
-0.00031778
-0.000323374
-0.000602092
-0.00060078
-0.000601972
-0.000602819
-0.000602395
-0.000600298
-0.000600024
-0.0006303
-0.000883402
-0.00612021
-0.00530529
-0.000844334
-0.000542
-0.000500019
-0.000467968
-0.000455927
-0.000445403
-0.000445163
-0.000478877
-0.000575872
-0.000826809
-0.00084458
-0.000831409
-0.000824287
-0.000822743
-0.000821015
-0.00082379
-0.000891246
-0.0014749
-0.0087939
-0.00686263
-0.00115514
-0.000723834
-0.000689737
-0.000668072
-0.000652427
-0.000654523
-0.000708594
-0.000857294
-0.00105482
-0.0013069
-0.00120327
-0.00112769
-0.00106323
-0.00102746
-0.00101914
-0.00103931
-0.00116737
-0.00228918
-0.0110558
-0.00779505
-0.0014775
-0.000918267
-0.000880646
-0.000866559
-0.000863168
-0.000903329
-0.00101497
-0.00117262
-0.00117898
-0.00188405
-0.00165023
-0.0014448
-0.00131899
-0.0012507
-0.00121907
-0.00123599
-0.00150598
-0.00350931
-0.0128242
-0.00835529
-0.00178555
-0.00109219
-0.00105629
-0.00105242
-0.00107107
-0.00113974
-0.00127256
-0.00140044
-0.00120893
-0.00196959
-0.00194097
-0.00170407
-0.00154673
-0.00145598
-0.00141177
-0.00145258
-0.00193634
-0.00480755
-0.0141904
-0.00868052
-0.00207118
-0.00125293
-0.00121642
-0.00122538
-0.00125642
-0.00133363
-0.00145847
-0.00154101
-0.00118108
-0.00197908
-0.00213151
-0.00192449
-0.0017656
-0.00167902
-0.00165363
-0.00177704
-0.00262666
-0.00606866
-0.015201
-0.00887878
-0.00236769
-0.00145229
-0.00141522
-0.00142384
-0.00144524
-0.00150717
-0.00160824
-0.00164898
-0.00107902
-0.0018768
-0.00234704
-0.00202075
-0.00192664
-0.00191963
-0.0020112
-0.00242282
-0.0036935
-0.00723629
-0.0158103
-0.0090999
-0.00285475
-0.00170791
-0.00156745
-0.00155646
-0.00156913
-0.00161079
-0.00165489
-0.00164714
-0.000865313
-0.00152675
-0.00263026
-0.00264257
-0.00269579
-0.00290696
-0.00329404
-0.00399754
-0.00532396
-0.00819636
-0.0153634
-0.0091827
-0.00513042
-0.0034646
-0.00277344
-0.00244859
-0.00223209
-0.00210376
-0.00205865
-0.00166283
-0.000433322
-0.000445382
-0.00153653
-0.00228843
-0.00293389
-0.00364549
-0.00445071
-0.00529274
-0.00605751
-0.00704618
-0.0107013
-0.00749828
-0.00660656
-0.0055382
-0.00437314
-0.00335998
-0.00252666
-0.00184156
-0.00120878
-0.000472867
0.000517284
-0.000261533
-0.000269821
-0.000274795
-0.000277342
-0.00027911
-0.000283356
-0.000295128
-0.000339566
-0.000483413
-0.00351775
-0.00321537
-0.000497275
-0.000296544
-0.000234679
-0.000210476
-0.0002072
-0.000215164
-0.000242852
-0.000280671
-0.000294305
-0.000612429
-0.000610933
-0.00061336
-0.000616049
-0.000616552
-0.000616328
-0.000618095
-0.000635918
-0.000873928
-0.00530529
-0.00403692
-0.000680091
-0.000496418
-0.000470046
-0.000458717
-0.000448324
-0.000433101
-0.000434742
-0.000472032
-0.000616117
-0.000807629
-0.000843582
-0.000847291
-0.000845607
-0.000841163
-0.0008351
-0.000833235
-0.000892546
-0.00161293
-0.00686263
-0.00459398
-0.000897146
-0.000661127
-0.000652162
-0.000654597
-0.000646283
-0.000658433
-0.000737708
-0.000897615
-0.00102185
-0.00138262
-0.0011993
-0.00111171
-0.00106591
-0.00104393
-0.00102954
-0.00103249
-0.00114381
-0.00247753
-0.00779505
-0.00478134
-0.00110823
-0.000824614
-0.000826025
-0.000846691
-0.000866831
-0.000926341
-0.00105638
-0.00119547
-0.00113604
-0.00186271
-0.00164701
-0.00144045
-0.00132786
-0.00126806
-0.00123708
-0.00124091
-0.00143711
-0.00331773
-0.00835529
-0.00482924
-0.00130219
-0.000981548
-0.00100074
-0.00103403
-0.00106175
-0.00113691
-0.00127263
-0.00137494
-0.00115591
-0.00193491
-0.00192973
-0.00169691
-0.00154493
-0.00146203
-0.00142139
-0.00144318
-0.00182588
-0.00405627
-0.00868052
-0.00482584
-0.00147288
-0.00111921
-0.00114688
-0.00119152
-0.00122935
-0.00130555
-0.00143212
-0.00150331
-0.00111896
-0.00193567
-0.00212087
-0.00191969
-0.00176317
-0.00168061
-0.00164878
-0.00172444
-0.00236015
-0.00473402
-0.00887878
-0.00484044
-0.0016688
-0.00130237
-0.00133226
-0.0013867
-0.00142167
-0.0014778
-0.00157611
-0.00159069
-0.0010089
-0.00181846
-0.002326
-0.00199604
-0.0018993
-0.00188294
-0.00194135
-0.00222435
-0.00312919
-0.00542034
-0.0090999
-0.00502415
-0.00197166
-0.00146582
-0.00142051
-0.00145548
-0.00150234
-0.00155273
-0.00158381
-0.00156427
-0.000781668
-0.00144659
-0.00254125
-0.00262507
-0.00265126
-0.00280322
-0.00306941
-0.00353793
-0.00437939
-0.00605257
-0.0091827
-0.00572735
-0.00382041
-0.00299848
-0.00260112
-0.00236057
-0.00218574
-0.00207805
-0.00203266
-0.00154525
-0.000342497
-0.000365488
-0.00139743
-0.00209051
-0.00266872
-0.00326479
-0.00390556
-0.00453591
-0.00503281
-0.00557261
-0.00749828
-0.0059437
-0.00553304
-0.00476546
-0.00384949
-0.00301364
-0.00229573
-0.00167422
-0.0010613
-0.000363351
0.000594136
-0.000280761
-0.000291986
-0.000294341
-0.000295863
-0.000296687
-0.000297296
-0.000299702
-0.000312584
-0.000331494
-0.000523628
-0.000497275
-0.000356766
-0.000309603
-0.000289908
-0.000283369
-0.000287041
-0.00030175
-0.00032575
-0.000347713
-0.000338501
-0.000621697
-0.000608806
-0.000604704
-0.000603984
-0.000603228
-0.000602843
-0.00060139
-0.000598225
-0.000627102
-0.000844334
-0.000680091
-0.000490417
-0.000452274
-0.000435685
-0.000422416
-0.000415566
-0.000414563
-0.000420205
-0.000458148
-0.000622593
-0.000828395
-0.000831349
-0.00083244
-0.000827159
-0.000821009
-0.000815228
-0.000808338
-0.000802178
-0.000895441
-0.00115514
-0.000897146
-0.000641564
-0.000603735
-0.000605645
-0.00061521
-0.000628599
-0.000642943
-0.000720208
-0.000883085
-0.000990793
-0.00147639
-0.00126053
-0.00112178
-0.00105479
-0.00102922
-0.00101064
-0.000996925
-0.00100164
-0.0011583
-0.0014775
-0.00110823
-0.000793747
-0.000752522
-0.00077022
-0.000797407
-0.000829415
-0.000902435
-0.00104071
-0.00116958
-0.00109085
-0.00183189
-0.00166479
-0.00146266
-0.00133972
-0.00125886
-0.00121609
-0.00119633
-0.00120087
-0.00142541
-0.00178555
-0.00130219
-0.000936989
-0.000892061
-0.000921719
-0.000973227
-0.00103029
-0.0011131
-0.00124695
-0.00134359
-0.00110193
-0.00188911
-0.00192193
-0.00170313
-0.001547
-0.00145862
-0.00140661
-0.00137641
-0.00139752
-0.00169612
-0.00207118
-0.00147288
-0.00106939
-0.00102224
-0.00105764
-0.00111953
-0.00118492
-0.00126399
-0.00139117
-0.00145986
-0.00105283
-0.00187726
-0.00210833
-0.00191817
-0.00176292
-0.00168124
-0.00163331
-0.00160735
-0.00165917
-0.00200629
-0.00236769
-0.0016688
-0.00124928
-0.00119602
-0.00122771
-0.00129229
-0.00136875
-0.00143401
-0.0015306
-0.00151695
-0.000928948
-0.00174093
-0.00227797
-0.00197623
-0.0018745
-0.0018428
-0.00184945
-0.00189552
-0.00205896
-0.00247426
-0.00285475
-0.00197166
-0.00143422
-0.00131534
-0.0013086
-0.00134565
-0.00140969
-0.00147608
-0.00151207
-0.00145549
-0.000676613
-0.00134862
-0.00243065
-0.00260372
-0.0026137
-0.00272892
-0.00291385
-0.00318122
-0.00356071
-0.00418181
-0.00513042
-0.00382041
-0.00309918
-0.00267376
-0.0023628
-0.00216556
-0.00204614
-0.00197555
-0.00187399
-0.00135635
-0.000216142
-0.000280099
-0.00124747
-0.00188606
-0.00241895
-0.00294671
-0.00351074
-0.00409294
-0.00464889
-0.00529502
-0.00660656
-0.00553304
-0.00489294
-0.00411892
-0.00333102
-0.00262459
-0.00200219
-0.00143745
-0.000860048
-0.000206817
0.000700097
-0.000313586
-0.000306191
-0.000299737
-0.000294786
-0.000293859
-0.000297193
-0.000300637
-0.000291258
-0.000278179
-0.000306118
-0.000296544
-0.000309603
-0.000330082
-0.000350714
-0.000370258
-0.000388184
-0.000406225
-0.000423025
-0.000432947
-0.00044287
-0.000622225
-0.000592222
-0.000579375
-0.000573726
-0.00057141
-0.000569253
-0.000567646
-0.000556182
-0.000541777
-0.000542
-0.000496418
-0.000452274
-0.00047056
-0.000495082
-0.000508943
-0.000511836
-0.000509398
-0.000504623
-0.000512464
-0.00061879
-0.000861615
-0.000812839
-0.000797066
-0.000788884
-0.000782828
-0.000779821
-0.000772602
-0.000759638
-0.00074051
-0.000723834
-0.000661127
-0.000603735
-0.000607833
-0.000634093
-0.000643376
-0.000638442
-0.000650964
-0.000735926
-0.00088367
-0.000975189
-0.00152161
-0.00130191
-0.00113513
-0.001041
-0.00100073
-0.000983016
-0.000970046
-0.000953922
-0.000942228
-0.000918267
-0.000824614
-0.000752522
-0.000741331
-0.00076869
-0.000785655
-0.000799862
-0.000865106
-0.00100207
-0.00113839
-0.00104754
-0.00179221
-0.00167296
-0.00147168
-0.00132671
-0.00123869
-0.00119059
-0.00116257
-0.00113823
-0.00112183
-0.00109219
-0.000981548
-0.000892061
-0.000868898
-0.000895083
-0.000924739
-0.000965643
-0.00105977
-0.0012065
-0.00130904
-0.00104678
-0.00183404
-0.00190716
-0.00170628
-0.00154251
-0.00143589
-0.00137338
-0.0013351
-0.0013068
-0.00129155
-0.00125293
-0.00111921
-0.00102224
-0.000993549
-0.0010172
-0.00105648
-0.00111257
-0.00120689
-0.00134572
-0.00141352
-0.000981464
-0.00180532
-0.00208932
-0.0019149
-0.00175673
-0.00166352
-0.00160435
-0.00156111
-0.00152723
-0.00150493
-0.00145229
-0.00130237
-0.00119602
-0.00114967
-0.0011592
-0.00119979
-0.00126363
-0.00135596
-0.00146703
-0.00144537
-0.000836885
-0.00164809
-0.00222151
-0.00196205
-0.0018586
-0.00181352
-0.00178988
-0.00177631
-0.00177148
-0.00177136
-0.00170791
-0.00146582
-0.00131534
-0.00125482
-0.00125258
-0.00128318
-0.00133372
-0.00140414
-0.00145512
-0.00134084
-0.000553465
-0.00123654
-0.00230519
-0.00255529
-0.00255102
-0.00263995
-0.00277507
-0.0029285
-0.00308865
-0.00326564
-0.0034646
-0.00299848
-0.00267376
-0.0023247
-0.00205078
-0.00188764
-0.00180976
-0.00177702
-0.00162966
-0.00112845
-6.28881e-05
-0.000181858
-0.00107353
-0.00165307
-0.00213949
-0.0026031
-0.00309093
-0.00359856
-0.00411647
-0.00469696
-0.0055382
-0.00476546
-0.00411892
-0.00342582
-0.0027577
-0.00215808
-0.00162287
-0.00112146
-0.000606005
-1.21596e-05
0.000824648
-0.000329234
-0.000373106
-0.000395172
-0.000391974
-0.000364964
-0.000313908
-0.000256
-0.000240333
-0.000238424
-0.000240434
-0.000234679
-0.000289908
-0.000350714
-0.000404111
-0.000449613
-0.000485039
-0.000510482
-0.000522429
-0.000519187
-0.000539559
-0.000604944
-0.000586931
-0.000589517
-0.000582648
-0.000566126
-0.000552762
-0.0005527
-0.000522349
-0.000501406
-0.000500019
-0.000470046
-0.000435685
-0.000495082
-0.000565622
-0.000620393
-0.00065312
-0.00066433
-0.000650246
-0.000606912
-0.000662329
-0.000811024
-0.000781214
-0.000781889
-0.000782786
-0.000777511
-0.000767189
-0.000750858
-0.000732666
-0.000707592
-0.000689737
-0.000652162
-0.000605645
-0.000634093
-0.000708627
-0.000761088
-0.000779095
-0.000780761
-0.000809451
-0.000900974
-0.000966309
-0.00153821
-0.00125676
-0.00108214
-0.00100931
-0.000984731
-0.000970144
-0.000950798
-0.000926664
-0.000904764
-0.000880646
-0.000826025
-0.00077022
-0.00076869
-0.000836851
-0.000887847
-0.000900433
-0.000914407
-0.00100248
-0.0011139
-0.00101154
-0.0017428
-0.00165206
-0.0014341
-0.00127786
-0.00119914
-0.00116236
-0.0011375
-0.00111095
-0.00108402
-0.00105629
-0.00100074
-0.000921719
-0.000895083
-0.000948041
-0.000997608
-0.00101671
-0.00105785
-0.00118266
-0.00127649
-0.000997876
-0.0017682
-0.00188237
-0.00169383
-0.00151627
-0.0014026
-0.00134244
-0.00130859
-0.00128103
-0.00125268
-0.00121642
-0.00114688
-0.00105764
-0.0010172
-0.00105124
-0.0010974
-0.0011262
-0.00118548
-0.00131631
-0.0013743
-0.000916594
-0.00171873
-0.00205976
-0.00190707
-0.00173689
-0.001623
-0.00155614
-0.00151558
-0.00148586
-0.00145663
-0.00141522
-0.00133226
-0.00122771
-0.0011592
-0.00116248
-0.00119818
-0.00123398
-0.00129951
-0.00141778
-0.00139992
-0.000749713
-0.0015383
-0.00215567
-0.00194857
-0.00184232
-0.00178129
-0.0017423
-0.0017119
-0.00168406
-0.00164937
-0.00156745
-0.00142051
-0.0013086
-0.00125258
-0.0012504
-0.00127865
-0.00131419
-0.00137443
-0.00142146
-0.0012588
-0.000436725
-0.00110661
-0.00215862
-0.0024731
-0.00244915
-0.0025049
-0.00259766
-0.00269079
-0.00275956
-0.00277257
-0.00277344
-0.00260112
-0.0023628
-0.00205078
-0.00180841
-0.00165356
-0.00159185
-0.00157919
-0.0014329
-0.000936712
8.62837e-05
-6.42268e-05
-0.000872473
-0.00138925
-0.00182471
-0.00222027
-0.00262668
-0.00303954
-0.00344923
-0.00386699
-0.00437314
-0.00384949
-0.00333102
-0.0027577
-0.00218252
-0.00165466
-0.00118909
-0.000755623
-0.000313357
0.00020625
0.000959462
-0.00057706
-0.000586073
-0.000593898
-0.000579709
-0.000543455
-0.000486138
-0.000405218
-0.000298216
-0.000221525
-0.00020701
-0.000210476
-0.000283369
-0.000370258
-0.000449613
-0.000518599
-0.000570559
-0.000603099
-0.000612861
-0.000601238
-0.000621144
-0.000763251
-0.00078896
-0.000801155
-0.00078432
-0.000741154
-0.00067383
-0.000584785
-0.000501515
-0.00047803
-0.000467968
-0.000458717
-0.000422416
-0.000508943
-0.000620393
-0.00071456
-0.000777579
-0.000809796
-0.000808892
-0.00077212
-0.000737768
-0.000805761
-0.000887753
-0.000943355
-0.000954596
-0.000929288
-0.000873893
-0.000793931
-0.000716239
-0.000677049
-0.000668072
-0.000654597
-0.00061521
-0.000643376
-0.000761088
-0.000863235
-0.000919596
-0.000939234
-0.000939594
-0.000952128
-0.000957678
-0.00150666
-0.00123041
-0.0011359
-0.00111425
-0.00109778
-0.00106058
-0.000999316
-0.000929875
-0.00088149
-0.000866559
-0.000846691
-0.000797407
-0.000785655
-0.000887847
-0.000991298
-0.00104015
-0.00105381
-0.00106931
-0.00110517
-0.000983032
-0.00168151
-0.00161378
-0.0014212
-0.00131139
-0.00126238
-0.00122679
-0.00118103
-0.00112481
-0.00107719
-0.00105242
-0.00103403
-0.000973227
-0.000924739
-0.000997608
-0.00109511
-0.00114256
-0.00116452
-0.00120882
-0.00124953
-0.000957658
-0.00168579
-0.00185387
-0.00168533
-0.00152409
-0.00143077
-0.00137889
-0.00133831
-0.00129537
-0.0012554
-0.00122538
-0.00119152
-0.00111953
-0.00105648
-0.0010974
-0.00118099
-0.0012295
-0.00126331
-0.0013273
-0.00134646
-0.000863907
-0.00161094
-0.00200855
-0.00189913
-0.00173064
-0.00161303
-0.00154642
-0.00150537
-0.00147347
-0.00144677
-0.00142384
-0.0013867
-0.00129229
-0.00119979
-0.00119818
-0.00125653
-0.00130273
-0.00134404
-0.00141678
-0.00138533
-0.000679012
-0.00140328
-0.00207212
-0.00193069
-0.00183192
-0.00175468
-0.00170546
-0.00167059
-0.00164114
-0.00161042
-0.00155646
-0.00145548
-0.00134565
-0.00128318
-0.00127865
-0.00131714
-0.00135714
-0.00140408
-0.00144352
-0.00123428
-0.000344819
-0.000949601
-0.00198042
-0.00235236
-0.00231863
-0.00233159
-0.00238184
-0.00243791
-0.00247595
-0.00246069
-0.00244859
-0.00236057
-0.00216556
-0.00188764
-0.00165356
-0.00151651
-0.00145818
-0.00144594
-0.00136868
-0.000836832
0.000206612
7.8493e-05
-0.000644701
-0.00110458
-0.00148905
-0.00181599
-0.00214328
-0.00246713
-0.00277402
-0.00305962
-0.00335998
-0.00301364
-0.00262459
-0.00215808
-0.00165466
-0.0011794
-0.000769931
-0.000405199
-2.21794e-05
0.000427328
0.00109909
-0.000787577
-0.000771366
-0.000762626
-0.00073849
-0.000694753
-0.000628186
-0.000537785
-0.000425003
-0.000276306
-0.00019828
-0.0002072
-0.000287041
-0.000388184
-0.000485039
-0.000570559
-0.000629628
-0.000656416
-0.000652589
-0.000623732
-0.000632945
-0.00104874
-0.00103944
-0.00102443
-0.000989983
-0.000932659
-0.000848462
-0.000733518
-0.000594304
-0.000471186
-0.000455927
-0.000448324
-0.000415566
-0.000511836
-0.00065312
-0.000777579
-0.000855844
-0.000889245
-0.000883154
-0.000852462
-0.000828672
-0.00107581
-0.00115778
-0.00119369
-0.00117916
-0.00113105
-0.00105485
-0.000942388
-0.000797475
-0.000676782
-0.000652427
-0.000646283
-0.000628599
-0.000638442
-0.000779095
-0.000919596
-0.00100168
-0.00102883
-0.00102191
-0.00098694
-0.000931124
-0.00154393
-0.00139309
-0.00135026
-0.00132869
-0.00129229
-0.00123124
-0.00113465
-0.00100453
-0.000894929
-0.000863168
-0.000866831
-0.000829415
-0.000799862
-0.000900433
-0.00104015
-0.00111462
-0.00113247
-0.00112382
-0.00109574
-0.000948854
-0.00160659
-0.0016401
-0.00154713
-0.00148349
-0.00143549
-0.00138035
-0.00130191
-0.00119822
-0.00110792
-0.00107107
-0.00106175
-0.00103029
-0.000965643
-0.00101671
-0.00114256
-0.00121511
-0.00123808
-0.00124112
-0.00121974
-0.000914854
-0.00157619
-0.00181009
-0.00173421
-0.00164109
-0.00156919
-0.00150847
-0.00144281
-0.00136547
-0.00129634
-0.00125642
-0.00122935
-0.00118492
-0.00111257
-0.0011262
-0.0012295
-0.00130217
-0.00133604
-0.00135135
-0.00131864
-0.000811493
-0.00146758
-0.00192084
-0.00190547
-0.00179786
-0.00170009
-0.00162949
-0.00157166
-0.00151752
-0.00147305
-0.00144524
-0.00142167
-0.00136875
-0.00126363
-0.00123398
-0.00130273
-0.00136943
-0.00141138
-0.00143998
-0.00136897
-0.000613262
-0.00122485
-0.00194629
-0.0019088
-0.00185661
-0.00178561
-0.00172857
-0.00168291
-0.00164448
-0.00161072
-0.00156913
-0.00150234
-0.00140969
-0.00133372
-0.00131419
-0.00135714
-0.00141118
-0.00145571
-0.00147019
-0.00123082
-0.000267309
-0.000747701
-0.00175177
-0.00219277
-0.00219981
-0.00217952
-0.00219196
-0.00221791
-0.00223848
-0.00223156
-0.00223209
-0.00218574
-0.00204614
-0.00180976
-0.00159185
-0.00145818
-0.00141053
-0.0014022
-0.00136155
-0.000797912
0.000304009
0.000256669
-0.000384949
-0.000805688
-0.00115178
-0.00142261
-0.00168016
-0.00192862
-0.00215502
-0.00235079
-0.00252666
-0.00229573
-0.00200219
-0.00162287
-0.00118909
-0.000769931
-0.000419136
-0.000123427
0.000219996
0.000630049
0.00124232
-0.000858753
-0.000829348
-0.000820609
-0.000810218
-0.000786761
-0.000730766
-0.000638056
-0.000516343
-0.000370154
-0.000228518
-0.000215164
-0.00030175
-0.000406225
-0.000510482
-0.000603099
-0.000656416
-0.000664781
-0.00061881
-0.000539985
-0.000514794
-0.00118876
-0.00115484
-0.00112468
-0.00109722
-0.00105229
-0.000978961
-0.000859968
-0.000698202
-0.000525857
-0.000445403
-0.000433101
-0.000414563
-0.000509398
-0.00066433
-0.000809796
-0.000889245
-0.000898881
-0.000867611
-0.000811546
-0.000769228
-0.00138483
-0.00135157
-0.0013192
-0.00128111
-0.00123625
-0.00117276
-0.00106248
-0.00089731
-0.000721185
-0.000654523
-0.000658433
-0.000642943
-0.000650964
-0.000780761
-0.000939234
-0.00102883
-0.00103361
-0.000996226
-0.00094523
-0.000869268
-0.00149371
-0.00151031
-0.00147632
-0.00143089
-0.00138534
-0.00133087
-0.00124076
-0.00109812
-0.000949186
-0.000903329
-0.000926341
-0.000902435
-0.000865106
-0.000914407
-0.00105381
-0.00113247
-0.00113803
-0.00110844
-0.00105461
-0.000885201
-0.0014891
-0.00161365
-0.00162468
-0.00158465
-0.00153438
-0.00147881
-0.00140201
-0.00129041
-0.00117927
-0.00113974
-0.00113691
-0.0011131
-0.00105977
-0.00105785
-0.00116452
-0.00123808
-0.00125517
-0.00123476
-0.00116646
-0.000842321
-0.00141636
-0.00170013
-0.00173329
-0.00171788
-0.00167213
-0.0016146
-0.00154517
-0.00145904
-0.0013772
-0.00133363
-0.00130555
-0.00126399
-0.00120689
-0.00118548
-0.00126331
-0.00133604
-0.00136609
-0.00135363
-0.00126251
-0.000726253
-0.0012629
-0.0017586
-0.00186506
-0.00184901
-0.00179727
-0.00173263
-0.00166742
-0.00160119
-0.00154376
-0.00150717
-0.0014778
-0.00143401
-0.00135596
-0.00129951
-0.00134404
-0.00141138
-0.00145268
-0.00144433
-0.00130752
-0.000511791
-0.00097168
-0.00172135
-0.00185142
-0.00186846
-0.00183546
-0.00179202
-0.00174596
-0.00169761
-0.00165444
-0.00161079
-0.00155273
-0.00147608
-0.00140414
-0.00137443
-0.00140408
-0.00145571
-0.0014904
-0.00147223
-0.00118116
-0.000156926
-0.000470001
-0.00142691
-0.00195202
-0.00210854
-0.00209848
-0.00209813
-0.00210394
-0.00210887
-0.00210142
-0.00210376
-0.00207805
-0.00197555
-0.00177702
-0.00157919
-0.00144594
-0.0014022
-0.00138979
-0.001328
-0.000737749
0.000423553
0.000489782
-7.27254e-05
-0.000469613
-0.000795215
-0.00104882
-0.00126221
-0.00145427
-0.00161924
-0.00175043
-0.00184156
-0.00167422
-0.00143745
-0.00112146
-0.000755623
-0.000405199
-0.000123427
0.00010788
0.000418298
0.000826242
0.00140353
-0.000686457
-0.000666213
-0.000695599
-0.000751452
-0.000789705
-0.000774176
-0.000698493
-0.000572976
-0.000432043
-0.000274133
-0.000242852
-0.00032575
-0.000423025
-0.000522429
-0.000612861
-0.000652589
-0.00061881
-0.000502942
-0.000337198
-0.000243514
-0.0010748
-0.00104363
-0.00103501
-0.00105039
-0.00106306
-0.00103897
-0.000938455
-0.000760614
-0.000574706
-0.000445163
-0.000434742
-0.000420205
-0.000504623
-0.000650246
-0.000808892
-0.000883154
-0.000867611
-0.000789438
-0.000676508
-0.00058589
-0.00125889
-0.00123975
-0.00121773
-0.00121414
-0.00121734
-0.0012036
-0.00112398
-0.000962778
-0.00078453
-0.000708594
-0.000737708
-0.000720208
-0.000735926
-0.000809451
-0.000939594
-0.00102191
-0.000996226
-0.000923959
-0.00082633
-0.00071258
-0.00132116
-0.00136123
-0.00135274
-0.00135112
-0.00135007
-0.00133751
-0.00128489
-0.00117179
-0.00104362
-0.00101497
-0.00105638
-0.00104071
-0.00100207
-0.00100248
-0.00106931
-0.00112382
-0.00110844
-0.00104261
-0.000938289
-0.000742102
-0.00128185
-0.00142994
-0.00146539
-0.00148387
-0.00149173
-0.00148228
-0.001443
-0.00136897
-0.00129115
-0.00127256
-0.00127263
-0.00124695
-0.0012065
-0.00118266
-0.00120882
-0.00124112
-0.00123476
-0.00116605
-0.00103597
-0.000684713
-0.00116523
-0.00145891
-0.00156075
-0.00161176
-0.00163273
-0.00162432
-0.00159004
-0.0015378
-0.00148641
-0.00145847
-0.00143212
-0.00139117
-0.00134572
-0.00131631
-0.0013273
-0.00135135
-0.00135363
-0.00128703
-0.0011128
-0.000544852
-0.000955043
-0.00144167
-0.00163169
-0.00172729
-0.00176316
-0.0017512
-0.00171671
-0.00167469
-0.00163663
-0.00160824
-0.00157611
-0.0015306
-0.00146703
-0.00141778
-0.00141678
-0.00143998
-0.00144433
-0.00137722
-0.00112788
-0.000301714
-0.000600941
-0.00131752
-0.00161953
-0.00175428
-0.00177533
-0.00178119
-0.00176467
-0.0017349
-0.00170098
-0.00165489
-0.00158381
-0.00151207
-0.00145512
-0.00142146
-0.00144352
-0.00147019
-0.00147223
-0.00138783
-0.000977549
7.14866e-05
-7.1838e-05
-0.000927056
-0.00149024
-0.00180875
-0.0019644
-0.00204411
-0.00206018
-0.00206807
-0.00206118
-0.00205865
-0.00203266
-0.00187399
-0.00162966
-0.0014329
-0.00136868
-0.00136155
-0.001328
-0.00118038
-0.00050925
0.000652846
0.000806257
0.000325702
-4.8925e-05
-0.000362301
-0.000601533
-0.000797415
-0.000965499
-0.00109478
-0.00118273
-0.00120878
-0.0010613
-0.000860048
-0.000606005
-0.000313357
-2.21794e-05
0.000219996
0.000418298
0.00070611
0.00109004
0.00162292
-0.000284183
-0.000292132
-0.000400183
-0.000569193
-0.000711033
-0.000764803
-0.000717317
-0.000590785
-0.000443833
-0.00031778
-0.000280671
-0.000347713
-0.000432947
-0.000519187
-0.000601238
-0.000623732
-0.000539985
-0.000337198
-5.26692e-05
0.000149679
-0.000761201
-0.000754345
-0.000806894
-0.000909132
-0.000996772
-0.00102857
-0.000960737
-0.000749455
-0.000574264
-0.000478877
-0.000472032
-0.000458148
-0.000512464
-0.000606912
-0.00077212
-0.000852462
-0.000811546
-0.000676508
-0.000481484
-0.000305523
-0.000970948
-0.0009641
-0.000993708
-0.00107138
-0.00113907
-0.00117057
-0.00112945
-0.00100778
-0.000889527
-0.000857294
-0.000897615
-0.000883085
-0.00088367
-0.000900974
-0.000952128
-0.00098694
-0.00094523
-0.00082633
-0.000654274
-0.000460862
-0.0010258
-0.0010599
-0.00110012
-0.00118942
-0.00126247
-0.00129573
-0.00128082
-0.00123344
-0.00117735
-0.00117262
-0.00119547
-0.00116958
-0.00113839
-0.0011139
-0.00110517
-0.00109574
-0.00105461
-0.000938289
-0.000745801
-0.000482054
-0.000956593
-0.00107946
-0.00115769
-0.00128593
-0.00138654
-0.001437
-0.00144289
-0.00142419
-0.00140727
-0.00140044
-0.00137494
-0.00134359
-0.00130904
-0.00127649
-0.00124953
-0.00121974
-0.00116646
-0.00103597
-0.000790997
-0.000392364
-0.000790841
-0.00102651
-0.00118686
-0.00137068
-0.0015046
-0.00157088
-0.00158662
-0.00158115
-0.00156839
-0.00154101
-0.00150331
-0.00145986
-0.00141352
-0.0013743
-0.00134646
-0.00131864
-0.00126251
-0.0011128
-0.000796799
-0.000209073
-0.000514241
-0.000898911
-0.00117378
-0.00142518
-0.00158703
-0.00166952
-0.00170259
-0.00170652
-0.00168857
-0.00164898
-0.00159069
-0.00151695
-0.00144537
-0.00139992
-0.00138533
-0.00136897
-0.00130752
-0.00112788
-0.000721377
8.02441e-05
-8.67747e-05
-0.000648413
-0.00104942
-0.00137173
-0.001553
-0.0016498
-0.00169292
-0.00170371
-0.00169068
-0.00164714
-0.00156427
-0.00145549
-0.00134084
-0.0012588
-0.00123428
-0.00123082
-0.00118116
-0.000977549
-0.000453857
0.000497521
0.000483516
-0.000188273
-0.000713135
-0.00109912
-0.00135084
-0.00151205
-0.0016107
-0.00167132
-0.00169545
-0.00166283
-0.00154525
-0.00135635
-0.00112845
-0.000936712
-0.000836832
-0.000797912
-0.000737749
-0.00050925
0.000100487
0.00107811
0.00122596
0.000831308
0.000484824
0.000186904
-4.05868e-05
-0.000218801
-0.000356809
-0.000451813
-0.00049682
-0.000472867
-0.000363351
-0.000206817
-1.21596e-05
0.00020625
0.000427328
0.000630049
0.000826242
0.00109004
0.00144442
0.00191649
8.62975e-05
2.55915e-05
-0.000178374
-0.000455055
-0.000677511
-0.00078245
-0.000745129
-0.000596229
-0.000414415
-0.000323374
-0.000294305
-0.000338501
-0.00044287
-0.000539559
-0.000621144
-0.000632945
-0.000514794
-0.000243514
0.000149679
0.000476675
-0.000397256
-0.000440864
-0.000585975
-0.000784841
-0.000936425
-0.00100312
-0.000939764
-0.000715444
-0.000567735
-0.000575872
-0.000616117
-0.000622593
-0.00061879
-0.000662329
-0.000737768
-0.000828672
-0.000769228
-0.00058589
-0.000305523
-2.06618e-05
-0.000575319
-0.000609999
-0.000737652
-0.000917467
-0.00104527
-0.00110517
-0.00111623
-0.00110915
-0.00108315
-0.00105482
-0.00102185
-0.000990793
-0.000975189
-0.000966309
-0.000957678
-0.000931124
-0.000869268
-0.00071258
-0.000460862
-0.000153877
-0.000580747
-0.000622514
-0.000772518
-0.000973786
-0.00110136
-0.00116638
-0.00119386
-0.00120486
-0.00120321
-0.00117898
-0.00113604
-0.00109085
-0.00104754
-0.00101154
-0.000983032
-0.000948854
-0.000885201
-0.000742102
-0.000482054
-0.000105587
-0.00044885
-0.000528105
-0.000725706
-0.000963941
-0.00110912
-0.00119315
-0.00123674
-0.0012552
-0.00124816
-0.00120893
-0.00115591
-0.00110193
-0.00104678
-0.000997876
-0.000957658
-0.000914854
-0.000842321
-0.000684713
-0.000392364
4.83546e-05
-0.00020777
-0.000359932
-0.000613454
-0.000884067
-0.00105899
-0.00116564
-0.00122434
-0.00124872
-0.00123494
-0.00118108
-0.00111896
-0.00105283
-0.000981464
-0.000916594
-0.000863907
-0.000811493
-0.000726253
-0.000544852
-0.000209073
0.000303394
0.000155806
-9.9027e-05
-0.000414833
-0.000718538
-0.000925834
-0.00105546
-0.00112962
-0.00116173
-0.00114478
-0.00107902
-0.0010089
-0.000928948
-0.000836885
-0.000749713
-0.000679012
-0.000613262
-0.000511791
-0.000301714
8.02441e-05
0.000666932
0.000671702
0.000289969
-8.96213e-05
-0.00042541
-0.000656722
-0.000805032
-0.000896462
-0.000943772
-0.000936031
-0.000865313
-0.000781668
-0.000676613
-0.000553465
-0.000436725
-0.000344819
-0.000267309
-0.000156926
7.14866e-05
0.000497521
0.00115185
0.00126734
0.000826705
0.000420528
8.39085e-05
-0.000153481
-0.000313895
-0.000421656
-0.000487387
-0.000498256
-0.000433322
-0.000342497
-0.000216142
-6.28881e-05
8.62837e-05
0.000206612
0.000304009
0.000423553
0.000652846
0.00107811
0.00171615
0.00180309
0.00150487
0.00121825
0.00097345
0.000793679
0.000660671
0.000562199
0.000494745
0.000472856
0.000517284
0.000594136
0.000700097
0.000824648
0.000959462
0.00109909
0.00124232
0.00140353
0.00162292
0.00191649
0.00229512
)
;

boundaryField
{
    floor
    {
        type            fixedFluxPressure;
        gradient        uniform 0;
        value           nonuniform List<scalar> 
400
(
-6.77748e-06
-0.000285784
-0.000648969
-0.000840374
-0.000759705
-0.000467198
-0.000201167
-0.000221909
-0.000223344
-0.00023837
-0.000261533
-0.000280761
-0.000313586
-0.000329234
-0.00057706
-0.000787577
-0.000858753
-0.000686457
-0.000284183
8.62975e-05
-0.000285784
-0.000443233
-0.000695176
-0.000819378
-0.000736286
-0.000505652
-0.000216323
-0.000218727
-0.0002325
-0.000246463
-0.000269821
-0.000291986
-0.000306191
-0.000373106
-0.000586073
-0.000771366
-0.000829348
-0.000666213
-0.000292132
2.55915e-05
-0.000648969
-0.000695176
-0.000805297
-0.000829729
-0.000721349
-0.000513333
-0.000230176
-0.000211556
-0.000236712
-0.000251443
-0.000274795
-0.000294341
-0.000299737
-0.000395172
-0.000593898
-0.000762626
-0.000820609
-0.000695599
-0.000400183
-0.000178374
-0.000840374
-0.000819378
-0.000829729
-0.000786183
-0.000658349
-0.000468412
-0.000223691
-0.000204609
-0.000234876
-0.000252093
-0.000277342
-0.000295863
-0.000294786
-0.000391974
-0.000579709
-0.00073849
-0.000810218
-0.000751452
-0.000569193
-0.000455055
-0.000759705
-0.000736286
-0.000721349
-0.000658349
-0.000540353
-0.000369842
-0.000194396
-0.000195439
-0.000226096
-0.000250564
-0.00027911
-0.000296687
-0.000293859
-0.000364964
-0.000543455
-0.000694753
-0.000786761
-0.000789705
-0.000711033
-0.000677511
-0.000467198
-0.000505652
-0.000513333
-0.000468412
-0.000369842
-0.000210932
-0.000168803
-0.000193592
-0.000216624
-0.000251892
-0.000283356
-0.000297296
-0.000297193
-0.000313908
-0.000486138
-0.000628186
-0.000730766
-0.000774176
-0.000764803
-0.00078245
-0.000201167
-0.000216323
-0.000230176
-0.000223691
-0.000194396
-0.000168803
-0.000172656
-0.000193697
-0.000207099
-0.000260493
-0.000295128
-0.000299702
-0.000300637
-0.000256
-0.000405218
-0.000537785
-0.000638056
-0.000698493
-0.000717317
-0.000745129
-0.000221909
-0.000218727
-0.000211556
-0.000204609
-0.000195439
-0.000193592
-0.000193697
-0.000204831
-0.000218112
-0.000299389
-0.000339566
-0.000312584
-0.000291258
-0.000240333
-0.000298216
-0.000425003
-0.000516343
-0.000572976
-0.000590785
-0.000596229
-0.000223344
-0.0002325
-0.000236712
-0.000234876
-0.000226096
-0.000216624
-0.000207099
-0.000218112
-0.000239275
-0.000459584
-0.000483413
-0.000331494
-0.000278179
-0.000238424
-0.000221525
-0.000276306
-0.000370154
-0.000432043
-0.000443833
-0.000414415
-0.00023837
-0.000246463
-0.000251443
-0.000252093
-0.000250564
-0.000251892
-0.000260493
-0.000299389
-0.000459584
-0.00367558
-0.00351775
-0.000523628
-0.000306118
-0.000240434
-0.00020701
-0.00019828
-0.000228518
-0.000274133
-0.00031778
-0.000323374
-0.000261533
-0.000269821
-0.000274795
-0.000277342
-0.00027911
-0.000283356
-0.000295128
-0.000339566
-0.000483413
-0.00351775
-0.00321537
-0.000497275
-0.000296544
-0.000234679
-0.000210476
-0.0002072
-0.000215164
-0.000242852
-0.000280671
-0.000294305
-0.000280761
-0.000291986
-0.000294341
-0.000295863
-0.000296687
-0.000297296
-0.000299702
-0.000312584
-0.000331494
-0.000523628
-0.000497275
-0.000356766
-0.000309603
-0.000289908
-0.000283369
-0.000287041
-0.00030175
-0.00032575
-0.000347713
-0.000338501
-0.000313586
-0.000306191
-0.000299737
-0.000294786
-0.000293859
-0.000297193
-0.000300637
-0.000291258
-0.000278179
-0.000306118
-0.000296544
-0.000309603
-0.000330082
-0.000350714
-0.000370258
-0.000388184
-0.000406225
-0.000423025
-0.000432947
-0.00044287
-0.000329234
-0.000373106
-0.000395172
-0.000391974
-0.000364964
-0.000313908
-0.000256
-0.000240333
-0.000238424
-0.000240434
-0.000234679
-0.000289908
-0.000350714
-0.000404111
-0.000449613
-0.000485039
-0.000510482
-0.000522429
-0.000519187
-0.000539559
-0.00057706
-0.000586073
-0.000593898
-0.000579709
-0.000543455
-0.000486138
-0.000405218
-0.000298216
-0.000221525
-0.00020701
-0.000210476
-0.000283369
-0.000370258
-0.000449613
-0.000518599
-0.000570559
-0.000603099
-0.000612861
-0.000601238
-0.000621144
-0.000787577
-0.000771366
-0.000762626
-0.00073849
-0.000694753
-0.000628186
-0.000537785
-0.000425003
-0.000276306
-0.00019828
-0.0002072
-0.000287041
-0.000388184
-0.000485039
-0.000570559
-0.000629628
-0.000656416
-0.000652589
-0.000623732
-0.000632945
-0.000858753
-0.000829348
-0.000820609
-0.000810218
-0.000786761
-0.000730766
-0.000638056
-0.000516343
-0.000370154
-0.000228518
-0.000215164
-0.00030175
-0.000406225
-0.000510482
-0.000603099
-0.000656416
-0.000664781
-0.00061881
-0.000539985
-0.000514794
-0.000686457
-0.000666213
-0.000695599
-0.000751452
-0.000789705
-0.000774176
-0.000698493
-0.000572976
-0.000432043
-0.000274133
-0.000242852
-0.00032575
-0.000423025
-0.000522429
-0.000612861
-0.000652589
-0.00061881
-0.000502942
-0.000337198
-0.000243514
-0.000284183
-0.000292132
-0.000400183
-0.000569193
-0.000711033
-0.000764803
-0.000717317
-0.000590785
-0.000443833
-0.00031778
-0.000280671
-0.000347713
-0.000432947
-0.000519187
-0.000601238
-0.000623732
-0.000539985
-0.000337198
-5.26692e-05
0.000149679
8.62975e-05
2.55915e-05
-0.000178374
-0.000455055
-0.000677511
-0.00078245
-0.000745129
-0.000596229
-0.000414415
-0.000323374
-0.000294305
-0.000338501
-0.00044287
-0.000539559
-0.000621144
-0.000632945
-0.000514794
-0.000243514
0.000149679
0.000476675
)
;
    }
    ceiling
    {
        type            fixedFluxPressure;
        gradient        nonuniform List<scalar> 
400
(
0.221835
0.223193
0.224545
0.22573
0.226755
0.227637
0.228376
0.228942
0.229278
0.229435
0.229053
0.228498
0.227788
0.226948
0.225998
0.224948
0.223787
0.222475
0.220962
0.219239
0.223193
0.224742
0.226284
0.227662
0.228885
0.229985
0.230951
0.231745
0.232276
0.232613
0.23199
0.231205
0.230254
0.229162
0.227962
0.226676
0.225287
0.223738
0.221962
0.219967
0.224545
0.226284
0.227942
0.229437
0.230785
0.232059
0.233229
0.23425
0.234986
0.23552
0.234647
0.233645
0.232469
0.231146
0.229727
0.228263
0.226724
0.22503
0.223109
0.220946
0.22573
0.227662
0.229437
0.231072
0.23254
0.23397
0.235393
0.23668
0.23765
0.23844
0.237218
0.235969
0.234552
0.232994
0.231357
0.229717
0.228031
0.226186
0.224148
0.22184
0.226755
0.228885
0.230785
0.23254
0.234187
0.235927
0.237712
0.239375
0.240734
0.241976
0.24016
0.238512
0.236731
0.234833
0.232885
0.230989
0.229164
0.227181
0.225032
0.222581
0.227637
0.229985
0.232059
0.23397
0.235927
0.238057
0.240274
0.242426
0.244389
0.246433
0.243668
0.241406
0.239105
0.236761
0.23443
0.23221
0.23016
0.22805
0.225773
0.223172
0.228376
0.230951
0.233229
0.235393
0.237712
0.240274
0.243014
0.245866
0.248824
0.252383
0.248043
0.244754
0.241677
0.23874
0.235947
0.233359
0.231038
0.228783
0.226355
0.223604
0.228942
0.231745
0.23425
0.23668
0.239375
0.242426
0.245866
0.249795
0.254485
0.261005
0.253831
0.24869
0.244417
0.240681
0.237334
0.234345
0.231735
0.229307
0.226725
0.223839
0.229278
0.232276
0.234986
0.23765
0.240734
0.244389
0.248824
0.254485
0.262309
0.274776
0.262111
0.253506
0.247318
0.242478
0.238463
0.235047
0.232157
0.229558
0.226809
0.223783
0.229435
0.232613
0.23552
0.23844
0.241976
0.246433
0.252383
0.261005
0.274776
0.300701
0.275538
0.260462
0.251108
0.244626
0.239686
0.235711
0.232452
0.229589
0.226631
0.22347
0.229053
0.23199
0.234647
0.237218
0.24016
0.243668
0.248043
0.253831
0.262111
0.275538
0.261425
0.252987
0.246896
0.242059
0.238025
0.234592
0.231642
0.228914
0.226135
0.223134
0.228498
0.231205
0.233645
0.235969
0.238512
0.241406
0.244754
0.24869
0.253506
0.260462
0.252987
0.24786
0.24344
0.239545
0.236133
0.233137
0.230475
0.227943
0.225385
0.222607
0.227788
0.230254
0.232469
0.234552
0.236731
0.239105
0.241677
0.244417
0.247318
0.251108
0.246896
0.24344
0.24005
0.236859
0.23397
0.231378
0.229013
0.226745
0.224431
0.221911
0.226948
0.229162
0.231146
0.232994
0.234833
0.236761
0.23874
0.240681
0.242478
0.244626
0.242059
0.239545
0.236859
0.2342
0.231726
0.229484
0.227413
0.225411
0.223342
0.221082
0.225998
0.227962
0.229727
0.231357
0.232885
0.23443
0.235947
0.237334
0.238463
0.239686
0.238025
0.236133
0.23397
0.231726
0.229596
0.227669
0.225896
0.224108
0.222229
0.220178
0.224948
0.226676
0.228263
0.229717
0.230989
0.23221
0.233359
0.234345
0.235047
0.235711
0.234592
0.233137
0.231378
0.229484
0.227669
0.226062
0.224611
0.222992
0.221206
0.219265
0.223787
0.225287
0.226724
0.228031
0.229164
0.23016
0.231038
0.231735
0.232157
0.232452
0.231642
0.230475
0.229013
0.227413
0.225896
0.224611
0.223469
0.222021
0.220248
0.218344
0.222475
0.223738
0.22503
0.226186
0.227181
0.22805
0.228783
0.229307
0.229558
0.229589
0.228914
0.227943
0.226745
0.225411
0.224108
0.222992
0.222021
0.220715
0.21909
0.217306
0.220962
0.221962
0.223109
0.224148
0.225032
0.225773
0.226355
0.226725
0.226809
0.226631
0.226135
0.225385
0.224431
0.223342
0.222229
0.221206
0.220248
0.21909
0.21765
0.216094
0.219239
0.219967
0.220946
0.22184
0.222581
0.223172
0.223604
0.223839
0.223783
0.22347
0.223134
0.222607
0.221911
0.221082
0.220178
0.219265
0.218344
0.217306
0.216094
0.214858
)
;
        value           nonuniform List<scalar> 
400
(
0.0568707
0.0567384
0.0567029
0.0567109
0.0567627
0.0568364
0.0569089
0.0569519
0.0569358
0.0569133
0.0568976
0.0568443
0.0567652
0.0566727
0.056578
0.0564937
0.0564364
0.0564251
0.0564664
0.0566127
0.0567384
0.0565584
0.0564912
0.0564661
0.0564889
0.0565374
0.0565909
0.0566279
0.0566214
0.0566167
0.0566
0.0565538
0.05649
0.056418
0.0563457
0.0562839
0.0562489
0.0562602
0.0563218
0.0564966
0.0567029
0.0564912
0.0564261
0.0564152
0.0564593
0.0565163
0.056564
0.0565936
0.0565877
0.0565916
0.0565712
0.0565252
0.0564641
0.0563973
0.0563273
0.0562601
0.0562115
0.0562085
0.0562621
0.0564548
0.0567109
0.0564661
0.0564152
0.0564348
0.0565059
0.0565784
0.056628
0.05666
0.0566627
0.056676
0.0566359
0.0565734
0.0564986
0.0564238
0.0563501
0.0562776
0.0562124
0.0561843
0.0562239
0.0564333
0.0567627
0.0564889
0.0564593
0.0565059
0.0565989
0.0566809
0.05674
0.0567883
0.0568143
0.0568484
0.0567752
0.0566813
0.0565796
0.0564879
0.0564053
0.0563246
0.0562422
0.0561937
0.0562175
0.0564389
0.0568364
0.0565374
0.0565163
0.0565784
0.0566809
0.0567771
0.0568677
0.0569682
0.057064
0.0571575
0.0570116
0.0568408
0.0566854
0.0565636
0.0564643
0.0563723
0.0562777
0.056215
0.0562246
0.0564538
0.0569089
0.0565909
0.056564
0.056628
0.05674
0.0568677
0.0570302
0.0572631
0.0575498
0.0578029
0.0574749
0.0570956
0.0568208
0.0566454
0.0565196
0.0564111
0.0563051
0.0562302
0.056232
0.0564631
0.0569519
0.0566279
0.0565936
0.05666
0.0567883
0.0569682
0.0572631
0.0577834
0.0585374
0.0591937
0.0584248
0.0575236
0.0569879
0.056721
0.0565596
0.0564312
0.0563146
0.056232
0.0562296
0.0564545
0.0569358
0.0566214
0.0565877
0.0566627
0.0568143
0.057064
0.0575498
0.0585374
0.0601303
0.0616478
0.0599552
0.0580814
0.0571324
0.0567524
0.0565561
0.0564109
0.0562887
0.0562067
0.0562053
0.0564185
0.0569133
0.0566167
0.0565916
0.056676
0.0568484
0.0571575
0.0578029
0.0591937
0.0616478
0.064474
0.0613863
0.0585089
0.0572389
0.0567835
0.0565616
0.056401
0.0562714
0.0561884
0.0561848
0.0563849
0.0568976
0.0566
0.0565712
0.0566359
0.0567752
0.0570116
0.0574749
0.0584248
0.0599552
0.0613863
0.0594125
0.0577137
0.0569587
0.0566652
0.0564927
0.0563523
0.0562363
0.0561671
0.0561704
0.0563775
0.0568443
0.0565538
0.0565252
0.0565734
0.0566813
0.0568408
0.0570956
0.0575236
0.0580814
0.0585089
0.0577137
0.0570721
0.056741
0.0565553
0.0564087
0.0562821
0.0561812
0.0561257
0.0561395
0.0563519
0.0567652
0.05649
0.0564641
0.0564986
0.0565796
0.0566854
0.0568208
0.0569879
0.0571324
0.0572389
0.0569587
0.056741
0.0565866
0.0564571
0.0563343
0.0562215
0.0561317
0.0560802
0.0560956
0.0563024
0.0566727
0.056418
0.0563973
0.0564238
0.0564879
0.0565636
0.0566454
0.056721
0.0567524
0.0567835
0.0566652
0.0565553
0.0564571
0.0563675
0.0562769
0.056182
0.0560977
0.0560395
0.0560417
0.0562299
0.056578
0.0563457
0.0563273
0.0563501
0.0564053
0.0564643
0.0565196
0.0565596
0.0565561
0.0565616
0.0564927
0.0564087
0.0563343
0.0562769
0.0562196
0.0561474
0.0560689
0.0560047
0.0559845
0.0561435
0.0564937
0.0562839
0.0562601
0.0562776
0.0563246
0.0563723
0.0564111
0.0564312
0.0564109
0.056401
0.0563523
0.0562821
0.0562215
0.056182
0.0561474
0.0560963
0.0560292
0.0559681
0.0559316
0.0560586
0.0564364
0.0562489
0.0562115
0.0562124
0.0562422
0.0562777
0.0563051
0.0563146
0.0562887
0.0562714
0.0562363
0.0561812
0.0561317
0.0560977
0.0560689
0.0560292
0.0559752
0.0559235
0.0558882
0.0559895
0.0564251
0.0562602
0.0562085
0.0561843
0.0561937
0.056215
0.0562302
0.056232
0.0562067
0.0561884
0.0561671
0.0561257
0.0560802
0.0560395
0.0560047
0.0559681
0.0559235
0.0558849
0.0558625
0.0559493
0.0564664
0.0563218
0.0562621
0.0562239
0.0562175
0.0562246
0.056232
0.0562296
0.0562053
0.0561848
0.0561704
0.0561395
0.0560956
0.0560417
0.0559845
0.0559316
0.0558882
0.0558625
0.055857
0.05594
0.0566127
0.0564966
0.0564548
0.0564333
0.0564389
0.0564538
0.0564631
0.0564545
0.0564185
0.0563849
0.0563775
0.0563519
0.0563024
0.0562299
0.0561435
0.0560586
0.0559895
0.0559493
0.05594
0.0560095
)
;
    }
    fixedWalls
    {
        type            fixedFluxPressure;
        gradient        uniform 0;
        value           nonuniform List<scalar> 
800
(
-6.77748e-06
-0.000522382
-0.000714528
-0.000731229
-0.000638216
-0.000457341
-0.000153608
0.000313971
0.000889812
0.00141206
-0.000285784
-0.000762298
-0.000957755
-0.00102481
-0.0010001
-0.000887173
-0.000667062
-0.000290545
0.00024144
0.000940152
-0.000648969
-0.00104146
-0.00122143
-0.00130567
-0.00130894
-0.00124471
-0.00108578
-0.000774526
-0.000270641
0.000566647
-0.000840374
-0.00121047
-0.00140919
-0.00149995
-0.00153172
-0.00150549
-0.00139731
-0.00113995
-0.000652531
0.000278335
-0.000759705
-0.00113375
-0.00131977
-0.00158734
-0.00166547
-0.00167026
-0.00160315
-0.00138828
-0.000914949
7.40711e-05
-0.000467198
-0.000759604
-0.000977957
-0.0012802
-0.00175272
-0.00178012
-0.00174504
-0.00155912
-0.00109838
-7.28678e-05
-0.000201167
-0.000498384
-0.000796468
-0.00149012
-0.00181488
-0.00186577
-0.00184772
-0.0016842
-0.00123938
-0.000185151
-0.000221909
-0.000584037
-0.000834516
-0.00158583
-0.00186235
-0.00192789
-0.00192336
-0.00178221
-0.00136111
-0.000283629
-0.000223344
-0.000592725
-0.000830647
-0.00143743
-0.00188869
-0.00197033
-0.00197542
-0.00185685
-0.00147128
-0.00038373
-0.00023837
-0.000602092
-0.000826809
-0.0013069
-0.00188405
-0.00196959
-0.00197908
-0.0018768
-0.00152675
-0.000445382
-0.000261533
-0.000612429
-0.000807629
-0.00138262
-0.00186271
-0.00193491
-0.00193567
-0.00181846
-0.00144659
-0.000365488
-0.000280761
-0.000621697
-0.000828395
-0.00147639
-0.00183189
-0.00188911
-0.00187726
-0.00174093
-0.00134862
-0.000280099
-0.000313586
-0.000622225
-0.000861615
-0.00152161
-0.00179221
-0.00183404
-0.00180532
-0.00164809
-0.00123654
-0.000181858
-0.000329234
-0.000604944
-0.000811024
-0.00153821
-0.0017428
-0.0017682
-0.00171873
-0.0015383
-0.00110661
-6.42268e-05
-0.00057706
-0.000763251
-0.000805761
-0.00150666
-0.00168151
-0.00168579
-0.00161094
-0.00140328
-0.000949601
7.8493e-05
-0.000787577
-0.00104874
-0.00107581
-0.00154393
-0.00160659
-0.00157619
-0.00146758
-0.00122485
-0.000747701
0.000256669
-0.000858753
-0.00118876
-0.00138483
-0.00149371
-0.0014891
-0.00141636
-0.0012629
-0.00097168
-0.000470001
0.000489782
-0.000686457
-0.0010748
-0.00125889
-0.00132116
-0.00128185
-0.00116523
-0.000955043
-0.000600941
-7.1838e-05
0.000806257
-0.000284183
-0.000761201
-0.000970948
-0.0010258
-0.000956593
-0.000790841
-0.000514241
-8.67747e-05
0.000483516
0.00122596
8.62975e-05
-0.000397256
-0.000575319
-0.000580747
-0.00044885
-0.00020777
0.000155806
0.000671702
0.00126734
0.00180309
8.62975e-05
-0.000397256
-0.000575319
-0.000580747
-0.00044885
-0.00020777
0.000155806
0.000671702
0.00126734
0.00180309
2.55915e-05
-0.000440864
-0.000609999
-0.000622514
-0.000528105
-0.000359932
-9.9027e-05
0.000289969
0.000826705
0.00150487
-0.000178374
-0.000585975
-0.000737652
-0.000772518
-0.000725706
-0.000613454
-0.000414833
-8.96213e-05
0.000420528
0.00121825
-0.000455055
-0.000784841
-0.000917467
-0.000973786
-0.000963941
-0.000884067
-0.000718538
-0.00042541
8.39085e-05
0.00097345
-0.000677511
-0.000936425
-0.00104527
-0.00110136
-0.00110912
-0.00105899
-0.000925834
-0.000656722
-0.000153481
0.000793679
-0.00078245
-0.00100312
-0.00110517
-0.00116638
-0.00119315
-0.00116564
-0.00105546
-0.000805032
-0.000313895
0.000660671
-0.000745129
-0.000939764
-0.00111623
-0.00119386
-0.00123674
-0.00122434
-0.00112962
-0.000896462
-0.000421656
0.000562199
-0.000596229
-0.000715444
-0.00110915
-0.00120486
-0.0012552
-0.00124872
-0.00116173
-0.000943772
-0.000487387
0.000494745
-0.000414415
-0.000567735
-0.00108315
-0.00120321
-0.00124816
-0.00123494
-0.00114478
-0.000936031
-0.000498256
0.000472856
-0.000323374
-0.000575872
-0.00105482
-0.00117898
-0.00120893
-0.00118108
-0.00107902
-0.000865313
-0.000433322
0.000517284
-0.000294305
-0.000616117
-0.00102185
-0.00113604
-0.00115591
-0.00111896
-0.0010089
-0.000781668
-0.000342497
0.000594136
-0.000338501
-0.000622593
-0.000990793
-0.00109085
-0.00110193
-0.00105283
-0.000928948
-0.000676613
-0.000216142
0.000700097
-0.00044287
-0.00061879
-0.000975189
-0.00104754
-0.00104678
-0.000981464
-0.000836885
-0.000553465
-6.28881e-05
0.000824648
-0.000539559
-0.000662329
-0.000966309
-0.00101154
-0.000997876
-0.000916594
-0.000749713
-0.000436725
8.62837e-05
0.000959462
-0.000621144
-0.000737768
-0.000957678
-0.000983032
-0.000957658
-0.000863907
-0.000679012
-0.000344819
0.000206612
0.00109909
-0.000632945
-0.000828672
-0.000931124
-0.000948854
-0.000914854
-0.000811493
-0.000613262
-0.000267309
0.000304009
0.00124232
-0.000514794
-0.000769228
-0.000869268
-0.000885201
-0.000842321
-0.000726253
-0.000511791
-0.000156926
0.000423553
0.00140353
-0.000243514
-0.00058589
-0.00071258
-0.000742102
-0.000684713
-0.000544852
-0.000301714
7.14866e-05
0.000652846
0.00162292
0.000149679
-0.000305523
-0.000460862
-0.000482054
-0.000392364
-0.000209073
8.02441e-05
0.000497521
0.00107811
0.00191649
0.000476675
-2.06618e-05
-0.000153877
-0.000105587
4.83546e-05
0.000303394
0.000666932
0.00115185
0.00171615
0.00229512
-6.77748e-06
-0.000522382
-0.000714528
-0.000731229
-0.000638216
-0.000457341
-0.000153608
0.000313971
0.000889812
0.00141206
-0.000285784
-0.000762298
-0.000957755
-0.00102481
-0.0010001
-0.000887173
-0.000667062
-0.000290545
0.00024144
0.000940152
-0.000648969
-0.00104146
-0.00122143
-0.00130567
-0.00130894
-0.00124471
-0.00108578
-0.000774526
-0.000270641
0.000566647
-0.000840374
-0.00121047
-0.00140919
-0.00149995
-0.00153172
-0.00150549
-0.00139731
-0.00113995
-0.000652531
0.000278335
-0.000759705
-0.00113375
-0.00131977
-0.00158734
-0.00166547
-0.00167026
-0.00160315
-0.00138828
-0.000914949
7.40711e-05
-0.000467198
-0.000759604
-0.000977957
-0.0012802
-0.00175272
-0.00178012
-0.00174504
-0.00155912
-0.00109838
-7.28678e-05
-0.000201167
-0.000498384
-0.000796468
-0.00149012
-0.00181488
-0.00186577
-0.00184772
-0.0016842
-0.00123938
-0.000185151
-0.000221909
-0.000584037
-0.000834516
-0.00158583
-0.00186235
-0.00192789
-0.00192336
-0.00178221
-0.00136111
-0.000283629
-0.000223344
-0.000592725
-0.000830647
-0.00143743
-0.00188869
-0.00197033
-0.00197542
-0.00185685
-0.00147128
-0.00038373
-0.00023837
-0.000602092
-0.000826809
-0.0013069
-0.00188405
-0.00196959
-0.00197908
-0.0018768
-0.00152675
-0.000445382
-0.000261533
-0.000612429
-0.000807629
-0.00138262
-0.00186271
-0.00193491
-0.00193567
-0.00181846
-0.00144659
-0.000365488
-0.000280761
-0.000621697
-0.000828395
-0.00147639
-0.00183189
-0.00188911
-0.00187726
-0.00174093
-0.00134862
-0.000280099
-0.000313586
-0.000622225
-0.000861615
-0.00152161
-0.00179221
-0.00183404
-0.00180532
-0.00164809
-0.00123654
-0.000181858
-0.000329234
-0.000604944
-0.000811024
-0.00153821
-0.0017428
-0.0017682
-0.00171873
-0.0015383
-0.00110661
-6.42268e-05
-0.00057706
-0.000763251
-0.000805761
-0.00150666
-0.00168151
-0.00168579
-0.00161094
-0.00140328
-0.000949601
7.8493e-05
-0.000787577
-0.00104874
-0.00107581
-0.00154393
-0.00160659
-0.00157619
-0.00146758
-0.00122485
-0.000747701
0.000256669
-0.000858753
-0.00118876
-0.00138483
-0.00149371
-0.0014891
-0.00141636
-0.0012629
-0.00097168
-0.000470001
0.000489782
-0.000686457
-0.0010748
-0.00125889
-0.00132116
-0.00128185
-0.00116523
-0.000955043
-0.000600941
-7.1838e-05
0.000806257
-0.000284183
-0.000761201
-0.000970948
-0.0010258
-0.000956593
-0.000790841
-0.000514241
-8.67747e-05
0.000483516
0.00122596
8.62975e-05
-0.000397256
-0.000575319
-0.000580747
-0.00044885
-0.00020777
0.000155806
0.000671702
0.00126734
0.00180309
8.62975e-05
-0.000397256
-0.000575319
-0.000580747
-0.00044885
-0.00020777
0.000155806
0.000671702
0.00126734
0.00180309
2.55915e-05
-0.000440864
-0.000609999
-0.000622514
-0.000528105
-0.000359932
-9.9027e-05
0.000289969
0.000826705
0.00150487
-0.000178374
-0.000585975
-0.000737652
-0.000772518
-0.000725706
-0.000613454
-0.000414833
-8.96213e-05
0.000420528
0.00121825
-0.000455055
-0.000784841
-0.000917467
-0.000973786
-0.000963941
-0.000884067
-0.000718538
-0.00042541
8.39085e-05
0.00097345
-0.000677511
-0.000936425
-0.00104527
-0.00110136
-0.00110912
-0.00105899
-0.000925834
-0.000656722
-0.000153481
0.000793679
-0.00078245
-0.00100312
-0.00110517
-0.00116638
-0.00119315
-0.00116564
-0.00105546
-0.000805032
-0.000313895
0.000660671
-0.000745129
-0.000939764
-0.00111623
-0.00119386
-0.00123674
-0.00122434
-0.00112962
-0.000896462
-0.000421656
0.000562199
-0.000596229
-0.000715444
-0.00110915
-0.00120486
-0.0012552
-0.00124872
-0.00116173
-0.000943772
-0.000487387
0.000494745
-0.000414415
-0.000567735
-0.00108315
-0.00120321
-0.00124816
-0.00123494
-0.00114478
-0.000936031
-0.000498256
0.000472856
-0.000323374
-0.000575872
-0.00105482
-0.00117898
-0.00120893
-0.00118108
-0.00107902
-0.000865313
-0.000433322
0.000517284
-0.000294305
-0.000616117
-0.00102185
-0.00113604
-0.00115591
-0.00111896
-0.0010089
-0.000781668
-0.000342497
0.000594136
-0.000338501
-0.000622593
-0.000990793
-0.00109085
-0.00110193
-0.00105283
-0.000928948
-0.000676613
-0.000216142
0.000700097
-0.00044287
-0.00061879
-0.000975189
-0.00104754
-0.00104678
-0.000981464
-0.000836885
-0.000553465
-6.28881e-05
0.000824648
-0.000539559
-0.000662329
-0.000966309
-0.00101154
-0.000997876
-0.000916594
-0.000749713
-0.000436725
8.62837e-05
0.000959462
-0.000621144
-0.000737768
-0.000957678
-0.000983032
-0.000957658
-0.000863907
-0.000679012
-0.000344819
0.000206612
0.00109909
-0.000632945
-0.000828672
-0.000931124
-0.000948854
-0.000914854
-0.000811493
-0.000613262
-0.000267309
0.000304009
0.00124232
-0.000514794
-0.000769228
-0.000869268
-0.000885201
-0.000842321
-0.000726253
-0.000511791
-0.000156926
0.000423553
0.00140353
-0.000243514
-0.00058589
-0.00071258
-0.000742102
-0.000684713
-0.000544852
-0.000301714
7.14866e-05
0.000652846
0.00162292
0.000149679
-0.000305523
-0.000460862
-0.000482054
-0.000392364
-0.000209073
8.02441e-05
0.000497521
0.00107811
0.00191649
0.000476675
-2.06618e-05
-0.000153877
-0.000105587
4.83546e-05
0.000303394
0.000666932
0.00115185
0.00171615
0.00229512
)
;
    }
}


// ************************************************************************* //
