/*--------------------------------*- C++ -*----------------------------------*\
  =========                 |
  \\      /  F ield         | OpenFOAM: The Open Source CFD Toolbox
   \\    /   O peration     | Website:  https://openfoam.org
    \\  /    A nd           | Version:  8
     \\/     M anipulation  |
\*---------------------------------------------------------------------------*/
FoamFile
{
    version     2.0;
    format      ascii;
    class       volScalarField;
    location    "1000";
    object      alphat;
}
// * * * * * * * * * * * * * * * * * * * * * * * * * * * * * * * * * * * * * //

dimensions      [1 -1 -1 0 0 0 0];

internalField   nonuniform List<scalar> 
4000
(
0.000384412
0.000378793
0.000368912
0.000355562
0.000340228
0.000321244
0.00028637
0.000205625
0.000149714
0.000134814
0.00012837
0.000127051
0.000128099
0.000134967
0.000233582
0.000292655
0.000314041
0.000326037
0.000337876
0.000348637
0.000400803
0.00039506
0.00037917
0.000354693
0.000321673
0.000293769
0.000264917
0.000218829
0.000186835
0.000163355
0.000151129
0.000145032
0.000143797
0.000169533
0.000219775
0.000269901
0.000295162
0.000322055
0.000348384
0.000364893
0.000410234
0.000408272
0.000393176
0.000367419
0.000329279
0.000284018
0.000252116
0.000225148
0.000203088
0.000181492
0.000165255
0.000159675
0.000164967
0.000182094
0.000207609
0.00024483
0.000288528
0.000329648
0.000360569
0.000373999
0.000415598
0.000418428
0.000408452
0.000390397
0.000367058
0.000341489
0.000316941
0.000293683
0.000268577
0.00024271
0.000239756
0.000244964
0.000257757
0.000274894
0.000289964
0.000308573
0.000330465
0.000353588
0.000372491
0.000378902
0.000419621
0.000427637
0.000425305
0.000417017
0.00040551
0.000391906
0.000377252
0.000361794
0.000344144
0.000327643
0.000330183
0.000335279
0.000341109
0.00034725
0.000353565
0.000360812
0.00036949
0.000378673
0.000385176
0.00038278
0.000423442
0.00043682
0.00044153
0.00044101
0.000437566
0.00043139
0.000422529
0.000411115
0.000397369
0.000382994
0.000383961
0.000387104
0.000390336
0.000393133
0.000395361
0.000397031
0.000398049
0.000398238
0.000395696
0.000385655
0.000427475
0.000446333
0.000457424
0.000463208
0.000465517
0.00046432
0.000459418
0.000450935
0.000439239
0.000425489
0.000424983
0.000426657
0.000428011
0.000428302
0.000427149
0.00042444
0.000420029
0.000413904
0.00040453
0.000387861
0.000432236
0.000457223
0.000474409
0.000485927
0.000493176
0.000495934
0.000493828
0.000487108
0.000476504
0.000462193
0.000460159
0.000460408
0.000459941
0.000457899
0.000453917
0.000447754
0.000439103
0.000427981
0.000412904
0.000390086
0.000438498
0.000469908
0.000493285
0.000509873
0.000521362
0.000527743
0.000528548
0.000524216
0.000515158
0.000499337
0.000495032
0.000493059
0.000490247
0.00048569
0.000479003
0.000469924
0.000457992
0.000442948
0.000422738
0.000393663
0.000446758
0.000480849
0.000506828
0.000524941
0.000537977
0.000546917
0.000552108
0.000553491
0.00055066
0.000538397
0.000529369
0.000521934
0.000514126
0.000505492
0.000495771
0.000484602
0.000471335
0.00045477
0.000431812
0.000399277
0.000378793
0.0003837
0.000377802
0.000365001
0.000348697
0.000328422
0.000295545
0.000235075
0.000171406
0.000156819
0.000150297
0.000146869
0.000145891
0.000172148
0.000259334
0.000306224
0.000328054
0.000342505
0.000354327
0.00035374
0.00039506
0.000531893
0.000557574
0.000528303
0.000473064
0.000406753
0.000344242
0.000294913
0.000294148
0.000329098
0.000379931
0.000389268
0.000307443
0.000249359
0.000292114
0.000360677
0.000419782
0.000471261
0.00049669
0.000371199
0.000408272
0.000595538
0.000641335
0.000607799
0.000524309
0.000435524
0.000374144
0.000336302
0.000322952
0.000335414
0.000366926
0.000373714
0.000306232
0.000271415
0.000297692
0.000351285
0.00042729
0.00052766
0.000573284
0.000381446
0.000418428
0.000646013
0.000714371
0.000688664
0.000584543
0.00046596
0.000399393
0.000352924
0.000318747
0.000301672
0.000301325
0.00029908
0.000287234
0.000290906
0.000319952
0.000371399
0.000461979
0.000589157
0.000631541
0.000387385
0.000427637
0.000686842
0.00077644
0.000774076
0.000694252
0.000571888
0.000460736
0.000396039
0.000351614
0.000327546
0.000327191
0.00033282
0.000341048
0.000358388
0.000390613
0.000459934
0.000565959
0.000660305
0.000661622
0.000391887
0.00043682
0.000714903
0.000821201
0.000853978
0.000838437
0.000772345
0.000667003
0.000547348
0.000465329
0.000428941
0.000435491
0.000452682
0.000475258
0.000511673
0.000576313
0.000647533
0.000700652
0.000723169
0.000671059
0.000395684
0.000446333
0.000730253
0.000845313
0.000911411
0.000957241
0.000969122
0.000941501
0.000877106
0.000784156
0.000708999
0.000727005
0.000769189
0.000811773
0.000844402
0.000851936
0.000839499
0.000806832
0.000756648
0.000665206
0.000399674
0.000457223
0.00072403
0.000837941
0.000914904
0.000969301
0.000992294
0.000982788
0.000946747
0.000906895
0.000886455
0.000886207
0.000900636
0.000913186
0.000917145
0.000906363
0.000875623
0.000820687
0.00074777
0.000645813
0.000405195
0.000469908
0.00068291
0.000798275
0.00088901
0.000954814
0.000991236
0.000992538
0.0009632
0.000923064
0.000882844
0.000869338
0.00087714
0.000884826
0.000882671
0.000864511
0.000827982
0.000768424
0.000691904
0.000600643
0.000412427
0.000480849
0.000518777
0.000548185
0.000569657
0.000585921
0.000597734
0.000605146
0.000607799
0.000604718
0.000590972
0.000578305
0.000567867
0.00055689
0.000544965
0.000531939
0.000517501
0.000500994
0.000481264
0.000455035
0.000418903
0.000368912
0.000377802
0.000374635
0.0003635
0.000347877
0.000326716
0.000291662
0.000230359
0.000177726
0.000170102
0.000164683
0.000159876
0.000156764
0.000187864
0.000269919
0.000314245
0.000336241
0.00035137
0.000361604
0.000355108
0.00037917
0.000557574
0.000612962
0.000597116
0.000532358
0.000446421
0.000371507
0.000327656
0.000353308
0.000425747
0.000505953
0.000524342
0.00039555
0.000298227
0.000333846
0.000414999
0.000495902
0.000551335
0.000556102
0.00037228
0.000393176
0.000641335
0.000726188
0.000711663
0.000628181
0.000522937
0.000440768
0.000402217
0.000408125
0.000458759
0.00053869
0.000565642
0.000426612
0.000336734
0.000355247
0.000428366
0.000532777
0.000647027
0.000660957
0.000383072
0.000408452
0.000714371
0.000824044
0.000809867
0.000694158
0.000561375
0.00047346
0.000423475
0.000401439
0.000414869
0.00045262
0.000455327
0.000384341
0.000333527
0.000354061
0.000419176
0.000547705
0.000733711
0.000745001
0.000389807
0.000425305
0.00077644
0.000906083
0.000902124
0.000781824
0.000621742
0.000502427
0.00043028
0.000388452
0.000378822
0.000386742
0.000382817
0.000359588
0.000350298
0.000377522
0.000454522
0.000608134
0.000807991
0.000798366
0.000395218
0.00044153
0.000821201
0.000967133
0.000986932
0.000896725
0.000747784
0.000616787
0.000513698
0.000448533
0.000426895
0.000431126
0.000434442
0.000434053
0.000448088
0.000494349
0.000580287
0.000722483
0.000860675
0.000815987
0.000400811
0.000457424
0.000845313
0.00100697
0.00106523
0.00103709
0.000934422
0.000829851
0.000736548
0.000662012
0.000623694
0.000632072
0.000648264
0.000661273
0.000679517
0.000710274
0.000763974
0.000847286
0.000889737
0.00079802
0.000408132
0.000474409
0.000837941
0.00102756
0.00114305
0.00119933
0.00119156
0.00113143
0.00104272
0.000952059
0.000901266
0.00091927
0.00095081
0.000971417
0.000984149
0.000994069
0.00100452
0.000976745
0.000897689
0.00075944
0.000417417
0.000493285
0.000798275
0.00102825
0.00122198
0.00134342
0.00140719
0.00140597
0.00132846
0.00122803
0.00114729
0.00116285
0.0012027
0.00123186
0.00123694
0.00120817
0.00114931
0.00104349
0.000884032
0.000700791
0.000428603
0.000506828
0.000548185
0.000580288
0.000604538
0.000623491
0.000637683
0.000647101
0.000651309
0.000648504
0.000633251
0.000617278
0.000604175
0.000590486
0.000575911
0.000560411
0.000543628
0.000524801
0.000502894
0.000474683
0.000436556
0.000355562
0.000365001
0.0003635
0.000353969
0.000338987
0.000315018
0.000272067
0.000209189
0.000183245
0.000181279
0.000177369
0.000170209
0.000164208
0.000188755
0.000269454
0.000315665
0.00033816
0.000352905
0.000361018
0.000351503
0.000354693
0.000528303
0.000597116
0.000589725
0.000516538
0.000433542
0.000369039
0.000355829
0.000413794
0.000524066
0.000623354
0.000625868
0.000460894
0.000336577
0.000357203
0.000442423
0.000533288
0.000587836
0.000572153
0.000366397
0.000367419
0.000607799
0.000711663
0.0007239
0.000647743
0.000543088
0.000469967
0.000451436
0.000488291
0.000587166
0.00070891
0.000721757
0.000519012
0.000391287
0.000400764
0.000486442
0.000605748
0.000707248
0.000688491
0.000377629
0.000390397
0.000688664
0.000809867
0.000819672
0.000732073
0.000616139
0.000533672
0.000495014
0.000499279
0.000566659
0.000661729
0.000665977
0.000507147
0.000395282
0.000404064
0.000485447
0.000636707
0.00080855
0.000787045
0.000386112
0.000417017
0.000774076
0.000902124
0.000910106
0.000814503
0.000677773
0.000571768
0.000508304
0.000489959
0.000533607
0.000591361
0.000575379
0.000473951
0.000396312
0.000404556
0.00048825
0.000671477
0.000889884
0.000859979
0.00039401
0.00044101
0.000853978
0.000986932
0.000998262
0.00091281
0.000774758
0.000655587
0.000573222
0.000542532
0.000572912
0.000606639
0.000583203
0.000514869
0.000465931
0.000476214
0.000556657
0.000735007
0.000944794
0.000896285
0.000402647
0.000463208
0.000911411
0.00106523
0.00111098
0.0010672
0.000962372
0.000862323
0.000788088
0.000753163
0.000763464
0.000785176
0.000768407
0.000722011
0.000682476
0.000677383
0.000727737
0.000853642
0.000969775
0.000884041
0.000413061
0.000485927
0.000914904
0.00114305
0.00129547
0.00131441
0.00127048
0.00120594
0.00113124
0.00105789
0.00101775
0.00103307
0.00104311
0.00103355
0.00101749
0.00100856
0.00101974
0.00105231
0.000999826
0.000834131
0.000425513
0.000509873
0.00088901
0.00122198
0.00148712
0.00157051
0.0015778
0.00153931
0.00145606
0.00134998
0.00126303
0.00127131
0.00130898
0.00133963
0.00134906
0.00133493
0.00130085
0.00124577
0.00104015
0.000773945
0.000439913
0.000524941
0.000569657
0.000604538
0.000631796
0.000654199
0.000671369
0.000683492
0.000690241
0.000689941
0.000675182
0.000653446
0.00063603
0.000619067
0.000601816
0.000583894
0.000564656
0.000543181
0.00051903
0.000488687
0.000448476
0.000340228
0.000348697
0.000347877
0.000338987
0.000321581
0.0002899
0.000236153
0.000193064
0.000190053
0.000193257
0.000190688
0.00017893
0.000168801
0.000182299
0.000259036
0.000310753
0.000334611
0.00034841
0.000354433
0.000343108
0.000321673
0.000473064
0.000532358
0.000516538
0.000457763
0.000396197
0.000364327
0.000398029
0.000496645
0.000640199
0.000729412
0.000681621
0.000500022
0.000368413
0.000366355
0.000444976
0.000536789
0.000592523
0.000563462
0.000353121
0.000329279
0.000524309
0.000628181
0.000647743
0.000589669
0.000517553
0.000482417
0.000500513
0.000585127
0.000747976
0.000878913
0.0008164
0.000574145
0.000432774
0.000432414
0.000517383
0.000637804
0.000723966
0.000684878
0.000364565
0.000367058
0.000584543
0.000694158
0.000732073
0.00068755
0.000614562
0.000565972
0.000558348
0.000618692
0.000766146
0.000886279
0.00083105
0.000592532
0.00045021
0.000451773
0.0005407
0.00069268
0.000833088
0.000795583
0.000375924
0.00040551
0.000694252
0.000781824
0.000814503
0.000772506
0.000691244
0.000623035
0.000593316
0.000641958
0.000777227
0.000872591
0.00081032
0.000600946
0.000462093
0.000453397
0.000541824
0.000725203
0.000919994
0.000888359
0.000388038
0.000437566
0.000838437
0.000896725
0.00091281
0.000872726
0.00079076
0.000714298
0.000679441
0.000730766
0.000849756
0.000913416
0.000841666
0.000672541
0.000540689
0.000509343
0.000577588
0.000761549
0.000981711
0.000946907
0.000400349
0.000465517
0.000957241
0.00103709
0.0010672
0.00105028
0.00099268
0.000935212
0.000909887
0.00094161
0.00101107
0.00104036
0.000978779
0.000863929
0.00076295
0.000714849
0.000740775
0.000867555
0.00101167
0.000936594
0.000413831
0.000493176
0.000969301
0.00119933
0.00131441
0.00133699
0.0013208
0.00128413
0.00123241
0.00117847
0.00115188
0.00115174
0.00113661
0.00110196
0.00106827
0.00104266
0.00103763
0.00107288
0.00105246
0.000876417
0.000428724
0.000521362
0.000954814
0.00134342
0.00157051
0.00164511
0.0016608
0.00161759
0.00152773
0.00142422
0.00133651
0.0013222
0.00134828
0.00138639
0.00140931
0.00140336
0.0013661
0.00130633
0.00112213
0.000814826
0.000445892
0.000537977
0.000585921
0.000623491
0.000654199
0.000679927
0.000700372
0.000716372
0.000727849
0.000732678
0.000719578
0.000689873
0.000665931
0.000644279
0.000623663
0.000603136
0.000581625
0.000557749
0.00053077
0.000498186
0.000455887
0.000321244
0.000328422
0.000326716
0.000315018
0.0002899
0.000245751
0.000201539
0.000192798
0.000199664
0.000209138
0.000206389
0.000185821
0.00017131
0.000175257
0.000239322
0.000299491
0.000326467
0.000339322
0.000343516
0.000331084
0.000293769
0.000406753
0.000446421
0.000433542
0.000396197
0.000368988
0.000387338
0.000458852
0.000602582
0.000756434
0.000804955
0.00068116
0.000510643
0.000394615
0.000368258
0.000428476
0.000512642
0.000571071
0.000536582
0.000334305
0.000284018
0.000435524
0.000522937
0.000543088
0.000517553
0.000494686
0.00050501
0.000567305
0.000720822
0.000913229
0.000992164
0.000832652
0.000592176
0.000459351
0.000449729
0.000520868
0.000629701
0.000703706
0.000654774
0.000346836
0.000341489
0.00046596
0.000561375
0.000616139
0.000614562
0.000593836
0.000589854
0.000637365
0.000786139
0.000969794
0.0010404
0.000889072
0.000634033
0.000488736
0.000485533
0.000568584
0.000703756
0.000815933
0.000774665
0.000363224
0.000391906
0.000571888
0.000621742
0.000677773
0.000691244
0.000671415
0.00065629
0.000698002
0.000844958
0.00101559
0.00106702
0.000925131
0.000683642
0.000519848
0.000499776
0.000584014
0.000748174
0.000910431
0.000890395
0.000380015
0.00043139
0.000772345
0.000747784
0.000774758
0.00079076
0.000776289
0.000765588
0.000817006
0.000952286
0.00109976
0.00111305
0.000989397
0.000791329
0.000622016
0.000561992
0.00061446
0.00077869
0.000981609
0.000977709
0.000395154
0.00046432
0.000969122
0.000934422
0.000962372
0.00099268
0.000997586
0.00100397
0.00104686
0.00113246
0.00122287
0.00118661
0.0010948
0.000965943
0.000841045
0.000767829
0.000768519
0.000878054
0.00102948
0.000967943
0.000410748
0.000495934
0.000992294
0.00119156
0.00127048
0.0013208
0.00134429
0.00134139
0.00131506
0.00129442
0.0012807
0.00121624
0.00117622
0.00113448
0.00109708
0.00106781
0.00104966
0.0010731
0.00107546
0.000894538
0.00042716
0.000527743
0.000991236
0.00140719
0.0015778
0.0016608
0.00167537
0.0016301
0.00155728
0.00149423
0.00142069
0.00135229
0.00133293
0.0013655
0.00140533
0.00141699
0.00138537
0.00131724
0.00115512
0.000826254
0.000446487
0.000546917
0.000597734
0.000637683
0.000671369
0.000700372
0.000725134
0.000747155
0.00076664
0.000780523
0.00077059
0.000729694
0.000695529
0.000666763
0.000641402
0.000617519
0.000593365
0.000567139
0.000537764
0.000503257
0.000459234
0.00028637
0.000295545
0.000291662
0.000272067
0.000236153
0.000201539
0.000193287
0.000198846
0.000213313
0.000229333
0.000220364
0.000189611
0.000174711
0.00017423
0.000214384
0.00028097
0.000314355
0.000327245
0.000329464
0.000316262
0.000264917
0.000344242
0.000371507
0.000369039
0.000364327
0.000387338
0.000441366
0.000551657
0.000699959
0.000814994
0.000802723
0.000633507
0.000490585
0.000410471
0.000372982
0.00040338
0.000469355
0.000523439
0.000492555
0.000309847
0.000252116
0.000374144
0.000440768
0.000469967
0.000482417
0.00050501
0.000557395
0.000673585
0.00085173
0.000992144
0.00097067
0.000786365
0.000585976
0.00047368
0.000456447
0.000504525
0.000587767
0.000643976
0.000591141
0.000323901
0.000316941
0.000399393
0.00047346
0.000533672
0.000565972
0.000589854
0.000640103
0.000765274
0.000949375
0.00110674
0.00104235
0.000852208
0.000644949
0.000512892
0.000502788
0.00056806
0.000671874
0.000751685
0.000709254
0.000349018
0.000377252
0.000460736
0.000502427
0.000571768
0.000623035
0.00065629
0.000714544
0.000846533
0.00105217
0.001242
0.00112285
0.00090996
0.00072035
0.000563664
0.000533088
0.000601852
0.000733757
0.000861503
0.000853604
0.000370355
0.000422529
0.000667003
0.000616787
0.000655587
0.000714298
0.000765588
0.000843788
0.000973636
0.00120675
0.00139589
0.00119352
0.000986861
0.000843784
0.000685697
0.000610181
0.000643188
0.000776028
0.000951178
0.000985083
0.000387859
0.000459418
0.000941501
0.000829851
0.000862323
0.000935212
0.00100397
0.00108239
0.00119022
0.00140634
0.00150681
0.00126719
0.00107132
0.00100347
0.000894185
0.000811667
0.000792967
0.000873966
0.00102101
0.000989318
0.000404496
0.000493828
0.000982788
0.00113143
0.00120594
0.00128413
0.00134139
0.00137086
0.00141591
0.00154345
0.00154883
0.00133429
0.00117148
0.00112097
0.00108925
0.00106552
0.00104337
0.00105509
0.00107607
0.000896784
0.000421206
0.000528548
0.000992538
0.00140597
0.00153931
0.00161759
0.0016301
0.00160857
0.00160922
0.00164563
0.00159553
0.00143666
0.00130866
0.001302
0.00134766
0.00137783
0.00135824
0.00128853
0.00115058
0.000810374
0.000441679
0.000552108
0.000605146
0.000647101
0.000683492
0.000716372
0.000747155
0.000778192
0.00081011
0.000837991
0.000831898
0.00077679
0.000727161
0.000687905
0.000655869
0.000627542
0.000600119
0.000571286
0.000539834
0.000503856
0.000458758
0.000205625
0.000235075
0.000230359
0.000209189
0.000193064
0.000192798
0.000198846
0.000211212
0.000231742
0.000242461
0.00021766
0.000193777
0.00018249
0.000180201
0.000195308
0.000254388
0.000298148
0.000313508
0.000314185
0.000300392
0.000218829
0.000294913
0.000327656
0.000355829
0.000398029
0.000458852
0.000551657
0.000655299
0.000748767
0.000827367
0.000738326
0.000552229
0.000452647
0.000412065
0.00038518
0.000383116
0.000421439
0.000462019
0.000440836
0.000279874
0.000225148
0.000336302
0.000402217
0.000451436
0.000500513
0.000567305
0.000673585
0.000801914
0.000966866
0.00112985
0.000941525
0.000700674
0.000571376
0.000483563
0.000458162
0.000479802
0.000528341
0.000559527
0.000499167
0.000298121
0.000293683
0.000352924
0.000423475
0.000495014
0.000558348
0.000637365
0.000765274
0.00092294
0.00120582
0.00139319
0.00107665
0.000769133
0.000640961
0.0005316
0.000507441
0.0005462
0.00060874
0.000643866
0.00059292
0.000333212
0.000361794
0.000396039
0.00043028
0.000508304
0.000593316
0.000698002
0.000846533
0.00105947
0.00148067
0.00161278
0.00122972
0.000857531
0.000720281
0.000598604
0.000552457
0.000594444
0.000683016
0.000764069
0.000769491
0.000359444
0.000411115
0.000547348
0.000513698
0.000573222
0.000679441
0.000817006
0.000973636
0.00125694
0.00174127
0.00179135
0.0013805
0.000975931
0.000833082
0.000728637
0.000644642
0.00065313
0.000746387
0.000882366
0.000960559
0.000379057
0.000450935
0.000877106
0.000736548
0.000788088
0.000909887
0.00104686
0.00119022
0.00151105
0.00192547
0.00188273
0.00149802
0.00109848
0.000971482
0.000917961
0.000836476
0.00080261
0.000850155
0.000976834
0.00100398
0.000395882
0.000487108
0.000946747
0.00104272
0.00113124
0.00123241
0.00131506
0.00141591
0.00167915
0.001951
0.00188392
0.00157543
0.00120379
0.00107369
0.00104926
0.00103297
0.00101557
0.00102092
0.00104769
0.000891448
0.000411711
0.000524216
0.0009632
0.00132846
0.00145606
0.00152773
0.00155728
0.00160922
0.00174888
0.00190263
0.00183558
0.00161115
0.00131787
0.00123007
0.00126431
0.00130382
0.00129491
0.00122792
0.00111126
0.000772045
0.000431972
0.000553491
0.000607799
0.000651309
0.000690241
0.000727849
0.00076664
0.00081011
0.00085904
0.000904015
0.000897223
0.000830743
0.000760602
0.000707358
0.000666796
0.000632988
0.000601682
0.000569952
0.000536652
0.000499758
0.000454433
0.000149714
0.000171406
0.000177726
0.000183245
0.000190053
0.000199664
0.000213313
0.000231742
0.0002462
0.000257606
0.000226566
0.000209924
0.000200566
0.000192931
0.000193559
0.000226022
0.000276218
0.000297712
0.000298673
0.00028551
0.000186835
0.000294148
0.000353308
0.000413794
0.000496645
0.000602582
0.000699959
0.000748767
0.000821521
0.000756582
0.000603505
0.000492413
0.000432503
0.00041539
0.000395966
0.000376832
0.00038156
0.000404227
0.000388975
0.000251272
0.000203088
0.000322952
0.000408125
0.000488291
0.000585127
0.000720822
0.00085173
0.000966866
0.00115673
0.00108346
0.000860749
0.000675113
0.000556486
0.000497905
0.000460539
0.000455977
0.000470006
0.000476442
0.000420449
0.000274325
0.000268577
0.000318747
0.000401439
0.000499279
0.000618692
0.000786139
0.000949375
0.00120582
0.00148402
0.00131564
0.00108753
0.000830296
0.000639088
0.000553673
0.000506936
0.000513818
0.000536374
0.000534096
0.000476788
0.000318439
0.000344144
0.000351614
0.000388452
0.000489959
0.000641958
0.000844958
0.00105217
0.00148067
0.00176306
0.00148948
0.00129743
0.000974162
0.000720504
0.000628459
0.000561618
0.00056866
0.00061125
0.000646065
0.000655081
0.000348486
0.000397369
0.000465329
0.000448533
0.000542532
0.000730766
0.000952286
0.00120675
0.00174127
0.00195121
0.00162588
0.0014877
0.00110399
0.000818609
0.000751505
0.000662915
0.000643466
0.000694678
0.000792579
0.000913338
0.000369719
0.000439239
0.000784156
0.000662012
0.000753163
0.00094161
0.00113246
0.00140634
0.00192547
0.00204726
0.00172953
0.00164337
0.00120658
0.000933821
0.000913533
0.000841915
0.000794539
0.000811076
0.000910127
0.00101049
0.000386115
0.000476504
0.000906895
0.000952059
0.00105789
0.00117847
0.00129442
0.00154345
0.001951
0.00207531
0.00180642
0.001755
0.0012754
0.0010292
0.00101091
0.000994128
0.000979117
0.000978632
0.0010038
0.00088649
0.000400429
0.000515158
0.000923064
0.00122803
0.00134998
0.00142422
0.00149423
0.00164563
0.00190263
0.00205019
0.00186147
0.0017739
0.00134565
0.00117703
0.00119582
0.00122968
0.00121897
0.00115164
0.00103713
0.000728331
0.000419417
0.00055066
0.000604718
0.000648504
0.000689941
0.000732678
0.000780523
0.000837991
0.000904015
0.000958393
0.000931471
0.000879225
0.000789398
0.000721315
0.000671984
0.000632578
0.00059728
0.000562664
0.000527873
0.000490797
0.000446117
0.000134814
0.000156819
0.000170102
0.000181279
0.000193257
0.000209138
0.000229333
0.000242461
0.000257606
0.000667496
0.000693065
0.000271835
0.000254135
0.000231851
0.000210377
0.000212739
0.00025189
0.000277636
0.000280559
0.000265951
0.000163355
0.000329098
0.000425747
0.000524066
0.000640199
0.000756434
0.000814994
0.000827367
0.000756582
0.000650842
0.000713828
0.000572109
0.00046273
0.000428524
0.000407306
0.00037926
0.000354925
0.00035647
0.00034525
0.000237833
0.000181492
0.000335414
0.000458759
0.000587166
0.000747976
0.000913229
0.000992144
0.00112985
0.00108346
0.000799893
0.000928122
0.000794582
0.000572723
0.00050947
0.000464584
0.000436639
0.000422127
0.000410779
0.000370274
0.00025495
0.00024271
0.000301672
0.000414869
0.000566659
0.000766146
0.000969794
0.00110674
0.00139319
0.00131564
0.000916172
0.00114201
0.000935437
0.000655597
0.000571074
0.000506237
0.000480918
0.000472539
0.000455302
0.000422453
0.000308636
0.000327643
0.000327546
0.000378822
0.000533607
0.000777227
0.00101559
0.001242
0.00161278
0.00148948
0.00103071
0.00134659
0.00103448
0.000727982
0.00064477
0.00056404
0.00053615
0.000541444
0.000551501
0.000567031
0.00034011
0.000382994
0.000428941
0.000426895
0.000572912
0.000849756
0.00109976
0.00139589
0.00179135
0.00162588
0.00115321
0.00153368
0.00111308
0.000805647
0.000750879
0.00066616
0.000622036
0.000637257
0.000710948
0.000868013
0.000361947
0.000425489
0.000708999
0.000623694
0.000763464
0.00101107
0.00122287
0.00150681
0.00188273
0.00172953
0.00128234
0.00168934
0.0011781
0.00090784
0.000896198
0.0008339
0.000777084
0.000767825
0.000847564
0.00101257
0.000377628
0.000462193
0.000886455
0.000901266
0.00101775
0.00115188
0.0012807
0.00154883
0.00188392
0.00180642
0.00141357
0.00179676
0.0012323
0.00102076
0.00100829
0.000983484
0.00095822
0.000944748
0.00096502
0.000893731
0.00038993
0.000499337
0.000882844
0.00114729
0.00126303
0.00133651
0.00142069
0.00159553
0.00183558
0.00186147
0.00155295
0.00180263
0.00130562
0.00116242
0.00119021
0.00120148
0.00116981
0.00109454
0.000983984
0.000706258
0.000406619
0.000538397
0.000590972
0.000633251
0.000675182
0.000719578
0.00077059
0.000831898
0.000897223
0.000931471
0.000835761
0.000883899
0.000789898
0.000717325
0.000665447
0.000623618
0.000586087
0.000549788
0.000514324
0.000478081
0.000434391
0.00012837
0.000150297
0.000164683
0.000177369
0.000190688
0.000206389
0.000220364
0.00021766
0.000226566
0.000693065
0.00081343
0.000300085
0.000292344
0.000281439
0.000266058
0.000245544
0.000239209
0.000255847
0.000257907
0.000243932
0.000151129
0.000379931
0.000505953
0.000623354
0.000729412
0.000804955
0.000802723
0.000738326
0.000603505
0.000713828
0.000752658
0.000583563
0.000521983
0.000471677
0.000426986
0.000385733
0.000347638
0.000327134
0.000308984
0.000227941
0.000165255
0.000366926
0.00053869
0.00070891
0.000878913
0.000992164
0.00097067
0.000941525
0.000860749
0.000928122
0.000911007
0.00073366
0.000614945
0.000539962
0.000470996
0.000423645
0.000389189
0.000365365
0.000338495
0.000248519
0.000239756
0.000301325
0.00045262
0.000661729
0.000886279
0.0010404
0.00104235
0.00107665
0.00108753
0.00114201
0.00104736
0.000819953
0.000684321
0.000591943
0.000508253
0.000456298
0.000425243
0.000403727
0.00039454
0.000305955
0.000330183
0.000327191
0.000386742
0.000591361
0.000872591
0.00106702
0.00112285
0.00122972
0.00129743
0.00134659
0.00115697
0.000873489
0.000750963
0.000656444
0.000565734
0.000509954
0.000489108
0.000494896
0.000536128
0.000337911
0.000383961
0.000435491
0.000431126
0.000606639
0.000913416
0.00111305
0.00119352
0.0013805
0.0014877
0.00153368
0.00125096
0.000919859
0.000831852
0.000750618
0.000663122
0.000601614
0.000591406
0.00065758
0.000845476
0.000359989
0.000424983
0.000727005
0.000632072
0.000785176
0.00104036
0.00118661
0.00126719
0.00149802
0.00164337
0.00168934
0.00133833
0.000988572
0.000952192
0.000898377
0.00082599
0.000761323
0.000735447
0.000807809
0.0010172
0.000375595
0.000460159
0.000886207
0.00091927
0.00103307
0.00115174
0.00121624
0.00133429
0.00157543
0.001755
0.00179676
0.00143007
0.00111796
0.00108795
0.00105372
0.00100699
0.000961395
0.000932305
0.000949236
0.000902822
0.000386023
0.000495032
0.000869338
0.00116285
0.00127131
0.0013222
0.00135229
0.00143666
0.00161115
0.0017739
0.00180263
0.00149012
0.00124911
0.00125706
0.00126638
0.00123507
0.00117447
0.00108712
0.000978904
0.000707744
0.000400599
0.000529369
0.000578305
0.000617278
0.000653446
0.000689873
0.000729694
0.00077679
0.000830743
0.000879225
0.000883899
0.000807299
0.000734845
0.000682639
0.000640197
0.000602279
0.000566849
0.000532447
0.000499146
0.000465147
0.00042472
0.000127051
0.000146869
0.000159876
0.000170209
0.00017893
0.000185821
0.000189611
0.000193777
0.000209924
0.000271835
0.000300085
0.00030881
0.00031054
0.000308277
0.000302978
0.000294679
0.000283413
0.00026819
0.000252345
0.000231355
0.000145032
0.000389268
0.000524342
0.000625868
0.000681621
0.00068116
0.000633507
0.000552229
0.000492413
0.000572109
0.000583563
0.000600375
0.000594183
0.000559212
0.000513271
0.000455188
0.000390024
0.00033912
0.000290295
0.000222836
0.000159675
0.000373714
0.000565642
0.000721757
0.0008164
0.000832652
0.000786365
0.000700674
0.000675113
0.000794582
0.00073366
0.000704387
0.000692601
0.000630276
0.000543282
0.000455079
0.000390116
0.000348137
0.000318768
0.000254242
0.000244964
0.00029908
0.000455327
0.000665977
0.00083105
0.000889072
0.000852208
0.000769133
0.000830296
0.000935437
0.000819953
0.000769322
0.00075146
0.00067357
0.000560296
0.000466391
0.000409457
0.000381257
0.000383025
0.000309297
0.000335279
0.00033282
0.000382817
0.000575379
0.00081032
0.000925131
0.00090996
0.000857531
0.000974162
0.00103448
0.000873489
0.000821868
0.000801599
0.000723099
0.000604852
0.000513182
0.000468965
0.000475394
0.000542403
0.000340265
0.000387104
0.000452682
0.000434442
0.000583203
0.000841666
0.000989397
0.000986861
0.000975931
0.00110399
0.00111308
0.000919859
0.00088717
0.000871852
0.000803
0.00069459
0.000604541
0.00057346
0.00064208
0.000870335
0.000362066
0.000426657
0.000769189
0.000648264
0.000768407
0.000978779
0.0010948
0.00107132
0.00109848
0.00120658
0.0011781
0.000988572
0.000998318
0.00100096
0.000949201
0.000856629
0.000766823
0.000726736
0.000802697
0.0010363
0.000377561
0.000460408
0.000900636
0.00095081
0.00104311
0.00113661
0.00117622
0.00117148
0.00120379
0.0012754
0.0012323
0.00111796
0.00115529
0.00115965
0.0011311
0.00106642
0.000989024
0.000942982
0.000962631
0.0009304
0.000386672
0.000493059
0.00087714
0.0012027
0.00130898
0.00134828
0.00133293
0.00130866
0.00131787
0.00134565
0.00130562
0.00124911
0.00132388
0.0013644
0.0013436
0.00128301
0.00119935
0.0011033
0.00100192
0.000732692
0.000399632
0.000521934
0.000567867
0.000604175
0.00063603
0.000665931
0.000695529
0.000727161
0.000760602
0.000789398
0.000789898
0.000734845
0.000691849
0.000654168
0.000618364
0.000584235
0.000551624
0.000519934
0.000489352
0.000457782
0.000419866
0.000128099
0.000145891
0.000156764
0.000164208
0.000168801
0.00017131
0.000174711
0.00018249
0.000200566
0.000254135
0.000292344
0.00031054
0.00031894
0.000322184
0.000322135
0.000319208
0.000313109
0.000303186
0.000288998
0.000270705
0.000143797
0.000307443
0.00039555
0.000460894
0.000500022
0.000510643
0.000490585
0.000452647
0.000432503
0.00046273
0.000521983
0.000594183
0.000639929
0.000646863
0.000627447
0.000586829
0.000520579
0.000419134
0.000319557
0.000232032
0.000164967
0.000306232
0.000426612
0.000519012
0.000574145
0.000592176
0.000585976
0.000571376
0.000556486
0.000572723
0.000614945
0.000692601
0.000749312
0.000740716
0.000676881
0.000576246
0.000467054
0.000382215
0.000330544
0.000272476
0.000257757
0.000287234
0.000384341
0.000507147
0.000592532
0.000634033
0.000644949
0.000640961
0.000639088
0.000655597
0.000684321
0.00075146
0.000812106
0.000795615
0.000699693
0.000561534
0.00045847
0.000403746
0.000399409
0.000316545
0.000341109
0.000341048
0.000359588
0.000473951
0.000600946
0.000683642
0.00072035
0.000720281
0.000720504
0.000727982
0.000750963
0.000801599
0.000857592
0.000839647
0.000734087
0.000591321
0.000508072
0.000505005
0.000594607
0.000345256
0.000390336
0.000475258
0.000434053
0.000514869
0.000672541
0.000791329
0.000843784
0.000833082
0.000818609
0.000805647
0.000831852
0.000871852
0.000920576
0.000906041
0.000806313
0.000672787
0.000608767
0.000674945
0.000950504
0.000365955
0.000428011
0.000811773
0.000661273
0.000722011
0.000863929
0.000965943
0.00100347
0.000971482
0.000933821
0.00090784
0.000952192
0.00100096
0.00104779
0.00104117
0.000956713
0.000834126
0.000766261
0.000842757
0.00107487
0.000380573
0.000459941
0.000913186
0.000971417
0.00103355
0.00110196
0.00113448
0.00112097
0.00107369
0.0010292
0.00102076
0.00108795
0.00115965
0.00121005
0.00121622
0.00116154
0.0010625
0.000993278
0.00100832
0.000975833
0.000387882
0.000490247
0.000884826
0.00123186
0.00133963
0.00138639
0.0013655
0.001302
0.00123007
0.00117703
0.00116242
0.00125706
0.0013644
0.00140531
0.00139019
0.00133039
0.00123931
0.00113656
0.00103738
0.000769606
0.00039857
0.000514126
0.00055689
0.000590486
0.000619067
0.000644279
0.000666763
0.000687905
0.000707358
0.000721315
0.000717325
0.000682639
0.000654168
0.000624848
0.000594724
0.000564949
0.00053566
0.000506691
0.000478651
0.000449662
0.000414527
0.000134967
0.000172148
0.000187864
0.000188755
0.000182299
0.000175257
0.00017423
0.000180201
0.000192931
0.000231851
0.000281439
0.000308277
0.000322184
0.000329452
0.00033289
0.000333461
0.000330905
0.000324224
0.000311994
0.000292526
0.000169533
0.000249359
0.000298227
0.000336577
0.000368413
0.000394615
0.000410471
0.000412065
0.00041539
0.000428524
0.000471677
0.000559212
0.000646863
0.000693551
0.000704355
0.000686011
0.000639313
0.000557389
0.000424168
0.000251379
0.000182094
0.000271415
0.000336734
0.000391287
0.000432774
0.000459351
0.00047368
0.000483563
0.000497905
0.00050947
0.000539962
0.000630276
0.000740716
0.000799833
0.000790542
0.000722109
0.000606403
0.000472095
0.00037743
0.000291313
0.000274894
0.000290906
0.000333527
0.000395282
0.00045021
0.000488736
0.000512892
0.0005316
0.000553673
0.000571074
0.000591943
0.00067357
0.000795615
0.000871768
0.000852053
0.000740973
0.000589072
0.000486652
0.000458748
0.000326479
0.00034725
0.000358388
0.000350298
0.000396312
0.000462093
0.000519848
0.000563664
0.000598604
0.000628459
0.00064477
0.000656444
0.000723099
0.000839647
0.000920887
0.000896783
0.000768512
0.0006349
0.000602154
0.000704017
0.000352138
0.000393133
0.000511673
0.000448088
0.000465931
0.000540689
0.000622016
0.000685697
0.000728637
0.000751505
0.000750879
0.000750618
0.000803
0.000906041
0.00098479
0.000962901
0.000839619
0.00073018
0.000771395
0.00106844
0.000370745
0.000428302
0.000844402
0.000679517
0.000682476
0.00076295
0.000841045
0.000894185
0.000917961
0.000913533
0.000896198
0.000898377
0.000949201
0.00104117
0.0011134
0.00109757
0.00099022
0.000885794
0.000937529
0.00112393
0.000383619
0.000457899
0.000917145
0.000984149
0.00101749
0.00106827
0.00109708
0.00108925
0.00104926
0.00101091
0.00100829
0.00105372
0.0011311
0.00121622
0.00127528
0.00126763
0.00118708
0.0010966
0.00108845
0.00102154
0.000388975
0.00048569
0.000882671
0.00123694
0.00134906
0.00140931
0.00140533
0.00134766
0.00126431
0.00119582
0.00119021
0.00126638
0.0013436
0.00139019
0.00139861
0.00135922
0.00127977
0.00117804
0.00107706
0.000804106
0.00039737
0.000505492
0.000544965
0.000575911
0.000601816
0.000623663
0.000641402
0.000655869
0.000666796
0.000671984
0.000665447
0.000640197
0.000618364
0.000594724
0.000569824
0.000544773
0.000519603
0.000493984
0.000468597
0.000441917
0.000409292
0.000233582
0.000259334
0.000269919
0.000269454
0.000259036
0.000239322
0.000214384
0.000195308
0.000193559
0.000210377
0.000266058
0.000302978
0.000322135
0.00033289
0.000339032
0.000342249
0.000342487
0.000338624
0.000328529
0.000307478
0.000219775
0.000292114
0.000333846
0.000357203
0.000366355
0.000368258
0.000372982
0.00038518
0.000395966
0.000407306
0.000426986
0.000513271
0.000627447
0.000704355
0.000738418
0.000733752
0.000692054
0.000615102
0.000491674
0.000290135
0.000207609
0.000297692
0.000355247
0.000400764
0.000432414
0.000449729
0.000456447
0.000458162
0.000460539
0.000464584
0.000470996
0.000543282
0.000676881
0.000790542
0.000845655
0.000830909
0.000754118
0.000622686
0.000460663
0.000309707
0.000289964
0.000319952
0.000354061
0.000404064
0.000451773
0.000485533
0.000502788
0.000507441
0.000506936
0.000506237
0.000508253
0.000560296
0.000699693
0.000852053
0.000942396
0.000924934
0.000810148
0.000662996
0.000587426
0.000337721
0.000353565
0.000390613
0.000377522
0.000404556
0.000453397
0.000499776
0.000533088
0.000552457
0.000561618
0.00056404
0.000565734
0.000604852
0.000734087
0.000896783
0.00100149
0.000981887
0.0008618
0.00079172
0.000867238
0.000359427
0.000395361
0.000576313
0.000494349
0.000476214
0.000509343
0.000561992
0.000610181
0.000644642
0.000662915
0.00066616
0.000663122
0.00069459
0.000806313
0.000962901
0.00106773
0.00104743
0.00094509
0.000946902
0.00115903
0.000374954
0.000427149
0.000851936
0.000710274
0.000677383
0.000714849
0.000767829
0.000811667
0.000836476
0.000841915
0.0008339
0.00082599
0.000856629
0.000956713
0.00109757
0.00118947
0.00116694
0.00107563
0.00108676
0.00116354
0.000384983
0.000453917
0.000906363
0.000994069
0.00100856
0.00104266
0.00106781
0.00106552
0.00103297
0.000994128
0.000983484
0.00100699
0.00106642
0.00116154
0.00126763
0.00132169
0.00129067
0.00121978
0.00118517
0.00104813
0.000388896
0.000479003
0.000864511
0.00120817
0.00133493
0.00140336
0.00141699
0.00137783
0.00130382
0.00122968
0.00120148
0.00123507
0.00128301
0.00133039
0.00135922
0.00134248
0.00128885
0.00120661
0.0011072
0.000822685
0.000395546
0.000495771
0.000531939
0.000560411
0.000583894
0.000603136
0.000617519
0.000627542
0.000632988
0.000632578
0.000623618
0.000602279
0.000584235
0.000564949
0.000544773
0.000524287
0.000503455
0.000481647
0.000459131
0.000434566
0.000404169
0.000292655
0.000306224
0.000314245
0.000315665
0.000310753
0.000299491
0.00028097
0.000254388
0.000226022
0.000212739
0.000245544
0.000294679
0.000319208
0.000333461
0.000342249
0.000348163
0.000350539
0.000348798
0.000340765
0.000320432
0.000269901
0.000360677
0.000414999
0.000442423
0.000444976
0.000428476
0.00040338
0.000383116
0.000376832
0.00037926
0.000385733
0.000455188
0.000586829
0.000686011
0.000733752
0.000732603
0.000713145
0.000655846
0.000543116
0.000315692
0.00024483
0.000351285
0.000428366
0.000486442
0.000517383
0.000520868
0.000504525
0.000479802
0.000455977
0.000436639
0.000423645
0.000455079
0.000576246
0.000722109
0.000830909
0.000875114
0.000849668
0.000768096
0.000624412
0.000327898
0.000308573
0.000371399
0.000419176
0.000485447
0.0005407
0.000568584
0.00056806
0.0005462
0.000513818
0.000480918
0.000456298
0.000466391
0.000561534
0.000740973
0.000924934
0.00102676
0.00101456
0.000908682
0.000763095
0.000348233
0.000360812
0.000459934
0.000454522
0.00048825
0.000541824
0.000584014
0.000601852
0.000594444
0.00056866
0.00053615
0.000509954
0.000513182
0.000591321
0.000768512
0.000981887
0.00110949
0.00111491
0.00104572
0.00100335
0.000364619
0.000397031
0.000647533
0.000580287
0.000556657
0.000577588
0.00061446
0.000643188
0.00065313
0.000643466
0.000622036
0.000601614
0.000604541
0.000672787
0.000839619
0.00104743
0.0011777
0.00118587
0.00117857
0.00120804
0.000376154
0.00042444
0.000839499
0.000763974
0.000727737
0.000740775
0.000768519
0.000792967
0.00080261
0.000794539
0.000777084
0.000761323
0.000766823
0.000834126
0.00099022
0.00116694
0.00126293
0.00126467
0.00125645
0.0011775
0.000383853
0.000447754
0.000875623
0.00100452
0.00101974
0.00103763
0.00104966
0.00104337
0.00101557
0.000979117
0.00095822
0.000961395
0.000989024
0.0010625
0.00118708
0.00129067
0.00132659
0.00130779
0.00126186
0.00104186
0.000386949
0.000469924
0.000827982
0.00114931
0.00130085
0.0013661
0.00138537
0.00135824
0.00129491
0.00121897
0.00116981
0.00117447
0.00119935
0.00123931
0.00127977
0.00128885
0.00126271
0.00120534
0.00111206
0.000815972
0.000392368
0.000484602
0.000517501
0.000543628
0.000564656
0.000581625
0.000593365
0.000600119
0.000601682
0.00059728
0.000586087
0.000566849
0.000551624
0.00053566
0.000519603
0.000503455
0.000486746
0.000468729
0.000449223
0.000426872
0.000398623
0.000314041
0.000328054
0.000336241
0.00033816
0.000334611
0.000326467
0.000314355
0.000298148
0.000276218
0.00025189
0.000239209
0.000283413
0.000313109
0.000330905
0.000342487
0.000350539
0.000355041
0.000355599
0.000349688
0.000329922
0.000295162
0.000419782
0.000495902
0.000533288
0.000536789
0.000512642
0.000469355
0.000421439
0.00038156
0.000354925
0.000347638
0.000390024
0.000520579
0.000639313
0.000692054
0.000713145
0.000721578
0.000688756
0.000585348
0.000333162
0.000288528
0.00042729
0.000532777
0.000605748
0.000637804
0.000629701
0.000587767
0.000528341
0.000470006
0.000422127
0.000389189
0.000390116
0.000467054
0.000606403
0.000754118
0.000849668
0.000891874
0.000862559
0.000724461
0.000343599
0.000330465
0.000461979
0.000547705
0.000636707
0.00069268
0.000703756
0.000671874
0.00060874
0.000536374
0.000472539
0.000425243
0.000409457
0.00045847
0.000589072
0.000810148
0.00101456
0.00108645
0.00106095
0.000896908
0.00035652
0.00036949
0.000565959
0.000608134
0.000671477
0.000725203
0.000748174
0.000733757
0.000683016
0.00061125
0.000541444
0.000489108
0.000468965
0.000508072
0.0006349
0.0008618
0.00111491
0.00125843
0.00124148
0.00107821
0.000367265
0.000398049
0.000700652
0.000722483
0.000735007
0.000761549
0.00077869
0.000776028
0.000746387
0.000694678
0.000637257
0.000591406
0.00057346
0.000608767
0.00073018
0.00094509
0.00118587
0.00134998
0.0013627
0.00120736
0.000374622
0.000420029
0.000806832
0.000847286
0.000853642
0.000867555
0.000878054
0.000873966
0.000850155
0.000811076
0.000767825
0.000735447
0.000726736
0.000766261
0.000885794
0.00107563
0.00126467
0.00137433
0.00137103
0.00114663
0.000380368
0.000439103
0.000820687
0.000976745
0.00105231
0.00107288
0.0010731
0.00105509
0.00102092
0.000978632
0.000944748
0.000932305
0.000942982
0.000993278
0.0010966
0.00121978
0.00130779
0.00133422
0.00127723
0.000992714
0.000382904
0.000457992
0.000768424
0.00104349
0.00124577
0.00130633
0.00131724
0.00128853
0.00122792
0.00115164
0.00109454
0.00108712
0.0011033
0.00113656
0.00117804
0.00120661
0.00120534
0.0011684
0.00107588
0.000777779
0.00038717
0.000471335
0.000500994
0.000524801
0.000543181
0.000557749
0.000567139
0.000571286
0.000569952
0.000562664
0.000549788
0.000532447
0.000519934
0.000506691
0.000493984
0.000481647
0.000468729
0.000454272
0.00043778
0.000417884
0.000391801
0.000326037
0.000342505
0.00035137
0.000352905
0.00034841
0.000339322
0.000327245
0.000313508
0.000297712
0.000277636
0.000255847
0.00026819
0.000303186
0.000324224
0.000338624
0.000348798
0.000355599
0.000358669
0.000355127
0.000336315
0.000322055
0.000471261
0.000551335
0.000587836
0.000592523
0.000571071
0.000523439
0.000462019
0.000404227
0.00035647
0.000327134
0.00033912
0.000419134
0.000557389
0.000615102
0.000655846
0.000688756
0.000685088
0.000602607
0.000345338
0.000329648
0.00052766
0.000647027
0.000707248
0.000723966
0.000703706
0.000643976
0.000559527
0.000476442
0.000410779
0.000365365
0.000348137
0.000382215
0.000472095
0.000622686
0.000768096
0.000862559
0.000880001
0.000760826
0.000355045
0.000353588
0.000589157
0.000733711
0.00080855
0.000833088
0.000815933
0.000751685
0.000643866
0.000534096
0.000455302
0.000403727
0.000381257
0.000403746
0.000486652
0.000662996
0.000908682
0.00106095
0.00108625
0.000921661
0.000362602
0.000378673
0.000660305
0.000807991
0.000889884
0.000919994
0.000910431
0.000861503
0.000764069
0.000646065
0.000551501
0.000494896
0.000475394
0.000505005
0.000602154
0.00079172
0.00104572
0.00124148
0.00126656
0.00105662
0.000368503
0.000398238
0.000723169
0.000860675
0.000944794
0.000981711
0.000981609
0.000951178
0.000882366
0.000792579
0.000710948
0.00065758
0.00064208
0.000674945
0.000771395
0.000946902
0.00117857
0.0013627
0.00137344
0.00111761
0.000372234
0.000413904
0.000756648
0.000889737
0.000969775
0.00101167
0.00102948
0.00102101
0.000976834
0.000910127
0.000847564
0.000807809
0.000802697
0.000842757
0.000937529
0.00108676
0.00125645
0.00137103
0.00132765
0.00104734
0.000375396
0.000427981
0.00074777
0.000897689
0.000999826
0.00105246
0.00107546
0.00107607
0.00104769
0.0010038
0.00096502
0.000949236
0.000962631
0.00100832
0.00108845
0.00118517
0.00126186
0.00127723
0.0011636
0.000891693
0.00037695
0.000442948
0.000691904
0.000884032
0.00104015
0.00112213
0.00115512
0.00115058
0.00111126
0.00103713
0.000983984
0.000978904
0.00100192
0.00103738
0.00107706
0.0011072
0.00111206
0.00107588
0.000929408
0.000700516
0.000379504
0.00045477
0.000481264
0.000502894
0.00051903
0.00053077
0.000537764
0.000539834
0.000536652
0.000527873
0.000514324
0.000499146
0.000489352
0.000478651
0.000468597
0.000459131
0.000449223
0.00043778
0.000424302
0.000406683
0.000382602
0.000337876
0.000354327
0.000361604
0.000361018
0.000354433
0.000343516
0.000329464
0.000314185
0.000298673
0.000280559
0.000257907
0.000252345
0.000288998
0.000311994
0.000328529
0.000340765
0.000349688
0.000355127
0.000354516
0.000339615
0.000348384
0.00049669
0.000556102
0.000572153
0.000563462
0.000536582
0.000492555
0.000440836
0.000388975
0.00034525
0.000308984
0.000290295
0.000319557
0.000424168
0.000491674
0.000543116
0.000585348
0.000602607
0.000557541
0.000351497
0.000360569
0.000573284
0.000660957
0.000688491
0.000684878
0.000654774
0.000591141
0.000499167
0.000420449
0.000370274
0.000338495
0.000318768
0.000330544
0.00037743
0.000460663
0.000624412
0.000724461
0.000760826
0.000685808
0.000359859
0.000372491
0.000631541
0.000745001
0.000787045
0.000795583
0.000774665
0.000709254
0.00059292
0.000476788
0.000422453
0.00039454
0.000383025
0.000399409
0.000458748
0.000587426
0.000763095
0.000896908
0.000921661
0.000798525
0.000364111
0.000385176
0.000661622
0.000798366
0.000859979
0.000888359
0.000890395
0.000853604
0.000769491
0.000655081
0.000567031
0.000536128
0.000542403
0.000594607
0.000704017
0.000867238
0.00100335
0.00107821
0.00105662
0.000879677
0.000366134
0.000395696
0.000671059
0.000815987
0.000896285
0.000946907
0.000977709
0.000985083
0.000960559
0.000913338
0.000868013
0.000845476
0.000870335
0.000950504
0.00106844
0.00115903
0.00120804
0.00120736
0.00111761
0.000904959
0.000366935
0.00040453
0.000665206
0.00079802
0.000884041
0.000936594
0.000967943
0.000989318
0.00100398
0.00101049
0.00101257
0.0010172
0.0010363
0.00107487
0.00112393
0.00116354
0.0011775
0.00114663
0.00104734
0.000835016
0.000367762
0.000412904
0.000645813
0.00075944
0.000834131
0.000876417
0.000894538
0.000896784
0.000891448
0.00088649
0.000893731
0.000902822
0.0009304
0.000975833
0.00102154
0.00104813
0.00104186
0.000992714
0.000891693
0.000722546
0.000367515
0.000422738
0.000600643
0.000700791
0.000773945
0.000814826
0.000826254
0.000810374
0.000772045
0.000728331
0.000706258
0.000707744
0.000732692
0.000769606
0.000804106
0.000822685
0.000815972
0.000777779
0.000700516
0.000588981
0.000367729
0.000431812
0.000455035
0.000474683
0.000488687
0.000498186
0.000503257
0.000503856
0.000499758
0.000490797
0.000478081
0.000465147
0.000457782
0.000449662
0.000441917
0.000434566
0.000426872
0.000417884
0.000406683
0.000390835
0.000368562
0.000348637
0.00035374
0.000355108
0.000351503
0.000343108
0.000331084
0.000316262
0.000300392
0.00028551
0.000265951
0.000243932
0.000231355
0.000270705
0.000292526
0.000307478
0.000320432
0.000329922
0.000336315
0.000339615
0.00033929
0.000364893
0.000371199
0.00037228
0.000366397
0.000353121
0.000334305
0.000309847
0.000279874
0.000251272
0.000237833
0.000227941
0.000222836
0.000232032
0.000251379
0.000290135
0.000315692
0.000333162
0.000345338
0.000351497
0.000348359
0.000373999
0.000381446
0.000383072
0.000377629
0.000364565
0.000346836
0.000323901
0.000298121
0.000274325
0.00025495
0.000248519
0.000254242
0.000272476
0.000291313
0.000309707
0.000327898
0.000343599
0.000355045
0.000359859
0.000352332
0.000378902
0.000387385
0.000389807
0.000386112
0.000375924
0.000363224
0.000349018
0.000333212
0.000318439
0.000308636
0.000305955
0.000309297
0.000316545
0.000326479
0.000337721
0.000348233
0.00035652
0.000362602
0.000364111
0.000352869
0.00038278
0.000391887
0.000395218
0.00039401
0.000388038
0.000380015
0.000370355
0.000359444
0.000348486
0.00034011
0.000337911
0.000340265
0.000345256
0.000352138
0.000359427
0.000364619
0.000367265
0.000368503
0.000366134
0.000352247
0.000385655
0.000395684
0.000400811
0.000402647
0.000400349
0.000395154
0.000387859
0.000379057
0.000369719
0.000361947
0.000359989
0.000362066
0.000365955
0.000370745
0.000374954
0.000376154
0.000374622
0.000372234
0.000366935
0.000350988
0.000387861
0.000399674
0.000408132
0.000413061
0.000413831
0.000410748
0.000404496
0.000395882
0.000386115
0.000377628
0.000375595
0.000377561
0.000380573
0.000383619
0.000384983
0.000383853
0.000380368
0.000375396
0.000367762
0.000349426
0.000390086
0.000405195
0.000417417
0.000425513
0.000428724
0.00042716
0.000421206
0.000411711
0.000400429
0.00038993
0.000386023
0.000386672
0.000387882
0.000388975
0.000388896
0.000386949
0.000382904
0.00037695
0.000367515
0.000347953
0.000393663
0.000412427
0.000428603
0.000439913
0.000445892
0.000446487
0.000441679
0.000431972
0.000419417
0.000406619
0.000400599
0.000399632
0.00039857
0.00039737
0.000395546
0.000392368
0.00038717
0.000379504
0.000367729
0.00034737
0.000399277
0.000418903
0.000436556
0.000448476
0.000455887
0.000459234
0.000458758
0.000454433
0.000446117
0.000434391
0.00042472
0.000419866
0.000414527
0.000409292
0.000404169
0.000398623
0.000391801
0.000382602
0.000368562
0.000348618
)
;

boundaryField
{
    floor
    {
        type            compressible::alphatWallFunction;
        Prt             0.85;
        value           nonuniform List<scalar> 
400
(
5.47472e-05
5.39006e-05
5.24373e-05
5.04495e-05
4.81497e-05
4.52771e-05
3.99474e-05
2.77651e-05
1.83756e-05
1.58354e-05
1.4777e-05
1.45704e-05
1.47285e-05
1.57804e-05
3.13742e-05
4.07174e-05
4.41009e-05
4.59682e-05
4.77728e-05
4.93924e-05
5.39006e-05
5.4628e-05
5.37574e-05
5.18557e-05
4.94137e-05
4.63484e-05
4.13197e-05
3.20807e-05
2.21182e-05
1.95255e-05
1.84381e-05
1.78652e-05
1.76452e-05
2.16953e-05
3.53516e-05
4.27903e-05
4.62152e-05
4.84398e-05
5.02286e-05
5.01494e-05
5.24373e-05
5.37574e-05
5.32885e-05
5.16268e-05
4.92747e-05
4.60534e-05
4.06373e-05
3.11762e-05
2.30846e-05
2.17172e-05
2.08119e-05
2.00062e-05
1.94399e-05
2.40708e-05
3.69085e-05
4.39886e-05
4.7444e-05
4.97696e-05
5.13213e-05
5.03537e-05
5.04495e-05
5.18557e-05
5.16268e-05
5.01864e-05
4.7905e-05
4.42048e-05
3.75022e-05
2.78594e-05
2.38979e-05
2.35447e-05
2.28909e-05
2.17032e-05
2.06699e-05
2.41936e-05
3.67129e-05
4.41597e-05
4.77248e-05
5.00052e-05
5.12487e-05
4.98232e-05
4.81497e-05
4.94137e-05
4.92747e-05
4.7905e-05
4.52057e-05
4.02379e-05
3.18998e-05
2.54335e-05
2.49706e-05
2.54844e-05
2.50505e-05
2.31351e-05
2.14466e-05
2.32672e-05
3.49504e-05
4.33342e-05
4.71727e-05
4.93353e-05
5.02809e-05
4.85798e-05
4.52771e-05
4.63484e-05
4.60534e-05
4.42048e-05
4.02379e-05
3.33452e-05
2.66464e-05
2.53932e-05
2.65225e-05
2.80337e-05
2.75643e-05
2.42668e-05
2.18824e-05
2.23303e-05
3.17829e-05
4.14863e-05
4.59102e-05
4.79681e-05
4.86583e-05
4.67888e-05
3.99474e-05
4.13197e-05
4.06373e-05
3.75022e-05
3.18998e-05
2.66464e-05
2.54511e-05
2.63863e-05
2.87217e-05
3.12229e-05
2.97646e-05
2.48405e-05
2.24673e-05
2.23039e-05
2.79946e-05
3.84622e-05
4.40208e-05
4.61451e-05
4.65551e-05
4.45717e-05
2.77651e-05
3.20807e-05
3.11762e-05
2.78594e-05
2.54335e-05
2.53932e-05
2.63863e-05
2.83906e-05
3.16542e-05
3.32658e-05
2.92069e-05
2.55144e-05
2.38249e-05
2.33907e-05
2.53746e-05
3.42251e-05
4.14676e-05
4.40538e-05
4.42512e-05
4.2185e-05
1.83756e-05
2.21182e-05
2.30846e-05
2.38979e-05
2.49706e-05
2.65225e-05
2.87217e-05
3.16542e-05
3.39138e-05
3.5657e-05
3.09053e-05
2.84754e-05
2.70527e-05
2.56298e-05
2.54557e-05
2.99735e-05
3.80278e-05
4.16275e-05
4.18888e-05
3.99172e-05
1.58354e-05
1.95255e-05
2.17172e-05
2.35447e-05
2.54844e-05
2.80337e-05
3.12229e-05
3.32658e-05
3.5657e-05
0
0
3.81493e-05
3.55268e-05
3.21382e-05
2.86214e-05
2.8446e-05
3.42644e-05
3.854e-05
3.90957e-05
3.69217e-05
1.4777e-05
1.84381e-05
2.08119e-05
2.28909e-05
2.50505e-05
2.75643e-05
2.97646e-05
2.92069e-05
3.09053e-05
0
0
4.21872e-05
4.10659e-05
3.94779e-05
3.72307e-05
3.40687e-05
3.27725e-05
3.5142e-05
3.55468e-05
3.34803e-05
1.45704e-05
1.78652e-05
2.00062e-05
2.17032e-05
2.31351e-05
2.42668e-05
2.48405e-05
2.55144e-05
2.84754e-05
3.81493e-05
4.21872e-05
4.3464e-05
4.3731e-05
4.34107e-05
4.2629e-05
4.13797e-05
3.96579e-05
3.73197e-05
3.4801e-05
3.15545e-05
1.47285e-05
1.76452e-05
1.94399e-05
2.06699e-05
2.14466e-05
2.18824e-05
2.24673e-05
2.38249e-05
2.70527e-05
3.55268e-05
4.10659e-05
4.3731e-05
4.49714e-05
4.54575e-05
4.54536e-05
4.5014e-05
4.40908e-05
4.25831e-05
4.04213e-05
3.76214e-05
1.57804e-05
2.16953e-05
2.40708e-05
2.41936e-05
2.32672e-05
2.23303e-05
2.23039e-05
2.33907e-05
2.56298e-05
3.21382e-05
3.94779e-05
4.34107e-05
4.54575e-05
4.65311e-05
4.70406e-05
4.71227e-05
4.67368e-05
4.57304e-05
4.38854e-05
4.09197e-05
3.13742e-05
3.53516e-05
3.69085e-05
3.67129e-05
3.49504e-05
3.17829e-05
2.79946e-05
2.53746e-05
2.54557e-05
2.86214e-05
3.72307e-05
4.2629e-05
4.54536e-05
4.70406e-05
4.79499e-05
4.8426e-05
4.84631e-05
4.78851e-05
4.63773e-05
4.32146e-05
4.07174e-05
4.27903e-05
4.39886e-05
4.41597e-05
4.33342e-05
4.14863e-05
3.84622e-05
3.42251e-05
2.99735e-05
2.8446e-05
3.40687e-05
4.13797e-05
4.5014e-05
4.71227e-05
4.8426e-05
4.93032e-05
4.96527e-05
4.93939e-05
4.82003e-05
4.51524e-05
4.41009e-05
4.62152e-05
4.7444e-05
4.77248e-05
4.71727e-05
4.59102e-05
4.40208e-05
4.14676e-05
3.80278e-05
3.42644e-05
3.27725e-05
3.96579e-05
4.40908e-05
4.67368e-05
4.84631e-05
4.96527e-05
5.03176e-05
5.03994e-05
4.95213e-05
4.65636e-05
4.59682e-05
4.84398e-05
4.97696e-05
5.00052e-05
4.93353e-05
4.79681e-05
4.61451e-05
4.40538e-05
4.16275e-05
3.854e-05
3.5142e-05
3.73197e-05
4.25831e-05
4.57304e-05
4.78851e-05
4.93939e-05
5.03994e-05
5.0851e-05
5.03212e-05
4.75073e-05
4.77728e-05
5.02286e-05
5.13213e-05
5.12487e-05
5.02809e-05
4.86583e-05
4.65551e-05
4.42512e-05
4.18888e-05
3.90957e-05
3.55468e-05
3.4801e-05
4.04213e-05
4.38854e-05
4.63773e-05
4.82003e-05
4.95213e-05
5.03212e-05
5.02213e-05
4.79887e-05
4.93924e-05
5.01494e-05
5.03537e-05
4.98232e-05
4.85798e-05
4.67888e-05
4.45717e-05
4.2185e-05
3.99172e-05
3.69217e-05
3.34803e-05
3.15545e-05
3.76214e-05
4.09197e-05
4.32146e-05
4.51524e-05
4.65636e-05
4.75073e-05
4.79887e-05
4.79276e-05
)
;
    }
    ceiling
    {
        type            compressible::alphatWallFunction;
        Prt             0.85;
        value           nonuniform List<scalar> 
400
(
6.38394e-05
6.87605e-05
7.24814e-05
7.50618e-05
7.69123e-05
7.81791e-05
7.8916e-05
7.91163e-05
7.87246e-05
7.70226e-05
7.57328e-05
7.4676e-05
7.35654e-05
7.23364e-05
7.09505e-05
6.93536e-05
6.74491e-05
6.50584e-05
6.17217e-05
5.69428e-05
6.87605e-05
7.41927e-05
7.83694e-05
8.1401e-05
8.36873e-05
8.53437e-05
8.6385e-05
8.67636e-05
8.63465e-05
8.4466e-05
8.26714e-05
8.11999e-05
7.96509e-05
7.79663e-05
7.61222e-05
7.40713e-05
7.17154e-05
6.88819e-05
6.50865e-05
5.97995e-05
7.24814e-05
7.83694e-05
8.29015e-05
8.63031e-05
8.89488e-05
9.09245e-05
9.22365e-05
9.28317e-05
9.24625e-05
9.03978e-05
8.81501e-05
8.63144e-05
8.43945e-05
8.23466e-05
8.01639e-05
7.77916e-05
7.51163e-05
7.19831e-05
6.79171e-05
6.23644e-05
7.50618e-05
8.1401e-05
8.63031e-05
9.01082e-05
9.32172e-05
9.55942e-05
9.72738e-05
9.82176e-05
9.81991e-05
9.62267e-05
9.31981e-05
9.07743e-05
8.84075e-05
8.59948e-05
8.34804e-05
8.077e-05
7.77293e-05
7.42853e-05
6.99253e-05
6.40896e-05
7.69123e-05
8.36873e-05
8.89488e-05
9.32172e-05
9.67744e-05
9.9592e-05
0.000101798
0.000103387
0.000104071
0.000102348
9.82498e-05
9.49393e-05
9.19327e-05
8.90598e-05
8.61886e-05
8.3165e-05
7.97891e-05
7.5952e-05
7.12804e-05
6.51566e-05
7.81791e-05
8.53437e-05
9.09245e-05
9.55942e-05
9.9592e-05
0.000102994
0.000106017
0.000108689
0.000110594
0.000109322
0.000103735
9.90415e-05
9.50654e-05
9.15427e-05
8.82095e-05
8.48197e-05
8.11155e-05
7.69413e-05
7.19983e-05
6.56322e-05
7.8916e-05
8.6385e-05
9.22365e-05
9.72738e-05
0.000101798
0.000106017
0.000110256
0.000114593
0.000118364
0.000117638
0.000110182
0.000103408
9.8005e-05
9.35676e-05
8.96202e-05
8.5774e-05
8.17016e-05
7.72304e-05
7.20755e-05
6.55536e-05
7.91163e-05
8.67636e-05
9.28317e-05
9.82176e-05
0.000103387
0.000108689
0.000114593
0.000121189
0.00012723
0.000126472
0.000117539
0.000108016
0.000100713
9.51043e-05
9.03956e-05
8.60026e-05
8.15161e-05
7.6774e-05
7.14814e-05
6.49189e-05
7.87246e-05
8.63465e-05
9.24625e-05
9.81991e-05
0.000104071
0.000110594
0.000118364
0.00012723
0.000134566
0.000131217
0.000124171
0.00011201
0.000102681
9.58585e-05
9.03635e-05
8.54008e-05
8.04939e-05
7.55252e-05
7.0194e-05
6.37098e-05
7.70226e-05
8.4466e-05
9.03978e-05
9.62267e-05
0.000102348
0.000109322
0.000117638
0.000126472
0.000131217
0.000118386
0.000124981
0.000112234
0.00010224
9.50269e-05
8.91654e-05
8.3863e-05
7.86928e-05
7.3603e-05
6.83748e-05
6.20162e-05
7.57328e-05
8.26714e-05
8.81501e-05
9.31981e-05
9.82498e-05
0.000103735
0.000110182
0.000117539
0.000124171
0.000124981
0.000114692
0.000104708
9.74523e-05
9.15316e-05
8.62052e-05
8.11827e-05
7.6263e-05
7.14685e-05
6.65515e-05
6.06519e-05
7.4676e-05
8.11999e-05
8.63144e-05
9.07743e-05
9.49393e-05
9.90415e-05
0.000103408
0.000108016
0.00011201
0.000112234
0.000104708
9.87439e-05
9.35109e-05
8.8521e-05
8.37243e-05
7.90923e-05
7.45447e-05
7.01217e-05
6.55372e-05
5.99842e-05
7.35654e-05
7.96509e-05
8.43945e-05
8.84075e-05
9.19327e-05
9.50654e-05
9.8005e-05
0.000100713
0.000102681
0.00010224
9.74523e-05
9.35109e-05
8.9445e-05
8.52466e-05
8.10601e-05
7.68955e-05
7.2728e-05
6.8655e-05
6.44205e-05
5.92469e-05
7.23364e-05
7.79663e-05
8.23466e-05
8.59948e-05
8.90598e-05
9.15427e-05
9.35676e-05
9.51043e-05
9.58585e-05
9.50269e-05
9.15316e-05
8.8521e-05
8.52466e-05
8.17694e-05
7.82401e-05
7.46553e-05
7.09625e-05
6.72615e-05
6.33431e-05
5.85146e-05
7.09505e-05
7.61222e-05
8.01639e-05
8.34804e-05
8.61886e-05
8.82095e-05
8.96202e-05
9.03956e-05
9.03635e-05
8.91654e-05
8.62052e-05
8.37243e-05
8.10601e-05
7.82401e-05
7.53458e-05
7.23689e-05
6.92157e-05
6.59221e-05
6.23001e-05
5.77834e-05
6.93536e-05
7.40713e-05
7.77916e-05
8.077e-05
8.3165e-05
8.48197e-05
8.5774e-05
8.60026e-05
8.54008e-05
8.3863e-05
8.11827e-05
7.90923e-05
7.68955e-05
7.46553e-05
7.23689e-05
6.99728e-05
6.73573e-05
6.44931e-05
6.1187e-05
5.69756e-05
6.74491e-05
7.17154e-05
7.51163e-05
7.77293e-05
7.97891e-05
8.11155e-05
8.17016e-05
8.15161e-05
8.04939e-05
7.86928e-05
7.6263e-05
7.45447e-05
7.2728e-05
7.09625e-05
6.92157e-05
6.73573e-05
6.52495e-05
6.28169e-05
5.98655e-05
5.5965e-05
6.50584e-05
6.88819e-05
7.19831e-05
7.42853e-05
7.5952e-05
7.69413e-05
7.72304e-05
7.6774e-05
7.55252e-05
7.3603e-05
7.14685e-05
7.01217e-05
6.8655e-05
6.72615e-05
6.59221e-05
6.44931e-05
6.28169e-05
6.08247e-05
5.82e-05
5.45874e-05
6.17217e-05
6.50865e-05
6.79171e-05
6.99253e-05
7.12804e-05
7.19983e-05
7.20755e-05
7.14814e-05
7.0194e-05
6.83748e-05
6.65515e-05
6.55372e-05
6.44205e-05
6.33431e-05
6.23001e-05
6.1187e-05
5.98655e-05
5.82e-05
5.58289e-05
5.24742e-05
5.69428e-05
5.97995e-05
6.23644e-05
6.40896e-05
6.51566e-05
6.56322e-05
6.55536e-05
6.49189e-05
6.37098e-05
6.20162e-05
6.06519e-05
5.99842e-05
5.92469e-05
5.85146e-05
5.77834e-05
5.69756e-05
5.5965e-05
5.45874e-05
5.24742e-05
4.94519e-05
)
;
    }
    fixedWalls
    {
        type            compressible::alphatWallFunction;
        Prt             0.85;
        value           nonuniform List<scalar> 
800
(
5.46817e-05
5.70795e-05
5.84644e-05
5.92501e-05
5.98381e-05
6.03949e-05
6.0981e-05
6.16711e-05
6.25764e-05
6.37655e-05
5.38356e-05
5.62434e-05
5.81873e-05
5.96752e-05
6.10187e-05
6.23535e-05
6.37316e-05
6.53048e-05
6.71269e-05
6.86811e-05
5.23736e-05
5.39074e-05
5.59809e-05
5.8226e-05
6.06856e-05
6.30416e-05
6.53392e-05
6.77847e-05
7.04857e-05
7.23977e-05
5.03879e-05
5.02817e-05
5.21895e-05
5.5586e-05
5.94805e-05
6.29659e-05
6.61714e-05
6.94354e-05
7.28537e-05
7.4975e-05
4.80907e-05
4.53463e-05
4.65361e-05
5.21568e-05
5.78031e-05
6.24646e-05
6.64993e-05
7.04674e-05
7.44852e-05
7.68232e-05
4.52215e-05
4.10879e-05
3.97398e-05
4.83697e-05
5.58123e-05
6.15659e-05
6.63216e-05
7.08556e-05
7.53875e-05
7.80882e-05
3.98984e-05
3.66006e-05
3.47552e-05
4.47178e-05
5.36478e-05
6.02749e-05
6.56124e-05
7.05525e-05
7.55032e-05
7.88242e-05
2.77301e-05
2.95499e-05
3.05268e-05
4.11255e-05
5.13421e-05
5.86039e-05
6.43868e-05
6.95911e-05
7.4889e-05
7.9024e-05
1.83501e-05
2.44172e-05
2.69751e-05
3.719e-05
4.87158e-05
5.65973e-05
6.27053e-05
6.80836e-05
7.36134e-05
7.86325e-05
1.58122e-05
2.05704e-05
2.34952e-05
3.32315e-05
4.6262e-05
5.44884e-05
6.07133e-05
6.60384e-05
7.13833e-05
7.69323e-05
1.47549e-05
1.85273e-05
2.0885e-05
3.2838e-05
4.66665e-05
5.46432e-05
6.06487e-05
6.57515e-05
7.07666e-05
7.56441e-05
1.45486e-05
1.7501e-05
2.0011e-05
3.36646e-05
4.74341e-05
5.51106e-05
6.08969e-05
6.57913e-05
7.04846e-05
7.45886e-05
1.47064e-05
1.72802e-05
2.08765e-05
3.56025e-05
4.83095e-05
5.55911e-05
6.10982e-05
6.57269e-05
7.00829e-05
7.34794e-05
1.57575e-05
2.13398e-05
2.35497e-05
3.82354e-05
4.92362e-05
5.60109e-05
6.11473e-05
6.54364e-05
6.94331e-05
7.2252e-05
3.13351e-05
2.92503e-05
2.75965e-05
4.06416e-05
5.01953e-05
5.63502e-05
6.0987e-05
6.4867e-05
6.84795e-05
7.08679e-05
4.06674e-05
3.71623e-05
3.34941e-05
4.35307e-05
5.12854e-05
5.66041e-05
6.05989e-05
6.39812e-05
6.718e-05
6.9273e-05
4.40468e-05
4.11876e-05
4.04494e-05
4.67835e-05
5.25649e-05
5.67541e-05
5.996e-05
6.2733e-05
6.54641e-05
6.73709e-05
4.59118e-05
4.53561e-05
4.65641e-05
5.01878e-05
5.39003e-05
5.67739e-05
5.90649e-05
6.11177e-05
6.3288e-05
6.49831e-05
4.77145e-05
4.9319e-05
5.11628e-05
5.29493e-05
5.48319e-05
5.6384e-05
5.76821e-05
5.89078e-05
6.03407e-05
6.16503e-05
4.93326e-05
5.17712e-05
5.31331e-05
5.38683e-05
5.44499e-05
5.48791e-05
5.52069e-05
5.55344e-05
5.60566e-05
5.68767e-05
4.93326e-05
5.17712e-05
5.31331e-05
5.38683e-05
5.44499e-05
5.48791e-05
5.52069e-05
5.55344e-05
5.60566e-05
5.68767e-05
5.00888e-05
5.26999e-05
5.42264e-05
5.51125e-05
5.57859e-05
5.6347e-05
5.69325e-05
5.77378e-05
5.87953e-05
5.97303e-05
5.02929e-05
5.2857e-05
5.44572e-05
5.5453e-05
5.62514e-05
5.7074e-05
5.81503e-05
5.95109e-05
6.11425e-05
6.22923e-05
4.97628e-05
5.19923e-05
5.36549e-05
5.49022e-05
5.60603e-05
5.73243e-05
5.88511e-05
6.06736e-05
6.2773e-05
6.40155e-05
4.85206e-05
5.00318e-05
5.17253e-05
5.33934e-05
5.51646e-05
5.69706e-05
5.89439e-05
6.11214e-05
6.36225e-05
6.50811e-05
4.67314e-05
4.72285e-05
4.90865e-05
5.15007e-05
5.39799e-05
5.62039e-05
5.84833e-05
6.08779e-05
6.36908e-05
6.55561e-05
4.45166e-05
4.35644e-05
4.56532e-05
4.93857e-05
5.25591e-05
5.51381e-05
5.75699e-05
6.00014e-05
6.29772e-05
6.54774e-05
4.21325e-05
3.90283e-05
4.1722e-05
4.70222e-05
5.09523e-05
5.38577e-05
5.63222e-05
5.86196e-05
6.15601e-05
6.48432e-05
3.98675e-05
3.46924e-05
3.81062e-05
4.48189e-05
4.93388e-05
5.2502e-05
5.49136e-05
5.69847e-05
5.97354e-05
6.36354e-05
3.68754e-05
3.2574e-05
3.52031e-05
4.33841e-05
4.8123e-05
5.13802e-05
5.36987e-05
5.54695e-05
5.78819e-05
6.19436e-05
3.34381e-05
3.09719e-05
3.43144e-05
4.3044e-05
4.78387e-05
5.11279e-05
5.34399e-05
5.49374e-05
5.70453e-05
6.05809e-05
3.15142e-05
3.01957e-05
3.52948e-05
4.35877e-05
4.82172e-05
5.14582e-05
5.37512e-05
5.50605e-05
5.69425e-05
5.9914e-05
3.75741e-05
3.16529e-05
3.81429e-05
4.47073e-05
4.89834e-05
5.20497e-05
5.42073e-05
5.52612e-05
5.68257e-05
5.91776e-05
4.08688e-05
3.48581e-05
4.09651e-05
4.62103e-05
5.00238e-05
5.27706e-05
5.46498e-05
5.54327e-05
5.66792e-05
5.84463e-05
4.31612e-05
4.07394e-05
4.37085e-05
4.78733e-05
5.1085e-05
5.33773e-05
5.48363e-05
5.54248e-05
5.64299e-05
5.77161e-05
4.50972e-05
4.44848e-05
4.63739e-05
4.93962e-05
5.18173e-05
5.35232e-05
5.46598e-05
5.51417e-05
5.59735e-05
5.69093e-05
4.65071e-05
4.70561e-05
4.86556e-05
5.05806e-05
5.21751e-05
5.3272e-05
5.41389e-05
5.45444e-05
5.5207e-05
5.59e-05
4.74501e-05
4.88385e-05
5.03086e-05
5.14467e-05
5.2333e-05
5.29029e-05
5.33939e-05
5.36537e-05
5.40597e-05
5.45241e-05
4.79314e-05
4.97319e-05
5.09942e-05
5.1642e-05
5.19593e-05
5.20973e-05
5.22419e-05
5.22296e-05
5.22831e-05
5.24133e-05
4.78706e-05
4.92432e-05
4.98499e-05
4.9944e-05
4.98654e-05
4.96925e-05
4.94743e-05
4.92692e-05
4.91967e-05
4.93944e-05
5.46817e-05
5.70795e-05
5.84644e-05
5.92501e-05
5.98381e-05
6.03949e-05
6.0981e-05
6.16711e-05
6.25764e-05
6.37655e-05
5.38356e-05
5.62434e-05
5.81873e-05
5.96752e-05
6.10187e-05
6.23535e-05
6.37316e-05
6.53048e-05
6.71269e-05
6.86811e-05
5.23736e-05
5.39074e-05
5.59809e-05
5.8226e-05
6.06856e-05
6.30416e-05
6.53392e-05
6.77847e-05
7.04857e-05
7.23977e-05
5.03879e-05
5.02817e-05
5.21895e-05
5.5586e-05
5.94805e-05
6.29659e-05
6.61714e-05
6.94354e-05
7.28537e-05
7.4975e-05
4.80907e-05
4.53463e-05
4.65361e-05
5.21568e-05
5.78031e-05
6.24646e-05
6.64993e-05
7.04674e-05
7.44852e-05
7.68232e-05
4.52215e-05
4.10879e-05
3.97398e-05
4.83697e-05
5.58123e-05
6.15659e-05
6.63216e-05
7.08556e-05
7.53875e-05
7.80882e-05
3.98984e-05
3.66006e-05
3.47552e-05
4.47178e-05
5.36478e-05
6.02749e-05
6.56124e-05
7.05525e-05
7.55032e-05
7.88242e-05
2.77301e-05
2.95499e-05
3.05268e-05
4.11255e-05
5.13421e-05
5.86039e-05
6.43868e-05
6.95911e-05
7.4889e-05
7.9024e-05
1.83501e-05
2.44172e-05
2.69751e-05
3.719e-05
4.87158e-05
5.65973e-05
6.27053e-05
6.80836e-05
7.36134e-05
7.86325e-05
1.58122e-05
2.05704e-05
2.34952e-05
3.32315e-05
4.6262e-05
5.44884e-05
6.07133e-05
6.60384e-05
7.13833e-05
7.69323e-05
1.47549e-05
1.85273e-05
2.0885e-05
3.2838e-05
4.66665e-05
5.46432e-05
6.06487e-05
6.57515e-05
7.07666e-05
7.56441e-05
1.45486e-05
1.7501e-05
2.0011e-05
3.36646e-05
4.74341e-05
5.51106e-05
6.08969e-05
6.57913e-05
7.04846e-05
7.45886e-05
1.47064e-05
1.72802e-05
2.08765e-05
3.56025e-05
4.83095e-05
5.55911e-05
6.10982e-05
6.57269e-05
7.00829e-05
7.34794e-05
1.57575e-05
2.13398e-05
2.35497e-05
3.82354e-05
4.92362e-05
5.60109e-05
6.11473e-05
6.54364e-05
6.94331e-05
7.2252e-05
3.13351e-05
2.92503e-05
2.75965e-05
4.06416e-05
5.01953e-05
5.63502e-05
6.0987e-05
6.4867e-05
6.84795e-05
7.08679e-05
4.06674e-05
3.71623e-05
3.34941e-05
4.35307e-05
5.12854e-05
5.66041e-05
6.05989e-05
6.39812e-05
6.718e-05
6.9273e-05
4.40468e-05
4.11876e-05
4.04494e-05
4.67835e-05
5.25649e-05
5.67541e-05
5.996e-05
6.2733e-05
6.54641e-05
6.73709e-05
4.59118e-05
4.53561e-05
4.65641e-05
5.01878e-05
5.39003e-05
5.67739e-05
5.90649e-05
6.11177e-05
6.3288e-05
6.49831e-05
4.77145e-05
4.9319e-05
5.11628e-05
5.29493e-05
5.48319e-05
5.6384e-05
5.76821e-05
5.89078e-05
6.03407e-05
6.16503e-05
4.93326e-05
5.17712e-05
5.31331e-05
5.38683e-05
5.44499e-05
5.48791e-05
5.52069e-05
5.55344e-05
5.60566e-05
5.68767e-05
4.93326e-05
5.17712e-05
5.31331e-05
5.38683e-05
5.44499e-05
5.48791e-05
5.52069e-05
5.55344e-05
5.60566e-05
5.68767e-05
5.00888e-05
5.26999e-05
5.42264e-05
5.51125e-05
5.57859e-05
5.6347e-05
5.69325e-05
5.77378e-05
5.87953e-05
5.97303e-05
5.02929e-05
5.2857e-05
5.44572e-05
5.5453e-05
5.62514e-05
5.7074e-05
5.81503e-05
5.95109e-05
6.11425e-05
6.22923e-05
4.97628e-05
5.19923e-05
5.36549e-05
5.49022e-05
5.60603e-05
5.73243e-05
5.88511e-05
6.06736e-05
6.2773e-05
6.40155e-05
4.85206e-05
5.00318e-05
5.17253e-05
5.33934e-05
5.51646e-05
5.69706e-05
5.89439e-05
6.11214e-05
6.36225e-05
6.50811e-05
4.67314e-05
4.72285e-05
4.90865e-05
5.15007e-05
5.39799e-05
5.62039e-05
5.84833e-05
6.08779e-05
6.36908e-05
6.55561e-05
4.45166e-05
4.35644e-05
4.56532e-05
4.93857e-05
5.25591e-05
5.51381e-05
5.75699e-05
6.00014e-05
6.29772e-05
6.54774e-05
4.21325e-05
3.90283e-05
4.1722e-05
4.70222e-05
5.09523e-05
5.38577e-05
5.63222e-05
5.86196e-05
6.15601e-05
6.48432e-05
3.98675e-05
3.46924e-05
3.81062e-05
4.48189e-05
4.93388e-05
5.2502e-05
5.49136e-05
5.69847e-05
5.97354e-05
6.36354e-05
3.68754e-05
3.2574e-05
3.52031e-05
4.33841e-05
4.8123e-05
5.13802e-05
5.36987e-05
5.54695e-05
5.78819e-05
6.19436e-05
3.34381e-05
3.09719e-05
3.43144e-05
4.3044e-05
4.78387e-05
5.11279e-05
5.34399e-05
5.49374e-05
5.70453e-05
6.05809e-05
3.15142e-05
3.01957e-05
3.52948e-05
4.35877e-05
4.82172e-05
5.14582e-05
5.37512e-05
5.50605e-05
5.69425e-05
5.9914e-05
3.75741e-05
3.16529e-05
3.81429e-05
4.47073e-05
4.89834e-05
5.20497e-05
5.42073e-05
5.52612e-05
5.68257e-05
5.91776e-05
4.08688e-05
3.48581e-05
4.09651e-05
4.62103e-05
5.00238e-05
5.27706e-05
5.46498e-05
5.54327e-05
5.66792e-05
5.84463e-05
4.31612e-05
4.07394e-05
4.37085e-05
4.78733e-05
5.1085e-05
5.33773e-05
5.48363e-05
5.54248e-05
5.64299e-05
5.77161e-05
4.50972e-05
4.44848e-05
4.63739e-05
4.93962e-05
5.18173e-05
5.35232e-05
5.46598e-05
5.51417e-05
5.59735e-05
5.69093e-05
4.65071e-05
4.70561e-05
4.86556e-05
5.05806e-05
5.21751e-05
5.3272e-05
5.41389e-05
5.45444e-05
5.5207e-05
5.59e-05
4.74501e-05
4.88385e-05
5.03086e-05
5.14467e-05
5.2333e-05
5.29029e-05
5.33939e-05
5.36537e-05
5.40597e-05
5.45241e-05
4.79314e-05
4.97319e-05
5.09942e-05
5.1642e-05
5.19593e-05
5.20973e-05
5.22419e-05
5.22296e-05
5.22831e-05
5.24133e-05
4.78706e-05
4.92432e-05
4.98499e-05
4.9944e-05
4.98654e-05
4.96925e-05
4.94743e-05
4.92692e-05
4.91967e-05
4.93944e-05
)
;
    }
}


// ************************************************************************* //
