/*--------------------------------*- C++ -*----------------------------------*\
  =========                 |
  \\      /  F ield         | OpenFOAM: The Open Source CFD Toolbox
   \\    /   O peration     | Website:  https://openfoam.org
    \\  /    A nd           | Version:  8
     \\/     M anipulation  |
\*---------------------------------------------------------------------------*/
FoamFile
{
    version     2.0;
    format      ascii;
    class       volScalarField;
    location    "1000";
    object      nut;
}
// * * * * * * * * * * * * * * * * * * * * * * * * * * * * * * * * * * * * * //

dimensions      [0 2 -1 0 0 0 0];

internalField   nonuniform List<scalar> 
4000
(
0.000384988
0.000379233
0.000369341
0.000355976
0.000340622
0.000321612
0.000286691
0.000205842
0.000149867
0.000134951
0.0001285
0.000127179
0.000128228
0.000135103
0.000233833
0.000292985
0.0003144
0.000326412
0.000338265
0.000349038
0.000401267
0.000395522
0.000379617
0.000355113
0.000322053
0.000294111
0.000265217
0.000219071
0.000187042
0.000163536
0.000151297
0.000145193
0.000143954
0.000169717
0.000220016
0.000270208
0.000295505
0.000322432
0.00034879
0.000365314
0.00041071
0.000408751
0.000393641
0.000367856
0.000329672
0.000284353
0.000252407
0.000225405
0.000203319
0.000181698
0.000165443
0.000159856
0.000165153
0.000182299
0.000207843
0.000245111
0.00028887
0.000330038
0.000360992
0.00037443
0.000416079
0.000418919
0.000408936
0.000390862
0.000367497
0.000341898
0.000317321
0.000294034
0.000268896
0.000242996
0.000240038
0.000245252
0.000258061
0.000275219
0.000290309
0.000308941
0.000330858
0.000354006
0.000372928
0.000379338
0.000420107
0.000428138
0.000425809
0.000417514
0.000405996
0.000392376
0.000377705
0.000362229
0.000344558
0.000328037
0.00033058
0.000335681
0.000341519
0.000347666
0.000353988
0.000361243
0.000369929
0.000379121
0.000385626
0.00038322
0.000423932
0.000437332
0.000442052
0.000441535
0.000438089
0.000431907
0.000423036
0.000411609
0.000397847
0.000383455
0.000384422
0.000387568
0.000390804
0.000393603
0.000395833
0.000397504
0.000398521
0.000398707
0.000396158
0.000386098
0.000427969
0.000446855
0.000457964
0.000463758
0.000466072
0.000464875
0.000459969
0.000451476
0.000439767
0.000426001
0.000425494
0.000427168
0.000428523
0.000428813
0.000427658
0.000424944
0.000420526
0.00041439
0.000405001
0.000388305
0.000432734
0.000457756
0.000474967
0.000486502
0.000493762
0.000496526
0.000494419
0.000487692
0.000477075
0.000462748
0.000460711
0.000460958
0.00046049
0.000458444
0.000454456
0.000448284
0.000439619
0.000428481
0.000413382
0.000390531
0.000439003
0.000470453
0.000493862
0.000510474
0.00052198
0.000528371
0.000529178
0.000524842
0.000515774
0.000499935
0.000495623
0.000493646
0.00049083
0.000486265
0.000479568
0.000470477
0.000458527
0.000443463
0.000423225
0.00039411
0.000447268
0.000481403
0.000507415
0.000525552
0.000538607
0.00054756
0.000552758
0.000554145
0.000551312
0.000539034
0.000529993
0.000522548
0.000514729
0.000506083
0.000496348
0.000485164
0.000471878
0.000455291
0.000432303
0.000399727
0.000379233
0.000384147
0.000378242
0.000365425
0.0003491
0.000328797
0.000295876
0.000235326
0.000171582
0.000156979
0.000150449
0.000147018
0.000146039
0.000172325
0.000259616
0.000306569
0.000328428
0.000342898
0.000354735
0.000354147
0.000395522
0.000532518
0.000558232
0.000528928
0.000473622
0.000407226
0.000344634
0.00029524
0.000294473
0.000329462
0.000380352
0.000389697
0.000307779
0.00024963
0.000292437
0.000361089
0.00042027
0.000471812
0.000497269
0.000371627
0.000408751
0.000596239
0.000642095
0.000608523
0.000524934
0.000436037
0.000374577
0.000336685
0.000323319
0.000335795
0.000367342
0.000374137
0.000306577
0.000271719
0.000298028
0.00035169
0.000427794
0.000528283
0.000573955
0.000381886
0.000418919
0.000646775
0.00071522
0.000689486
0.000585242
0.000466515
0.000399864
0.000353339
0.00031912
0.000302023
0.000301675
0.000299427
0.000287567
0.000291244
0.000320326
0.000371836
0.000462528
0.000589855
0.000632281
0.000387831
0.000428138
0.000687653
0.000777363
0.000775001
0.000695085
0.000572574
0.000461286
0.000396511
0.000352032
0.000327935
0.000327579
0.000333214
0.000341452
0.000358813
0.000391077
0.000460482
0.000566633
0.000661088
0.000662398
0.000392338
0.000437332
0.000715747
0.000822179
0.000855001
0.000839444
0.000773274
0.000667805
0.000548004
0.000465886
0.000429454
0.000436011
0.000453223
0.000475826
0.000512284
0.000577002
0.000648307
0.000701488
0.000724027
0.000671846
0.000396139
0.000446855
0.000731116
0.000846321
0.000912505
0.000958393
0.000970289
0.000942635
0.000878162
0.000785099
0.000709851
0.000727878
0.000770112
0.000812748
0.000845415
0.000852957
0.000840504
0.000807795
0.000757545
0.000665985
0.000400133
0.000457756
0.000724885
0.00083894
0.000916001
0.000970468
0.000993492
0.000983974
0.000947891
0.000907991
0.000887525
0.000887276
0.000901722
0.000914285
0.000918248
0.000907451
0.000876672
0.000821666
0.000748655
0.000646567
0.00040566
0.000470453
0.000683713
0.000799223
0.000890074
0.000955962
0.000992433
0.000993739
0.000964367
0.000924184
0.000883915
0.000870391
0.0008782
0.000885892
0.000883732
0.000865547
0.000828971
0.000769336
0.000692718
0.000601341
0.000412898
0.000481403
0.000519379
0.000548825
0.000570327
0.000586614
0.000598444
0.000605868
0.000608526
0.000605442
0.000591681
0.000578996
0.000568543
0.00055755
0.000545608
0.000532563
0.000518105
0.000501575
0.000481818
0.000455556
0.000419377
0.000369341
0.000378242
0.00037507
0.000363921
0.000348277
0.000327088
0.000291986
0.000230603
0.000177909
0.000170276
0.000164851
0.000160038
0.000156923
0.000188058
0.000270213
0.000314599
0.000336624
0.000351773
0.00036202
0.000355516
0.000379617
0.000558232
0.000613687
0.000597822
0.000532983
0.000446938
0.000371928
0.000328019
0.000353698
0.000426218
0.000506514
0.000524921
0.000395983
0.000298552
0.000334217
0.000415474
0.000496478
0.000551979
0.00055675
0.000372711
0.000393641
0.000642095
0.000727051
0.000712511
0.000628927
0.000523551
0.000441277
0.000402676
0.000408589
0.000459281
0.000539303
0.000566283
0.000427093
0.000337112
0.000355649
0.000428861
0.000533403
0.000647789
0.00066173
0.000383514
0.000408936
0.00071522
0.000825026
0.000810834
0.000694987
0.000562041
0.000474016
0.000423969
0.000401905
0.00041535
0.000453144
0.000455852
0.000384784
0.000333911
0.00035447
0.000419667
0.000548354
0.000734579
0.000745875
0.000390257
0.000425809
0.000777363
0.000907165
0.000903203
0.000782761
0.000622485
0.000503023
0.000430788
0.00038891
0.000379267
0.000387196
0.000383266
0.00036001
0.000350709
0.000377966
0.00045506
0.000608858
0.00080895
0.000799304
0.000395675
0.000442052
0.000822179
0.00096829
0.000988116
0.000897802
0.000748681
0.000617525
0.00051431
0.000449066
0.000427402
0.000431637
0.000434956
0.000434567
0.000448619
0.000494936
0.000580978
0.000723345
0.000861698
0.000816947
0.000401275
0.000457964
0.000846321
0.00100817
0.00106651
0.00103833
0.000935545
0.000830847
0.00073743
0.000662803
0.000624438
0.000632826
0.000649038
0.000662062
0.000680328
0.000711122
0.000764887
0.000848299
0.000890796
0.000798959
0.000408604
0.000474967
0.00083894
0.0010288
0.00114443
0.00120078
0.00119299
0.00113279
0.00104397
0.000953201
0.000902346
0.000920371
0.000951949
0.00097258
0.000985328
0.000995259
0.00100572
0.000977913
0.000898758
0.000760333
0.000417899
0.000493862
0.000799223
0.00102949
0.00122345
0.00134505
0.0014089
0.00140768
0.00133008
0.00122952
0.00114869
0.00116426
0.00120415
0.00123335
0.00123843
0.00120963
0.00115069
0.00104473
0.000885082
0.000701612
0.000429096
0.000507415
0.000548825
0.000580971
0.000605254
0.000624234
0.000638447
0.00064788
0.000652097
0.00064929
0.000634019
0.000618024
0.000604901
0.000591193
0.000576596
0.000561074
0.000544267
0.000525413
0.000503477
0.000475228
0.000437053
0.000355976
0.000365425
0.000363921
0.000354376
0.000339374
0.000315372
0.000272364
0.000209407
0.000183434
0.000181466
0.000177551
0.000170383
0.000164375
0.00018895
0.000269746
0.00031602
0.000338545
0.000353309
0.000361433
0.000351908
0.000355113
0.000528928
0.000597822
0.00059042
0.00051714
0.00043404
0.000369453
0.000356223
0.000414252
0.000524648
0.000624046
0.000626561
0.000461401
0.000336945
0.0003576
0.000442929
0.000533907
0.000588522
0.00057282
0.000366822
0.000367856
0.000608523
0.000712511
0.000724761
0.000648508
0.000543721
0.000470507
0.000451951
0.000488847
0.000587835
0.000709718
0.000722577
0.000519598
0.000391727
0.000401218
0.000487005
0.000606459
0.00070808
0.000689298
0.000378068
0.000390862
0.000689486
0.000810834
0.00082065
0.000732944
0.000616866
0.000534296
0.00049559
0.000499858
0.000567315
0.000662493
0.000666745
0.00050773
0.000395736
0.00040453
0.000486015
0.000637459
0.000809505
0.000787969
0.000386561
0.000417514
0.000775001
0.000903203
0.000911195
0.000815477
0.00067858
0.000572444
0.000508903
0.000490534
0.000534231
0.000592051
0.00057605
0.000474504
0.000396774
0.000405029
0.000488826
0.000672274
0.000890939
0.000860991
0.000394469
0.000441535
0.000855001
0.000988116
0.00099946
0.000913904
0.000775684
0.000656368
0.000573902
0.000543173
0.000573588
0.000607354
0.00058389
0.000515475
0.00046648
0.000476777
0.000557318
0.000735882
0.000945917
0.000897342
0.000403116
0.000463758
0.000912505
0.00106651
0.00111232
0.00106848
0.000963527
0.000863354
0.000789028
0.000754059
0.000764371
0.000786108
0.000769319
0.000722868
0.000683287
0.000678189
0.000728605
0.000854661
0.00097093
0.000885086
0.000413542
0.000486502
0.000916001
0.00114443
0.00129703
0.00131599
0.00127201
0.00120739
0.00113259
0.00105915
0.00101897
0.00103431
0.00104436
0.00103478
0.00101871
0.00100976
0.00102096
0.00105356
0.00100102
0.000835117
0.000426007
0.000510474
0.000890074
0.00122345
0.00148893
0.00157241
0.00157971
0.00154119
0.00145783
0.00135162
0.00126457
0.00127286
0.00131057
0.00134125
0.00135069
0.00133654
0.00130242
0.00124727
0.00104139
0.000774856
0.000440422
0.000525552
0.000570327
0.000605254
0.00063255
0.000654984
0.00067218
0.000684323
0.000691083
0.000690787
0.000676012
0.000654244
0.000636802
0.000619813
0.000602538
0.000584589
0.000565324
0.000543819
0.000519635
0.000489251
0.000448988
0.000340622
0.0003491
0.000348277
0.000339374
0.000321944
0.00029022
0.000236403
0.000193264
0.000190251
0.000193458
0.000190884
0.000179113
0.000168974
0.000182486
0.000259314
0.0003111
0.000334991
0.000348809
0.000354841
0.000343503
0.000322053
0.000473622
0.000532983
0.00051714
0.00045829
0.000396644
0.000364731
0.00039847
0.000497197
0.000640911
0.000730223
0.000682377
0.000500573
0.000368817
0.000366761
0.000445483
0.000537411
0.000593214
0.00056412
0.000353532
0.000329672
0.000524934
0.000628927
0.000648508
0.000590359
0.000518151
0.000482968
0.000501083
0.000585794
0.000748829
0.000879915
0.000817328
0.000574795
0.000433262
0.000432905
0.000517981
0.000638551
0.000724818
0.000685681
0.000364991
0.000367497
0.000585242
0.000694987
0.000732944
0.000688364
0.000615284
0.000566632
0.000558996
0.000619409
0.000767033
0.000887303
0.000832009
0.000593213
0.000450727
0.000452294
0.000541331
0.000693497
0.000834071
0.000796519
0.000376364
0.000405996
0.000695085
0.000782761
0.000815477
0.000773427
0.000692064
0.00062377
0.000594013
0.00064271
0.000778135
0.000873609
0.000811264
0.000601646
0.000462631
0.000453926
0.000542462
0.000726062
0.000921083
0.000889407
0.000388492
0.000438089
0.000839444
0.000897802
0.000913904
0.00087377
0.000791703
0.000715146
0.000680245
0.000731628
0.000850757
0.00091449
0.000842656
0.000673332
0.000541324
0.000509943
0.000578271
0.000762454
0.000982877
0.000948027
0.000400816
0.000466072
0.000958393
0.00103833
0.00106848
0.00105154
0.000993868
0.000936328
0.00091097
0.000942728
0.00101227
0.00104159
0.000979938
0.000864952
0.000763854
0.000715696
0.000741656
0.000868589
0.00101287
0.000937703
0.000414314
0.000493762
0.000970468
0.00120078
0.00131599
0.0013386
0.00132239
0.00128567
0.00123389
0.00117988
0.00115326
0.00115312
0.00113797
0.00110327
0.00106954
0.0010439
0.00103886
0.00107416
0.00105371
0.000877456
0.000429223
0.00052198
0.000955962
0.00134505
0.00157241
0.00164711
0.00166282
0.00161956
0.0015296
0.00142596
0.00133814
0.00132381
0.00134992
0.00138808
0.00141102
0.00140505
0.00136775
0.0013079
0.00112347
0.000815789
0.000446409
0.000538607
0.000586614
0.000624234
0.000654984
0.00068075
0.000701226
0.00071725
0.000728748
0.000733587
0.000720475
0.000690725
0.000666747
0.000645063
0.000624416
0.000603859
0.000582316
0.000558407
0.000531391
0.000498763
0.00045641
0.000321612
0.000328797
0.000327088
0.000315372
0.00029022
0.000246013
0.000201749
0.000192999
0.000199872
0.000209356
0.000206603
0.000186012
0.000171486
0.000175438
0.000239576
0.000299823
0.000326836
0.00033971
0.000343911
0.000331466
0.000294111
0.000407226
0.000446938
0.00043404
0.000396644
0.000369399
0.000387767
0.000459361
0.000603254
0.000757277
0.00080585
0.000681917
0.000511209
0.00039505
0.000368665
0.000428961
0.000513234
0.000571736
0.000537209
0.000334695
0.000284353
0.000436037
0.000523551
0.000543721
0.000518151
0.000495252
0.000505585
0.000567952
0.000721644
0.00091427
0.000993296
0.0008336
0.000592847
0.000459871
0.000450239
0.000521468
0.000630437
0.000704533
0.000655543
0.000347243
0.000341898
0.000466515
0.000562041
0.000616866
0.000615284
0.000594529
0.000590539
0.000638104
0.00078705
0.000970916
0.0010416
0.000890098
0.000634763
0.000489299
0.000486094
0.000569247
0.000704584
0.000816895
0.000775578
0.00036365
0.000392376
0.000572574
0.000622485
0.00067858
0.000692064
0.000672208
0.000657062
0.000698821
0.000845947
0.00101677
0.00106826
0.000926209
0.000684438
0.000520453
0.000500359
0.0005847
0.000749058
0.000911509
0.000891447
0.00038046
0.000431907
0.000773274
0.000748681
0.000775684
0.000791703
0.000777212
0.000766495
0.000817971
0.000953408
0.00110105
0.00111436
0.000990559
0.000792258
0.000622746
0.000562653
0.000615185
0.000779613
0.000982774
0.000978867
0.000395617
0.000464875
0.000970289
0.000935545
0.000963527
0.000993868
0.000998776
0.00100517
0.0010481
0.00113381
0.00122432
0.00118801
0.0010961
0.000967086
0.000842041
0.000768738
0.000769431
0.000879098
0.0010307
0.000969091
0.000411229
0.000496526
0.000993492
0.00119299
0.00127201
0.00132239
0.0013459
0.001343
0.00131664
0.00129598
0.00128224
0.0012177
0.00117763
0.00113584
0.00109839
0.00106908
0.00105091
0.00107438
0.00107675
0.0008956
0.000427659
0.000528371
0.000992433
0.0014089
0.00157971
0.00166282
0.00167741
0.00163209
0.0015592
0.00149607
0.00142245
0.00135395
0.00133456
0.00136716
0.00140703
0.0014187
0.00138704
0.00131882
0.0011565
0.000827234
0.000447006
0.00054756
0.000598444
0.000638447
0.00067218
0.000701226
0.000726024
0.000748081
0.000767598
0.000781505
0.000771567
0.000730608
0.000696391
0.000667581
0.000642182
0.000618263
0.000594074
0.000567811
0.000538396
0.000503842
0.000459762
0.000286691
0.000295876
0.000291986
0.000272364
0.000236403
0.000201749
0.000193488
0.000199053
0.000213536
0.000229572
0.000220593
0.000189807
0.000174891
0.000174409
0.000214609
0.000281277
0.000314708
0.000327617
0.000329842
0.000316627
0.000265217
0.000344634
0.000371928
0.000369453
0.000364731
0.000387767
0.000441856
0.000552272
0.00070074
0.000815902
0.000803616
0.000634212
0.00049113
0.000410925
0.000373395
0.000403833
0.000469893
0.000524047
0.00049313
0.00031021
0.000252407
0.000374577
0.000441277
0.000470507
0.000482968
0.000505585
0.000558031
0.000674354
0.000852702
0.000993277
0.000971778
0.000787261
0.000586643
0.000474218
0.000456965
0.000505105
0.000588451
0.000644732
0.000591837
0.000324282
0.000317321
0.000399864
0.000474016
0.000534296
0.000566632
0.000590539
0.000640845
0.000766161
0.000950475
0.00110803
0.00104355
0.000853192
0.000645693
0.000513483
0.000503368
0.000568721
0.000672662
0.00075257
0.00071009
0.000349428
0.000377705
0.000461286
0.000503023
0.000572444
0.00062377
0.000657062
0.000715382
0.000847524
0.0010534
0.00124345
0.00112416
0.000911021
0.000721189
0.00056432
0.000533709
0.000602558
0.000734622
0.000862522
0.000854613
0.00037079
0.000423036
0.000667805
0.000617525
0.000656368
0.000715146
0.000766495
0.000844784
0.000974784
0.00120817
0.00139755
0.00119493
0.000988021
0.000844775
0.000686502
0.000610898
0.000643945
0.000776947
0.000952306
0.00098625
0.000388314
0.000459969
0.000942635
0.000830847
0.000863354
0.000936328
0.00100517
0.00108368
0.00119164
0.00140802
0.00150862
0.0012687
0.00107259
0.00100465
0.000895243
0.000812627
0.000793906
0.000875004
0.00102222
0.000990492
0.00040497
0.000494419
0.000983974
0.00113279
0.00120739
0.00128567
0.001343
0.0013725
0.00141761
0.00154533
0.00155072
0.0013359
0.00117288
0.00112231
0.00109055
0.00106679
0.00104461
0.00105635
0.00107735
0.000897849
0.000421699
0.000529178
0.000993739
0.00140768
0.00154119
0.00161956
0.00163209
0.00161055
0.00161122
0.00164769
0.00159755
0.00143845
0.00131027
0.00130358
0.0013493
0.0013795
0.00135988
0.00129008
0.00115196
0.000811336
0.000442193
0.000552758
0.000605868
0.00064788
0.000684323
0.00071725
0.000748081
0.000779167
0.000811137
0.000839065
0.000832978
0.000777779
0.000728073
0.000688757
0.000656672
0.000628303
0.00060084
0.000571965
0.00054047
0.000504444
0.000459286
0.000205842
0.000235326
0.000230603
0.000209407
0.000193264
0.000192999
0.000199053
0.000211433
0.000231984
0.000242714
0.000217885
0.000193978
0.000182679
0.000180388
0.000195511
0.00025466
0.000298478
0.000313862
0.000314543
0.000300737
0.000219071
0.00029524
0.000328019
0.000356223
0.00039847
0.000459361
0.000552272
0.000656031
0.000749603
0.000828294
0.000739151
0.000552843
0.000453151
0.000412523
0.000385608
0.000383544
0.000421918
0.000462552
0.000441349
0.000280201
0.000225405
0.000336685
0.000402676
0.000451951
0.000501083
0.000567952
0.000674354
0.000802829
0.000967973
0.00113115
0.000942607
0.000701473
0.000572028
0.000484113
0.000458683
0.000480351
0.000528952
0.000560181
0.000499754
0.000298472
0.000294034
0.000353339
0.000423969
0.00049559
0.000558996
0.000638104
0.000766161
0.00092401
0.00120722
0.00139483
0.00107791
0.000770023
0.000641701
0.000532214
0.000508027
0.000546834
0.000609451
0.000644623
0.000593619
0.000333604
0.000362229
0.000396511
0.000430788
0.000508903
0.000594013
0.000698821
0.000847524
0.00106072
0.00148242
0.00161473
0.00123118
0.000858533
0.00072112
0.000599302
0.000553101
0.000595139
0.00068382
0.000764971
0.0007704
0.000359866
0.000411609
0.000548004
0.00051431
0.000573902
0.000680245
0.000817971
0.000974784
0.00125842
0.00174337
0.00179355
0.00138216
0.000977082
0.00083406
0.000729492
0.000645399
0.000653898
0.000747269
0.000883411
0.000961697
0.000379502
0.000451476
0.000878162
0.00073743
0.000789028
0.00091097
0.0010481
0.00119164
0.00151286
0.00192783
0.00188509
0.00149985
0.00109978
0.000972631
0.000919046
0.000837464
0.000803559
0.000851162
0.000977994
0.00100517
0.000396346
0.000487692
0.000947891
0.00104397
0.00113259
0.00123389
0.00131664
0.00141761
0.00168121
0.00195344
0.00188633
0.00157738
0.00120524
0.00107497
0.0010505
0.0010342
0.00101677
0.00102213
0.00104893
0.000892507
0.000412193
0.000524842
0.000964367
0.00133008
0.00145783
0.0015296
0.0015592
0.00161122
0.00175108
0.00190507
0.00183799
0.00161319
0.0013195
0.00123157
0.00126585
0.0013054
0.00129647
0.0012294
0.00111259
0.000772962
0.000432475
0.000554145
0.000608526
0.000652097
0.000691083
0.000728748
0.000767598
0.000811137
0.000860146
0.0009052
0.000898426
0.000831821
0.000761568
0.000708243
0.000667618
0.000633759
0.000602407
0.000570632
0.000537285
0.000500341
0.000454956
0.000149867
0.000171582
0.000177909
0.000183434
0.000190251
0.000199872
0.000213536
0.000231984
0.000246457
0.000257885
0.000226809
0.000210144
0.000200776
0.000193133
0.000193761
0.00022626
0.000276519
0.000298044
0.00029901
0.000285835
0.000187042
0.000294473
0.000353698
0.000414252
0.000497197
0.000603254
0.00070074
0.000749603
0.000822444
0.000757481
0.000604229
0.000492963
0.000432984
0.000415852
0.000396406
0.000377251
0.000381989
0.000404689
0.000389424
0.000251564
0.000203319
0.000323319
0.000408589
0.000488847
0.000585794
0.000721644
0.000852702
0.000967973
0.00115808
0.00108485
0.000861826
0.000675888
0.00055712
0.000498472
0.000461064
0.000456498
0.000470546
0.000476995
0.000420941
0.000274648
0.000268896
0.00031912
0.000401905
0.000499858
0.000619409
0.00078705
0.000950475
0.00120722
0.00148583
0.00131741
0.00108891
0.000831264
0.000639826
0.000554312
0.000507521
0.000514413
0.000536998
0.000534721
0.000477348
0.000318814
0.000344558
0.000352032
0.00038891
0.000490534
0.00064271
0.000845947
0.0010534
0.00148242
0.00176527
0.00149152
0.00129909
0.00097531
0.000721343
0.000629191
0.000562272
0.000569324
0.000611966
0.000646826
0.000655854
0.000348896
0.000397847
0.000465886
0.000449066
0.000543173
0.000731628
0.000953408
0.00120817
0.00174337
0.00195371
0.00162813
0.0014896
0.0011053
0.00081957
0.000752386
0.000663693
0.000644221
0.000695497
0.000793515
0.00091442
0.000370153
0.000439767
0.000785099
0.000662803
0.000754059
0.000942728
0.00113381
0.00140802
0.00192783
0.00204993
0.00173194
0.00164547
0.00120803
0.000934925
0.000914612
0.000842909
0.000795478
0.000812035
0.000911206
0.00101169
0.000386568
0.000477075
0.000907991
0.000953201
0.00105915
0.00117988
0.00129598
0.00154533
0.00195344
0.00207805
0.00180893
0.00175725
0.00127694
0.00103042
0.00101211
0.000995309
0.000980279
0.000979794
0.00100499
0.000887543
0.000400898
0.000515774
0.000924184
0.00122952
0.00135162
0.00142596
0.00149607
0.00164769
0.00190507
0.00205294
0.00186408
0.00177621
0.00134733
0.00117847
0.00119727
0.00123116
0.00122044
0.00115302
0.00103837
0.000729196
0.000419906
0.000551312
0.000605442
0.00064929
0.000690787
0.000733587
0.000781505
0.000839065
0.0009052
0.000959687
0.000932778
0.000880395
0.000790416
0.000722224
0.000672816
0.000633351
0.000598001
0.000563336
0.000528496
0.00049137
0.000446631
0.000134951
0.000156979
0.000170276
0.000181466
0.000193458
0.000209356
0.000229572
0.000242714
0.000257885
0.000668993
0.000694483
0.000272137
0.000254409
0.000232099
0.0002106
0.000212963
0.000252161
0.000277942
0.000280873
0.00026625
0.000163536
0.000329462
0.000426218
0.000524648
0.000640911
0.000757277
0.000815902
0.000828294
0.000757481
0.00065218
0.000715056
0.000572766
0.000463248
0.000429001
0.000407759
0.000379681
0.00035532
0.000356873
0.000345644
0.000238105
0.000181698
0.000335795
0.000459281
0.000587835
0.000748829
0.00091427
0.000993277
0.00113115
0.00108485
0.000801425
0.000929569
0.000795509
0.000573375
0.000510049
0.000465112
0.000437136
0.000422609
0.000411251
0.000370703
0.000255248
0.000242996
0.000302023
0.00041535
0.000567315
0.000767033
0.000970916
0.00110803
0.00139483
0.00131741
0.000917824
0.00114368
0.000936539
0.000656354
0.000571732
0.000506821
0.000481473
0.000473086
0.000455832
0.000422948
0.000309
0.000328037
0.000327935
0.000379267
0.000534231
0.000778135
0.00101677
0.00124345
0.00161473
0.00149152
0.00103248
0.00134847
0.0010357
0.00072883
0.00064552
0.000564696
0.000536774
0.000542076
0.000552148
0.000567699
0.000340511
0.000383455
0.000429454
0.000427402
0.000573588
0.000850757
0.00110105
0.00139755
0.00179355
0.00162813
0.0011551
0.00153576
0.0011144
0.000806593
0.000751758
0.00066694
0.000622765
0.000638006
0.000711787
0.00086904
0.000362372
0.000426001
0.000709851
0.000624438
0.000764371
0.00101227
0.00122432
0.00150862
0.00188509
0.00173194
0.00128437
0.00169158
0.00117951
0.000908912
0.000897255
0.000834883
0.000778001
0.000768732
0.000848568
0.00101378
0.000378071
0.000462748
0.000887525
0.000902346
0.00101897
0.00115326
0.00128224
0.00155072
0.00188633
0.00180893
0.00141575
0.00179913
0.00123379
0.00102198
0.00100949
0.000984651
0.000959356
0.000945868
0.000966166
0.000894793
0.000390386
0.000499935
0.000883915
0.00114869
0.00126457
0.00133814
0.00142245
0.00159755
0.00183799
0.00186408
0.00155532
0.00180503
0.00130725
0.00116384
0.00119165
0.00120293
0.00117122
0.00109585
0.000985162
0.000707097
0.000407092
0.000539034
0.000591681
0.000634019
0.000676012
0.000720475
0.000771567
0.000832978
0.000898426
0.000932778
0.000837013
0.00088511
0.000790931
0.000718236
0.000666274
0.00062438
0.000586794
0.000550444
0.000514931
0.000478638
0.000434891
0.0001285
0.000150449
0.000164851
0.000177551
0.000190884
0.000206603
0.000220593
0.000217885
0.000226809
0.000694483
0.000814955
0.00030042
0.000292665
0.000281747
0.000266348
0.000245809
0.000239466
0.000256126
0.000258191
0.000244202
0.000151297
0.000380352
0.000506514
0.000624046
0.000730223
0.00080585
0.000803616
0.000739151
0.000604229
0.000715056
0.000753778
0.000584232
0.000522572
0.000472206
0.000427462
0.000386161
0.000348024
0.000327499
0.000309332
0.000228198
0.000165443
0.000367342
0.000539303
0.000709718
0.000879915
0.000993296
0.000971778
0.000942607
0.000861826
0.000929569
0.000912237
0.00073451
0.000615649
0.000540577
0.00047153
0.000424125
0.000389631
0.000365781
0.000338884
0.000248808
0.000240038
0.000301675
0.000453144
0.000662493
0.000887303
0.0010416
0.00104355
0.00107791
0.00108891
0.00114368
0.00104871
0.000820911
0.000685112
0.000592625
0.000508837
0.000456823
0.000425733
0.000404195
0.000395001
0.000306316
0.00033058
0.000327579
0.000387196
0.000592051
0.000873609
0.00106826
0.00112416
0.00123118
0.00129909
0.00134847
0.00115843
0.000874516
0.000751839
0.000657207
0.000566391
0.000510547
0.000489678
0.000495475
0.000536759
0.000338308
0.000384422
0.000436011
0.000431637
0.000607354
0.00091449
0.00111436
0.00119493
0.00138216
0.0014896
0.00153576
0.00125251
0.000920946
0.000832828
0.000751497
0.000663898
0.000602318
0.000592099
0.000658355
0.000846475
0.000360412
0.000425494
0.000727878
0.000632826
0.000786108
0.00104159
0.00118801
0.0012687
0.00149985
0.00164547
0.00169158
0.00133998
0.000989746
0.000953317
0.000899437
0.000826963
0.00076222
0.000736314
0.000808765
0.00101841
0.000376035
0.000460711
0.000887276
0.000920371
0.00103431
0.00115312
0.0012177
0.0013359
0.00157738
0.00175725
0.00179913
0.00143183
0.0011193
0.00108924
0.00105498
0.00100818
0.000962534
0.00093341
0.000950363
0.000903894
0.000386474
0.000495623
0.000870391
0.00116426
0.00127286
0.00132381
0.00135395
0.00143845
0.00161319
0.00177621
0.00180503
0.00149199
0.00125064
0.00125858
0.00126791
0.00123656
0.00117588
0.00108842
0.000980073
0.000708583
0.000401065
0.000529993
0.000578996
0.000618024
0.000654244
0.000690725
0.000730608
0.000777779
0.000831821
0.000880395
0.00088511
0.000808357
0.000735782
0.000683492
0.000640984
0.000603009
0.000567528
0.000533078
0.000499731
0.000465688
0.000425207
0.000127179
0.000147018
0.000160038
0.000170383
0.000179113
0.000186012
0.000189807
0.000193978
0.000210144
0.000272137
0.00030042
0.000309151
0.000310884
0.000308619
0.000303314
0.000295007
0.000283729
0.000268488
0.000252625
0.000231611
0.000145193
0.000389697
0.000524921
0.000626561
0.000682377
0.000681917
0.000634212
0.000552843
0.000492963
0.000572766
0.000584232
0.000601059
0.00059486
0.000559848
0.000513852
0.0004557
0.000390461
0.0003395
0.000290621
0.000223086
0.000159856
0.000374137
0.000566283
0.000722577
0.000817328
0.0008336
0.000787261
0.000701473
0.000675888
0.000795509
0.00073451
0.0007052
0.0006934
0.000631001
0.000543904
0.000455597
0.000390559
0.000348534
0.000319134
0.000254539
0.000245252
0.000299427
0.000455852
0.000666745
0.000832009
0.000890098
0.000853192
0.000770023
0.000831264
0.000936539
0.000820911
0.000770217
0.000752334
0.000674351
0.000560942
0.000466928
0.000409929
0.000381698
0.000383472
0.000309661
0.000335681
0.000333214
0.000383266
0.00057605
0.000811264
0.000926209
0.000911021
0.000858533
0.00097531
0.0010357
0.000874516
0.00082283
0.000802537
0.000723943
0.000605556
0.000513778
0.000469511
0.00047595
0.000543042
0.000340666
0.000387568
0.000453223
0.000434956
0.00058389
0.000842656
0.000990559
0.000988021
0.000977082
0.0011053
0.0011144
0.000920946
0.000888214
0.000872877
0.000803943
0.000695404
0.000605249
0.000574132
0.000642836
0.000871365
0.000362491
0.000427168
0.000770112
0.000649038
0.000769319
0.000979938
0.0010961
0.00107259
0.00109978
0.00120803
0.00117951
0.000989746
0.000999499
0.00100214
0.000950323
0.00085764
0.000767727
0.000727593
0.000803647
0.00103753
0.000378004
0.000460958
0.000901722
0.000951949
0.00104436
0.00113797
0.00117763
0.00117288
0.00120524
0.00127694
0.00123379
0.0011193
0.00115667
0.00116103
0.00113244
0.00106769
0.000990196
0.0009441
0.000963775
0.000931504
0.000387124
0.000493646
0.0008782
0.00120415
0.00131057
0.00134992
0.00133456
0.00131027
0.0013195
0.00134733
0.00130725
0.00125064
0.00132549
0.00136604
0.00134522
0.00128455
0.00120079
0.00110462
0.00100312
0.000733559
0.000400096
0.000522548
0.000568543
0.000604901
0.000636802
0.000666747
0.000696391
0.000728073
0.000761568
0.000790416
0.000790931
0.000735782
0.000692715
0.000654975
0.000619117
0.000584937
0.000552281
0.000520547
0.000489924
0.000458312
0.000420346
0.000128228
0.000146039
0.000156923
0.000164375
0.000168974
0.000171486
0.000174891
0.000182679
0.000200776
0.000254409
0.000292665
0.000310884
0.000319295
0.000322544
0.000322495
0.000319566
0.000313461
0.000303528
0.000289325
0.000271012
0.000143954
0.000307779
0.000395983
0.000461401
0.000500573
0.000511209
0.00049113
0.000453151
0.000432984
0.000463248
0.000522572
0.00059486
0.000640662
0.000647606
0.000628167
0.000587501
0.000521175
0.000419611
0.000319919
0.000232295
0.000165153
0.000306577
0.000427093
0.000519598
0.000574795
0.000592847
0.000586643
0.000572028
0.00055712
0.000573375
0.000615649
0.0006934
0.000750181
0.000741577
0.000677666
0.000576912
0.000467591
0.000382655
0.000330927
0.000272796
0.000258061
0.000287567
0.000384784
0.00050773
0.000593213
0.000634763
0.000645693
0.000641701
0.000639826
0.000656354
0.000685112
0.000752334
0.000813055
0.000796546
0.00070051
0.000562187
0.000459002
0.000404216
0.000399877
0.000316918
0.000341519
0.000341452
0.00036001
0.000474504
0.000601646
0.000684438
0.000721189
0.00072112
0.000721343
0.00072883
0.000751839
0.000802537
0.000858599
0.000840634
0.000734948
0.000592013
0.000508666
0.000505598
0.000595308
0.000345662
0.000390804
0.000475826
0.000434567
0.000515475
0.000673332
0.000792258
0.000844775
0.00083406
0.00081957
0.000806593
0.000832828
0.000872877
0.000921662
0.00090711
0.000807264
0.000673578
0.000609483
0.000675741
0.000951629
0.000366385
0.000428523
0.000812748
0.000662062
0.000722868
0.000864952
0.000967086
0.00100465
0.000972631
0.000934925
0.000908912
0.000953317
0.00100214
0.00104903
0.0010424
0.000957846
0.000835112
0.000767167
0.000843756
0.00107615
0.000381019
0.00046049
0.000914285
0.00097258
0.00103478
0.00110327
0.00113584
0.00112231
0.00107497
0.00103042
0.00102198
0.00108924
0.00116103
0.00121149
0.00121766
0.00116292
0.00106376
0.000994458
0.00100952
0.000976991
0.000388334
0.00049083
0.000885892
0.00123335
0.00134125
0.00138808
0.00136716
0.00130358
0.00123157
0.00117847
0.00116384
0.00125858
0.00136604
0.001407
0.00139186
0.00133199
0.00124079
0.00113791
0.00103862
0.000770516
0.000399032
0.000514729
0.00055755
0.000591193
0.000619813
0.000645063
0.000667581
0.000688757
0.000708243
0.000722224
0.000718236
0.000683492
0.000654975
0.000625609
0.000595441
0.000565623
0.000536294
0.000507286
0.000479209
0.000450181
0.000415
0.000135103
0.000172325
0.000188058
0.00018895
0.000182486
0.000175438
0.000174409
0.000180388
0.000193133
0.000232099
0.000281747
0.000308619
0.000322544
0.000329821
0.000333264
0.000333837
0.000331278
0.000324591
0.000312349
0.00029286
0.000169717
0.00024963
0.000298552
0.000336945
0.000368817
0.00039505
0.000410925
0.000412523
0.000415852
0.000429001
0.000472206
0.000559848
0.000647606
0.000694352
0.000705169
0.000686805
0.000640054
0.000558035
0.000424659
0.00025167
0.000182299
0.000271719
0.000337112
0.000391727
0.000433262
0.000459871
0.000474218
0.000484113
0.000498472
0.000510049
0.000540577
0.000631001
0.000741577
0.000800767
0.000791467
0.000722953
0.000607111
0.000472645
0.000377872
0.000291656
0.000275219
0.000291244
0.000333911
0.000395736
0.000450727
0.000489299
0.000513483
0.000532214
0.000554312
0.000571732
0.000592625
0.000674351
0.000796546
0.000872792
0.000853055
0.000741843
0.000589763
0.000487223
0.000459287
0.000326863
0.000347666
0.000358813
0.000350709
0.000396774
0.000462631
0.000520453
0.00056432
0.000599302
0.000629191
0.00064552
0.000657207
0.000723943
0.000840634
0.000921973
0.000897841
0.000769417
0.000635647
0.000602864
0.000704848
0.000352552
0.000393603
0.000512284
0.000448619
0.00046648
0.000541324
0.000622746
0.000686502
0.000729492
0.000752386
0.000751758
0.000751497
0.000803943
0.00090711
0.000985955
0.000964041
0.000840611
0.000731043
0.000772307
0.00106971
0.00037118
0.000428813
0.000845415
0.000680328
0.000683287
0.000763854
0.000842041
0.000895243
0.000919046
0.000914612
0.000897255
0.000899437
0.000950323
0.0010424
0.00111472
0.00109887
0.000991395
0.000886845
0.000938642
0.00112527
0.000384068
0.000458444
0.000918248
0.000985328
0.00101871
0.00106954
0.00109839
0.00109055
0.0010505
0.00101211
0.00100949
0.00105498
0.00113244
0.00121766
0.00127679
0.00126914
0.00118849
0.00109791
0.00108975
0.00102275
0.000389428
0.000486265
0.000883732
0.00123843
0.00135069
0.00141102
0.00140703
0.0013493
0.00126585
0.00119727
0.00119165
0.00126791
0.00134522
0.00139186
0.00140029
0.00136084
0.0012813
0.00117945
0.00107835
0.000805057
0.00039783
0.000506083
0.000545608
0.000576596
0.000602538
0.000624416
0.000642182
0.000656672
0.000667618
0.000672816
0.000666274
0.000640984
0.000619117
0.000595441
0.000570505
0.000545419
0.000520215
0.000494561
0.000469142
0.000442426
0.000409758
0.000233833
0.000259616
0.000270213
0.000269746
0.000259314
0.000239576
0.000214609
0.000195511
0.000193761
0.0002106
0.000266348
0.000303314
0.000322495
0.000333264
0.000339414
0.000342635
0.000342874
0.000339009
0.000328904
0.00030783
0.000220016
0.000292437
0.000334217
0.0003576
0.000366761
0.000368665
0.000373395
0.000385608
0.000396406
0.000407759
0.000427462
0.000513852
0.000628167
0.000705169
0.000739275
0.000734605
0.000692859
0.000615818
0.000492247
0.000290475
0.000207843
0.000298028
0.000355649
0.000401218
0.000432905
0.000450239
0.000456965
0.000458683
0.000461064
0.000465112
0.00047153
0.000543904
0.000677666
0.000791467
0.000846647
0.000831885
0.000755004
0.000623418
0.000461205
0.000310071
0.000290309
0.000320326
0.00035447
0.00040453
0.000452294
0.000486094
0.000503368
0.000508027
0.000507521
0.000506821
0.000508837
0.000560942
0.00070051
0.000853055
0.000943506
0.000926024
0.000811103
0.000663777
0.000588118
0.000338117
0.000353988
0.000391077
0.000377966
0.000405029
0.000453926
0.000500359
0.000533709
0.000553101
0.000562272
0.000564696
0.000566391
0.000605556
0.000734948
0.000897841
0.00100267
0.000983048
0.000862819
0.000792656
0.000868263
0.000359849
0.000395833
0.000577002
0.000494936
0.000476777
0.000509943
0.000562653
0.000610898
0.000645399
0.000663693
0.00066694
0.000663898
0.000695404
0.000807264
0.000964041
0.00106899
0.00104867
0.00094621
0.000948025
0.0011604
0.000375393
0.000427658
0.000852957
0.000711122
0.000678189
0.000715696
0.000768738
0.000812627
0.000837464
0.000842909
0.000834883
0.000826963
0.00085764
0.000957846
0.00109887
0.00119089
0.00116833
0.00107691
0.00108805
0.00116492
0.000385433
0.000454456
0.000907451
0.000995259
0.00100976
0.0010439
0.00106908
0.00106679
0.0010342
0.000995309
0.000984651
0.00100818
0.00106769
0.00116292
0.00126914
0.00132327
0.00129221
0.00122124
0.00118658
0.00104937
0.000389348
0.000479568
0.000865547
0.00120963
0.00133654
0.00140505
0.0014187
0.0013795
0.0013054
0.00123116
0.00120293
0.00123656
0.00128455
0.00133199
0.00136084
0.00134408
0.00129039
0.00120804
0.00110852
0.000823656
0.000396003
0.000496348
0.000532563
0.000561074
0.000584589
0.000603859
0.000618263
0.000628303
0.000633759
0.000633351
0.00062438
0.000603009
0.000584937
0.000565623
0.000545419
0.000524905
0.000504045
0.000482209
0.000459663
0.000435065
0.000404627
0.000292985
0.000306569
0.000314599
0.00031602
0.0003111
0.000299823
0.000281277
0.00025466
0.00022626
0.000212963
0.000245809
0.000295007
0.000319566
0.000333837
0.000342635
0.000348557
0.000350936
0.000349195
0.000341153
0.000320799
0.000270208
0.000361089
0.000415474
0.000442929
0.000445483
0.000428961
0.000403833
0.000383544
0.000377251
0.000379681
0.000386161
0.0004557
0.000587501
0.000686805
0.000734605
0.000733454
0.000713974
0.000656608
0.000543748
0.00031606
0.000245111
0.00035169
0.000428861
0.000487005
0.000517981
0.000521468
0.000505105
0.000480351
0.000456498
0.000437136
0.000424125
0.000455597
0.000576912
0.000722953
0.000831885
0.000876142
0.000850666
0.000768998
0.000625144
0.000328282
0.000308941
0.000371836
0.000419667
0.000486015
0.000541331
0.000569247
0.000568721
0.000546834
0.000514413
0.000481473
0.000456823
0.000466928
0.000562187
0.000741843
0.000926024
0.00102797
0.00101576
0.000909753
0.000763993
0.000348641
0.000361243
0.000460482
0.00045506
0.000488826
0.000542462
0.0005847
0.000602558
0.000595139
0.000569324
0.000536774
0.000510547
0.000513778
0.000592013
0.000769417
0.000983048
0.0011108
0.00111623
0.00104696
0.00100453
0.000365046
0.000397504
0.000648307
0.000580978
0.000557318
0.000578271
0.000615185
0.000643945
0.000653898
0.000644221
0.000622765
0.000602318
0.000605249
0.000673578
0.000840611
0.00104867
0.0011791
0.00118728
0.00117997
0.00120947
0.000376593
0.000424944
0.000840504
0.000764887
0.000728605
0.000741656
0.000769431
0.000793906
0.000803559
0.000795478
0.000778001
0.00076222
0.000767727
0.000835112
0.000991395
0.00116833
0.00126444
0.00126618
0.00125795
0.0011789
0.0003843
0.000448284
0.000876672
0.00100572
0.00102096
0.00103886
0.00105091
0.00104461
0.00101677
0.000980279
0.000959356
0.000962534
0.000990196
0.00106376
0.00118849
0.00129221
0.00132817
0.00130935
0.00126337
0.00104309
0.000387398
0.000470477
0.000828971
0.00115069
0.00130242
0.00136775
0.00138704
0.00135988
0.00129647
0.00122044
0.00117122
0.00117588
0.00120079
0.00124079
0.0012813
0.00129039
0.00126422
0.00120678
0.00111339
0.000816933
0.00039282
0.000485164
0.000518105
0.000544267
0.000565324
0.000582316
0.000594074
0.00060084
0.000602407
0.000598001
0.000586794
0.000567528
0.000552281
0.000536294
0.000520215
0.000504045
0.000487313
0.000469272
0.000449741
0.00042736
0.000399073
0.0003144
0.000328428
0.000336624
0.000338545
0.000334991
0.000326836
0.000314708
0.000298478
0.000276519
0.000252161
0.000239466
0.000283729
0.000313461
0.000331278
0.000342874
0.000350936
0.000355444
0.000356004
0.000350086
0.000330299
0.000295505
0.00042027
0.000496478
0.000533907
0.000537411
0.000513234
0.000469893
0.000421918
0.000381989
0.00035532
0.000348024
0.000390461
0.000521175
0.000640054
0.000692859
0.000713974
0.000722416
0.000689555
0.000586026
0.000333548
0.00028887
0.000427794
0.000533403
0.000606459
0.000638551
0.000630437
0.000588451
0.000528952
0.000470546
0.000422609
0.000389631
0.000390559
0.000467591
0.000607111
0.000755004
0.000850666
0.00089292
0.000863568
0.000725307
0.000343999
0.000330858
0.000462528
0.000548354
0.000637459
0.000693497
0.000704584
0.000672662
0.000609451
0.000536998
0.000473086
0.000425733
0.000409929
0.000459002
0.000589763
0.000811103
0.00101576
0.00108773
0.00106219
0.00089796
0.000356935
0.000369929
0.000566633
0.000608858
0.000672274
0.000726062
0.000749058
0.000734622
0.00068382
0.000611966
0.000542076
0.000489678
0.000469511
0.000508666
0.000635647
0.000862819
0.00111623
0.00125992
0.00124295
0.00107948
0.000367692
0.000398521
0.000701488
0.000723345
0.000735882
0.000762454
0.000779613
0.000776947
0.000747269
0.000695497
0.000638006
0.000592099
0.000574132
0.000609483
0.000731043
0.00094621
0.00118728
0.00135159
0.00136432
0.00120879
0.000375057
0.000420526
0.000807795
0.000848299
0.000854661
0.000868589
0.000879098
0.000875004
0.000851162
0.000812035
0.000768732
0.000736314
0.000727593
0.000767167
0.000886845
0.00107691
0.00126618
0.00137597
0.00137266
0.00114799
0.000380809
0.000439619
0.000821666
0.000977913
0.00105356
0.00107416
0.00107438
0.00105635
0.00102213
0.000979794
0.000945868
0.00093341
0.0009441
0.000994458
0.00109791
0.00122124
0.00130935
0.00133581
0.00127875
0.000993885
0.000383346
0.000458527
0.000769336
0.00104473
0.00124727
0.0013079
0.00131882
0.00129008
0.0012294
0.00115302
0.00109585
0.00108842
0.00110462
0.00113791
0.00117945
0.00120804
0.00120678
0.00116979
0.00107715
0.000778691
0.000387613
0.000471878
0.000501575
0.000525413
0.000543819
0.000558407
0.000567811
0.000571965
0.000570632
0.000563336
0.000550444
0.000533078
0.000520547
0.000507286
0.000494561
0.000482209
0.000469272
0.000454797
0.000438282
0.000418359
0.000392242
0.000326412
0.000342898
0.000351773
0.000353309
0.000348809
0.00033971
0.000327617
0.000313862
0.000298044
0.000277942
0.000256126
0.000268488
0.000303528
0.000324591
0.000339009
0.000349195
0.000356004
0.000359076
0.00035553
0.000336697
0.000322432
0.000471812
0.000551979
0.000588522
0.000593214
0.000571736
0.000524047
0.000462552
0.000404689
0.000356873
0.000327499
0.0003395
0.000419611
0.000558035
0.000615818
0.000656608
0.000689555
0.00068588
0.000603302
0.000345735
0.000330038
0.000528283
0.000647789
0.00070808
0.000724818
0.000704533
0.000644732
0.000560181
0.000476995
0.000411251
0.000365781
0.000348534
0.000382655
0.000472645
0.000623418
0.000768998
0.000863568
0.000881027
0.000761709
0.000355455
0.000354006
0.000589855
0.000734579
0.000809505
0.000834071
0.000816895
0.00075257
0.000644623
0.000534721
0.000455832
0.000404195
0.000381698
0.000404216
0.000487223
0.000663777
0.000909753
0.00106219
0.00108752
0.000922735
0.000363021
0.000379121
0.000661088
0.00080895
0.000890939
0.000921083
0.000911509
0.000862522
0.000764971
0.000646826
0.000552148
0.000495475
0.00047595
0.000505598
0.000602864
0.000792656
0.00104696
0.00124295
0.00126805
0.00105786
0.000368928
0.000398707
0.000724027
0.000861698
0.000945917
0.000982877
0.000982774
0.000952306
0.000883411
0.000793515
0.000711787
0.000658355
0.000642836
0.000675741
0.000772307
0.000948025
0.00117997
0.00136432
0.00137506
0.00111892
0.000372664
0.00041439
0.000757545
0.000890796
0.00097093
0.00101287
0.0010307
0.00102222
0.000977994
0.000911206
0.000848568
0.000808765
0.000803647
0.000843756
0.000938642
0.00108805
0.00125795
0.00137266
0.00132922
0.00104857
0.000375828
0.000428481
0.000748655
0.000898758
0.00100102
0.00105371
0.00107675
0.00107735
0.00104893
0.00100499
0.000966166
0.000950363
0.000963775
0.00100952
0.00108975
0.00118658
0.00126337
0.00127875
0.00116498
0.000892738
0.000377382
0.000443463
0.000692718
0.000885082
0.00104139
0.00112347
0.0011565
0.00115196
0.00111259
0.00103837
0.000985162
0.000980073
0.00100312
0.00103862
0.00107835
0.00110852
0.00111339
0.00107715
0.000930504
0.000701331
0.000379936
0.000455291
0.000481818
0.000503477
0.000519635
0.000531391
0.000538396
0.00054047
0.000537285
0.000528496
0.000514931
0.000499731
0.000489924
0.000479209
0.000469142
0.000459663
0.000449741
0.000438282
0.000424786
0.000407143
0.000383031
0.000338265
0.000354735
0.00036202
0.000361433
0.000354841
0.000343911
0.000329842
0.000314543
0.00029901
0.000280873
0.000258191
0.000252625
0.000289325
0.000312349
0.000328904
0.000341153
0.000350086
0.00035553
0.000354918
0.000339999
0.00034879
0.000497269
0.00055675
0.00057282
0.00056412
0.000537209
0.00049313
0.000441349
0.000389424
0.000345644
0.000309332
0.000290621
0.000319919
0.000424659
0.000492247
0.000543748
0.000586026
0.000603302
0.000558179
0.000351896
0.000360992
0.000573955
0.00066173
0.000689298
0.000685681
0.000655543
0.000591837
0.000499754
0.000420941
0.000370703
0.000338884
0.000319134
0.000330927
0.000377872
0.000461205
0.000625144
0.000725307
0.000761709
0.000686597
0.000360269
0.000372928
0.000632281
0.000745875
0.000787969
0.000796519
0.000775578
0.00071009
0.000593619
0.000477348
0.000422948
0.000395001
0.000383472
0.000399877
0.000459287
0.000588118
0.000763993
0.00089796
0.000922735
0.000799447
0.000364526
0.000385626
0.000662398
0.000799304
0.000860991
0.000889407
0.000891447
0.000854613
0.0007704
0.000655854
0.000567699
0.000536759
0.000543042
0.000595308
0.000704848
0.000868263
0.00100453
0.00107948
0.00105786
0.000880695
0.000366551
0.000396158
0.000671846
0.000816947
0.000897342
0.000948027
0.000978867
0.00098625
0.000961697
0.00091442
0.00086904
0.000846475
0.000871365
0.000951629
0.00106971
0.0011604
0.00120947
0.00120879
0.00111892
0.000906009
0.000367353
0.000405001
0.000665985
0.000798959
0.000885086
0.000937703
0.000969091
0.000990492
0.00100517
0.00101169
0.00101378
0.00101841
0.00103753
0.00107615
0.00112527
0.00116492
0.0011789
0.00114799
0.00104857
0.000835985
0.00036818
0.000413382
0.000646567
0.000760333
0.000835117
0.000877456
0.0008956
0.000897849
0.000892507
0.000887543
0.000894793
0.000903894
0.000931504
0.000976991
0.00102275
0.00104937
0.00104309
0.000993885
0.000892738
0.000723381
0.000367932
0.000423225
0.000601341
0.000701612
0.000774856
0.000815789
0.000827234
0.000811336
0.000772962
0.000729196
0.000707097
0.000708583
0.000733559
0.000770516
0.000805057
0.000823656
0.000816933
0.000778691
0.000701331
0.000589657
0.000368144
0.000432303
0.000455556
0.000475228
0.000489251
0.000498763
0.000503842
0.000504444
0.000500341
0.00049137
0.000478638
0.000465688
0.000458312
0.000450181
0.000442426
0.000435065
0.00042736
0.000418359
0.000407143
0.000391274
0.000368973
0.000349038
0.000354147
0.000355516
0.000351908
0.000343503
0.000331466
0.000316627
0.000300737
0.000285835
0.00026625
0.000244202
0.000231611
0.000271012
0.00029286
0.00030783
0.000320799
0.000330299
0.000336697
0.000339999
0.000339671
0.000365314
0.000371627
0.000372711
0.000366822
0.000353532
0.000334695
0.00031021
0.000280201
0.000251564
0.000238105
0.000228198
0.000223086
0.000232295
0.00025167
0.000290475
0.00031606
0.000333548
0.000345735
0.000351896
0.00034875
0.00037443
0.000381886
0.000383514
0.000378068
0.000364991
0.000347243
0.000324282
0.000298472
0.000274648
0.000255248
0.000248808
0.000254539
0.000272796
0.000291656
0.000310071
0.000328282
0.000343999
0.000355455
0.000360269
0.000352727
0.000379338
0.000387831
0.000390257
0.000386561
0.000376364
0.00036365
0.000349428
0.000333604
0.000318814
0.000309
0.000306316
0.000309661
0.000316918
0.000326863
0.000338117
0.000348641
0.000356935
0.000363021
0.000364526
0.000353265
0.00038322
0.000392338
0.000395675
0.000394469
0.000388492
0.00038046
0.00037079
0.000359866
0.000348896
0.000340511
0.000338308
0.000340666
0.000345662
0.000352552
0.000359849
0.000365046
0.000367692
0.000368928
0.000366551
0.000352642
0.000386098
0.000396139
0.000401275
0.000403116
0.000400816
0.000395617
0.000388314
0.000379502
0.000370153
0.000362372
0.000360412
0.000362491
0.000366385
0.00037118
0.000375393
0.000376593
0.000375057
0.000372664
0.000367353
0.000351381
0.000388305
0.000400133
0.000408604
0.000413542
0.000414314
0.000411229
0.00040497
0.000396346
0.000386568
0.000378071
0.000376035
0.000378004
0.000381019
0.000384068
0.000385433
0.0003843
0.000380809
0.000375828
0.00036818
0.000349818
0.000390531
0.00040566
0.000417899
0.000426007
0.000429223
0.000427659
0.000421699
0.000412193
0.000400898
0.000390386
0.000386474
0.000387124
0.000388334
0.000389428
0.000389348
0.000387398
0.000383346
0.000377382
0.000367932
0.000348342
0.00039411
0.000412898
0.000429096
0.000440422
0.000446409
0.000447006
0.000442193
0.000432475
0.000419906
0.000407092
0.000401065
0.000400096
0.000399032
0.00039783
0.000396003
0.00039282
0.000387613
0.000379936
0.000368144
0.000347756
0.000399727
0.000419377
0.000437053
0.000448988
0.00045641
0.000459762
0.000459286
0.000454956
0.000446631
0.000434891
0.000425207
0.000420346
0.000415
0.000409758
0.000404627
0.000399073
0.000392242
0.000383031
0.000368973
0.000349003
)
;

boundaryField
{
    floor
    {
        type            nutkWallFunction;
        Cmu             0.09;
        kappa           0.41;
        E               9.8;
        value           nonuniform List<scalar> 
400
(
4.65351e-05
4.58155e-05
4.45717e-05
4.28821e-05
4.09273e-05
3.84855e-05
3.39553e-05
2.36003e-05
1.56193e-05
1.34601e-05
1.25604e-05
1.23849e-05
1.25192e-05
1.34134e-05
2.6668e-05
3.46098e-05
3.74858e-05
3.90729e-05
4.06069e-05
4.19835e-05
4.58155e-05
4.64338e-05
4.56937e-05
4.40773e-05
4.20017e-05
3.93961e-05
3.51217e-05
2.72686e-05
1.88004e-05
1.65967e-05
1.56723e-05
1.51854e-05
1.49985e-05
1.8441e-05
3.00489e-05
3.63718e-05
3.92829e-05
4.11738e-05
4.26943e-05
4.2627e-05
4.45717e-05
4.56937e-05
4.52952e-05
4.38828e-05
4.18835e-05
3.91454e-05
3.45417e-05
2.64998e-05
1.96219e-05
1.84596e-05
1.76901e-05
1.70053e-05
1.65239e-05
2.04602e-05
3.13722e-05
3.73903e-05
4.03274e-05
4.23041e-05
4.36231e-05
4.28007e-05
4.28821e-05
4.40773e-05
4.38828e-05
4.26584e-05
4.07193e-05
3.75741e-05
3.18769e-05
2.36805e-05
2.03133e-05
2.0013e-05
1.94573e-05
1.84477e-05
1.75694e-05
2.05646e-05
3.1206e-05
3.75358e-05
4.05661e-05
4.25044e-05
4.35614e-05
4.23497e-05
4.09273e-05
4.20017e-05
4.18835e-05
4.07193e-05
3.84249e-05
3.42022e-05
2.71148e-05
2.16185e-05
2.1225e-05
2.16618e-05
2.1293e-05
1.96648e-05
1.82296e-05
1.97771e-05
2.97078e-05
3.68341e-05
4.00968e-05
4.1935e-05
4.27388e-05
4.12928e-05
3.84855e-05
3.93961e-05
3.91454e-05
3.75741e-05
3.42022e-05
2.83434e-05
2.26495e-05
2.15843e-05
2.25442e-05
2.38286e-05
2.34297e-05
2.06268e-05
1.86001e-05
1.89808e-05
2.70155e-05
3.52633e-05
3.90237e-05
4.07729e-05
4.13595e-05
3.97704e-05
3.39553e-05
3.51217e-05
3.45417e-05
3.18769e-05
2.71148e-05
2.26495e-05
2.16334e-05
2.24284e-05
2.44134e-05
2.65395e-05
2.52999e-05
2.11145e-05
1.90972e-05
1.89583e-05
2.37954e-05
3.26928e-05
3.74177e-05
3.92234e-05
3.95718e-05
3.7886e-05
2.36003e-05
2.72686e-05
2.64998e-05
2.36805e-05
2.16185e-05
2.15843e-05
2.24284e-05
2.4132e-05
2.6906e-05
2.82759e-05
2.48259e-05
2.16873e-05
2.02511e-05
1.98821e-05
2.15684e-05
2.90913e-05
3.52474e-05
3.74457e-05
3.76135e-05
3.58572e-05
1.56193e-05
1.88004e-05
1.96219e-05
2.03133e-05
2.1225e-05
2.25442e-05
2.44134e-05
2.6906e-05
2.88267e-05
3.03085e-05
2.62695e-05
2.42041e-05
2.29948e-05
2.17853e-05
2.16373e-05
2.54775e-05
3.23237e-05
3.53834e-05
3.56055e-05
3.39297e-05
1.34601e-05
1.65967e-05
1.84596e-05
2.0013e-05
2.16618e-05
2.38286e-05
2.65395e-05
2.82759e-05
3.03085e-05
0
0
3.24269e-05
3.01978e-05
2.73175e-05
2.43282e-05
2.41791e-05
2.91247e-05
3.2759e-05
3.32313e-05
3.13834e-05
1.25604e-05
1.56723e-05
1.76901e-05
1.94573e-05
2.1293e-05
2.34297e-05
2.52999e-05
2.48259e-05
2.62695e-05
0
0
3.58591e-05
3.4906e-05
3.35562e-05
3.16461e-05
2.89584e-05
2.78566e-05
2.98707e-05
3.02148e-05
2.84583e-05
1.23849e-05
1.51854e-05
1.70053e-05
1.84477e-05
1.96648e-05
2.06268e-05
2.11145e-05
2.16873e-05
2.42041e-05
3.24269e-05
3.58591e-05
3.69444e-05
3.71713e-05
3.68991e-05
3.62347e-05
3.51728e-05
3.37092e-05
3.17217e-05
2.95808e-05
2.68214e-05
1.25192e-05
1.49985e-05
1.65239e-05
1.75694e-05
1.82296e-05
1.86001e-05
1.90972e-05
2.02511e-05
2.29948e-05
3.01978e-05
3.4906e-05
3.71713e-05
3.82257e-05
3.86389e-05
3.86355e-05
3.82619e-05
3.74771e-05
3.61957e-05
3.43581e-05
3.19782e-05
1.34134e-05
1.8441e-05
2.04602e-05
2.05646e-05
1.97771e-05
1.89808e-05
1.89583e-05
1.98821e-05
2.17853e-05
2.73175e-05
3.35562e-05
3.68991e-05
3.86389e-05
3.95514e-05
3.99846e-05
4.00543e-05
3.97263e-05
3.88709e-05
3.73026e-05
3.47818e-05
2.6668e-05
3.00489e-05
3.13722e-05
3.1206e-05
2.97078e-05
2.70155e-05
2.37954e-05
2.15684e-05
2.16373e-05
2.43282e-05
3.16461e-05
3.62347e-05
3.86355e-05
3.99846e-05
4.07574e-05
4.11621e-05
4.11936e-05
4.07024e-05
3.94207e-05
3.67324e-05
3.46098e-05
3.63718e-05
3.73903e-05
3.75358e-05
3.68341e-05
3.52633e-05
3.26928e-05
2.90913e-05
2.54775e-05
2.41791e-05
2.89584e-05
3.51728e-05
3.82619e-05
4.00543e-05
4.11621e-05
4.19077e-05
4.22048e-05
4.19848e-05
4.09703e-05
3.83796e-05
3.74858e-05
3.92829e-05
4.03274e-05
4.05661e-05
4.00968e-05
3.90237e-05
3.74177e-05
3.52474e-05
3.23237e-05
2.91247e-05
2.78566e-05
3.37092e-05
3.74771e-05
3.97263e-05
4.11936e-05
4.22048e-05
4.27699e-05
4.28395e-05
4.20931e-05
3.9579e-05
3.90729e-05
4.11738e-05
4.23041e-05
4.25044e-05
4.1935e-05
4.07729e-05
3.92234e-05
3.74457e-05
3.53834e-05
3.2759e-05
2.98707e-05
3.17217e-05
3.61957e-05
3.88709e-05
4.07024e-05
4.19848e-05
4.28395e-05
4.32234e-05
4.2773e-05
4.03812e-05
4.06069e-05
4.26943e-05
4.36231e-05
4.35614e-05
4.27388e-05
4.13595e-05
3.95718e-05
3.76135e-05
3.56055e-05
3.32313e-05
3.02148e-05
2.95808e-05
3.43581e-05
3.73026e-05
3.94207e-05
4.09703e-05
4.20931e-05
4.2773e-05
4.26881e-05
4.07904e-05
4.19835e-05
4.2627e-05
4.28007e-05
4.23497e-05
4.12928e-05
3.97704e-05
3.7886e-05
3.58572e-05
3.39297e-05
3.13834e-05
2.84583e-05
2.68214e-05
3.19782e-05
3.47818e-05
3.67324e-05
3.83796e-05
3.9579e-05
4.03812e-05
4.07904e-05
4.07384e-05
)
;
    }
    ceiling
    {
        type            nutkWallFunction;
        Cmu             0.09;
        kappa           0.41;
        E               9.8;
        value           nonuniform List<scalar> 
400
(
5.42635e-05
5.84464e-05
6.16092e-05
6.38025e-05
6.53755e-05
6.64522e-05
6.70786e-05
6.72488e-05
6.69159e-05
6.54692e-05
6.43729e-05
6.34746e-05
6.25306e-05
6.14859e-05
6.03079e-05
5.89506e-05
5.73317e-05
5.52997e-05
5.24635e-05
4.84014e-05
5.84464e-05
6.30638e-05
6.6614e-05
6.91909e-05
7.11342e-05
7.25422e-05
7.34272e-05
7.3749e-05
7.33945e-05
7.17961e-05
7.02706e-05
6.90199e-05
6.77033e-05
6.62714e-05
6.47039e-05
6.29606e-05
6.09581e-05
5.85496e-05
5.53235e-05
5.08296e-05
6.16092e-05
6.6614e-05
7.04663e-05
7.33576e-05
7.56065e-05
7.72858e-05
7.8401e-05
7.8907e-05
7.85931e-05
7.68381e-05
7.49276e-05
7.33672e-05
7.17353e-05
6.99946e-05
6.81393e-05
6.61228e-05
6.38488e-05
6.11856e-05
5.77295e-05
5.30097e-05
6.38025e-05
6.91909e-05
7.33576e-05
7.65919e-05
7.92346e-05
8.12551e-05
8.26827e-05
8.3485e-05
8.34692e-05
8.17927e-05
7.92184e-05
7.71582e-05
7.51463e-05
7.30956e-05
7.09583e-05
6.86545e-05
6.60699e-05
6.31425e-05
5.94365e-05
5.44762e-05
6.53755e-05
7.11342e-05
7.56065e-05
7.92346e-05
8.22583e-05
8.46532e-05
8.65282e-05
8.78792e-05
8.84606e-05
8.69961e-05
8.35124e-05
8.06984e-05
7.81428e-05
7.57008e-05
7.32603e-05
7.06902e-05
6.78207e-05
6.45592e-05
6.05883e-05
5.53831e-05
6.64522e-05
7.25422e-05
7.72858e-05
8.12551e-05
8.46532e-05
8.75452e-05
9.01145e-05
9.23859e-05
9.4005e-05
9.29235e-05
8.81748e-05
8.41853e-05
8.08056e-05
7.78113e-05
7.49781e-05
7.20967e-05
6.89482e-05
6.54001e-05
6.11986e-05
5.57874e-05
6.70786e-05
7.34272e-05
7.8401e-05
8.26827e-05
8.65282e-05
9.01145e-05
9.37172e-05
9.74038e-05
0.000100609
9.9992e-05
9.36548e-05
8.78965e-05
8.33043e-05
7.95324e-05
7.61771e-05
7.29079e-05
6.94464e-05
6.56459e-05
6.12642e-05
5.57205e-05
6.72488e-05
7.3749e-05
7.8907e-05
8.3485e-05
8.78792e-05
9.23859e-05
9.74038e-05
0.000103011
0.000108145
0.000107501
9.99082e-05
9.18139e-05
8.5606e-05
8.08387e-05
7.68362e-05
7.31023e-05
6.92887e-05
6.52579e-05
6.07592e-05
5.5181e-05
6.69159e-05
7.33945e-05
7.85931e-05
8.34692e-05
8.84606e-05
9.4005e-05
0.000100609
0.000108145
0.000114381
0.000111534
0.000105546
9.52083e-05
8.7279e-05
8.14797e-05
7.6809e-05
7.25907e-05
6.84199e-05
6.41964e-05
5.96649e-05
5.41533e-05
6.54692e-05
7.17961e-05
7.68381e-05
8.17927e-05
8.69961e-05
9.29235e-05
9.9992e-05
0.000107501
0.000111534
0.000100628
0.000106234
9.53985e-05
8.69039e-05
8.07729e-05
7.57906e-05
7.12836e-05
6.68889e-05
6.25626e-05
5.81186e-05
5.27138e-05
6.43729e-05
7.02706e-05
7.49276e-05
7.92184e-05
8.35124e-05
8.81748e-05
9.36548e-05
9.99082e-05
0.000105546
0.000106234
9.74881e-05
8.90019e-05
8.28344e-05
7.78018e-05
7.32744e-05
6.90053e-05
6.48235e-05
6.07482e-05
5.65687e-05
5.15541e-05
6.34746e-05
6.90199e-05
7.33672e-05
7.71582e-05
8.06984e-05
8.41853e-05
8.78965e-05
9.18139e-05
9.52083e-05
9.53985e-05
8.90019e-05
8.39323e-05
7.94843e-05
7.52429e-05
7.11657e-05
6.72285e-05
6.3363e-05
5.96035e-05
5.57066e-05
5.09865e-05
6.25306e-05
6.77033e-05
7.17353e-05
7.51463e-05
7.81428e-05
8.08056e-05
8.33043e-05
8.5606e-05
8.7279e-05
8.69039e-05
8.28344e-05
7.94843e-05
7.60283e-05
7.24596e-05
6.89011e-05
6.53611e-05
6.18188e-05
5.83568e-05
5.47574e-05
5.03599e-05
6.14859e-05
6.62714e-05
6.99946e-05
7.30956e-05
7.57008e-05
7.78113e-05
7.95324e-05
8.08387e-05
8.14797e-05
8.07729e-05
7.78018e-05
7.52429e-05
7.24596e-05
6.9504e-05
6.65041e-05
6.3457e-05
6.03181e-05
5.71723e-05
5.38416e-05
4.97374e-05
6.03079e-05
6.47039e-05
6.81393e-05
7.09583e-05
7.32603e-05
7.49781e-05
7.61771e-05
7.68362e-05
7.6809e-05
7.57906e-05
7.32744e-05
7.11657e-05
6.89011e-05
6.65041e-05
6.40439e-05
6.15136e-05
5.88333e-05
5.60338e-05
5.29551e-05
4.91159e-05
5.89506e-05
6.29606e-05
6.61228e-05
6.86545e-05
7.06902e-05
7.20967e-05
7.29079e-05
7.31023e-05
7.25907e-05
7.12836e-05
6.90053e-05
6.72285e-05
6.53611e-05
6.3457e-05
6.15136e-05
5.94769e-05
5.72537e-05
5.48191e-05
5.2009e-05
4.84293e-05
5.73317e-05
6.09581e-05
6.38488e-05
6.60699e-05
6.78207e-05
6.89482e-05
6.94464e-05
6.92887e-05
6.84199e-05
6.68889e-05
6.48235e-05
6.3363e-05
6.18188e-05
6.03181e-05
5.88333e-05
5.72537e-05
5.5462e-05
5.33943e-05
5.08856e-05
4.75703e-05
5.52997e-05
5.85496e-05
6.11856e-05
6.31425e-05
6.45592e-05
6.54001e-05
6.56459e-05
6.52579e-05
6.41964e-05
6.25626e-05
6.07482e-05
5.96035e-05
5.83568e-05
5.71723e-05
5.60338e-05
5.48191e-05
5.33943e-05
5.1701e-05
4.947e-05
4.63993e-05
5.24635e-05
5.53235e-05
5.77295e-05
5.94365e-05
6.05883e-05
6.11986e-05
6.12642e-05
6.07592e-05
5.96649e-05
5.81186e-05
5.65687e-05
5.57066e-05
5.47574e-05
5.38416e-05
5.29551e-05
5.2009e-05
5.08856e-05
4.947e-05
4.74546e-05
4.46031e-05
4.84014e-05
5.08296e-05
5.30097e-05
5.44762e-05
5.53831e-05
5.57874e-05
5.57205e-05
5.5181e-05
5.41533e-05
5.27138e-05
5.15541e-05
5.09865e-05
5.03599e-05
4.97374e-05
4.91159e-05
4.84293e-05
4.75703e-05
4.63993e-05
4.46031e-05
4.20341e-05
)
;
    }
    fixedWalls
    {
        type            nutkWallFunction;
        Cmu             0.09;
        kappa           0.41;
        E               9.8;
        value           nonuniform List<scalar> 
800
(
4.65332e-05
4.85739e-05
4.97524e-05
5.0421e-05
5.09213e-05
5.13951e-05
5.18937e-05
5.24809e-05
5.32511e-05
5.42626e-05
4.58134e-05
4.78628e-05
4.95172e-05
5.07834e-05
5.19267e-05
5.30625e-05
5.42351e-05
5.55738e-05
5.71241e-05
5.84461e-05
4.45694e-05
4.58753e-05
4.764e-05
4.95507e-05
5.16438e-05
5.36487e-05
5.56038e-05
5.76848e-05
5.9983e-05
6.16093e-05
4.28796e-05
4.27901e-05
4.44139e-05
4.73044e-05
5.06186e-05
5.35847e-05
5.63125e-05
5.909e-05
6.19986e-05
6.38029e-05
4.09245e-05
3.85899e-05
3.96029e-05
4.43864e-05
4.91915e-05
5.31584e-05
5.65918e-05
5.99686e-05
6.33874e-05
6.53761e-05
3.84824e-05
3.49654e-05
3.38187e-05
4.11636e-05
4.74974e-05
5.23937e-05
5.64408e-05
6.02991e-05
6.41555e-05
6.6453e-05
3.39516e-05
3.11458e-05
2.9576e-05
3.80556e-05
4.56554e-05
5.12951e-05
5.58374e-05
6.00414e-05
6.42542e-05
6.70795e-05
2.35955e-05
2.51452e-05
2.59774e-05
3.49984e-05
4.36932e-05
4.98732e-05
5.47945e-05
5.92233e-05
6.37317e-05
6.72497e-05
1.56135e-05
2.07775e-05
2.29549e-05
3.1649e-05
4.14582e-05
4.81656e-05
5.33636e-05
5.79405e-05
6.26462e-05
6.69167e-05
1.34541e-05
1.75042e-05
1.99936e-05
2.828e-05
3.937e-05
4.63709e-05
5.16683e-05
5.62e-05
6.07484e-05
6.54699e-05
1.25543e-05
1.57657e-05
1.77724e-05
2.79451e-05
3.97142e-05
4.65026e-05
5.16133e-05
5.59557e-05
6.02234e-05
6.43733e-05
1.23787e-05
1.48923e-05
1.70286e-05
2.86485e-05
4.03674e-05
4.69003e-05
5.18244e-05
5.59894e-05
5.99832e-05
6.34749e-05
1.25131e-05
1.47042e-05
1.7765e-05
3.02978e-05
4.11124e-05
4.73091e-05
5.19956e-05
5.59345e-05
5.96412e-05
6.25308e-05
1.34074e-05
1.81585e-05
2.00398e-05
3.25386e-05
4.19009e-05
4.76663e-05
5.20373e-05
5.56871e-05
5.9088e-05
6.1486e-05
2.66635e-05
2.489e-05
2.34834e-05
3.45864e-05
4.2717e-05
4.79549e-05
5.19007e-05
5.52023e-05
5.82763e-05
6.03078e-05
3.46062e-05
3.16239e-05
2.85027e-05
3.70452e-05
4.36446e-05
4.81708e-05
5.15702e-05
5.44483e-05
5.71701e-05
5.89503e-05
3.74825e-05
3.50501e-05
3.44227e-05
3.98133e-05
4.47333e-05
4.82982e-05
5.10263e-05
5.33858e-05
5.57096e-05
5.73312e-05
3.90699e-05
3.85979e-05
3.96263e-05
4.27102e-05
4.58695e-05
4.83147e-05
5.02642e-05
5.20108e-05
5.38573e-05
5.52989e-05
4.06041e-05
4.197e-05
4.35393e-05
4.50597e-05
4.66617e-05
4.79823e-05
4.90868e-05
5.01295e-05
5.13486e-05
5.24623e-05
4.19809e-05
4.40563e-05
4.52152e-05
4.58408e-05
4.63357e-05
4.67008e-05
4.69796e-05
4.72581e-05
4.77023e-05
4.83997e-05
4.19809e-05
4.40563e-05
4.52152e-05
4.58408e-05
4.63357e-05
4.67008e-05
4.69796e-05
4.72581e-05
4.77023e-05
4.83997e-05
4.26244e-05
4.48466e-05
4.61456e-05
4.68996e-05
4.74726e-05
4.795e-05
4.84482e-05
4.91334e-05
5.00331e-05
5.08283e-05
4.27982e-05
4.49804e-05
4.63421e-05
4.71895e-05
4.78689e-05
4.8569e-05
4.94849e-05
5.06427e-05
5.20309e-05
5.30087e-05
4.23471e-05
4.42447e-05
4.56597e-05
4.67211e-05
4.77067e-05
4.87823e-05
5.00816e-05
5.16324e-05
5.34187e-05
5.44753e-05
4.12901e-05
4.25766e-05
4.40179e-05
4.54374e-05
4.69447e-05
4.84816e-05
5.01608e-05
5.20138e-05
5.41419e-05
5.53824e-05
3.97675e-05
4.01912e-05
4.17724e-05
4.38269e-05
4.59367e-05
4.78293e-05
4.9769e-05
5.18067e-05
5.42002e-05
5.57867e-05
3.78827e-05
3.70731e-05
3.88509e-05
4.20272e-05
4.47277e-05
4.69224e-05
4.89918e-05
5.10609e-05
5.3593e-05
5.57198e-05
3.58537e-05
3.32129e-05
3.55054e-05
4.0016e-05
4.33604e-05
4.58328e-05
4.793e-05
4.9885e-05
5.23871e-05
5.51803e-05
3.39259e-05
2.95227e-05
3.24284e-05
3.81409e-05
4.19874e-05
4.46791e-05
4.67313e-05
4.84936e-05
5.08342e-05
5.41524e-05
3.13794e-05
2.77195e-05
2.99576e-05
3.692e-05
4.09527e-05
4.37244e-05
4.56974e-05
4.72042e-05
4.92569e-05
5.27127e-05
2.84539e-05
2.63558e-05
2.92012e-05
3.66305e-05
4.07107e-05
4.35097e-05
4.54771e-05
4.67513e-05
4.85448e-05
5.15528e-05
2.68167e-05
2.56952e-05
3.00356e-05
3.70932e-05
4.10329e-05
4.37908e-05
4.57421e-05
4.68561e-05
4.84573e-05
5.09852e-05
3.19742e-05
2.69355e-05
3.24596e-05
3.8046e-05
4.16849e-05
4.42942e-05
4.61302e-05
4.70268e-05
4.83578e-05
5.03584e-05
3.47781e-05
2.96636e-05
3.48613e-05
3.93249e-05
4.25701e-05
4.49076e-05
4.65067e-05
4.71727e-05
4.82331e-05
4.97359e-05
3.6729e-05
3.4669e-05
3.71959e-05
4.07401e-05
4.34732e-05
4.54238e-05
4.66653e-05
4.71659e-05
4.80208e-05
4.91143e-05
3.83765e-05
3.78561e-05
3.9464e-05
4.20359e-05
4.40962e-05
4.55479e-05
4.6515e-05
4.69248e-05
4.76322e-05
4.84276e-05
3.95761e-05
4.0044e-05
4.14054e-05
4.30436e-05
4.44004e-05
4.53338e-05
4.60714e-05
4.64163e-05
4.69797e-05
4.75685e-05
4.03784e-05
4.15604e-05
4.28116e-05
4.37802e-05
4.45345e-05
4.50193e-05
4.54371e-05
4.56579e-05
4.6003e-05
4.63974e-05
4.07877e-05
4.23202e-05
4.33945e-05
4.39458e-05
4.42158e-05
4.43332e-05
4.44561e-05
4.44455e-05
4.44908e-05
4.46009e-05
4.07357e-05
4.19038e-05
4.242e-05
4.25001e-05
4.24332e-05
4.2286e-05
4.21003e-05
4.19257e-05
4.18637e-05
4.20316e-05
4.65332e-05
4.85739e-05
4.97524e-05
5.0421e-05
5.09213e-05
5.13951e-05
5.18937e-05
5.24809e-05
5.32511e-05
5.42626e-05
4.58134e-05
4.78628e-05
4.95172e-05
5.07834e-05
5.19267e-05
5.30625e-05
5.42351e-05
5.55738e-05
5.71241e-05
5.84461e-05
4.45694e-05
4.58753e-05
4.764e-05
4.95507e-05
5.16438e-05
5.36487e-05
5.56038e-05
5.76848e-05
5.9983e-05
6.16093e-05
4.28796e-05
4.27901e-05
4.44139e-05
4.73044e-05
5.06186e-05
5.35847e-05
5.63125e-05
5.909e-05
6.19986e-05
6.38029e-05
4.09245e-05
3.85899e-05
3.96029e-05
4.43864e-05
4.91915e-05
5.31584e-05
5.65918e-05
5.99686e-05
6.33874e-05
6.53761e-05
3.84824e-05
3.49654e-05
3.38187e-05
4.11636e-05
4.74974e-05
5.23937e-05
5.64408e-05
6.02991e-05
6.41555e-05
6.6453e-05
3.39516e-05
3.11458e-05
2.9576e-05
3.80556e-05
4.56554e-05
5.12951e-05
5.58374e-05
6.00414e-05
6.42542e-05
6.70795e-05
2.35955e-05
2.51452e-05
2.59774e-05
3.49984e-05
4.36932e-05
4.98732e-05
5.47945e-05
5.92233e-05
6.37317e-05
6.72497e-05
1.56135e-05
2.07775e-05
2.29549e-05
3.1649e-05
4.14582e-05
4.81656e-05
5.33636e-05
5.79405e-05
6.26462e-05
6.69167e-05
1.34541e-05
1.75042e-05
1.99936e-05
2.828e-05
3.937e-05
4.63709e-05
5.16683e-05
5.62e-05
6.07484e-05
6.54699e-05
1.25543e-05
1.57657e-05
1.77724e-05
2.79451e-05
3.97142e-05
4.65026e-05
5.16133e-05
5.59557e-05
6.02234e-05
6.43733e-05
1.23787e-05
1.48923e-05
1.70286e-05
2.86485e-05
4.03674e-05
4.69003e-05
5.18244e-05
5.59894e-05
5.99832e-05
6.34749e-05
1.25131e-05
1.47042e-05
1.7765e-05
3.02978e-05
4.11124e-05
4.73091e-05
5.19956e-05
5.59345e-05
5.96412e-05
6.25308e-05
1.34074e-05
1.81585e-05
2.00398e-05
3.25386e-05
4.19009e-05
4.76663e-05
5.20373e-05
5.56871e-05
5.9088e-05
6.1486e-05
2.66635e-05
2.489e-05
2.34834e-05
3.45864e-05
4.2717e-05
4.79549e-05
5.19007e-05
5.52023e-05
5.82763e-05
6.03078e-05
3.46062e-05
3.16239e-05
2.85027e-05
3.70452e-05
4.36446e-05
4.81708e-05
5.15702e-05
5.44483e-05
5.71701e-05
5.89503e-05
3.74825e-05
3.50501e-05
3.44227e-05
3.98133e-05
4.47333e-05
4.82982e-05
5.10263e-05
5.33858e-05
5.57096e-05
5.73312e-05
3.90699e-05
3.85979e-05
3.96263e-05
4.27102e-05
4.58695e-05
4.83147e-05
5.02642e-05
5.20108e-05
5.38573e-05
5.52989e-05
4.06041e-05
4.197e-05
4.35393e-05
4.50597e-05
4.66617e-05
4.79823e-05
4.90868e-05
5.01295e-05
5.13486e-05
5.24623e-05
4.19809e-05
4.40563e-05
4.52152e-05
4.58408e-05
4.63357e-05
4.67008e-05
4.69796e-05
4.72581e-05
4.77023e-05
4.83997e-05
4.19809e-05
4.40563e-05
4.52152e-05
4.58408e-05
4.63357e-05
4.67008e-05
4.69796e-05
4.72581e-05
4.77023e-05
4.83997e-05
4.26244e-05
4.48466e-05
4.61456e-05
4.68996e-05
4.74726e-05
4.795e-05
4.84482e-05
4.91334e-05
5.00331e-05
5.08283e-05
4.27982e-05
4.49804e-05
4.63421e-05
4.71895e-05
4.78689e-05
4.8569e-05
4.94849e-05
5.06427e-05
5.20309e-05
5.30087e-05
4.23471e-05
4.42447e-05
4.56597e-05
4.67211e-05
4.77067e-05
4.87823e-05
5.00816e-05
5.16324e-05
5.34187e-05
5.44753e-05
4.12901e-05
4.25766e-05
4.40179e-05
4.54374e-05
4.69447e-05
4.84816e-05
5.01608e-05
5.20138e-05
5.41419e-05
5.53824e-05
3.97675e-05
4.01912e-05
4.17724e-05
4.38269e-05
4.59367e-05
4.78293e-05
4.9769e-05
5.18067e-05
5.42002e-05
5.57867e-05
3.78827e-05
3.70731e-05
3.88509e-05
4.20272e-05
4.47277e-05
4.69224e-05
4.89918e-05
5.10609e-05
5.3593e-05
5.57198e-05
3.58537e-05
3.32129e-05
3.55054e-05
4.0016e-05
4.33604e-05
4.58328e-05
4.793e-05
4.9885e-05
5.23871e-05
5.51803e-05
3.39259e-05
2.95227e-05
3.24284e-05
3.81409e-05
4.19874e-05
4.46791e-05
4.67313e-05
4.84936e-05
5.08342e-05
5.41524e-05
3.13794e-05
2.77195e-05
2.99576e-05
3.692e-05
4.09527e-05
4.37244e-05
4.56974e-05
4.72042e-05
4.92569e-05
5.27127e-05
2.84539e-05
2.63558e-05
2.92012e-05
3.66305e-05
4.07107e-05
4.35097e-05
4.54771e-05
4.67513e-05
4.85448e-05
5.15528e-05
2.68167e-05
2.56952e-05
3.00356e-05
3.70932e-05
4.10329e-05
4.37908e-05
4.57421e-05
4.68561e-05
4.84573e-05
5.09852e-05
3.19742e-05
2.69355e-05
3.24596e-05
3.8046e-05
4.16849e-05
4.42942e-05
4.61302e-05
4.70268e-05
4.83578e-05
5.03584e-05
3.47781e-05
2.96636e-05
3.48613e-05
3.93249e-05
4.25701e-05
4.49076e-05
4.65067e-05
4.71727e-05
4.82331e-05
4.97359e-05
3.6729e-05
3.4669e-05
3.71959e-05
4.07401e-05
4.34732e-05
4.54238e-05
4.66653e-05
4.71659e-05
4.80208e-05
4.91143e-05
3.83765e-05
3.78561e-05
3.9464e-05
4.20359e-05
4.40962e-05
4.55479e-05
4.6515e-05
4.69248e-05
4.76322e-05
4.84276e-05
3.95761e-05
4.0044e-05
4.14054e-05
4.30436e-05
4.44004e-05
4.53338e-05
4.60714e-05
4.64163e-05
4.69797e-05
4.75685e-05
4.03784e-05
4.15604e-05
4.28116e-05
4.37802e-05
4.45345e-05
4.50193e-05
4.54371e-05
4.56579e-05
4.6003e-05
4.63974e-05
4.07877e-05
4.23202e-05
4.33945e-05
4.39458e-05
4.42158e-05
4.43332e-05
4.44561e-05
4.44455e-05
4.44908e-05
4.46009e-05
4.07357e-05
4.19038e-05
4.242e-05
4.25001e-05
4.24332e-05
4.2286e-05
4.21003e-05
4.19257e-05
4.18637e-05
4.20316e-05
)
;
    }
}


// ************************************************************************* //
