/*--------------------------------*- C++ -*----------------------------------*\
  =========                 |
  \\      /  F ield         | OpenFOAM: The Open Source CFD Toolbox
   \\    /   O peration     | Website:  https://openfoam.org
    \\  /    A nd           | Version:  8
     \\/     M anipulation  |
\*---------------------------------------------------------------------------*/
FoamFile
{
    version     2.0;
    format      ascii;
    class       volScalarField;
    location    "1000";
    object      p;
}
// * * * * * * * * * * * * * * * * * * * * * * * * * * * * * * * * * * * * * //

dimensions      [1 -1 -2 0 0 0 0];

internalField   nonuniform List<scalar> 
4000
(
-2.44968
-2.44997
-2.45038
-2.4507
-2.45081
-2.45072
-2.45053
-2.45039
-2.45032
-2.45027
-2.45023
-2.45019
-2.45017
-2.45015
-2.45024
-2.45042
-2.45055
-2.45044
-2.45006
-2.44968
-7.34958
-7.34976
-7.35001
-7.35021
-7.3503
-7.35025
-7.35014
-7.3501
-7.3501
-7.35005
-7.35002
-7.35
-7.34999
-7.34999
-7.34996
-7.35005
-7.35016
-7.35007
-7.34982
-7.34953
-12.2491
-12.2492
-12.2494
-12.2495
-12.2496
-12.2496
-12.2495
-12.2496
-12.2496
-12.2495
-12.2495
-12.2495
-12.2495
-12.2495
-12.2495
-12.2495
-12.2495
-12.2494
-12.2493
-12.2491
-17.1485
-17.1486
-17.1487
-17.1488
-17.1488
-17.1488
-17.1488
-17.1489
-17.1489
-17.1489
-17.1489
-17.1489
-17.1489
-17.1488
-17.1488
-17.1488
-17.1487
-17.1487
-17.1486
-17.1485
-22.0478
-22.0479
-22.0479
-22.048
-22.048
-22.048
-22.0481
-22.0481
-22.0481
-22.0481
-22.0481
-22.0481
-22.0481
-22.0481
-22.048
-22.048
-22.048
-22.0479
-22.0479
-22.0478
-26.947
-26.947
-26.9471
-26.9472
-26.9472
-26.9473
-26.9473
-26.9473
-26.9473
-26.9473
-26.9473
-26.9473
-26.9473
-26.9473
-26.9473
-26.9472
-26.9472
-26.9471
-26.9471
-26.947
-31.846
-31.8461
-31.8462
-31.8463
-31.8464
-31.8464
-31.8465
-31.8465
-31.8465
-31.8465
-31.8465
-31.8465
-31.8465
-31.8465
-31.8465
-31.8464
-31.8464
-31.8463
-31.8462
-31.8461
-36.7449
-36.7451
-36.7452
-36.7454
-36.7454
-36.7455
-36.7455
-36.7456
-36.7456
-36.7456
-36.7456
-36.7456
-36.7456
-36.7456
-36.7456
-36.7455
-36.7455
-36.7454
-36.7453
-36.7451
-41.6438
-41.644
-41.6442
-41.6443
-41.6443
-41.6444
-41.6444
-41.6444
-41.6445
-41.6445
-41.6445
-41.6445
-41.6445
-41.6446
-41.6446
-41.6446
-41.6445
-41.6444
-41.6443
-41.6441
-46.543
-46.5431
-46.5432
-46.5432
-46.5432
-46.5431
-46.5431
-46.5431
-46.5431
-46.5432
-46.5432
-46.5433
-46.5433
-46.5434
-46.5435
-46.5436
-46.5436
-46.5436
-46.5435
-46.5434
-2.44997
-2.45015
-2.45046
-2.4507
-2.45077
-2.45068
-2.45051
-2.45039
-2.45032
-2.45027
-2.45023
-2.45019
-2.45017
-2.45016
-2.45025
-2.45042
-2.45053
-2.45041
-2.45004
-2.4497
-7.34976
-7.34987
-7.35006
-7.35022
-7.35028
-7.35022
-7.35012
-7.35009
-7.35008
-7.35005
-7.35002
-7.34999
-7.34998
-7.34996
-7.34995
-7.35004
-7.35014
-7.35005
-7.34981
-7.34955
-12.2492
-12.2493
-12.2494
-12.2495
-12.2496
-12.2496
-12.2495
-12.2496
-12.2496
-12.2495
-12.2495
-12.2495
-12.2495
-12.2495
-12.2495
-12.2495
-12.2495
-12.2494
-12.2493
-12.2491
-17.1486
-17.1487
-17.1487
-17.1488
-17.1488
-17.1489
-17.1489
-17.1489
-17.1489
-17.1489
-17.1489
-17.1489
-17.1489
-17.1489
-17.1488
-17.1488
-17.1488
-17.1487
-17.1486
-17.1485
-22.0479
-22.0479
-22.048
-22.0481
-22.0481
-22.0481
-22.0481
-22.0482
-22.0482
-22.0482
-22.0482
-22.0482
-22.0482
-22.0481
-22.0481
-22.0481
-22.048
-22.048
-22.0479
-22.0478
-26.947
-26.9471
-26.9472
-26.9473
-26.9473
-26.9474
-26.9474
-26.9474
-26.9474
-26.9474
-26.9474
-26.9474
-26.9474
-26.9474
-26.9474
-26.9473
-26.9473
-26.9472
-26.9472
-26.947
-31.8461
-31.8463
-31.8464
-31.8465
-31.8465
-31.8466
-31.8466
-31.8466
-31.8466
-31.8466
-31.8466
-31.8466
-31.8466
-31.8466
-31.8466
-31.8465
-31.8465
-31.8464
-31.8463
-31.8462
-36.7451
-36.7453
-36.7455
-36.7456
-36.7456
-36.7457
-36.7457
-36.7457
-36.7458
-36.7458
-36.7458
-36.7458
-36.7458
-36.7457
-36.7457
-36.7457
-36.7457
-36.7456
-36.7455
-36.7453
-41.644
-41.6443
-41.6445
-41.6446
-41.6447
-41.6447
-41.6448
-41.6448
-41.6448
-41.6449
-41.6449
-41.6449
-41.6448
-41.6448
-41.6448
-41.6448
-41.6448
-41.6447
-41.6445
-41.6443
-46.5431
-46.5434
-46.5435
-46.5436
-46.5436
-46.5436
-46.5435
-46.5435
-46.5436
-46.5436
-46.5436
-46.5437
-46.5437
-46.5438
-46.5438
-46.5439
-46.5439
-46.5438
-46.5437
-46.5435
-2.45038
-2.45046
-2.45062
-2.45074
-2.45074
-2.45063
-2.45049
-2.45038
-2.45032
-2.45028
-2.45023
-2.4502
-2.45018
-2.45017
-2.45026
-2.45042
-2.45053
-2.45043
-2.4501
-2.44983
-7.35001
-7.35006
-7.35016
-7.35024
-7.35025
-7.35018
-7.3501
-7.35008
-7.35007
-7.35004
-7.35001
-7.34998
-7.34997
-7.34995
-7.34995
-7.35004
-7.35012
-7.35004
-7.34983
-7.34963
-12.2494
-12.2494
-12.2495
-12.2495
-12.2496
-12.2496
-12.2495
-12.2495
-12.2495
-12.2495
-12.2495
-12.2495
-12.2495
-12.2495
-12.2495
-12.2495
-12.2495
-12.2494
-12.2493
-12.2492
-17.1487
-17.1487
-17.1488
-17.1488
-17.1489
-17.1489
-17.1489
-17.1489
-17.1489
-17.1489
-17.1489
-17.1489
-17.1489
-17.1489
-17.1488
-17.1488
-17.1488
-17.1488
-17.1487
-17.1486
-22.0479
-22.048
-22.048
-22.0481
-22.0481
-22.0481
-22.0481
-22.0482
-22.0482
-22.0482
-22.0482
-22.0482
-22.0482
-22.0481
-22.0481
-22.0481
-22.0481
-22.048
-22.048
-22.0479
-26.9471
-26.9472
-26.9473
-26.9473
-26.9473
-26.9474
-26.9474
-26.9474
-26.9474
-26.9474
-26.9474
-26.9474
-26.9474
-26.9474
-26.9474
-26.9473
-26.9473
-26.9473
-26.9472
-26.9471
-31.8462
-31.8464
-31.8464
-31.8465
-31.8465
-31.8465
-31.8466
-31.8466
-31.8466
-31.8466
-31.8466
-31.8466
-31.8466
-31.8466
-31.8466
-31.8466
-31.8465
-31.8465
-31.8464
-31.8463
-36.7452
-36.7455
-36.7456
-36.7456
-36.7457
-36.7457
-36.7457
-36.7457
-36.7457
-36.7457
-36.7457
-36.7457
-36.7457
-36.7457
-36.7457
-36.7457
-36.7457
-36.7456
-36.7456
-36.7454
-41.6442
-41.6445
-41.6446
-41.6447
-41.6448
-41.6448
-41.6448
-41.6449
-41.6449
-41.6449
-41.6449
-41.6449
-41.6449
-41.6449
-41.6449
-41.6449
-41.6448
-41.6448
-41.6447
-41.6444
-46.5432
-46.5435
-46.5436
-46.5437
-46.5437
-46.5437
-46.5437
-46.5437
-46.5437
-46.5437
-46.5437
-46.5438
-46.5438
-46.5438
-46.5439
-46.5439
-46.5439
-46.5439
-46.5438
-46.5436
-2.4507
-2.4507
-2.45074
-2.45075
-2.45068
-2.45056
-2.45044
-2.45036
-2.45032
-2.45028
-2.45024
-2.45021
-2.45019
-2.45018
-2.45026
-2.45041
-2.45053
-2.45047
-2.45023
-2.45004
-7.35021
-7.35022
-7.35024
-7.35025
-7.35021
-7.35013
-7.35009
-7.35008
-7.35006
-7.35003
-7.35
-7.34998
-7.34996
-7.34995
-7.34995
-7.35002
-7.3501
-7.35005
-7.3499
-7.34976
-12.2495
-12.2495
-12.2495
-12.2496
-12.2496
-12.2495
-12.2495
-12.2495
-12.2495
-12.2495
-12.2495
-12.2495
-12.2495
-12.2495
-12.2494
-12.2495
-12.2495
-12.2494
-12.2493
-12.2492
-17.1488
-17.1488
-17.1488
-17.1488
-17.1489
-17.1489
-17.1489
-17.1489
-17.1489
-17.1489
-17.1489
-17.1488
-17.1488
-17.1488
-17.1488
-17.1488
-17.1488
-17.1488
-17.1487
-17.1486
-22.048
-22.0481
-22.0481
-22.0481
-22.0481
-22.0481
-22.0481
-22.0481
-22.0482
-22.0481
-22.0481
-22.0481
-22.0481
-22.0481
-22.0481
-22.0481
-22.0481
-22.0481
-22.048
-22.0479
-26.9472
-26.9473
-26.9473
-26.9473
-26.9473
-26.9474
-26.9474
-26.9474
-26.9474
-26.9474
-26.9474
-26.9474
-26.9474
-26.9474
-26.9474
-26.9474
-26.9473
-26.9473
-26.9473
-26.9472
-31.8463
-31.8465
-31.8465
-31.8465
-31.8465
-31.8465
-31.8466
-31.8466
-31.8466
-31.8466
-31.8466
-31.8466
-31.8466
-31.8466
-31.8466
-31.8466
-31.8465
-31.8465
-31.8465
-31.8464
-36.7454
-36.7456
-36.7456
-36.7457
-36.7457
-36.7457
-36.7457
-36.7457
-36.7457
-36.7457
-36.7457
-36.7457
-36.7457
-36.7457
-36.7457
-36.7457
-36.7457
-36.7457
-36.7456
-36.7455
-41.6443
-41.6446
-41.6447
-41.6448
-41.6448
-41.6448
-41.6448
-41.6448
-41.6449
-41.6449
-41.6449
-41.6449
-41.6449
-41.6449
-41.6449
-41.6449
-41.6449
-41.6448
-41.6448
-41.6445
-46.5432
-46.5436
-46.5437
-46.5437
-46.5437
-46.5437
-46.5437
-46.5436
-46.5436
-46.5437
-46.5437
-46.5437
-46.5438
-46.5439
-46.5439
-46.5439
-46.544
-46.5439
-46.5438
-46.5436
-2.45081
-2.45077
-2.45074
-2.45068
-2.45059
-2.45048
-2.4504
-2.45036
-2.45032
-2.45029
-2.45025
-2.45022
-2.45021
-2.4502
-2.45026
-2.4504
-2.45052
-2.45052
-2.45038
-2.45028
-7.3503
-7.35028
-7.35025
-7.35021
-7.35015
-7.3501
-7.35009
-7.35008
-7.35005
-7.35002
-7.35
-7.34998
-7.34997
-7.34996
-7.34995
-7.35001
-7.35009
-7.35008
-7.34998
-7.3499
-12.2496
-12.2496
-12.2496
-12.2496
-12.2495
-12.2495
-12.2495
-12.2495
-12.2495
-12.2495
-12.2495
-12.2495
-12.2495
-12.2494
-12.2494
-12.2495
-12.2495
-12.2494
-12.2494
-12.2493
-17.1488
-17.1488
-17.1489
-17.1489
-17.1489
-17.1489
-17.1489
-17.1489
-17.1489
-17.1488
-17.1488
-17.1488
-17.1488
-17.1488
-17.1488
-17.1488
-17.1488
-17.1488
-17.1487
-17.1487
-22.048
-22.0481
-22.0481
-22.0481
-22.0481
-22.0481
-22.0481
-22.0481
-22.0481
-22.0481
-22.0481
-22.0481
-22.0481
-22.0481
-22.0481
-22.0481
-22.0481
-22.0481
-22.0481
-22.048
-26.9472
-26.9473
-26.9473
-26.9473
-26.9473
-26.9474
-26.9474
-26.9474
-26.9474
-26.9474
-26.9474
-26.9474
-26.9474
-26.9474
-26.9474
-26.9474
-26.9473
-26.9473
-26.9473
-26.9472
-31.8464
-31.8465
-31.8465
-31.8465
-31.8465
-31.8465
-31.8465
-31.8466
-31.8466
-31.8466
-31.8466
-31.8466
-31.8466
-31.8466
-31.8466
-31.8466
-31.8466
-31.8465
-31.8465
-31.8464
-36.7454
-36.7456
-36.7457
-36.7457
-36.7457
-36.7457
-36.7457
-36.7457
-36.7457
-36.7458
-36.7458
-36.7458
-36.7457
-36.7457
-36.7457
-36.7457
-36.7457
-36.7457
-36.7457
-36.7455
-41.6443
-41.6447
-41.6448
-41.6448
-41.6448
-41.6448
-41.6448
-41.6448
-41.6448
-41.6449
-41.6449
-41.6449
-41.6449
-41.6449
-41.6449
-41.6449
-41.6449
-41.6449
-41.6448
-41.6445
-46.5432
-46.5436
-46.5437
-46.5437
-46.5437
-46.5436
-46.5436
-46.5435
-46.5435
-46.5435
-46.5436
-46.5437
-46.5437
-46.5438
-46.5439
-46.5439
-46.544
-46.544
-46.5439
-46.5436
-2.45072
-2.45068
-2.45063
-2.45056
-2.45048
-2.45042
-2.45038
-2.45035
-2.45032
-2.4503
-2.45027
-2.45024
-2.45023
-2.45022
-2.45026
-2.45038
-2.45051
-2.45057
-2.45052
-2.45049
-7.35025
-7.35022
-7.35018
-7.35013
-7.3501
-7.35009
-7.35009
-7.35007
-7.35004
-7.35002
-7.35
-7.34999
-7.34998
-7.34997
-7.34996
-7.35
-7.35007
-7.3501
-7.35006
-7.35002
-12.2496
-12.2496
-12.2496
-12.2495
-12.2495
-12.2495
-12.2495
-12.2495
-12.2495
-12.2495
-12.2495
-12.2495
-12.2495
-12.2494
-12.2494
-12.2494
-12.2495
-12.2494
-12.2494
-12.2494
-17.1488
-17.1489
-17.1489
-17.1489
-17.1489
-17.1489
-17.1489
-17.1489
-17.1489
-17.1488
-17.1488
-17.1488
-17.1488
-17.1488
-17.1488
-17.1488
-17.1488
-17.1488
-17.1488
-17.1487
-22.048
-22.0481
-22.0481
-22.0481
-22.0481
-22.0481
-22.0481
-22.0481
-22.0481
-22.0481
-22.0481
-22.0481
-22.0481
-22.0481
-22.0481
-22.0481
-22.0481
-22.0481
-22.0481
-22.048
-26.9473
-26.9474
-26.9474
-26.9474
-26.9474
-26.9474
-26.9474
-26.9474
-26.9474
-26.9474
-26.9474
-26.9474
-26.9474
-26.9474
-26.9474
-26.9473
-26.9473
-26.9473
-26.9473
-26.9473
-31.8464
-31.8466
-31.8465
-31.8465
-31.8465
-31.8465
-31.8466
-31.8466
-31.8466
-31.8466
-31.8466
-31.8466
-31.8466
-31.8466
-31.8466
-31.8466
-31.8466
-31.8466
-31.8466
-31.8465
-36.7455
-36.7457
-36.7457
-36.7457
-36.7457
-36.7457
-36.7457
-36.7457
-36.7457
-36.7458
-36.7458
-36.7458
-36.7457
-36.7457
-36.7457
-36.7457
-36.7457
-36.7457
-36.7457
-36.7456
-41.6444
-41.6447
-41.6448
-41.6448
-41.6448
-41.6448
-41.6448
-41.6448
-41.6448
-41.6448
-41.6448
-41.6449
-41.6449
-41.6449
-41.6449
-41.6449
-41.6449
-41.6449
-41.6448
-41.6446
-46.5431
-46.5436
-46.5437
-46.5437
-46.5436
-46.5436
-46.5434
-46.5433
-46.5432
-46.5431
-46.5433
-46.5435
-46.5437
-46.5438
-46.5438
-46.5439
-46.544
-46.544
-46.5439
-46.5436
-2.45053
-2.45051
-2.45049
-2.45044
-2.4504
-2.45038
-2.45036
-2.45035
-2.45033
-2.45032
-2.45029
-2.45027
-2.45025
-2.45025
-2.45027
-2.45035
-2.45048
-2.45058
-2.45061
-2.45063
-7.35014
-7.35012
-7.3501
-7.35009
-7.35009
-7.35009
-7.35007
-7.35005
-7.35004
-7.35003
-7.35001
-7.35
-7.34998
-7.34998
-7.34997
-7.34999
-7.35005
-7.35011
-7.35011
-7.35009
-12.2495
-12.2495
-12.2495
-12.2495
-12.2495
-12.2495
-12.2495
-12.2495
-12.2495
-12.2495
-12.2495
-12.2495
-12.2495
-12.2494
-12.2494
-12.2494
-12.2494
-12.2494
-12.2494
-12.2494
-17.1488
-17.1489
-17.1489
-17.1489
-17.1489
-17.1489
-17.1489
-17.1489
-17.1488
-17.1488
-17.1488
-17.1488
-17.1488
-17.1488
-17.1488
-17.1488
-17.1488
-17.1488
-17.1488
-17.1487
-22.0481
-22.0481
-22.0481
-22.0481
-22.0481
-22.0481
-22.0481
-22.0481
-22.0481
-22.0481
-22.0481
-22.0481
-22.0481
-22.0481
-22.0481
-22.0481
-22.0481
-22.0481
-22.0481
-22.048
-26.9473
-26.9474
-26.9474
-26.9474
-26.9474
-26.9474
-26.9474
-26.9474
-26.9474
-26.9474
-26.9474
-26.9474
-26.9474
-26.9474
-26.9474
-26.9473
-26.9473
-26.9473
-26.9474
-26.9473
-31.8465
-31.8466
-31.8466
-31.8466
-31.8465
-31.8466
-31.8466
-31.8466
-31.8466
-31.8466
-31.8466
-31.8466
-31.8466
-31.8466
-31.8466
-31.8466
-31.8466
-31.8466
-31.8466
-31.8465
-36.7455
-36.7457
-36.7457
-36.7457
-36.7457
-36.7457
-36.7457
-36.7457
-36.7457
-36.7457
-36.7457
-36.7457
-36.7457
-36.7457
-36.7457
-36.7457
-36.7457
-36.7457
-36.7457
-36.7456
-41.6444
-41.6448
-41.6448
-41.6448
-41.6448
-41.6448
-41.6448
-41.6447
-41.6445
-41.6445
-41.6447
-41.6448
-41.6449
-41.6449
-41.6449
-41.6449
-41.6449
-41.6449
-41.6449
-41.6446
-46.5431
-46.5435
-46.5437
-46.5437
-46.5436
-46.5434
-46.5432
-46.5428
-46.5425
-46.5423
-46.5427
-46.5432
-46.5435
-46.5437
-46.5438
-46.5439
-46.5439
-46.544
-46.5439
-46.5436
-2.45039
-2.45039
-2.45038
-2.45036
-2.45036
-2.45035
-2.45035
-2.45035
-2.45036
-2.45039
-2.45035
-2.4503
-2.45027
-2.45027
-2.45027
-2.45033
-2.45044
-2.45055
-2.45062
-2.45068
-7.3501
-7.35009
-7.35008
-7.35008
-7.35008
-7.35007
-7.35005
-7.35005
-7.35005
-7.35006
-7.35004
-7.35
-7.34998
-7.34997
-7.34997
-7.34998
-7.35002
-7.35008
-7.35012
-7.35012
-12.2496
-12.2496
-12.2495
-12.2495
-12.2495
-12.2495
-12.2495
-12.2495
-12.2495
-12.2495
-12.2495
-12.2495
-12.2494
-12.2494
-12.2494
-12.2494
-12.2494
-12.2494
-12.2494
-12.2494
-17.1489
-17.1489
-17.1489
-17.1489
-17.1489
-17.1489
-17.1489
-17.1488
-17.1488
-17.1488
-17.1488
-17.1488
-17.1488
-17.1488
-17.1488
-17.1488
-17.1488
-17.1488
-17.1488
-17.1487
-22.0481
-22.0482
-22.0482
-22.0481
-22.0481
-22.0481
-22.0481
-22.0481
-22.0481
-22.0481
-22.0481
-22.0481
-22.0481
-22.0481
-22.0481
-22.0481
-22.0481
-22.0481
-22.0481
-22.048
-26.9473
-26.9474
-26.9474
-26.9474
-26.9474
-26.9474
-26.9474
-26.9474
-26.9474
-26.9474
-26.9474
-26.9474
-26.9474
-26.9474
-26.9473
-26.9473
-26.9473
-26.9473
-26.9474
-26.9473
-31.8465
-31.8466
-31.8466
-31.8466
-31.8466
-31.8466
-31.8466
-31.8466
-31.8465
-31.8465
-31.8466
-31.8466
-31.8466
-31.8466
-31.8466
-31.8465
-31.8465
-31.8465
-31.8466
-31.8465
-36.7456
-36.7457
-36.7457
-36.7457
-36.7457
-36.7457
-36.7457
-36.7456
-36.7455
-36.7455
-36.7456
-36.7457
-36.7457
-36.7457
-36.7457
-36.7457
-36.7457
-36.7457
-36.7457
-36.7456
-41.6444
-41.6448
-41.6449
-41.6448
-41.6448
-41.6448
-41.6447
-41.6444
-41.644
-41.6439
-41.6443
-41.6447
-41.6449
-41.6449
-41.6449
-41.6449
-41.6449
-41.6449
-41.6449
-41.6446
-46.5431
-46.5435
-46.5437
-46.5436
-46.5435
-46.5433
-46.5428
-46.5421
-46.5412
-46.5407
-46.5418
-46.5428
-46.5434
-46.5436
-46.5438
-46.5439
-46.5439
-46.544
-46.5439
-46.5436
-2.45032
-2.45032
-2.45032
-2.45032
-2.45032
-2.45032
-2.45033
-2.45036
-2.45039
-2.4505
-2.45045
-2.45032
-2.45028
-2.45027
-2.45027
-2.45029
-2.45037
-2.45048
-2.45056
-2.45062
-7.3501
-7.35008
-7.35007
-7.35006
-7.35005
-7.35004
-7.35004
-7.35005
-7.35007
-7.3501
-7.35006
-7.35
-7.34997
-7.34995
-7.34995
-7.34996
-7.34998
-7.35003
-7.35007
-7.35009
-12.2496
-12.2496
-12.2495
-12.2495
-12.2495
-12.2495
-12.2495
-12.2495
-12.2495
-12.2495
-12.2495
-12.2494
-12.2494
-12.2494
-12.2494
-12.2494
-12.2494
-12.2494
-12.2494
-12.2494
-17.1489
-17.1489
-17.1489
-17.1489
-17.1489
-17.1489
-17.1488
-17.1488
-17.1489
-17.1488
-17.1488
-17.1488
-17.1488
-17.1488
-17.1488
-17.1488
-17.1488
-17.1488
-17.1487
-17.1487
-22.0481
-22.0482
-22.0482
-22.0482
-22.0481
-22.0481
-22.0481
-22.0481
-22.0481
-22.048
-22.048
-22.0481
-22.0481
-22.0481
-22.0481
-22.0481
-22.0481
-22.0481
-22.0481
-22.048
-26.9473
-26.9474
-26.9474
-26.9474
-26.9474
-26.9474
-26.9474
-26.9474
-26.9473
-26.9472
-26.9473
-26.9473
-26.9473
-26.9473
-26.9473
-26.9473
-26.9473
-26.9473
-26.9474
-26.9473
-31.8465
-31.8466
-31.8466
-31.8466
-31.8466
-31.8466
-31.8466
-31.8465
-31.8464
-31.8464
-31.8465
-31.8466
-31.8466
-31.8466
-31.8466
-31.8465
-31.8465
-31.8465
-31.8466
-31.8465
-36.7456
-36.7458
-36.7457
-36.7457
-36.7457
-36.7457
-36.7457
-36.7455
-36.7452
-36.7451
-36.7454
-36.7457
-36.7457
-36.7457
-36.7457
-36.7457
-36.7457
-36.7457
-36.7457
-36.7456
-41.6445
-41.6448
-41.6449
-41.6449
-41.6448
-41.6448
-41.6445
-41.644
-41.6432
-41.643
-41.6439
-41.6446
-41.6449
-41.6449
-41.6449
-41.6449
-41.6449
-41.6449
-41.6449
-41.6447
-46.5431
-46.5436
-46.5437
-46.5436
-46.5435
-46.5432
-46.5425
-46.5412
-46.5396
-46.5387
-46.5408
-46.5425
-46.5433
-46.5436
-46.5438
-46.5439
-46.5439
-46.544
-46.5439
-46.5436
-2.45027
-2.45027
-2.45028
-2.45028
-2.45029
-2.4503
-2.45032
-2.45039
-2.4505
-2.45129
-2.45111
-2.45049
-2.45033
-2.45027
-2.45025
-2.45025
-2.4503
-2.45038
-2.45045
-2.4505
-7.35005
-7.35005
-7.35004
-7.35003
-7.35002
-7.35002
-7.35003
-7.35006
-7.3501
-7.34959
-7.34968
-7.34996
-7.34993
-7.34991
-7.34991
-7.34991
-7.34993
-7.34996
-7.35
-7.35001
-12.2495
-12.2495
-12.2495
-12.2495
-12.2495
-12.2495
-12.2495
-12.2495
-12.2495
-12.2491
-12.2492
-12.2494
-12.2494
-12.2494
-12.2494
-12.2494
-12.2494
-12.2494
-12.2494
-12.2493
-17.1489
-17.1489
-17.1489
-17.1489
-17.1488
-17.1488
-17.1488
-17.1488
-17.1488
-17.1485
-17.1486
-17.1487
-17.1487
-17.1487
-17.1487
-17.1487
-17.1487
-17.1487
-17.1487
-17.1487
-22.0481
-22.0482
-22.0482
-22.0481
-22.0481
-22.0481
-22.0481
-22.0481
-22.048
-22.0478
-22.0479
-22.0481
-22.048
-22.048
-22.048
-22.048
-22.048
-22.0481
-22.0481
-22.048
-26.9473
-26.9474
-26.9474
-26.9474
-26.9474
-26.9474
-26.9474
-26.9474
-26.9472
-26.9471
-26.9472
-26.9473
-26.9473
-26.9473
-26.9473
-26.9473
-26.9473
-26.9473
-26.9473
-26.9473
-31.8465
-31.8466
-31.8466
-31.8466
-31.8466
-31.8466
-31.8466
-31.8465
-31.8464
-31.8463
-31.8464
-31.8465
-31.8465
-31.8465
-31.8465
-31.8465
-31.8465
-31.8465
-31.8466
-31.8465
-36.7456
-36.7458
-36.7457
-36.7457
-36.7458
-36.7458
-36.7457
-36.7455
-36.7451
-36.7451
-36.7455
-36.7457
-36.7457
-36.7457
-36.7457
-36.7457
-36.7457
-36.7457
-36.7457
-36.7456
-41.6445
-41.6449
-41.6449
-41.6449
-41.6449
-41.6448
-41.6445
-41.6439
-41.643
-41.6428
-41.644
-41.6447
-41.6449
-41.6449
-41.6449
-41.6449
-41.6449
-41.6449
-41.6449
-41.6447
-46.5432
-46.5436
-46.5437
-46.5437
-46.5435
-46.5431
-46.5423
-46.5407
-46.5387
-46.5376
-46.5405
-46.5424
-46.5433
-46.5436
-46.5437
-46.5439
-46.5439
-46.544
-46.5439
-46.5437
-2.45023
-2.45023
-2.45023
-2.45024
-2.45025
-2.45027
-2.45029
-2.45035
-2.45045
-2.45111
-2.45104
-2.45051
-2.45035
-2.45029
-2.45025
-2.45023
-2.45023
-2.45026
-2.45032
-2.45038
-7.35002
-7.35002
-7.35001
-7.35
-7.35
-7.35
-7.35001
-7.35004
-7.35006
-7.34968
-7.34971
-7.34991
-7.34989
-7.34987
-7.34986
-7.34986
-7.34987
-7.34989
-7.34992
-7.34994
-12.2495
-12.2495
-12.2495
-12.2495
-12.2495
-12.2495
-12.2495
-12.2495
-12.2495
-12.2492
-12.2492
-12.2493
-12.2493
-12.2493
-12.2493
-12.2493
-12.2494
-12.2494
-12.2493
-12.2493
-17.1489
-17.1489
-17.1489
-17.1489
-17.1488
-17.1488
-17.1488
-17.1488
-17.1488
-17.1486
-17.1486
-17.1487
-17.1487
-17.1487
-17.1487
-17.1487
-17.1487
-17.1487
-17.1487
-17.1486
-22.0481
-22.0482
-22.0482
-22.0481
-22.0481
-22.0481
-22.0481
-22.0481
-22.048
-22.0479
-22.0479
-22.048
-22.048
-22.048
-22.048
-22.048
-22.048
-22.048
-22.0481
-22.048
-26.9473
-26.9474
-26.9474
-26.9474
-26.9474
-26.9474
-26.9474
-26.9474
-26.9473
-26.9472
-26.9472
-26.9473
-26.9473
-26.9473
-26.9473
-26.9473
-26.9473
-26.9473
-26.9473
-26.9473
-31.8465
-31.8466
-31.8466
-31.8466
-31.8466
-31.8466
-31.8466
-31.8466
-31.8465
-31.8464
-31.8465
-31.8465
-31.8465
-31.8465
-31.8465
-31.8465
-31.8465
-31.8465
-31.8466
-31.8465
-36.7456
-36.7458
-36.7457
-36.7457
-36.7458
-36.7458
-36.7457
-36.7456
-36.7454
-36.7455
-36.7456
-36.7456
-36.7457
-36.7457
-36.7457
-36.7457
-36.7457
-36.7457
-36.7457
-36.7456
-41.6445
-41.6449
-41.6449
-41.6449
-41.6449
-41.6448
-41.6447
-41.6443
-41.6439
-41.644
-41.6445
-41.6447
-41.6448
-41.6448
-41.6449
-41.6449
-41.6449
-41.6449
-41.6449
-41.6447
-46.5432
-46.5436
-46.5437
-46.5437
-46.5436
-46.5433
-46.5427
-46.5418
-46.5408
-46.5405
-46.5419
-46.5429
-46.5434
-46.5436
-46.5438
-46.5439
-46.5439
-46.544
-46.544
-46.5437
-2.45019
-2.45019
-2.4502
-2.45021
-2.45022
-2.45024
-2.45027
-2.4503
-2.45032
-2.45049
-2.45051
-2.45042
-2.45037
-2.45035
-2.45032
-2.45028
-2.45025
-2.45026
-2.4503
-2.45034
-7.35
-7.34999
-7.34998
-7.34998
-7.34998
-7.34999
-7.35
-7.35
-7.35
-7.34996
-7.34991
-7.34989
-7.34988
-7.34988
-7.34987
-7.34986
-7.34986
-7.34988
-7.34991
-7.34993
-12.2495
-12.2495
-12.2495
-12.2495
-12.2495
-12.2495
-12.2495
-12.2495
-12.2494
-12.2494
-12.2493
-12.2493
-12.2493
-12.2493
-12.2493
-12.2493
-12.2493
-12.2493
-12.2493
-12.2493
-17.1489
-17.1489
-17.1489
-17.1488
-17.1488
-17.1488
-17.1488
-17.1488
-17.1488
-17.1487
-17.1487
-17.1487
-17.1487
-17.1487
-17.1487
-17.1487
-17.1487
-17.1487
-17.1487
-17.1486
-22.0481
-22.0482
-22.0482
-22.0481
-22.0481
-22.0481
-22.0481
-22.0481
-22.0481
-22.0481
-22.048
-22.048
-22.048
-22.048
-22.048
-22.048
-22.048
-22.048
-22.0481
-22.048
-26.9473
-26.9474
-26.9474
-26.9474
-26.9474
-26.9474
-26.9474
-26.9474
-26.9473
-26.9473
-26.9473
-26.9473
-26.9472
-26.9472
-26.9473
-26.9473
-26.9473
-26.9473
-26.9473
-26.9473
-31.8465
-31.8466
-31.8466
-31.8466
-31.8466
-31.8466
-31.8466
-31.8466
-31.8466
-31.8465
-31.8465
-31.8465
-31.8465
-31.8465
-31.8465
-31.8465
-31.8465
-31.8465
-31.8466
-31.8465
-36.7456
-36.7458
-36.7457
-36.7457
-36.7458
-36.7458
-36.7457
-36.7457
-36.7457
-36.7457
-36.7456
-36.7456
-36.7456
-36.7456
-36.7456
-36.7457
-36.7457
-36.7457
-36.7457
-36.7456
-41.6445
-41.6449
-41.6449
-41.6449
-41.6449
-41.6449
-41.6448
-41.6447
-41.6446
-41.6447
-41.6447
-41.6448
-41.6448
-41.6448
-41.6448
-41.6448
-41.6448
-41.6449
-41.6449
-41.6447
-46.5433
-46.5437
-46.5438
-46.5437
-46.5437
-46.5435
-46.5432
-46.5428
-46.5425
-46.5424
-46.5429
-46.5433
-46.5434
-46.5436
-46.5437
-46.5438
-46.5439
-46.544
-46.544
-46.5437
-2.45017
-2.45017
-2.45018
-2.45019
-2.45021
-2.45023
-2.45025
-2.45027
-2.45028
-2.45033
-2.45035
-2.45037
-2.4504
-2.45041
-2.45042
-2.45042
-2.45041
-2.4504
-2.4504
-2.45045
-7.34999
-7.34998
-7.34997
-7.34996
-7.34997
-7.34998
-7.34998
-7.34998
-7.34997
-7.34993
-7.34989
-7.34988
-7.3499
-7.34992
-7.34993
-7.34994
-7.34996
-7.34998
-7.35
-7.35001
-12.2495
-12.2495
-12.2495
-12.2495
-12.2495
-12.2495
-12.2495
-12.2494
-12.2494
-12.2494
-12.2493
-12.2493
-12.2493
-12.2493
-12.2493
-12.2493
-12.2493
-12.2494
-12.2494
-12.2493
-17.1489
-17.1489
-17.1489
-17.1488
-17.1488
-17.1488
-17.1488
-17.1488
-17.1488
-17.1487
-17.1487
-17.1487
-17.1486
-17.1486
-17.1487
-17.1487
-17.1487
-17.1487
-17.1487
-17.1487
-22.0481
-22.0482
-22.0482
-22.0481
-22.0481
-22.0481
-22.0481
-22.0481
-22.0481
-22.048
-22.048
-22.048
-22.048
-22.0479
-22.048
-22.048
-22.048
-22.048
-22.0481
-22.048
-26.9473
-26.9474
-26.9474
-26.9474
-26.9474
-26.9474
-26.9474
-26.9474
-26.9473
-26.9473
-26.9473
-26.9472
-26.9472
-26.9472
-26.9472
-26.9472
-26.9473
-26.9473
-26.9473
-26.9473
-31.8465
-31.8466
-31.8466
-31.8466
-31.8466
-31.8466
-31.8466
-31.8466
-31.8466
-31.8465
-31.8465
-31.8465
-31.8464
-31.8464
-31.8464
-31.8465
-31.8465
-31.8465
-31.8465
-31.8465
-36.7456
-36.7458
-36.7457
-36.7457
-36.7457
-36.7457
-36.7457
-36.7457
-36.7457
-36.7457
-36.7457
-36.7456
-36.7456
-36.7456
-36.7456
-36.7456
-36.7457
-36.7457
-36.7457
-36.7456
-41.6445
-41.6448
-41.6449
-41.6449
-41.6449
-41.6449
-41.6449
-41.6449
-41.6449
-41.6449
-41.6448
-41.6448
-41.6448
-41.6447
-41.6448
-41.6448
-41.6448
-41.6448
-41.6449
-41.6447
-46.5433
-46.5437
-46.5438
-46.5438
-46.5437
-46.5437
-46.5435
-46.5434
-46.5433
-46.5433
-46.5434
-46.5434
-46.5435
-46.5436
-46.5437
-46.5438
-46.5439
-46.544
-46.544
-46.5438
-2.45015
-2.45016
-2.45017
-2.45018
-2.4502
-2.45022
-2.45025
-2.45027
-2.45027
-2.45027
-2.45029
-2.45035
-2.45041
-2.45047
-2.45051
-2.45053
-2.45054
-2.45054
-2.45054
-2.45059
-7.34999
-7.34996
-7.34995
-7.34995
-7.34996
-7.34997
-7.34998
-7.34997
-7.34995
-7.34991
-7.34987
-7.34988
-7.34992
-7.34996
-7.35
-7.35003
-7.35005
-7.35006
-7.35006
-7.35006
-12.2495
-12.2495
-12.2495
-12.2495
-12.2494
-12.2494
-12.2494
-12.2494
-12.2494
-12.2494
-12.2493
-12.2493
-12.2493
-12.2493
-12.2493
-12.2494
-12.2494
-12.2494
-12.2494
-12.2493
-17.1488
-17.1489
-17.1489
-17.1488
-17.1488
-17.1488
-17.1488
-17.1488
-17.1488
-17.1487
-17.1487
-17.1487
-17.1486
-17.1486
-17.1487
-17.1487
-17.1487
-17.1487
-17.1487
-17.1487
-22.0481
-22.0481
-22.0481
-22.0481
-22.0481
-22.0481
-22.0481
-22.0481
-22.0481
-22.048
-22.048
-22.048
-22.0479
-22.0479
-22.0479
-22.048
-22.048
-22.048
-22.0481
-22.048
-26.9473
-26.9474
-26.9474
-26.9474
-26.9474
-26.9474
-26.9474
-26.9474
-26.9473
-26.9473
-26.9473
-26.9472
-26.9472
-26.9472
-26.9472
-26.9472
-26.9473
-26.9473
-26.9473
-26.9473
-31.8465
-31.8466
-31.8466
-31.8466
-31.8466
-31.8466
-31.8466
-31.8466
-31.8466
-31.8465
-31.8465
-31.8465
-31.8464
-31.8464
-31.8464
-31.8464
-31.8465
-31.8465
-31.8465
-31.8465
-36.7456
-36.7457
-36.7457
-36.7457
-36.7457
-36.7457
-36.7457
-36.7457
-36.7457
-36.7457
-36.7457
-36.7456
-36.7456
-36.7456
-36.7456
-36.7456
-36.7456
-36.7457
-36.7457
-36.7456
-41.6446
-41.6448
-41.6449
-41.6449
-41.6449
-41.6449
-41.6449
-41.6449
-41.6449
-41.6449
-41.6448
-41.6448
-41.6447
-41.6447
-41.6447
-41.6448
-41.6448
-41.6448
-41.6448
-41.6447
-46.5434
-46.5438
-46.5438
-46.5439
-46.5438
-46.5438
-46.5437
-46.5436
-46.5436
-46.5436
-46.5436
-46.5436
-46.5436
-46.5437
-46.5438
-46.5439
-46.5439
-46.544
-46.544
-46.5438
-2.45024
-2.45025
-2.45026
-2.45026
-2.45026
-2.45026
-2.45027
-2.45027
-2.45027
-2.45025
-2.45025
-2.45032
-2.45042
-2.45051
-2.45057
-2.4506
-2.45061
-2.45059
-2.45056
-2.45059
-7.34996
-7.34995
-7.34995
-7.34995
-7.34995
-7.34996
-7.34997
-7.34997
-7.34995
-7.34991
-7.34986
-7.34987
-7.34993
-7.35
-7.35005
-7.35009
-7.3501
-7.3501
-7.35007
-7.35004
-12.2495
-12.2495
-12.2495
-12.2494
-12.2494
-12.2494
-12.2494
-12.2494
-12.2494
-12.2494
-12.2493
-12.2493
-12.2493
-12.2493
-12.2494
-12.2494
-12.2494
-12.2494
-12.2494
-12.2494
-17.1488
-17.1488
-17.1488
-17.1488
-17.1488
-17.1488
-17.1488
-17.1488
-17.1488
-17.1487
-17.1487
-17.1487
-17.1487
-17.1487
-17.1487
-17.1487
-17.1487
-17.1487
-17.1487
-17.1487
-22.048
-22.0481
-22.0481
-22.0481
-22.0481
-22.0481
-22.0481
-22.0481
-22.0481
-22.048
-22.048
-22.048
-22.048
-22.0479
-22.048
-22.048
-22.048
-22.048
-22.0481
-22.048
-26.9473
-26.9474
-26.9474
-26.9474
-26.9474
-26.9474
-26.9474
-26.9473
-26.9473
-26.9473
-26.9473
-26.9473
-26.9472
-26.9472
-26.9472
-26.9472
-26.9473
-26.9473
-26.9473
-26.9472
-31.8465
-31.8466
-31.8466
-31.8466
-31.8466
-31.8466
-31.8466
-31.8466
-31.8466
-31.8465
-31.8465
-31.8465
-31.8464
-31.8464
-31.8464
-31.8464
-31.8465
-31.8465
-31.8465
-31.8464
-36.7456
-36.7457
-36.7457
-36.7457
-36.7457
-36.7457
-36.7457
-36.7457
-36.7457
-36.7457
-36.7457
-36.7456
-36.7456
-36.7456
-36.7456
-36.7456
-36.7456
-36.7457
-36.7457
-36.7456
-41.6446
-41.6448
-41.6449
-41.6449
-41.6449
-41.6449
-41.6449
-41.6449
-41.6449
-41.6449
-41.6449
-41.6448
-41.6448
-41.6447
-41.6447
-41.6447
-41.6448
-41.6448
-41.6448
-41.6447
-46.5435
-46.5438
-46.5439
-46.5439
-46.5439
-46.5438
-46.5438
-46.5438
-46.5438
-46.5437
-46.5438
-46.5437
-46.5437
-46.5438
-46.5438
-46.5439
-46.544
-46.544
-46.544
-46.5438
-2.45042
-2.45042
-2.45042
-2.45041
-2.4504
-2.45038
-2.45035
-2.45033
-2.45029
-2.45025
-2.45023
-2.45028
-2.45042
-2.45053
-2.4506
-2.45062
-2.45061
-2.45055
-2.45047
-2.45045
-7.35005
-7.35004
-7.35004
-7.35002
-7.35001
-7.35
-7.34999
-7.34998
-7.34996
-7.34991
-7.34986
-7.34986
-7.34994
-7.35003
-7.35009
-7.35011
-7.35011
-7.35009
-7.35003
-7.34998
-12.2495
-12.2495
-12.2495
-12.2495
-12.2495
-12.2494
-12.2494
-12.2494
-12.2494
-12.2494
-12.2493
-12.2493
-12.2493
-12.2494
-12.2494
-12.2494
-12.2494
-12.2494
-12.2494
-12.2493
-17.1488
-17.1488
-17.1488
-17.1488
-17.1488
-17.1488
-17.1488
-17.1488
-17.1488
-17.1487
-17.1487
-17.1487
-17.1487
-17.1487
-17.1487
-17.1487
-17.1487
-17.1487
-17.1487
-17.1487
-22.048
-22.0481
-22.0481
-22.0481
-22.0481
-22.0481
-22.0481
-22.0481
-22.0481
-22.048
-22.048
-22.048
-22.048
-22.048
-22.048
-22.048
-22.048
-22.048
-22.048
-22.048
-26.9472
-26.9473
-26.9473
-26.9474
-26.9474
-26.9473
-26.9473
-26.9473
-26.9473
-26.9473
-26.9473
-26.9473
-26.9472
-26.9472
-26.9472
-26.9472
-26.9473
-26.9473
-26.9473
-26.9472
-31.8464
-31.8465
-31.8466
-31.8466
-31.8466
-31.8466
-31.8466
-31.8465
-31.8465
-31.8465
-31.8465
-31.8465
-31.8465
-31.8464
-31.8464
-31.8465
-31.8465
-31.8465
-31.8465
-31.8464
-36.7455
-36.7457
-36.7457
-36.7457
-36.7457
-36.7457
-36.7457
-36.7457
-36.7457
-36.7457
-36.7457
-36.7457
-36.7456
-36.7456
-36.7456
-36.7456
-36.7456
-36.7457
-36.7457
-36.7456
-41.6446
-41.6448
-41.6449
-41.6449
-41.6449
-41.6449
-41.6449
-41.6449
-41.6449
-41.6449
-41.6449
-41.6448
-41.6448
-41.6448
-41.6447
-41.6448
-41.6448
-41.6448
-41.6448
-41.6447
-46.5436
-46.5439
-46.5439
-46.5439
-46.5439
-46.5439
-46.5439
-46.5439
-46.5439
-46.5439
-46.5439
-46.5438
-46.5438
-46.5439
-46.5439
-46.5439
-46.544
-46.544
-46.544
-46.5439
-2.45055
-2.45053
-2.45053
-2.45053
-2.45052
-2.45051
-2.45048
-2.45044
-2.45037
-2.4503
-2.45023
-2.45025
-2.45041
-2.45054
-2.45061
-2.45061
-2.45054
-2.45042
-2.45026
-2.45019
-7.35016
-7.35014
-7.35012
-7.3501
-7.35009
-7.35007
-7.35005
-7.35002
-7.34998
-7.34993
-7.34987
-7.34986
-7.34996
-7.35005
-7.3501
-7.35011
-7.35009
-7.35001
-7.34992
-7.34984
-12.2495
-12.2495
-12.2495
-12.2495
-12.2495
-12.2495
-12.2494
-12.2494
-12.2494
-12.2494
-12.2494
-12.2493
-12.2493
-12.2494
-12.2494
-12.2494
-12.2494
-12.2494
-12.2493
-12.2493
-17.1487
-17.1488
-17.1488
-17.1488
-17.1488
-17.1488
-17.1488
-17.1488
-17.1488
-17.1487
-17.1487
-17.1487
-17.1487
-17.1487
-17.1487
-17.1487
-17.1488
-17.1487
-17.1487
-17.1486
-22.048
-22.048
-22.0481
-22.0481
-22.0481
-22.0481
-22.0481
-22.0481
-22.0481
-22.048
-22.048
-22.048
-22.048
-22.048
-22.048
-22.048
-22.048
-22.048
-22.048
-22.0479
-26.9472
-26.9473
-26.9473
-26.9473
-26.9473
-26.9473
-26.9473
-26.9473
-26.9473
-26.9473
-26.9473
-26.9473
-26.9473
-26.9473
-26.9473
-26.9473
-26.9473
-26.9473
-26.9473
-26.9472
-31.8464
-31.8465
-31.8465
-31.8465
-31.8466
-31.8466
-31.8466
-31.8465
-31.8465
-31.8465
-31.8465
-31.8465
-31.8465
-31.8465
-31.8465
-31.8465
-31.8465
-31.8465
-31.8465
-31.8464
-36.7455
-36.7457
-36.7457
-36.7457
-36.7457
-36.7457
-36.7457
-36.7457
-36.7457
-36.7457
-36.7457
-36.7457
-36.7457
-36.7456
-36.7456
-36.7456
-36.7457
-36.7457
-36.7457
-36.7455
-41.6445
-41.6448
-41.6448
-41.6449
-41.6449
-41.6449
-41.6449
-41.6449
-41.6449
-41.6449
-41.6449
-41.6448
-41.6448
-41.6448
-41.6448
-41.6448
-41.6448
-41.6448
-41.6448
-41.6447
-46.5436
-46.5439
-46.5439
-46.544
-46.544
-46.544
-46.5439
-46.5439
-46.5439
-46.5439
-46.5439
-46.5439
-46.5439
-46.5439
-46.544
-46.544
-46.544
-46.5441
-46.5441
-46.5439
-2.45044
-2.45041
-2.45043
-2.45047
-2.45052
-2.45057
-2.45058
-2.45055
-2.45048
-2.45038
-2.45026
-2.45026
-2.4504
-2.45054
-2.45059
-2.45055
-2.45042
-2.4502
-2.44994
-2.44979
-7.35007
-7.35005
-7.35004
-7.35005
-7.35008
-7.3501
-7.35011
-7.35008
-7.35003
-7.34996
-7.34989
-7.34988
-7.34998
-7.35006
-7.3501
-7.35009
-7.35001
-7.34989
-7.34973
-7.34961
-12.2494
-12.2494
-12.2494
-12.2494
-12.2494
-12.2494
-12.2494
-12.2494
-12.2494
-12.2494
-12.2494
-12.2493
-12.2494
-12.2494
-12.2494
-12.2494
-12.2494
-12.2493
-12.2492
-12.2491
-17.1487
-17.1487
-17.1488
-17.1488
-17.1488
-17.1488
-17.1488
-17.1488
-17.1488
-17.1487
-17.1487
-17.1487
-17.1487
-17.1487
-17.1487
-17.1487
-17.1487
-17.1487
-17.1486
-17.1486
-22.0479
-22.048
-22.048
-22.0481
-22.0481
-22.0481
-22.0481
-22.0481
-22.0481
-22.0481
-22.048
-22.048
-22.048
-22.048
-22.048
-22.048
-22.048
-22.048
-22.048
-22.0479
-26.9471
-26.9472
-26.9473
-26.9473
-26.9473
-26.9473
-26.9473
-26.9473
-26.9473
-26.9473
-26.9473
-26.9473
-26.9473
-26.9473
-26.9473
-26.9473
-26.9473
-26.9473
-26.9472
-26.9471
-31.8463
-31.8464
-31.8465
-31.8465
-31.8465
-31.8466
-31.8466
-31.8465
-31.8465
-31.8465
-31.8465
-31.8465
-31.8465
-31.8465
-31.8465
-31.8465
-31.8465
-31.8465
-31.8464
-31.8463
-36.7454
-36.7456
-36.7456
-36.7457
-36.7457
-36.7457
-36.7457
-36.7457
-36.7457
-36.7457
-36.7457
-36.7457
-36.7457
-36.7457
-36.7457
-36.7457
-36.7457
-36.7456
-36.7456
-36.7455
-41.6444
-41.6447
-41.6448
-41.6448
-41.6449
-41.6449
-41.6449
-41.6449
-41.6449
-41.6449
-41.6449
-41.6449
-41.6448
-41.6448
-41.6448
-41.6448
-41.6448
-41.6448
-41.6448
-41.6446
-46.5436
-46.5438
-46.5439
-46.5439
-46.544
-46.544
-46.544
-46.544
-46.544
-46.544
-46.544
-46.544
-46.544
-46.544
-46.544
-46.544
-46.5441
-46.5441
-46.544
-46.5439
-2.45006
-2.45004
-2.4501
-2.45023
-2.45038
-2.45052
-2.45061
-2.45062
-2.45056
-2.45045
-2.45032
-2.4503
-2.4504
-2.45054
-2.45056
-2.45047
-2.45026
-2.44994
-2.44955
-2.4493
-7.34982
-7.34981
-7.34983
-7.3499
-7.34998
-7.35006
-7.35011
-7.35012
-7.35007
-7.35
-7.34992
-7.34991
-7.35
-7.35006
-7.35007
-7.35003
-7.34992
-7.34973
-7.3495
-7.34933
-12.2493
-12.2493
-12.2493
-12.2493
-12.2494
-12.2494
-12.2494
-12.2494
-12.2494
-12.2494
-12.2493
-12.2493
-12.2494
-12.2494
-12.2494
-12.2494
-12.2493
-12.2492
-12.2491
-12.249
-17.1486
-17.1486
-17.1487
-17.1487
-17.1487
-17.1488
-17.1488
-17.1488
-17.1487
-17.1487
-17.1487
-17.1487
-17.1487
-17.1487
-17.1487
-17.1487
-17.1487
-17.1486
-17.1486
-17.1485
-22.0479
-22.0479
-22.048
-22.048
-22.0481
-22.0481
-22.0481
-22.0481
-22.0481
-22.0481
-22.0481
-22.0481
-22.0481
-22.0481
-22.0481
-22.048
-22.048
-22.048
-22.0479
-22.0478
-26.9471
-26.9472
-26.9472
-26.9473
-26.9473
-26.9473
-26.9474
-26.9474
-26.9474
-26.9473
-26.9473
-26.9473
-26.9473
-26.9473
-26.9473
-26.9473
-26.9473
-26.9472
-26.9472
-26.9471
-31.8462
-31.8463
-31.8464
-31.8465
-31.8465
-31.8466
-31.8466
-31.8466
-31.8466
-31.8466
-31.8466
-31.8466
-31.8465
-31.8465
-31.8465
-31.8465
-31.8465
-31.8464
-31.8464
-31.8463
-36.7453
-36.7455
-36.7456
-36.7456
-36.7457
-36.7457
-36.7457
-36.7457
-36.7457
-36.7457
-36.7457
-36.7457
-36.7457
-36.7457
-36.7457
-36.7457
-36.7457
-36.7456
-36.7456
-36.7454
-41.6443
-41.6445
-41.6447
-41.6448
-41.6448
-41.6448
-41.6449
-41.6449
-41.6449
-41.6449
-41.6449
-41.6449
-41.6449
-41.6448
-41.6448
-41.6448
-41.6448
-41.6448
-41.6447
-41.6445
-46.5435
-46.5437
-46.5438
-46.5438
-46.5439
-46.5439
-46.5439
-46.5439
-46.5439
-46.5439
-46.544
-46.544
-46.544
-46.544
-46.544
-46.544
-46.5441
-46.544
-46.544
-46.5439
-2.44968
-2.4497
-2.44983
-2.45004
-2.45028
-2.45049
-2.45063
-2.45068
-2.45062
-2.4505
-2.45038
-2.45034
-2.45045
-2.45059
-2.45059
-2.45045
-2.45019
-2.44979
-2.4493
-2.44895
-7.34953
-7.34955
-7.34963
-7.34976
-7.3499
-7.35002
-7.35009
-7.35012
-7.35009
-7.35001
-7.34994
-7.34993
-7.35001
-7.35006
-7.35004
-7.34998
-7.34984
-7.34961
-7.34933
-7.34911
-12.2491
-12.2491
-12.2492
-12.2492
-12.2493
-12.2494
-12.2494
-12.2494
-12.2494
-12.2493
-12.2493
-12.2493
-12.2493
-12.2493
-12.2494
-12.2493
-12.2493
-12.2491
-12.249
-12.2489
-17.1485
-17.1485
-17.1486
-17.1486
-17.1487
-17.1487
-17.1487
-17.1487
-17.1487
-17.1487
-17.1486
-17.1486
-17.1487
-17.1487
-17.1487
-17.1487
-17.1486
-17.1486
-17.1485
-17.1484
-22.0478
-22.0478
-22.0479
-22.0479
-22.048
-22.048
-22.048
-22.048
-22.048
-22.048
-22.048
-22.048
-22.048
-22.048
-22.048
-22.048
-22.0479
-22.0479
-22.0478
-22.0478
-26.947
-26.947
-26.9471
-26.9472
-26.9472
-26.9473
-26.9473
-26.9473
-26.9473
-26.9473
-26.9473
-26.9473
-26.9473
-26.9473
-26.9472
-26.9472
-26.9472
-26.9471
-26.9471
-26.947
-31.8461
-31.8462
-31.8463
-31.8464
-31.8464
-31.8465
-31.8465
-31.8465
-31.8465
-31.8465
-31.8465
-31.8465
-31.8465
-31.8465
-31.8464
-31.8464
-31.8464
-31.8463
-31.8463
-31.8462
-36.7451
-36.7453
-36.7454
-36.7455
-36.7455
-36.7456
-36.7456
-36.7456
-36.7456
-36.7456
-36.7456
-36.7456
-36.7456
-36.7456
-36.7456
-36.7456
-36.7455
-36.7455
-36.7454
-36.7453
-41.6441
-41.6443
-41.6444
-41.6445
-41.6445
-41.6446
-41.6446
-41.6446
-41.6447
-41.6447
-41.6447
-41.6447
-41.6447
-41.6447
-41.6447
-41.6447
-41.6447
-41.6446
-41.6445
-41.6444
-46.5434
-46.5435
-46.5436
-46.5436
-46.5436
-46.5436
-46.5436
-46.5436
-46.5436
-46.5437
-46.5437
-46.5437
-46.5438
-46.5438
-46.5438
-46.5439
-46.5439
-46.5439
-46.5439
-46.5438
)
;

boundaryField
{
    floor
    {
        type            calculated;
        value           nonuniform List<scalar> 
400
(
-8.16041e-06
-0.000310606
-0.000733217
-0.00104842
-0.00114868
-0.00103055
-0.000774171
-0.000471981
-0.000324346
-0.000265377
-0.000208003
-0.000159377
-0.000145118
-0.000126991
-0.000371251
-0.000675423
-0.000852806
-0.00075803
-0.000386423
-8.65144e-07
-0.000310606
-0.000494919
-0.00080625
-0.00104202
-0.00109518
-0.000977688
-0.000754944
-0.000508601
-0.000332959
-0.000275567
-0.00021964
-0.000174213
-0.000153073
-0.000179047
-0.000415412
-0.000676937
-0.000826363
-0.000728298
-0.000365388
-1.7306e-05
-0.000733217
-0.00080625
-0.000970833
-0.0010811
-0.00105985
-0.000917718
-0.00070365
-0.000473659
-0.000338824
-0.000293096
-0.000235712
-0.000188829
-0.000165034
-0.000200777
-0.000431634
-0.000680288
-0.000819118
-0.000738312
-0.000420588
-0.000144588
-0.00104842
-0.00104202
-0.0010811
-0.00106958
-0.000982348
-0.000818413
-0.000611961
-0.000421727
-0.000352936
-0.000309259
-0.000256267
-0.000208139
-0.000183309
-0.000207376
-0.000421596
-0.000664721
-0.000813451
-0.000776576
-0.000545454
-0.000364103
-0.00114868
-0.00109518
-0.00105985
-0.000982348
-0.000853844
-0.000685071
-0.000504114
-0.00039717
-0.000364955
-0.00032719
-0.00027943
-0.000232165
-0.000209729
-0.00021628
-0.000394677
-0.000633261
-0.000804079
-0.000828602
-0.000701731
-0.000609955
-0.00103055
-0.000977688
-0.000917718
-0.000818413
-0.000685071
-0.000535801
-0.000429017
-0.000398633
-0.00037768
-0.000349424
-0.000306185
-0.000260965
-0.000241386
-0.00023996
-0.000359618
-0.000587226
-0.000780734
-0.00086706
-0.000839564
-0.000818667
-0.000774171
-0.000754944
-0.00070365
-0.000611961
-0.000504114
-0.000429017
-0.000410411
-0.000403181
-0.000394091
-0.000379118
-0.00033456
-0.000295084
-0.000277186
-0.000275452
-0.00033064
-0.000524591
-0.000732144
-0.000866782
-0.000918937
-0.000953365
-0.000471981
-0.000508601
-0.000473659
-0.000421727
-0.00039717
-0.000398633
-0.000403181
-0.000411445
-0.000419929
-0.00043749
-0.000381443
-0.00033741
-0.00031597
-0.000310347
-0.000324307
-0.000448748
-0.000653349
-0.000817855
-0.000912334
-0.000987434
-0.000324346
-0.000332959
-0.000338824
-0.000352936
-0.000364955
-0.00037768
-0.000394091
-0.000419929
-0.00044627
-0.00064823
-0.000588566
-0.000395041
-0.000347649
-0.000330495
-0.000332048
-0.000378585
-0.000546266
-0.00071795
-0.000829369
-0.00090936
-0.000265377
-0.000275567
-0.000293096
-0.000309259
-0.00032719
-0.000349424
-0.000379118
-0.00043749
-0.00064823
-0.00427589
-0.00361861
-0.000703865
-0.000471391
-0.000391066
-0.000340322
-0.000336351
-0.00043237
-0.000581099
-0.000689994
-0.000760046
-0.000208003
-0.00021964
-0.000235712
-0.000256267
-0.00027943
-0.000306185
-0.00033456
-0.000381443
-0.000588566
-0.00361861
-0.00312611
-0.000742319
-0.00054441
-0.000474629
-0.000426311
-0.000382323
-0.000364608
-0.000433316
-0.000523465
-0.000596409
-0.000159377
-0.000174213
-0.000188829
-0.000208139
-0.000232165
-0.000260965
-0.000295084
-0.00033741
-0.000395041
-0.000703865
-0.000742319
-0.000628389
-0.000587208
-0.00056473
-0.000539487
-0.00050408
-0.000477578
-0.000486594
-0.000519763
-0.000552971
-0.000145118
-0.000153073
-0.000165034
-0.000183309
-0.000209729
-0.000241386
-0.000277186
-0.00031597
-0.000347649
-0.000471391
-0.00054441
-0.000587208
-0.000621327
-0.000647656
-0.00066192
-0.000664794
-0.000664323
-0.000662862
-0.000672343
-0.000722614
-0.000126991
-0.000179047
-0.000200777
-0.000207376
-0.00021628
-0.00023996
-0.000275452
-0.000310347
-0.000330495
-0.000391066
-0.000474629
-0.00056473
-0.000647656
-0.000713835
-0.000760251
-0.000789248
-0.00080812
-0.000817686
-0.000825278
-0.000883289
-0.000371251
-0.000415412
-0.000431634
-0.000421596
-0.000394677
-0.000359618
-0.00033064
-0.000324307
-0.000332048
-0.000340322
-0.000426311
-0.000539487
-0.00066192
-0.000760251
-0.000827744
-0.000865381
-0.000881048
-0.00087545
-0.000855876
-0.000890996
-0.000675423
-0.000676937
-0.000680288
-0.000664721
-0.000633261
-0.000587226
-0.000524591
-0.000448748
-0.000378585
-0.000336351
-0.000382323
-0.00050408
-0.000664794
-0.000789248
-0.000865381
-0.000897493
-0.000887362
-0.000837199
-0.000760726
-0.000748702
-0.000852806
-0.000826363
-0.000819118
-0.000813451
-0.000804079
-0.000780734
-0.000732144
-0.000653349
-0.000546266
-0.00043237
-0.000364608
-0.000477578
-0.000664323
-0.00080812
-0.000881048
-0.000887362
-0.000826999
-0.00070529
-0.000548979
-0.000479397
-0.00075803
-0.000728298
-0.000738312
-0.000776576
-0.000828602
-0.00086706
-0.000866782
-0.000817855
-0.00071795
-0.000581099
-0.000433316
-0.000486594
-0.000662862
-0.000817686
-0.00087545
-0.000837199
-0.00070529
-0.000485002
-0.000219961
-7.02504e-05
-0.000386423
-0.000365388
-0.000420588
-0.000545454
-0.000701731
-0.000839564
-0.000918937
-0.000912334
-0.000829369
-0.000689994
-0.000523465
-0.000519763
-0.000672343
-0.000825278
-0.000855876
-0.000760726
-0.000548979
-0.000219961
0.000172292
0.000428618
-8.65144e-07
-1.7306e-05
-0.000144588
-0.000364103
-0.000609955
-0.000818667
-0.000953365
-0.000987434
-0.00090936
-0.000760046
-0.000596409
-0.000552971
-0.000722614
-0.000883289
-0.000890996
-0.000748702
-0.000479397
-7.02504e-05
0.000428618
0.000796443
)
;
    }
    ceiling
    {
        type            calculated;
        value           nonuniform List<scalar> 
400
(
-48.9927
-48.9928
-48.9929
-48.9929
-48.9928
-48.9928
-48.9927
-48.9927
-48.9927
-48.9928
-48.9928
-48.9929
-48.993
-48.9931
-48.9932
-48.9933
-48.9933
-48.9933
-48.9933
-48.9931
-48.9928
-48.993
-48.9931
-48.9932
-48.9932
-48.9932
-48.9931
-48.9931
-48.9931
-48.9931
-48.9932
-48.9932
-48.9933
-48.9934
-48.9934
-48.9935
-48.9935
-48.9935
-48.9934
-48.9932
-48.9929
-48.9931
-48.9932
-48.9933
-48.9933
-48.9933
-48.9932
-48.9932
-48.9932
-48.9932
-48.9933
-48.9933
-48.9934
-48.9934
-48.9935
-48.9935
-48.9936
-48.9935
-48.9935
-48.9933
-48.9929
-48.9932
-48.9933
-48.9933
-48.9933
-48.9933
-48.9932
-48.9932
-48.9931
-48.9931
-48.9932
-48.9933
-48.9933
-48.9934
-48.9935
-48.9935
-48.9936
-48.9936
-48.9935
-48.9933
-48.9928
-48.9932
-48.9933
-48.9933
-48.9932
-48.9932
-48.9931
-48.993
-48.9929
-48.9929
-48.993
-48.9932
-48.9933
-48.9934
-48.9934
-48.9935
-48.9936
-48.9936
-48.9935
-48.9933
-48.9928
-48.9932
-48.9933
-48.9933
-48.9932
-48.993
-48.9929
-48.9927
-48.9926
-48.9925
-48.9927
-48.993
-48.9931
-48.9933
-48.9934
-48.9935
-48.9936
-48.9936
-48.9935
-48.9933
-48.9927
-48.9931
-48.9932
-48.9932
-48.9931
-48.9929
-48.9926
-48.9922
-48.9918
-48.9916
-48.9921
-48.9927
-48.993
-48.9932
-48.9933
-48.9934
-48.9935
-48.9936
-48.9935
-48.9933
-48.9927
-48.9931
-48.9932
-48.9932
-48.993
-48.9927
-48.9922
-48.9914
-48.9905
-48.99
-48.9911
-48.9922
-48.9928
-48.9931
-48.9933
-48.9934
-48.9935
-48.9936
-48.9935
-48.9933
-48.9927
-48.9931
-48.9932
-48.9931
-48.9929
-48.9926
-48.9918
-48.9905
-48.9888
-48.9878
-48.99
-48.9918
-48.9927
-48.9931
-48.9933
-48.9934
-48.9935
-48.9936
-48.9936
-48.9933
-48.9928
-48.9931
-48.9932
-48.9931
-48.9929
-48.9925
-48.9916
-48.99
-48.9878
-48.9864
-48.9896
-48.9917
-48.9927
-48.993
-48.9933
-48.9934
-48.9935
-48.9936
-48.9936
-48.9934
-48.9928
-48.9932
-48.9933
-48.9932
-48.993
-48.9927
-48.9921
-48.9911
-48.99
-48.9896
-48.9912
-48.9923
-48.9928
-48.9931
-48.9933
-48.9934
-48.9935
-48.9936
-48.9936
-48.9934
-48.9929
-48.9932
-48.9933
-48.9933
-48.9932
-48.993
-48.9927
-48.9922
-48.9918
-48.9917
-48.9923
-48.9927
-48.9929
-48.9931
-48.9933
-48.9934
-48.9935
-48.9936
-48.9936
-48.9934
-48.993
-48.9933
-48.9934
-48.9933
-48.9933
-48.9931
-48.993
-48.9928
-48.9927
-48.9927
-48.9928
-48.9929
-48.993
-48.9932
-48.9933
-48.9934
-48.9935
-48.9936
-48.9936
-48.9935
-48.9931
-48.9934
-48.9934
-48.9934
-48.9934
-48.9933
-48.9932
-48.9931
-48.9931
-48.993
-48.9931
-48.9931
-48.9932
-48.9933
-48.9934
-48.9935
-48.9936
-48.9936
-48.9937
-48.9935
-48.9932
-48.9934
-48.9935
-48.9935
-48.9934
-48.9934
-48.9933
-48.9933
-48.9933
-48.9933
-48.9933
-48.9933
-48.9933
-48.9934
-48.9934
-48.9935
-48.9936
-48.9937
-48.9937
-48.9936
-48.9933
-48.9935
-48.9935
-48.9935
-48.9935
-48.9935
-48.9934
-48.9934
-48.9934
-48.9934
-48.9934
-48.9934
-48.9934
-48.9935
-48.9935
-48.9936
-48.9937
-48.9937
-48.9937
-48.9936
-48.9933
-48.9935
-48.9936
-48.9936
-48.9936
-48.9936
-48.9935
-48.9935
-48.9935
-48.9935
-48.9935
-48.9935
-48.9935
-48.9936
-48.9936
-48.9937
-48.9937
-48.9938
-48.9938
-48.9936
-48.9933
-48.9935
-48.9935
-48.9936
-48.9936
-48.9936
-48.9936
-48.9936
-48.9936
-48.9936
-48.9936
-48.9936
-48.9936
-48.9936
-48.9937
-48.9937
-48.9938
-48.9938
-48.9938
-48.9937
-48.9933
-48.9934
-48.9935
-48.9935
-48.9935
-48.9935
-48.9935
-48.9935
-48.9936
-48.9936
-48.9936
-48.9936
-48.9936
-48.9937
-48.9937
-48.9937
-48.9938
-48.9938
-48.9938
-48.9936
-48.9931
-48.9932
-48.9933
-48.9933
-48.9933
-48.9933
-48.9933
-48.9933
-48.9933
-48.9934
-48.9934
-48.9934
-48.9935
-48.9935
-48.9936
-48.9936
-48.9936
-48.9937
-48.9936
-48.9935
)
;
    }
    fixedWalls
    {
        type            calculated;
        value           nonuniform List<scalar> 
800
(
-2.44968
-7.34958
-12.2491
-17.1485
-22.0478
-26.947
-31.846
-36.7449
-41.6438
-46.543
-2.44997
-7.34976
-12.2492
-17.1486
-22.0479
-26.947
-31.8461
-36.7451
-41.644
-46.5431
-2.45038
-7.35001
-12.2494
-17.1487
-22.0479
-26.9471
-31.8462
-36.7452
-41.6442
-46.5432
-2.4507
-7.35021
-12.2495
-17.1488
-22.048
-26.9472
-31.8463
-36.7454
-41.6443
-46.5432
-2.45081
-7.3503
-12.2496
-17.1488
-22.048
-26.9472
-31.8464
-36.7454
-41.6443
-46.5432
-2.45072
-7.35025
-12.2496
-17.1488
-22.048
-26.9473
-31.8464
-36.7455
-41.6444
-46.5431
-2.45053
-7.35014
-12.2495
-17.1488
-22.0481
-26.9473
-31.8465
-36.7455
-41.6444
-46.5431
-2.45039
-7.3501
-12.2496
-17.1489
-22.0481
-26.9473
-31.8465
-36.7456
-41.6444
-46.5431
-2.45032
-7.3501
-12.2496
-17.1489
-22.0481
-26.9473
-31.8465
-36.7456
-41.6445
-46.5431
-2.45027
-7.35005
-12.2495
-17.1489
-22.0481
-26.9473
-31.8465
-36.7456
-41.6445
-46.5432
-2.45023
-7.35002
-12.2495
-17.1489
-22.0481
-26.9473
-31.8465
-36.7456
-41.6445
-46.5432
-2.45019
-7.35
-12.2495
-17.1489
-22.0481
-26.9473
-31.8465
-36.7456
-41.6445
-46.5433
-2.45017
-7.34999
-12.2495
-17.1489
-22.0481
-26.9473
-31.8465
-36.7456
-41.6445
-46.5433
-2.45015
-7.34999
-12.2495
-17.1488
-22.0481
-26.9473
-31.8465
-36.7456
-41.6446
-46.5434
-2.45024
-7.34996
-12.2495
-17.1488
-22.048
-26.9473
-31.8465
-36.7456
-41.6446
-46.5435
-2.45042
-7.35005
-12.2495
-17.1488
-22.048
-26.9472
-31.8464
-36.7455
-41.6446
-46.5436
-2.45055
-7.35016
-12.2495
-17.1487
-22.048
-26.9472
-31.8464
-36.7455
-41.6445
-46.5436
-2.45044
-7.35007
-12.2494
-17.1487
-22.0479
-26.9471
-31.8463
-36.7454
-41.6444
-46.5436
-2.45006
-7.34982
-12.2493
-17.1486
-22.0479
-26.9471
-31.8462
-36.7453
-41.6443
-46.5435
-2.44968
-7.34953
-12.2491
-17.1485
-22.0478
-26.947
-31.8461
-36.7451
-41.6441
-46.5434
-2.44968
-7.34953
-12.2491
-17.1485
-22.0478
-26.947
-31.8461
-36.7451
-41.6441
-46.5434
-2.4497
-7.34955
-12.2491
-17.1485
-22.0478
-26.947
-31.8462
-36.7453
-41.6443
-46.5435
-2.44983
-7.34963
-12.2492
-17.1486
-22.0479
-26.9471
-31.8463
-36.7454
-41.6444
-46.5436
-2.45004
-7.34976
-12.2492
-17.1486
-22.0479
-26.9472
-31.8464
-36.7455
-41.6445
-46.5436
-2.45028
-7.3499
-12.2493
-17.1487
-22.048
-26.9472
-31.8464
-36.7455
-41.6445
-46.5436
-2.45049
-7.35002
-12.2494
-17.1487
-22.048
-26.9473
-31.8465
-36.7456
-41.6446
-46.5436
-2.45063
-7.35009
-12.2494
-17.1487
-22.048
-26.9473
-31.8465
-36.7456
-41.6446
-46.5436
-2.45068
-7.35012
-12.2494
-17.1487
-22.048
-26.9473
-31.8465
-36.7456
-41.6446
-46.5436
-2.45062
-7.35009
-12.2494
-17.1487
-22.048
-26.9473
-31.8465
-36.7456
-41.6447
-46.5436
-2.4505
-7.35001
-12.2493
-17.1487
-22.048
-26.9473
-31.8465
-36.7456
-41.6447
-46.5437
-2.45038
-7.34994
-12.2493
-17.1486
-22.048
-26.9473
-31.8465
-36.7456
-41.6447
-46.5437
-2.45034
-7.34993
-12.2493
-17.1486
-22.048
-26.9473
-31.8465
-36.7456
-41.6447
-46.5437
-2.45045
-7.35001
-12.2493
-17.1487
-22.048
-26.9473
-31.8465
-36.7456
-41.6447
-46.5438
-2.45059
-7.35006
-12.2493
-17.1487
-22.048
-26.9473
-31.8465
-36.7456
-41.6447
-46.5438
-2.45059
-7.35004
-12.2494
-17.1487
-22.048
-26.9472
-31.8464
-36.7456
-41.6447
-46.5438
-2.45045
-7.34998
-12.2493
-17.1487
-22.048
-26.9472
-31.8464
-36.7456
-41.6447
-46.5439
-2.45019
-7.34984
-12.2493
-17.1486
-22.0479
-26.9472
-31.8464
-36.7455
-41.6447
-46.5439
-2.44979
-7.34961
-12.2491
-17.1486
-22.0479
-26.9471
-31.8463
-36.7455
-41.6446
-46.5439
-2.4493
-7.34933
-12.249
-17.1485
-22.0478
-26.9471
-31.8463
-36.7454
-41.6445
-46.5439
-2.44895
-7.34911
-12.2489
-17.1484
-22.0478
-26.947
-31.8462
-36.7453
-41.6444
-46.5438
-2.44968
-7.34958
-12.2491
-17.1485
-22.0478
-26.947
-31.846
-36.7449
-41.6438
-46.543
-2.44997
-7.34976
-12.2492
-17.1486
-22.0479
-26.947
-31.8461
-36.7451
-41.644
-46.5431
-2.45038
-7.35001
-12.2494
-17.1487
-22.0479
-26.9471
-31.8462
-36.7452
-41.6442
-46.5432
-2.4507
-7.35021
-12.2495
-17.1488
-22.048
-26.9472
-31.8463
-36.7454
-41.6443
-46.5432
-2.45081
-7.3503
-12.2496
-17.1488
-22.048
-26.9472
-31.8464
-36.7454
-41.6443
-46.5432
-2.45072
-7.35025
-12.2496
-17.1488
-22.048
-26.9473
-31.8464
-36.7455
-41.6444
-46.5431
-2.45053
-7.35014
-12.2495
-17.1488
-22.0481
-26.9473
-31.8465
-36.7455
-41.6444
-46.5431
-2.45039
-7.3501
-12.2496
-17.1489
-22.0481
-26.9473
-31.8465
-36.7456
-41.6444
-46.5431
-2.45032
-7.3501
-12.2496
-17.1489
-22.0481
-26.9473
-31.8465
-36.7456
-41.6445
-46.5431
-2.45027
-7.35005
-12.2495
-17.1489
-22.0481
-26.9473
-31.8465
-36.7456
-41.6445
-46.5432
-2.45023
-7.35002
-12.2495
-17.1489
-22.0481
-26.9473
-31.8465
-36.7456
-41.6445
-46.5432
-2.45019
-7.35
-12.2495
-17.1489
-22.0481
-26.9473
-31.8465
-36.7456
-41.6445
-46.5433
-2.45017
-7.34999
-12.2495
-17.1489
-22.0481
-26.9473
-31.8465
-36.7456
-41.6445
-46.5433
-2.45015
-7.34999
-12.2495
-17.1488
-22.0481
-26.9473
-31.8465
-36.7456
-41.6446
-46.5434
-2.45024
-7.34996
-12.2495
-17.1488
-22.048
-26.9473
-31.8465
-36.7456
-41.6446
-46.5435
-2.45042
-7.35005
-12.2495
-17.1488
-22.048
-26.9472
-31.8464
-36.7455
-41.6446
-46.5436
-2.45055
-7.35016
-12.2495
-17.1487
-22.048
-26.9472
-31.8464
-36.7455
-41.6445
-46.5436
-2.45044
-7.35007
-12.2494
-17.1487
-22.0479
-26.9471
-31.8463
-36.7454
-41.6444
-46.5436
-2.45006
-7.34982
-12.2493
-17.1486
-22.0479
-26.9471
-31.8462
-36.7453
-41.6443
-46.5435
-2.44968
-7.34953
-12.2491
-17.1485
-22.0478
-26.947
-31.8461
-36.7451
-41.6441
-46.5434
-2.44968
-7.34953
-12.2491
-17.1485
-22.0478
-26.947
-31.8461
-36.7451
-41.6441
-46.5434
-2.4497
-7.34955
-12.2491
-17.1485
-22.0478
-26.947
-31.8462
-36.7453
-41.6443
-46.5435
-2.44983
-7.34963
-12.2492
-17.1486
-22.0479
-26.9471
-31.8463
-36.7454
-41.6444
-46.5436
-2.45004
-7.34976
-12.2492
-17.1486
-22.0479
-26.9472
-31.8464
-36.7455
-41.6445
-46.5436
-2.45028
-7.3499
-12.2493
-17.1487
-22.048
-26.9472
-31.8464
-36.7455
-41.6445
-46.5436
-2.45049
-7.35002
-12.2494
-17.1487
-22.048
-26.9473
-31.8465
-36.7456
-41.6446
-46.5436
-2.45063
-7.35009
-12.2494
-17.1487
-22.048
-26.9473
-31.8465
-36.7456
-41.6446
-46.5436
-2.45068
-7.35012
-12.2494
-17.1487
-22.048
-26.9473
-31.8465
-36.7456
-41.6446
-46.5436
-2.45062
-7.35009
-12.2494
-17.1487
-22.048
-26.9473
-31.8465
-36.7456
-41.6447
-46.5436
-2.4505
-7.35001
-12.2493
-17.1487
-22.048
-26.9473
-31.8465
-36.7456
-41.6447
-46.5437
-2.45038
-7.34994
-12.2493
-17.1486
-22.048
-26.9473
-31.8465
-36.7456
-41.6447
-46.5437
-2.45034
-7.34993
-12.2493
-17.1486
-22.048
-26.9473
-31.8465
-36.7456
-41.6447
-46.5437
-2.45045
-7.35001
-12.2493
-17.1487
-22.048
-26.9473
-31.8465
-36.7456
-41.6447
-46.5438
-2.45059
-7.35006
-12.2493
-17.1487
-22.048
-26.9473
-31.8465
-36.7456
-41.6447
-46.5438
-2.45059
-7.35004
-12.2494
-17.1487
-22.048
-26.9472
-31.8464
-36.7456
-41.6447
-46.5438
-2.45045
-7.34998
-12.2493
-17.1487
-22.048
-26.9472
-31.8464
-36.7456
-41.6447
-46.5439
-2.45019
-7.34984
-12.2493
-17.1486
-22.0479
-26.9472
-31.8464
-36.7455
-41.6447
-46.5439
-2.44979
-7.34961
-12.2491
-17.1486
-22.0479
-26.9471
-31.8463
-36.7455
-41.6446
-46.5439
-2.4493
-7.34933
-12.249
-17.1485
-22.0478
-26.9471
-31.8463
-36.7454
-41.6445
-46.5439
-2.44895
-7.34911
-12.2489
-17.1484
-22.0478
-26.947
-31.8462
-36.7453
-41.6444
-46.5438
)
;
    }
}


// ************************************************************************* //
