/*--------------------------------*- C++ -*----------------------------------*\
  =========                 |
  \\      /  F ield         | OpenFOAM: The Open Source CFD Toolbox
   \\    /   O peration     | Website:  https://openfoam.org
    \\  /    A nd           | Version:  8
     \\/     M anipulation  |
\*---------------------------------------------------------------------------*/
FoamFile
{
    version     2.0;
    format      ascii;
    class       volScalarField;
    location    "1000";
    object      p_rgh;
}
// * * * * * * * * * * * * * * * * * * * * * * * * * * * * * * * * * * * * * //

dimensions      [1 -1 -2 0 0 0 0];

internalField   nonuniform List<scalar> 
4000
(
-8.16041e-06
-0.000310606
-0.000733217
-0.00104842
-0.00114868
-0.00103055
-0.000774171
-0.000471981
-0.000324346
-0.000265377
-0.000208003
-0.000159377
-0.000145118
-0.000126991
-0.000371251
-0.000675423
-0.000852806
-0.00075803
-0.000386423
-8.65144e-07
-0.000599186
-0.000857529
-0.00117219
-0.0014123
-0.0014855
-0.00130658
-0.00097622
-0.000725053
-0.000719599
-0.000700335
-0.000679888
-0.00062329
-0.000527588
-0.000459003
-0.000534398
-0.00091993
-0.00119886
-0.00118985
-0.000896737
-0.00051133
-0.000845315
-0.00110095
-0.00138127
-0.00159382
-0.00168821
-0.00151832
-0.00117935
-0.00103274
-0.0010041
-0.000959308
-0.000905831
-0.000856239
-0.000810586
-0.000761012
-0.000739769
-0.00103845
-0.0015111
-0.00140421
-0.00113174
-0.000713395
-0.000898317
-0.00120385
-0.00149241
-0.00170229
-0.00181754
-0.0018629
-0.00186297
-0.0018349
-0.00172401
-0.00156767
-0.00152385
-0.00152607
-0.00157577
-0.00165195
-0.00167722
-0.00169948
-0.0016554
-0.0014935
-0.0012076
-0.000743339
-0.000822349
-0.00120431
-0.00151724
-0.00175066
-0.00189293
-0.00198047
-0.00203709
-0.00207945
-0.00210289
-0.00210543
-0.00208687
-0.00206181
-0.00202953
-0.00198414
-0.00191734
-0.00182706
-0.00170009
-0.00148906
-0.00116169
-0.000627321
-0.000641986
-0.00109842
-0.00146489
-0.00174081
-0.00191901
-0.00203748
-0.00211909
-0.00217703
-0.00221779
-0.00223146
-0.0021952
-0.00215439
-0.00210491
-0.00204072
-0.00195326
-0.00183307
-0.0016628
-0.00140215
-0.00101548
-0.000394993
-0.000313902
-0.000864568
-0.00130168
-0.00163519
-0.00186028
-0.00201358
-0.00212144
-0.00219989
-0.00225782
-0.00227798
-0.00222372
-0.00216483
-0.00209497
-0.00200838
-0.00189615
-0.00174391
-0.00152798
-0.00120718
-0.000746124
-2.79883e-05
0.000203488
-0.000456262
-0.000970992
-0.00136709
-0.00164248
-0.00183427
-0.00197246
-0.00207672
-0.00215853
-0.00219091
-0.00211123
-0.0020283
-0.00193504
-0.00182468
-0.00168637
-0.0015008
-0.0012374
-0.000852315
-0.000311259
0.000505462
0.000833622
0.000117779
-0.00043415
-0.000852723
-0.00114832
-0.0013593
-0.00151727
-0.00164496
-0.00175879
-0.00181988
-0.00171162
-0.0016069
-0.00149647
-0.00136995
-0.0012141
-0.00100872
-0.000721894
-0.000309209
0.000270935
0.00111891
0.00136374
0.000817927
0.000397833
7.42182e-05
-0.000155793
-0.000319177
-0.000441353
-0.000546302
-0.000654878
-0.000720519
-0.000618197
-0.000528897
-0.000436586
-0.000326157
-0.000185747
-1.37761e-06
0.000246529
0.000583681
0.00103094
0.0016656
-0.000310606
-0.000494919
-0.00080625
-0.00104202
-0.00109518
-0.000977688
-0.000754944
-0.000508601
-0.000332959
-0.000275567
-0.00021964
-0.000174213
-0.000153073
-0.000179047
-0.000415412
-0.000676937
-0.000826363
-0.000728298
-0.000365388
-1.7306e-05
-0.000857529
-0.00100631
-0.00123145
-0.0014118
-0.00144596
-0.00126689
-0.000975357
-0.000734632
-0.000701475
-0.000678061
-0.000653513
-0.000599694
-0.000507489
-0.000449695
-0.000596362
-0.000936679
-0.00118029
-0.00114804
-0.000871755
-0.000524966
-0.00110095
-0.00124313
-0.00144016
-0.00160625
-0.0016634
-0.00148435
-0.00119627
-0.00101718
-0.000978462
-0.000955714
-0.000917482
-0.000860612
-0.000784484
-0.000725502
-0.000786804
-0.00110747
-0.00143859
-0.00138437
-0.00111806
-0.000729112
-0.00120385
-0.00137655
-0.00158969
-0.00176739
-0.00185206
-0.00178082
-0.00162
-0.00152541
-0.00144647
-0.00134678
-0.00129314
-0.00126813
-0.00126925
-0.00129357
-0.00132588
-0.00150022
-0.00165241
-0.00153582
-0.00124609
-0.000770233
-0.00120431
-0.00144336
-0.00170793
-0.00192045
-0.00202498
-0.0020501
-0.00198258
-0.00193504
-0.00188159
-0.00182521
-0.0017937
-0.00177543
-0.00177399
-0.00178484
-0.0017932
-0.00183465
-0.001807
-0.00163078
-0.00128863
-0.000698328
-0.00109842
-0.00146052
-0.00180282
-0.00206451
-0.00219526
-0.00225232
-0.00225666
-0.00222282
-0.00217927
-0.00214381
-0.00212286
-0.00210715
-0.00209696
-0.0020909
-0.00208387
-0.00204247
-0.00192977
-0.00168669
-0.00125386
-0.000538682
-0.000864568
-0.00140993
-0.00184577
-0.00216644
-0.00234127
-0.00242392
-0.00244982
-0.00244377
-0.0024125
-0.0023814
-0.00236218
-0.0023478
-0.00233562
-0.00231451
-0.00226703
-0.00217706
-0.00200701
-0.00168332
-0.00113436
-0.000278202
-0.000456262
-0.00121436
-0.00176162
-0.00215556
-0.00238557
-0.00251434
-0.00258419
-0.00261953
-0.00263331
-0.00263276
-0.00258883
-0.00254251
-0.0024913
-0.00242907
-0.00234437
-0.00221191
-0.00197627
-0.00156114
-0.000884187
0.000115522
0.000117779
-0.000775062
-0.00144125
-0.00192863
-0.0022568
-0.00248445
-0.00264788
-0.00276381
-0.0028493
-0.00289804
-0.00278089
-0.00266923
-0.00254821
-0.00240827
-0.00223686
-0.00201123
-0.00168203
-0.00117241
-0.000416957
0.000657058
0.000817927
0.000169619
-0.000336908
-0.000751634
-0.00107235
-0.00132463
-0.00152655
-0.0016901
-0.0018276
-0.00190149
-0.00172006
-0.00155329
-0.00137748
-0.00117891
-0.000951624
-0.000684429
-0.000355857
6.34252e-05
0.000596373
0.00132818
-0.000733217
-0.00080625
-0.000970833
-0.0010811
-0.00105985
-0.000917718
-0.00070365
-0.000473659
-0.000338824
-0.000293096
-0.000235712
-0.000188829
-0.000165034
-0.000200777
-0.000431634
-0.000680288
-0.000819118
-0.000738312
-0.000420588
-0.000144588
-0.00117219
-0.00123145
-0.00134353
-0.00142682
-0.0013852
-0.00118973
-0.00092021
-0.000719734
-0.000699288
-0.000676815
-0.000650833
-0.000602661
-0.000516192
-0.000462859
-0.000622755
-0.000942269
-0.00116251
-0.00112961
-0.000892638
-0.000619766
-0.00138127
-0.00144016
-0.00153614
-0.00162419
-0.0016178
-0.00143728
-0.00117349
-0.00100868
-0.000971901
-0.000954228
-0.000925239
-0.000866629
-0.00077412
-0.000721557
-0.000826026
-0.00114678
-0.00140469
-0.00136177
-0.00112924
-0.000817978
-0.00149241
-0.00158969
-0.00169517
-0.00179515
-0.00182756
-0.00170671
-0.00150364
-0.00137763
-0.00130745
-0.00124049
-0.00118972
-0.00114838
-0.0011113
-0.00110356
-0.00117252
-0.00141585
-0.00163075
-0.00153641
-0.00127513
-0.000883837
-0.00151724
-0.00170793
-0.00184362
-0.00196192
-0.00201513
-0.00196455
-0.00182786
-0.0017229
-0.00163987
-0.00157021
-0.00152797
-0.00150381
-0.00149624
-0.00151367
-0.00156766
-0.00171207
-0.00180708
-0.00167588
-0.0013634
-0.000857756
-0.00146489
-0.00180282
-0.00199164
-0.00213317
-0.0021887
-0.00216793
-0.00208287
-0.00199069
-0.00190683
-0.00184869
-0.00182211
-0.00181185
-0.00181612
-0.00183848
-0.00188249
-0.00194689
-0.00195529
-0.00179046
-0.00141459
-0.00076188
-0.00130168
-0.00184577
-0.00212095
-0.00229703
-0.00236002
-0.00233626
-0.00227167
-0.00219874
-0.0021334
-0.00209174
-0.00207138
-0.00206507
-0.00207085
-0.0020875
-0.00211283
-0.00213462
-0.00209122
-0.00187013
-0.00140404
-0.000585085
-0.000970992
-0.00176162
-0.00218316
-0.00239401
-0.0024427
-0.00241057
-0.0023746
-0.00233398
-0.00229321
-0.00225983
-0.00223233
-0.00222115
-0.00221818
-0.00221712
-0.0022121
-0.00218838
-0.00212963
-0.00186943
-0.00127765
-0.000268709
-0.00043415
-0.00144125
-0.00209782
-0.00251609
-0.00275271
-0.00290164
-0.00298586
-0.00301464
-0.00300192
-0.00297406
-0.00291657
-0.00288085
-0.00282091
-0.00273185
-0.00261222
-0.00245496
-0.00219809
-0.00172016
-0.000934798
0.000237618
0.000397833
-0.000336908
-0.000880345
-0.00132452
-0.0016753
-0.00196226
-0.00220562
-0.00241544
-0.00259036
-0.00269323
-0.00244088
-0.00220937
-0.00196874
-0.00170972
-0.00143356
-0.00113103
-0.00077478
-0.000332046
0.00022857
0.00101632
-0.00104842
-0.00104202
-0.0010811
-0.00106958
-0.000982348
-0.000818413
-0.000611961
-0.000421727
-0.000352936
-0.000309259
-0.000256267
-0.000208139
-0.000183309
-0.000207376
-0.000421596
-0.000664721
-0.000813451
-0.000776576
-0.000545454
-0.000364103
-0.0014123
-0.0014118
-0.00142682
-0.00140607
-0.00127647
-0.00106189
-0.000824832
-0.000710787
-0.000695701
-0.000685071
-0.00065895
-0.000616725
-0.000538576
-0.000484593
-0.000618929
-0.000919185
-0.00113431
-0.00113309
-0.000966024
-0.000783868
-0.00159382
-0.00160625
-0.00162419
-0.00162656
-0.00153556
-0.00133138
-0.0011054
-0.000996092
-0.000974901
-0.000954222
-0.000932052
-0.000875086
-0.000783718
-0.000736695
-0.00084216
-0.00114096
-0.00136728
-0.00135008
-0.00118475
-0.000970996
-0.00170229
-0.00176739
-0.00179515
-0.00181512
-0.00177371
-0.00161758
-0.00142645
-0.0013133
-0.00125212
-0.00120295
-0.00116101
-0.00111534
-0.001056
-0.00103344
-0.00111996
-0.00137599
-0.00158718
-0.00153132
-0.00134388
-0.00106349
-0.00175066
-0.00192045
-0.00196192
-0.0019917
-0.00197967
-0.00187664
-0.00172272
-0.00160294
-0.00151338
-0.00144572
-0.00140338
-0.00137577
-0.00135188
-0.00135218
-0.00142476
-0.00161922
-0.00177592
-0.00169125
-0.00146834
-0.00108506
-0.00174081
-0.00206451
-0.00213317
-0.00216138
-0.00215324
-0.0020765
-0.00195278
-0.00183591
-0.00173985
-0.00167436
-0.00164239
-0.00163143
-0.00162945
-0.00164415
-0.00170323
-0.00183121
-0.0019261
-0.00183469
-0.00157192
-0.00103601
-0.00163519
-0.00216644
-0.00229703
-0.00234232
-0.00230914
-0.00223422
-0.00213244
-0.00203634
-0.00195967
-0.00190817
-0.00188275
-0.0018787
-0.00188343
-0.00189826
-0.00193955
-0.00201724
-0.00206816
-0.00195503
-0.00162981
-0.000890788
-0.00136709
-0.00215556
-0.00239401
-0.00241383
-0.00239492
-0.00234784
-0.00228758
-0.00223718
-0.00219767
-0.00216092
-0.00212455
-0.00211201
-0.00210774
-0.00210482
-0.00210875
-0.00212714
-0.0021212
-0.00200625
-0.00157814
-0.000606728
-0.000852723
-0.00192863
-0.00251609
-0.00280078
-0.00287322
-0.00292491
-0.00298627
-0.00304179
-0.00305817
-0.00304076
-0.00294163
-0.0028865
-0.00281305
-0.00271644
-0.00261087
-0.00251472
-0.00240713
-0.00203985
-0.00131342
-0.000106163
7.42182e-05
-0.000751634
-0.00132452
-0.00177792
-0.00214232
-0.00245185
-0.0027292
-0.00297162
-0.00318073
-0.00333033
-0.00300885
-0.00273275
-0.00244707
-0.00214227
-0.00182374
-0.00149167
-0.00111311
-0.000661989
-8.46806e-05
0.000754938
-0.00114868
-0.00109518
-0.00105985
-0.000982348
-0.000853844
-0.000685071
-0.000504114
-0.00039717
-0.000364955
-0.00032719
-0.00027943
-0.000232165
-0.000209729
-0.00021628
-0.000394677
-0.000633261
-0.000804079
-0.000828602
-0.000701731
-0.000609955
-0.0014855
-0.00144596
-0.0013852
-0.00127647
-0.00110705
-0.000901272
-0.000746413
-0.000716987
-0.00070986
-0.000699878
-0.000670423
-0.000635006
-0.000573281
-0.000518932
-0.000601572
-0.000873454
-0.00109839
-0.00115168
-0.00106424
-0.000961473
-0.00168821
-0.0016634
-0.0016178
-0.00153556
-0.0013831
-0.00118518
-0.00103791
-0.000989897
-0.000969721
-0.000953489
-0.000936552
-0.000884201
-0.000809655
-0.000765977
-0.000845721
-0.00110462
-0.00132373
-0.00134927
-0.00125598
-0.00112331
-0.00181754
-0.00185206
-0.00182756
-0.00177371
-0.00166493
-0.00150141
-0.00135901
-0.00127905
-0.0012306
-0.00119078
-0.00115441
-0.00111102
-0.00105234
-0.00102611
-0.00110566
-0.00133645
-0.00153505
-0.00152458
-0.00141464
-0.00121746
-0.00189293
-0.00202498
-0.00201513
-0.00197967
-0.00190599
-0.00177952
-0.00164306
-0.00153574
-0.00145377
-0.00139473
-0.00135892
-0.00133483
-0.00130313
-0.00129058
-0.00135951
-0.00155234
-0.00172303
-0.00169019
-0.00155827
-0.0012493
-0.00191901
-0.00219526
-0.0021887
-0.00215324
-0.00208834
-0.00198266
-0.00185741
-0.0017442
-0.00165415
-0.00159415
-0.00156585
-0.00155865
-0.00154951
-0.00154621
-0.00159436
-0.0017358
-0.00187216
-0.00184315
-0.00168811
-0.00121484
-0.00186028
-0.00234127
-0.00236002
-0.00230914
-0.00223283
-0.00213736
-0.00203508
-0.00194781
-0.00188236
-0.00183557
-0.0018085
-0.00180584
-0.00180534
-0.00180322
-0.00182754
-0.00191282
-0.00200742
-0.00197332
-0.00177138
-0.00109675
-0.00164248
-0.00238557
-0.0024427
-0.00239492
-0.00234193
-0.0022895
-0.00224723
-0.00222535
-0.00221905
-0.00219913
-0.0021324
-0.00209651
-0.00207922
-0.00206022
-0.00204749
-0.00206196
-0.00208326
-0.00203457
-0.00175266
-0.000837579
-0.00114832
-0.0022568
-0.00275271
-0.00287322
-0.00290645
-0.00298338
-0.00309119
-0.00319991
-0.00327294
-0.00329452
-0.0031023
-0.00299995
-0.00290101
-0.00278107
-0.0026488
-0.00253116
-0.0024428
-0.00220575
-0.00156097
-0.00034656
-0.000155793
-0.00107235
-0.0016753
-0.00214232
-0.00251306
-0.00285249
-0.00317503
-0.00346541
-0.00373157
-0.00397102
-0.00354272
-0.00320954
-0.00287133
-0.00251331
-0.00214544
-0.00177729
-0.00138813
-0.000918958
-0.000323517
0.000564643
-0.00103055
-0.000977688
-0.000917718
-0.000818413
-0.000685071
-0.000535801
-0.000429017
-0.000398633
-0.00037768
-0.000349424
-0.000306185
-0.000260965
-0.000241386
-0.00023996
-0.000359618
-0.000587226
-0.000780734
-0.00086706
-0.000839564
-0.000818667
-0.00130658
-0.00126689
-0.00118973
-0.00106189
-0.000901272
-0.000766626
-0.000730174
-0.000724027
-0.000727043
-0.000712982
-0.000680849
-0.000657314
-0.000618123
-0.000567132
-0.000590267
-0.000810904
-0.00104948
-0.00116707
-0.00115254
-0.00110742
-0.00151832
-0.00148435
-0.00143728
-0.00133138
-0.00118518
-0.00105976
-0.00100408
-0.000986168
-0.000968869
-0.000956275
-0.000940206
-0.000900919
-0.000847533
-0.000805666
-0.000850169
-0.0010525
-0.00127282
-0.00134984
-0.00131545
-0.00123527
-0.0018629
-0.00178082
-0.00170671
-0.00161758
-0.00150141
-0.0013856
-0.00130475
-0.00125557
-0.00121576
-0.00118158
-0.00114818
-0.00111565
-0.00107246
-0.00104527
-0.00110362
-0.00128968
-0.00147743
-0.00151254
-0.00146403
-0.00131502
-0.00198047
-0.0020501
-0.00196455
-0.00187664
-0.00177952
-0.00167097
-0.00156941
-0.00148461
-0.0014164
-0.00137053
-0.00134083
-0.00132393
-0.00129815
-0.00127913
-0.00133079
-0.00149378
-0.00165874
-0.0016747
-0.00161401
-0.0013476
-0.00203748
-0.00225232
-0.00216793
-0.0020765
-0.00198266
-0.00187892
-0.00177331
-0.00167982
-0.00161057
-0.00157226
-0.00154603
-0.00153702
-0.00152546
-0.00151044
-0.00153846
-0.00165909
-0.00180218
-0.00182428
-0.00175338
-0.00132469
-0.00201358
-0.00242392
-0.00233626
-0.00223422
-0.00213736
-0.00204606
-0.00196461
-0.00190584
-0.00187794
-0.00186382
-0.0018177
-0.00179088
-0.00178173
-0.00176665
-0.00176686
-0.00183142
-0.00193776
-0.00196112
-0.001845
-0.00122454
-0.00183427
-0.00251434
-0.00241057
-0.00234784
-0.0022895
-0.00225762
-0.00225223
-0.00229219
-0.00238357
-0.00243256
-0.00226537
-0.00213206
-0.00208094
-0.0020471
-0.0020149
-0.00200938
-0.00203312
-0.00201576
-0.00184476
-0.000984766
-0.0013593
-0.00248445
-0.00290164
-0.00292491
-0.00298338
-0.00311044
-0.00327842
-0.0034602
-0.00363453
-0.00376227
-0.00337622
-0.00317052
-0.00302543
-0.00287988
-0.00272168
-0.00257399
-0.00247017
-0.0023097
-0.001724
-0.000509052
-0.000319177
-0.00132463
-0.00196226
-0.00245185
-0.00285249
-0.0032389
-0.003605
-0.00392788
-0.00424562
-0.00462479
-0.00405397
-0.00367379
-0.00328723
-0.00287324
-0.00244986
-0.00203276
-0.0016135
-0.00112177
-0.000504805
0.000427507
-0.000774171
-0.000754944
-0.00070365
-0.000611961
-0.000504114
-0.000429017
-0.000410411
-0.000403181
-0.000394091
-0.000379118
-0.00033456
-0.000295084
-0.000277186
-0.000275452
-0.00033064
-0.000524591
-0.000732144
-0.000866782
-0.000918937
-0.000953365
-0.00097622
-0.000975357
-0.00092021
-0.000824832
-0.000746413
-0.000730174
-0.000729165
-0.000740679
-0.000741113
-0.00072492
-0.000692225
-0.000675113
-0.000654286
-0.000617474
-0.000601368
-0.000738735
-0.000973905
-0.00114747
-0.0012021
-0.0012012
-0.00117935
-0.00119627
-0.00117349
-0.0011054
-0.00103791
-0.00100408
-0.000993767
-0.000981639
-0.000975086
-0.000978299
-0.000953727
-0.000925172
-0.000887921
-0.000847493
-0.00086076
-0.000995049
-0.0012032
-0.00132825
-0.00134429
-0.00130039
-0.00186297
-0.00162
-0.00150364
-0.00142645
-0.00135901
-0.00130475
-0.00126645
-0.00123611
-0.00121162
-0.00120219
-0.00116524
-0.00112861
-0.00109708
-0.0010697
-0.00110301
-0.00123783
-0.00140907
-0.00148672
-0.00148151
-0.00136567
-0.00203709
-0.00198258
-0.00182786
-0.00172272
-0.00164306
-0.00156941
-0.00150041
-0.00144069
-0.00141548
-0.00143881
-0.00138447
-0.00132939
-0.00130387
-0.00128227
-0.00131256
-0.0014359
-0.00158638
-0.00164533
-0.00163207
-0.0014001
-0.00211909
-0.00225666
-0.00208287
-0.00195278
-0.00185741
-0.00177331
-0.00169549
-0.00164049
-0.00166414
-0.00175255
-0.00166008
-0.00154643
-0.00151652
-0.00149505
-0.00150412
-0.00159292
-0.00172623
-0.0017881
-0.00177271
-0.00138443
-0.00212144
-0.00244982
-0.00227167
-0.00213244
-0.00203508
-0.00196461
-0.0019195
-0.00192953
-0.00207769
-0.00229285
-0.00206065
-0.00182121
-0.00176838
-0.00174549
-0.00172949
-0.00176441
-0.00186209
-0.00192127
-0.00187196
-0.0012949
-0.00197246
-0.00258419
-0.0023746
-0.00228758
-0.00224723
-0.00225223
-0.00231804
-0.00250839
-0.00285571
-0.00312906
-0.00264935
-0.00221914
-0.00207884
-0.00202515
-0.00198154
-0.00195621
-0.00197163
-0.00196121
-0.00188349
-0.00107181
-0.00151727
-0.00264788
-0.00298586
-0.00298627
-0.00309119
-0.00327842
-0.00352191
-0.00381161
-0.00417251
-0.0045632
-0.00379131
-0.00338232
-0.00314738
-0.00296066
-0.00277843
-0.00260478
-0.00247952
-0.00237091
-0.00182862
-0.000615044
-0.000441353
-0.00152655
-0.00220562
-0.0027292
-0.00317503
-0.003605
-0.00398605
-0.00428072
-0.00459557
-0.00518755
-0.00445638
-0.00409233
-0.00368264
-0.00321121
-0.00272691
-0.0022552
-0.00179529
-0.00127595
-0.000637131
0.000329982
-0.000471981
-0.000508601
-0.000473659
-0.000421727
-0.00039717
-0.000398633
-0.000403181
-0.000411445
-0.000419929
-0.00043749
-0.000381443
-0.00033741
-0.00031597
-0.000310347
-0.000324307
-0.000448748
-0.000653349
-0.000817855
-0.000912334
-0.000987434
-0.000725053
-0.000734632
-0.000719734
-0.000710787
-0.000716987
-0.000724027
-0.000740679
-0.000753447
-0.000757825
-0.000801228
-0.000752259
-0.000680132
-0.000661952
-0.00064455
-0.000627308
-0.00067667
-0.00086745
-0.0010656
-0.00118466
-0.00122278
-0.00103274
-0.00101718
-0.00100868
-0.000996092
-0.000989897
-0.000986168
-0.000981639
-0.000987483
-0.00103007
-0.0011308
-0.00106052
-0.00093756
-0.000906592
-0.000874699
-0.000868619
-0.000941147
-0.00110769
-0.00126496
-0.00133175
-0.0013208
-0.0018349
-0.00152541
-0.00137763
-0.0013133
-0.00127905
-0.00125557
-0.00123611
-0.00123007
-0.00132103
-0.00157611
-0.00146179
-0.00115594
-0.00110422
-0.00108022
-0.00109339
-0.00118146
-0.00132332
-0.00143195
-0.00146836
-0.0013865
-0.00207945
-0.00193504
-0.0017229
-0.00160294
-0.00153574
-0.00148461
-0.00144069
-0.00144657
-0.0016941
-0.0022455
-0.00191054
-0.00138794
-0.00129926
-0.00127617
-0.00128885
-0.00137406
-0.00150259
-0.00159188
-0.001623
-0.00142368
-0.00217703
-0.00222282
-0.00199069
-0.00183591
-0.0017442
-0.00167982
-0.00164049
-0.00172486
-0.00226918
-0.00304181
-0.00238702
-0.00164376
-0.00150242
-0.00147396
-0.00147049
-0.00152953
-0.0016451
-0.00173515
-0.00176711
-0.00141289
-0.00219989
-0.00244377
-0.00219874
-0.00203634
-0.00194781
-0.00190584
-0.00192953
-0.00219363
-0.00306068
-0.00391782
-0.00291132
-0.00194778
-0.00174131
-0.00171169
-0.00169057
-0.00170424
-0.00178258
-0.00186646
-0.00188111
-0.00132844
-0.00207672
-0.00261953
-0.00233398
-0.00223718
-0.00222535
-0.00229219
-0.00250839
-0.00301857
-0.00396384
-0.00489249
-0.00354144
-0.00238668
-0.00206265
-0.00197685
-0.00192896
-0.00189617
-0.00190628
-0.00192284
-0.0018968
-0.00111711
-0.00164496
-0.00276381
-0.00301464
-0.00304179
-0.00319991
-0.0034602
-0.00381161
-0.00427866
-0.00500106
-0.00601499
-0.00446465
-0.00365694
-0.00324887
-0.00299042
-0.00278262
-0.00259286
-0.00245131
-0.0023739
-0.00188316
-0.00067606
-0.000546302
-0.0016901
-0.00241544
-0.00297162
-0.00346541
-0.00392788
-0.00428072
-0.00445277
-0.00467458
-0.00561838
-0.00471567
-0.00446342
-0.00405238
-0.0035098
-0.00295332
-0.00242276
-0.00191923
-0.00137444
-0.000718416
0.000267016
-0.000324346
-0.000332959
-0.000338824
-0.000352936
-0.000364955
-0.00037768
-0.000394091
-0.000419929
-0.00044627
-0.00064823
-0.000588566
-0.000395041
-0.000347649
-0.000330495
-0.000332048
-0.000378585
-0.000546266
-0.00071795
-0.000829369
-0.00090936
-0.000719599
-0.000701475
-0.000699288
-0.000695701
-0.00070986
-0.000727043
-0.000741113
-0.000757825
-0.000830822
-0.00134147
-0.00137419
-0.000709424
-0.000636761
-0.000635128
-0.000626948
-0.000636439
-0.000742641
-0.000928365
-0.00105674
-0.00111099
-0.0010041
-0.000978462
-0.000971901
-0.000974901
-0.000969721
-0.000968869
-0.000975086
-0.00103007
-0.0013911
-0.00283866
-0.00228496
-0.00100542
-0.000872722
-0.000861152
-0.000854443
-0.000887145
-0.00099152
-0.00114132
-0.00123898
-0.00129794
-0.00172401
-0.00144647
-0.00130745
-0.00125212
-0.0012306
-0.00121576
-0.00121162
-0.00132103
-0.00225479
-0.00436332
-0.00304166
-0.00128424
-0.00107311
-0.00105667
-0.00106188
-0.00111512
-0.00121873
-0.00133543
-0.0014123
-0.00138333
-0.00210289
-0.00188159
-0.00163987
-0.00151338
-0.00145377
-0.0014164
-0.00141548
-0.0016941
-0.00329147
-0.0057751
-0.00368043
-0.00156556
-0.00126757
-0.00124339
-0.00124848
-0.00130415
-0.00140754
-0.00151462
-0.00158984
-0.00142746
-0.00221779
-0.00217927
-0.00190683
-0.00173985
-0.00165415
-0.00161057
-0.00166414
-0.00226918
-0.00436904
-0.00702375
-0.00421926
-0.00185337
-0.00146814
-0.00143278
-0.0014267
-0.0014646
-0.00156136
-0.00167248
-0.00175114
-0.00142059
-0.00225782
-0.0024125
-0.0021334
-0.00195967
-0.00188236
-0.00187794
-0.00207769
-0.00306068
-0.00538336
-0.00805181
-0.00468902
-0.00216769
-0.00170177
-0.00165089
-0.00163979
-0.00164483
-0.00170804
-0.00180909
-0.00188295
-0.00133623
-0.00215853
-0.00263331
-0.00229321
-0.00219767
-0.00221905
-0.00238357
-0.00285571
-0.00396384
-0.00616462
-0.00876633
-0.00513789
-0.00261394
-0.00202952
-0.00190972
-0.00186114
-0.00183362
-0.00184484
-0.00188741
-0.001894
-0.00112863
-0.00175879
-0.0028493
-0.00300192
-0.00305817
-0.00327294
-0.00363453
-0.00417251
-0.00500106
-0.00650251
-0.00890353
-0.00562302
-0.00402193
-0.00330423
-0.00294477
-0.00271538
-0.00252406
-0.00238086
-0.00231115
-0.00189278
-0.000695636
-0.000654878
-0.0018276
-0.00259036
-0.00318073
-0.00373157
-0.00424562
-0.00459557
-0.00467458
-0.00487643
-0.00650276
-0.00520344
-0.00496474
-0.00444673
-0.00376697
-0.00311086
-0.00251431
-0.00196861
-0.00141042
-0.000741026
0.000243842
-0.000265377
-0.000275567
-0.000293096
-0.000309259
-0.00032719
-0.000349424
-0.000379118
-0.00043749
-0.00064823
-0.00427589
-0.00361861
-0.000703865
-0.000471391
-0.000391066
-0.000340322
-0.000336351
-0.00043237
-0.000581099
-0.000689994
-0.000760046
-0.000700335
-0.000678061
-0.000676815
-0.000685071
-0.000699878
-0.000712982
-0.00072492
-0.000801228
-0.00134147
-0.00718556
-0.00480898
-0.000893748
-0.000648529
-0.00059183
-0.000577142
-0.000579455
-0.000620158
-0.000760452
-0.000875253
-0.000911128
-0.000959308
-0.000955714
-0.000954228
-0.000954222
-0.000953489
-0.000956275
-0.000978299
-0.0011308
-0.00283866
-0.0100634
-0.00577667
-0.00117841
-0.000834395
-0.000792485
-0.000793235
-0.000810901
-0.000865677
-0.000977214
-0.00107406
-0.00116938
-0.00156767
-0.00134678
-0.00124049
-0.00120295
-0.00119078
-0.00118158
-0.00120219
-0.00157611
-0.00436332
-0.0119138
-0.00615536
-0.00145368
-0.00102608
-0.000987487
-0.000995972
-0.00103011
-0.00110119
-0.00120855
-0.00132431
-0.00137016
-0.00210543
-0.00182521
-0.00157021
-0.00144572
-0.00139473
-0.00137053
-0.00143881
-0.0022455
-0.0057751
-0.0130637
-0.00626566
-0.00171408
-0.00122199
-0.00117797
-0.00118532
-0.00122417
-0.00130684
-0.00142327
-0.0015409
-0.00142138
-0.00223146
-0.00214381
-0.00184869
-0.00167436
-0.00159415
-0.00157226
-0.00175255
-0.00304181
-0.00702375
-0.0137546
-0.00627694
-0.00196679
-0.00142484
-0.00136982
-0.00137042
-0.00139825
-0.00148067
-0.00160812
-0.00173027
-0.00141803
-0.00227798
-0.0023814
-0.00209174
-0.00190817
-0.00183557
-0.00186382
-0.00229285
-0.00391782
-0.00805181
-0.0140971
-0.00627185
-0.00223195
-0.0016532
-0.00158837
-0.00158003
-0.00158748
-0.00164325
-0.00175963
-0.0018828
-0.00132999
-0.00219091
-0.00263276
-0.00225983
-0.00216092
-0.00219913
-0.00243256
-0.00312906
-0.00489249
-0.00876633
-0.0141859
-0.00638112
-0.00262594
-0.00195919
-0.00184316
-0.00180141
-0.00177945
-0.00179712
-0.00186226
-0.00188398
-0.00111544
-0.00181988
-0.00289804
-0.00297406
-0.00304076
-0.00329452
-0.00376227
-0.0045632
-0.00601499
-0.00890353
-0.0137482
-0.00685646
-0.0041838
-0.0032047
-0.00281444
-0.00259203
-0.0024147
-0.00228548
-0.00222857
-0.00187238
-0.000677306
-0.000720519
-0.00190149
-0.00269323
-0.00333033
-0.00397102
-0.00462479
-0.00518755
-0.00561838
-0.00650276
-0.00973724
-0.00673572
-0.00580954
-0.00486427
-0.00394723
-0.00316906
-0.00250966
-0.00193444
-0.00137488
-0.00070231
0.000271413
-0.000208003
-0.00021964
-0.000235712
-0.000256267
-0.00027943
-0.000306185
-0.00033456
-0.000381443
-0.000588566
-0.00361861
-0.00312611
-0.000742319
-0.00054441
-0.000474629
-0.000426311
-0.000382323
-0.000364608
-0.000433316
-0.000523465
-0.000596409
-0.000679888
-0.000653513
-0.000650833
-0.00065895
-0.000670423
-0.000680849
-0.000692225
-0.000752259
-0.00137419
-0.00480898
-0.0031388
-0.000826406
-0.000681338
-0.000611836
-0.000548794
-0.000513963
-0.000517829
-0.000594018
-0.000685028
-0.000724402
-0.000905831
-0.000917482
-0.000925239
-0.000932052
-0.000936552
-0.000940206
-0.000953727
-0.00106052
-0.00228496
-0.00577667
-0.00323315
-0.00101666
-0.000839324
-0.000762177
-0.000711983
-0.000711522
-0.00074143
-0.000817555
-0.000918275
-0.00106392
-0.00152385
-0.00129314
-0.00118972
-0.00116101
-0.00115441
-0.00114818
-0.00116524
-0.00146179
-0.00304166
-0.00615536
-0.00318352
-0.00121745
-0.00101834
-0.00094296
-0.000911569
-0.000931436
-0.000985492
-0.00108794
-0.00124209
-0.00135278
-0.00208687
-0.0017937
-0.00152797
-0.00140338
-0.00135892
-0.00134083
-0.00138447
-0.00191054
-0.00368043
-0.00626566
-0.00314229
-0.00141138
-0.00120464
-0.00113613
-0.0011141
-0.00114253
-0.00121545
-0.00134472
-0.00150937
-0.00141271
-0.0021952
-0.00212286
-0.00182211
-0.00164239
-0.00156585
-0.00154603
-0.00166008
-0.00238702
-0.00421926
-0.00627694
-0.00315695
-0.00160473
-0.00139706
-0.00133906
-0.00131633
-0.00133843
-0.00141435
-0.00155688
-0.00171118
-0.0014098
-0.00222372
-0.00236218
-0.00207138
-0.00188275
-0.0018085
-0.0018177
-0.00206065
-0.00291132
-0.00468902
-0.00627185
-0.0032332
-0.0018117
-0.00160386
-0.00155679
-0.0015328
-0.00153977
-0.00159458
-0.0017246
-0.00187952
-0.00130967
-0.00211123
-0.00258883
-0.00223233
-0.00212455
-0.0021324
-0.00226537
-0.00264935
-0.00354144
-0.00513789
-0.00638112
-0.00343259
-0.00208627
-0.00184524
-0.00179062
-0.00176099
-0.00174583
-0.00176784
-0.00184625
-0.0018586
-0.00106405
-0.00171162
-0.00278089
-0.00291657
-0.00294163
-0.0031023
-0.00337622
-0.00379131
-0.00446465
-0.00562302
-0.00685646
-0.00416524
-0.0031906
-0.00278954
-0.00256919
-0.00240458
-0.00226732
-0.00216974
-0.00213221
-0.00176507
-0.000582204
-0.000618197
-0.00172006
-0.00244088
-0.00300885
-0.00354272
-0.00405397
-0.00445638
-0.00471567
-0.00520344
-0.00673572
-0.0054009
-0.0047604
-0.00400959
-0.00328387
-0.00265259
-0.00210049
-0.00160579
-0.00111001
-0.000504276
0.000396895
-0.000159377
-0.000174213
-0.000188829
-0.000208139
-0.000232165
-0.000260965
-0.000295084
-0.00033741
-0.000395041
-0.000703865
-0.000742319
-0.000628389
-0.000587208
-0.00056473
-0.000539487
-0.00050408
-0.000477578
-0.000486594
-0.000519763
-0.000552971
-0.00062329
-0.000599694
-0.000602661
-0.000616725
-0.000635006
-0.000657314
-0.000675113
-0.000680132
-0.000709424
-0.000893748
-0.000826406
-0.000763318
-0.000754386
-0.00073036
-0.000687119
-0.000631257
-0.000594034
-0.000618908
-0.000662307
-0.000683555
-0.000856239
-0.000860612
-0.000866629
-0.000875086
-0.000884201
-0.000900919
-0.000925172
-0.00093756
-0.00100542
-0.00117841
-0.00101666
-0.000932134
-0.000921266
-0.000878321
-0.000805433
-0.000743409
-0.000739619
-0.00079676
-0.00090636
-0.0010837
-0.00152607
-0.00126813
-0.00114838
-0.00111534
-0.00111102
-0.00111565
-0.00112861
-0.00115594
-0.00128424
-0.00145368
-0.00121745
-0.00111649
-0.00109939
-0.00104303
-0.000957326
-0.000919515
-0.000953249
-0.00106059
-0.00123822
-0.0013421
-0.00206181
-0.00177543
-0.00150381
-0.00137577
-0.00133483
-0.00132393
-0.00132939
-0.00138794
-0.00156556
-0.00171408
-0.00141138
-0.00129503
-0.00127463
-0.00121886
-0.00114031
-0.00112274
-0.00118395
-0.00132529
-0.00151397
-0.00140628
-0.00215439
-0.00210715
-0.00181185
-0.00163143
-0.00155865
-0.00153702
-0.00154643
-0.00164376
-0.00185337
-0.00196679
-0.00160473
-0.00146853
-0.00144533
-0.00140042
-0.00133923
-0.00132602
-0.00139279
-0.00154316
-0.00170998
-0.00140205
-0.00216483
-0.0023478
-0.00206507
-0.0018787
-0.00180584
-0.00179088
-0.00182121
-0.00194778
-0.00216769
-0.00223195
-0.0018117
-0.00164736
-0.00161776
-0.00158699
-0.00154583
-0.00153049
-0.00158128
-0.00171934
-0.00187357
-0.00129381
-0.0020283
-0.00254251
-0.00222115
-0.00211201
-0.00209651
-0.00213206
-0.00221914
-0.00238668
-0.00261394
-0.00262594
-0.00208627
-0.00185414
-0.00180442
-0.00178098
-0.00175496
-0.0017384
-0.00176459
-0.00184843
-0.00184059
-0.00102795
-0.0016069
-0.00266923
-0.00288085
-0.0028865
-0.00299995
-0.00317052
-0.00338232
-0.00365694
-0.00402193
-0.0041838
-0.0031906
-0.00277226
-0.00254437
-0.0023777
-0.00224515
-0.00214313
-0.00207986
-0.0020586
-0.00168433
-0.000518127
-0.000528897
-0.00155329
-0.00220937
-0.00273275
-0.00320954
-0.00367379
-0.00409233
-0.00446342
-0.00496474
-0.00580954
-0.0047604
-0.00402871
-0.0033334
-0.00272984
-0.00221253
-0.00175731
-0.00134426
-0.0009116
-0.000362606
0.000489698
-0.000145118
-0.000153073
-0.000165034
-0.000183309
-0.000209729
-0.000241386
-0.000277186
-0.00031597
-0.000347649
-0.000471391
-0.00054441
-0.000587208
-0.000621327
-0.000647656
-0.00066192
-0.000664794
-0.000664323
-0.000662862
-0.000672343
-0.000722614
-0.000527588
-0.000507489
-0.000516192
-0.000538576
-0.000573281
-0.000618123
-0.000654286
-0.000661952
-0.000636761
-0.000648529
-0.000681338
-0.000754386
-0.000819101
-0.000856805
-0.000870273
-0.000867402
-0.000859241
-0.000840423
-0.000832901
-0.000840117
-0.000810586
-0.000784484
-0.00077412
-0.000783718
-0.000809655
-0.000847533
-0.000887921
-0.000906592
-0.000872722
-0.000834395
-0.000839324
-0.000921266
-0.000996555
-0.00102551
-0.00101415
-0.000972634
-0.000939295
-0.000964303
-0.00105117
-0.00120798
-0.00157577
-0.00126925
-0.0011113
-0.001056
-0.00105234
-0.00107246
-0.00109708
-0.00110422
-0.00107311
-0.00102608
-0.00101834
-0.00109939
-0.00117656
-0.00119439
-0.00116085
-0.00109662
-0.00109079
-0.00117099
-0.00131705
-0.00134055
-0.00202953
-0.00177399
-0.00149624
-0.00135188
-0.00130313
-0.00129815
-0.00130387
-0.00129926
-0.00126757
-0.00122199
-0.00120464
-0.00127463
-0.00134551
-0.00135651
-0.0013153
-0.00125468
-0.00127581
-0.00139203
-0.0015522
-0.0013991
-0.00210491
-0.00209696
-0.00181612
-0.00162945
-0.00154951
-0.00152546
-0.00151652
-0.00150242
-0.00146814
-0.00142484
-0.00139706
-0.00144533
-0.00150163
-0.00150999
-0.00147381
-0.00142614
-0.00145773
-0.00158314
-0.00173007
-0.00138574
-0.00209497
-0.00233562
-0.00207085
-0.00188343
-0.00180534
-0.00178173
-0.00176838
-0.00174131
-0.00170177
-0.0016532
-0.00160386
-0.00161776
-0.00165053
-0.00165685
-0.0016329
-0.00160214
-0.00162925
-0.0017505
-0.00186455
-0.00126718
-0.00193504
-0.0024913
-0.00221818
-0.00210774
-0.00207922
-0.00208094
-0.00207884
-0.00206265
-0.00202952
-0.00195919
-0.00184524
-0.00180442
-0.00180672
-0.00180705
-0.00179356
-0.00177685
-0.00179799
-0.00187089
-0.00182663
-0.000983923
-0.00149647
-0.00254821
-0.00282091
-0.00281305
-0.00290101
-0.00302543
-0.00314738
-0.00324887
-0.00330423
-0.0032047
-0.00278954
-0.00254437
-0.00237541
-0.00223077
-0.00212362
-0.00204488
-0.00200633
-0.00199491
-0.00162518
-0.000451386
-0.000436586
-0.00137748
-0.00196874
-0.00244707
-0.00287133
-0.00328723
-0.00368264
-0.00405238
-0.00444673
-0.00486427
-0.00400959
-0.0033334
-0.00274143
-0.00223857
-0.00180915
-0.00143607
-0.00110214
-0.000732249
-0.000220363
0.00059138
-0.000126991
-0.000179047
-0.000200777
-0.000207376
-0.00021628
-0.00023996
-0.000275452
-0.000310347
-0.000330495
-0.000391066
-0.000474629
-0.00056473
-0.000647656
-0.000713835
-0.000760251
-0.000789248
-0.00080812
-0.000817686
-0.000825278
-0.000883289
-0.000459003
-0.000449695
-0.000462859
-0.000484593
-0.000518932
-0.000567132
-0.000617474
-0.00064455
-0.000635128
-0.00059183
-0.000611836
-0.00073036
-0.000856805
-0.000946221
-0.00100226
-0.00103737
-0.00106303
-0.00107756
-0.0010678
-0.00105128
-0.000761012
-0.000725502
-0.000721557
-0.000736695
-0.000765977
-0.000805666
-0.000847493
-0.000874699
-0.000861152
-0.000792485
-0.000762177
-0.000878321
-0.00102551
-0.0011202
-0.00116749
-0.00118729
-0.00118936
-0.00119021
-0.00122264
-0.00125932
-0.00165195
-0.00129357
-0.00110356
-0.00103344
-0.00102611
-0.00104527
-0.0010697
-0.00108022
-0.00105667
-0.000987487
-0.00094296
-0.00104303
-0.00119439
-0.00128578
-0.00131831
-0.00131791
-0.00130352
-0.00133368
-0.00140233
-0.00133786
-0.00198414
-0.00178484
-0.00151367
-0.00135218
-0.00129058
-0.00127913
-0.00128227
-0.00127617
-0.00124339
-0.00117797
-0.00113613
-0.00121886
-0.00135651
-0.0014388
-0.00146022
-0.00144724
-0.00144177
-0.0014999
-0.00159038
-0.00138147
-0.00204072
-0.0020909
-0.00183848
-0.00164415
-0.00154621
-0.00151044
-0.00149505
-0.00147396
-0.00143278
-0.00136982
-0.00133906
-0.00140042
-0.00150999
-0.00157918
-0.00159587
-0.00158241
-0.00158556
-0.00165613
-0.00175782
-0.00135205
-0.00200838
-0.00231451
-0.0020875
-0.00189826
-0.00180322
-0.00176665
-0.00174549
-0.00171169
-0.00165089
-0.00158837
-0.00155679
-0.00158699
-0.00165685
-0.0017078
-0.0017234
-0.00171811
-0.00172683
-0.00180149
-0.00184801
-0.00122183
-0.00182468
-0.00242907
-0.00221712
-0.00210482
-0.00206022
-0.0020471
-0.00202515
-0.00197685
-0.00190972
-0.00184316
-0.00179062
-0.00178098
-0.00180705
-0.00183408
-0.00184542
-0.00184649
-0.00185902
-0.00190242
-0.00180649
-0.000923142
-0.00136995
-0.00240827
-0.00273185
-0.00271644
-0.00278107
-0.00287988
-0.00296066
-0.00299042
-0.00294477
-0.00281444
-0.00256919
-0.0023777
-0.00223077
-0.00212315
-0.00205015
-0.00199884
-0.00197422
-0.00195416
-0.00156796
-0.000372105
-0.000326157
-0.00117891
-0.00170972
-0.00214227
-0.00251331
-0.00287324
-0.00321121
-0.0035098
-0.00376697
-0.00394723
-0.00328387
-0.00272984
-0.00223857
-0.00181836
-0.00146204
-0.00115789
-0.000888142
-0.000563821
-7.18246e-05
0.000706174
-0.000371251
-0.000415412
-0.000431634
-0.000421596
-0.000394677
-0.000359618
-0.00033064
-0.000324307
-0.000332048
-0.000340322
-0.000426311
-0.000539487
-0.00066192
-0.000760251
-0.000827744
-0.000865381
-0.000881048
-0.00087545
-0.000855876
-0.000890996
-0.000534398
-0.000596362
-0.000622755
-0.000618929
-0.000601572
-0.000590267
-0.000601368
-0.000627308
-0.000626948
-0.000577142
-0.000548794
-0.000687119
-0.000870273
-0.00100226
-0.00108069
-0.00112336
-0.00114668
-0.0011537
-0.00114162
-0.00112764
-0.000739769
-0.000786804
-0.000826026
-0.00084216
-0.000845721
-0.000850169
-0.00086076
-0.000868619
-0.000854443
-0.000793235
-0.000711983
-0.000805433
-0.00101415
-0.00116749
-0.00124866
-0.00128883
-0.00130916
-0.00131448
-0.00129239
-0.00124773
-0.00167722
-0.00132588
-0.00117252
-0.00111996
-0.00110566
-0.00110362
-0.00110301
-0.00109339
-0.00106188
-0.000995972
-0.000911569
-0.000957326
-0.00116085
-0.00131831
-0.00139075
-0.00142158
-0.00143338
-0.00143588
-0.00143826
-0.00131243
-0.00191734
-0.0017932
-0.00156766
-0.00142476
-0.00135951
-0.00133079
-0.00131256
-0.00128885
-0.00124848
-0.00118532
-0.0011141
-0.00114031
-0.0013153
-0.00146022
-0.00152542
-0.00155136
-0.00155995
-0.00158064
-0.00160641
-0.00133966
-0.00195326
-0.00208387
-0.00188249
-0.00170323
-0.00159436
-0.00153846
-0.00150412
-0.00147049
-0.0014267
-0.00137042
-0.00131633
-0.00133923
-0.00147381
-0.00159587
-0.00165472
-0.00167816
-0.00168908
-0.00171967
-0.00175741
-0.00129269
-0.00189615
-0.00226703
-0.00211283
-0.00193955
-0.00182754
-0.00176686
-0.00172949
-0.00169057
-0.00163979
-0.00158003
-0.0015328
-0.00154583
-0.0016329
-0.0017234
-0.0017739
-0.00179745
-0.00181349
-0.00184793
-0.00181725
-0.00114675
-0.00168637
-0.00234437
-0.0022121
-0.00210875
-0.00204749
-0.0020149
-0.00198154
-0.00192896
-0.00186114
-0.00180141
-0.00176099
-0.00175496
-0.00179356
-0.00184542
-0.00188113
-0.00189854
-0.00191543
-0.00192694
-0.00176591
-0.000833422
-0.0012141
-0.00223686
-0.00261222
-0.00261087
-0.0026488
-0.00272168
-0.00277843
-0.00278262
-0.00271538
-0.00259203
-0.00240458
-0.00224515
-0.00212362
-0.00205015
-0.00200671
-0.00197655
-0.00195979
-0.00192032
-0.00148922
-0.000266698
-0.000185747
-0.000951624
-0.00143356
-0.00182374
-0.00214544
-0.00244986
-0.00272691
-0.00295332
-0.00311086
-0.00316906
-0.00265259
-0.00221253
-0.00180915
-0.00146204
-0.00117025
-0.00092214
-0.000696177
-0.000392379
8.97533e-05
0.000838134
-0.000675423
-0.000676937
-0.000680288
-0.000664721
-0.000633261
-0.000587226
-0.000524591
-0.000448748
-0.000378585
-0.000336351
-0.000382323
-0.00050408
-0.000664794
-0.000789248
-0.000865381
-0.000897493
-0.000887362
-0.000837199
-0.000760726
-0.000748702
-0.00091993
-0.000936679
-0.000942269
-0.000919185
-0.000873454
-0.000810904
-0.000738735
-0.00067667
-0.000636439
-0.000579455
-0.000513963
-0.000631257
-0.000867402
-0.00103737
-0.00112336
-0.00115096
-0.00115313
-0.00112839
-0.00108198
-0.00104134
-0.00103845
-0.00110747
-0.00114678
-0.00114096
-0.00110462
-0.0010525
-0.000995049
-0.000941147
-0.000887145
-0.000810901
-0.000711522
-0.000743409
-0.000972634
-0.00118729
-0.00128883
-0.00131769
-0.00131273
-0.00129368
-0.00125958
-0.00117808
-0.00169948
-0.00150022
-0.00141585
-0.00137599
-0.00133645
-0.00128968
-0.00123783
-0.00118146
-0.00111512
-0.00103011
-0.000931436
-0.000919515
-0.00109662
-0.00131791
-0.00142158
-0.0014549
-0.00146177
-0.00145097
-0.00141849
-0.00124397
-0.00182706
-0.00183465
-0.00171207
-0.00161922
-0.00155234
-0.00149378
-0.0014359
-0.00137406
-0.00130415
-0.00122417
-0.00114253
-0.00112274
-0.00125468
-0.00144724
-0.00155136
-0.00159392
-0.00161377
-0.00160972
-0.00157821
-0.00125579
-0.00183307
-0.00204247
-0.00194689
-0.00183121
-0.0017358
-0.00165909
-0.00159292
-0.00152953
-0.0014646
-0.00139825
-0.00133843
-0.00132602
-0.00142614
-0.00158241
-0.00167816
-0.001725
-0.00174753
-0.00174979
-0.0017119
-0.00118905
-0.00174391
-0.00217706
-0.00213462
-0.00201724
-0.00191282
-0.00183142
-0.00176441
-0.00170424
-0.00164483
-0.00158748
-0.00153977
-0.00153049
-0.00160214
-0.00171811
-0.00179745
-0.00184261
-0.00186761
-0.00186948
-0.00175264
-0.00102427
-0.0015008
-0.00221191
-0.00218838
-0.00212714
-0.00206196
-0.00200938
-0.00195621
-0.00189617
-0.00183362
-0.00177945
-0.00174583
-0.0017384
-0.00177685
-0.00184649
-0.00189854
-0.00193205
-0.00195043
-0.00192643
-0.00168156
-0.00069425
-0.00100872
-0.00201123
-0.00245496
-0.00251472
-0.00253116
-0.00257399
-0.00260478
-0.00259286
-0.00252406
-0.0024147
-0.00226732
-0.00214313
-0.00204488
-0.00199884
-0.00197655
-0.00196124
-0.00194361
-0.00187287
-0.00136189
-0.00011471
-1.37761e-06
-0.000684429
-0.00113103
-0.00149167
-0.00177729
-0.00203276
-0.0022552
-0.00242276
-0.00251431
-0.00250966
-0.00210049
-0.00175731
-0.00143607
-0.00115789
-0.00092214
-0.00071579
-0.000510919
-0.000198515
0.000277276
0.000996307
-0.000852806
-0.000826363
-0.000819118
-0.000813451
-0.000804079
-0.000780734
-0.000732144
-0.000653349
-0.000546266
-0.00043237
-0.000364608
-0.000477578
-0.000664323
-0.00080812
-0.000881048
-0.000887362
-0.000826999
-0.00070529
-0.000548979
-0.000479397
-0.00119886
-0.00118029
-0.00116251
-0.00113431
-0.00109839
-0.00104948
-0.000973905
-0.00086745
-0.000742641
-0.000620158
-0.000517829
-0.000594034
-0.000859241
-0.00106303
-0.00114668
-0.00115313
-0.00111614
-0.00103671
-0.00093358
-0.000853288
-0.0015111
-0.00143859
-0.00140469
-0.00136728
-0.00132373
-0.00127282
-0.0012032
-0.00110769
-0.00099152
-0.000865677
-0.00074143
-0.000739619
-0.000939295
-0.00118936
-0.00130916
-0.00131273
-0.00128202
-0.00122418
-0.00114634
-0.00103082
-0.0016554
-0.00165241
-0.00163075
-0.00158718
-0.00153505
-0.00147743
-0.00140907
-0.00132332
-0.00121873
-0.00110119
-0.000985492
-0.000953249
-0.00109079
-0.00130352
-0.00143338
-0.00146177
-0.00144452
-0.00140211
-0.00132787
-0.00111204
-0.00170009
-0.001807
-0.00180708
-0.00177592
-0.00172303
-0.00165874
-0.00158638
-0.00150259
-0.00140754
-0.00130684
-0.00121545
-0.00118395
-0.00127581
-0.00144177
-0.00155995
-0.00161377
-0.00162374
-0.0015755
-0.00148561
-0.00110807
-0.0016628
-0.00192977
-0.00195529
-0.0019261
-0.00187216
-0.00180218
-0.00172623
-0.0016451
-0.00156136
-0.00148067
-0.00141435
-0.00139279
-0.00145773
-0.00158556
-0.00168908
-0.00174753
-0.00176708
-0.00172271
-0.00159894
-0.00101471
-0.00152798
-0.00200701
-0.00209122
-0.00206816
-0.00200742
-0.00193776
-0.00186209
-0.00178258
-0.00170804
-0.00164325
-0.00159458
-0.00158128
-0.00162925
-0.00172683
-0.00181349
-0.00186761
-0.00188643
-0.0018396
-0.00161503
-0.000822865
-0.0012374
-0.00197627
-0.00212963
-0.0021212
-0.00208326
-0.00203312
-0.00197163
-0.00190628
-0.00184484
-0.00179712
-0.00176784
-0.00176459
-0.00179799
-0.00185902
-0.00191543
-0.00195043
-0.00195243
-0.00187146
-0.00150986
-0.000470618
-0.000721894
-0.00168203
-0.00219809
-0.00240713
-0.0024428
-0.00247017
-0.00247952
-0.00245131
-0.00238086
-0.00228548
-0.00216974
-0.00207986
-0.00200633
-0.00197422
-0.00195979
-0.00194361
-0.00190608
-0.00177479
-0.0011389
0.000117506
0.000246529
-0.000355857
-0.00077478
-0.00111311
-0.00138813
-0.0016135
-0.00179529
-0.00191923
-0.00196861
-0.00193444
-0.00160579
-0.00134426
-0.00110214
-0.000888142
-0.000696177
-0.000510919
-0.000297034
5.56419e-05
0.000515884
0.00119859
-0.00075803
-0.000728298
-0.000738312
-0.000776576
-0.000828602
-0.00086706
-0.000866782
-0.000817855
-0.00071795
-0.000581099
-0.000433316
-0.000486594
-0.000662862
-0.000817686
-0.00087545
-0.000837199
-0.00070529
-0.000485002
-0.000219961
-7.02504e-05
-0.00118985
-0.00114804
-0.00112961
-0.00113309
-0.00115168
-0.00116707
-0.00114747
-0.0010656
-0.000928365
-0.000760452
-0.000594018
-0.000618908
-0.000840423
-0.00107756
-0.0011537
-0.00112839
-0.00103671
-0.000882389
-0.000698543
-0.000556561
-0.00140421
-0.00138437
-0.00136177
-0.00135008
-0.00134927
-0.00134984
-0.00132825
-0.00126496
-0.00114132
-0.000977214
-0.000817555
-0.00079676
-0.000964303
-0.00119021
-0.00131448
-0.00129368
-0.00122418
-0.00110078
-0.000949709
-0.000781607
-0.0014935
-0.00153582
-0.00153641
-0.00153132
-0.00152458
-0.00151254
-0.00148672
-0.00143195
-0.00133543
-0.00120855
-0.00108794
-0.00106059
-0.00117099
-0.00133368
-0.00143588
-0.00145097
-0.00140211
-0.00129305
-0.00113682
-0.000881106
-0.00148906
-0.00163078
-0.00167588
-0.00169125
-0.00169019
-0.0016747
-0.00164533
-0.00159188
-0.00151462
-0.00142327
-0.00134472
-0.00132529
-0.00139203
-0.0014999
-0.00158064
-0.00160972
-0.0015755
-0.0014631
-0.00127384
-0.000857055
-0.00140215
-0.00168669
-0.00179046
-0.00183469
-0.00184315
-0.00182428
-0.0017881
-0.00173515
-0.00167248
-0.00160812
-0.00155688
-0.00154316
-0.00158314
-0.00165613
-0.00171967
-0.00174979
-0.00172271
-0.00160166
-0.00135301
-0.000728264
-0.00120718
-0.00168332
-0.00187013
-0.00195503
-0.00197332
-0.00196112
-0.00192127
-0.00186646
-0.00180909
-0.00175963
-0.0017246
-0.00171934
-0.0017505
-0.00180149
-0.00184793
-0.00186948
-0.0018396
-0.00168797
-0.00132829
-0.000492451
-0.000852315
-0.00156114
-0.00186943
-0.00200625
-0.00203457
-0.00201576
-0.00196121
-0.00192284
-0.00188741
-0.00186226
-0.00184625
-0.00184843
-0.00187089
-0.00190242
-0.00192694
-0.00192643
-0.00187146
-0.00167375
-0.00116134
-0.000107415
-0.000309209
-0.00117241
-0.00172016
-0.00203985
-0.00220575
-0.0023097
-0.00237091
-0.0023739
-0.00231115
-0.00222857
-0.00213221
-0.0020586
-0.00199491
-0.00195416
-0.00192032
-0.00187287
-0.00177479
-0.0014465
-0.000718403
0.000482362
0.000583681
6.34252e-05
-0.000332046
-0.000661989
-0.000918958
-0.00112177
-0.00127595
-0.00137444
-0.00141042
-0.00137488
-0.00111001
-0.0009116
-0.000732249
-0.000563821
-0.000392379
-0.000198515
5.56419e-05
0.000394302
0.000833889
0.00147084
-0.000386423
-0.000365388
-0.000420588
-0.000545454
-0.000701731
-0.000839564
-0.000918937
-0.000912334
-0.000829369
-0.000689994
-0.000523465
-0.000519763
-0.000672343
-0.000825278
-0.000855876
-0.000760726
-0.000548979
-0.000219961
0.000172292
0.000428618
-0.000896737
-0.000871755
-0.000892638
-0.000966024
-0.00106424
-0.00115254
-0.0012021
-0.00118466
-0.00105674
-0.000875253
-0.000685028
-0.000662307
-0.000832901
-0.0010678
-0.00114162
-0.00108198
-0.00093358
-0.000698543
-0.000417924
-0.000189735
-0.00113174
-0.00111806
-0.00112924
-0.00118475
-0.00125598
-0.00131545
-0.00134429
-0.00133175
-0.00123898
-0.00107406
-0.000918275
-0.00090636
-0.00105117
-0.00122264
-0.00129239
-0.00125958
-0.00114634
-0.000949709
-0.000705254
-0.000457561
-0.0012076
-0.00124609
-0.00127513
-0.00134388
-0.00141464
-0.00146403
-0.00148151
-0.00146836
-0.0014123
-0.00132431
-0.00124209
-0.00123822
-0.00131705
-0.00140233
-0.00143826
-0.00141849
-0.00132787
-0.00113682
-0.000873397
-0.000548228
-0.00116169
-0.00128863
-0.0013634
-0.00146834
-0.00155827
-0.00161401
-0.00163207
-0.001623
-0.00158984
-0.0015409
-0.00150937
-0.00151397
-0.0015522
-0.00159038
-0.00160641
-0.00157821
-0.00148561
-0.00127384
-0.000956145
-0.000492879
-0.00101548
-0.00125386
-0.00141459
-0.00157192
-0.00168811
-0.00175338
-0.00177271
-0.00176711
-0.00175114
-0.00173027
-0.00171118
-0.00170998
-0.00173007
-0.00175782
-0.00175741
-0.0017119
-0.00159894
-0.00135301
-0.000963573
-0.000309815
-0.000746124
-0.00113436
-0.00140404
-0.00162981
-0.00177138
-0.001845
-0.00187196
-0.00188111
-0.00188295
-0.0018828
-0.00187952
-0.00187357
-0.00186455
-0.00184801
-0.00181725
-0.00175264
-0.00161503
-0.00132829
-0.000832272
-1.34696e-05
-0.000311259
-0.000884187
-0.00127765
-0.00157814
-0.00175266
-0.00184476
-0.00188349
-0.0018968
-0.001894
-0.00188398
-0.0018586
-0.00184059
-0.00182663
-0.00180649
-0.00176591
-0.00168156
-0.00150986
-0.00116134
-0.000544775
0.000428776
0.000270935
-0.000416957
-0.000934798
-0.00131342
-0.00156097
-0.001724
-0.00182862
-0.00188316
-0.00189278
-0.00187238
-0.00176507
-0.00168433
-0.00162518
-0.00156796
-0.00148922
-0.00136189
-0.0011389
-0.000718403
-1.20117e-05
0.00102056
0.00103094
0.000596373
0.00022857
-8.46806e-05
-0.000323517
-0.000504805
-0.000637131
-0.000718416
-0.000741026
-0.00070231
-0.000504276
-0.000362606
-0.000220363
-7.18246e-05
8.97533e-05
0.000277276
0.000515884
0.000833889
0.00125045
0.00182993
-8.65144e-07
-1.7306e-05
-0.000144588
-0.000364103
-0.000609955
-0.000818667
-0.000953365
-0.000987434
-0.00090936
-0.000760046
-0.000596409
-0.000552971
-0.000722614
-0.000883289
-0.000890996
-0.000748702
-0.000479397
-7.02504e-05
0.000428618
0.000796443
-0.00051133
-0.000524966
-0.000619766
-0.000783868
-0.000961473
-0.00110742
-0.0012012
-0.00122278
-0.00111099
-0.000911128
-0.000724402
-0.000683555
-0.000840117
-0.00105128
-0.00112764
-0.00104134
-0.000853288
-0.000556561
-0.000189735
0.000133894
-0.000713395
-0.000729112
-0.000817978
-0.000970996
-0.00112331
-0.00123527
-0.00130039
-0.0013208
-0.00129794
-0.00116938
-0.00106392
-0.0010837
-0.00120798
-0.00125932
-0.00124773
-0.00117808
-0.00103082
-0.000781607
-0.000457561
-0.000117685
-0.000743339
-0.000770233
-0.000883837
-0.00106349
-0.00121746
-0.00131502
-0.00136567
-0.0013865
-0.00138333
-0.00137016
-0.00135278
-0.0013421
-0.00134055
-0.00133786
-0.00131243
-0.00124397
-0.00111204
-0.000881106
-0.000548228
-0.000139094
-0.000627321
-0.000698328
-0.000857756
-0.00108506
-0.0012493
-0.0013476
-0.0014001
-0.00142368
-0.00142746
-0.00142138
-0.00141271
-0.00140628
-0.0013991
-0.00138147
-0.00133966
-0.00125579
-0.00110807
-0.000857055
-0.000492879
-6.33834e-06
-0.000394993
-0.000538682
-0.00076188
-0.00103601
-0.00121484
-0.00132469
-0.00138443
-0.00141289
-0.00142059
-0.00141803
-0.0014098
-0.00140205
-0.00138574
-0.00135205
-0.00129269
-0.00118905
-0.00101471
-0.000728264
-0.000309815
0.00025564
-2.79883e-05
-0.000278202
-0.000585085
-0.000890788
-0.00109675
-0.00122454
-0.0012949
-0.00132844
-0.00133623
-0.00132999
-0.00130967
-0.00129381
-0.00126718
-0.00122183
-0.00114675
-0.00102427
-0.000822865
-0.000492451
-1.34696e-05
0.000648056
0.000505462
0.000115522
-0.000268709
-0.000606728
-0.000837579
-0.000984766
-0.00107181
-0.00111711
-0.00112863
-0.00111544
-0.00106405
-0.00102795
-0.000983923
-0.000923142
-0.000833422
-0.00069425
-0.000470618
-0.000107415
0.000428776
0.00117701
0.00111891
0.000657058
0.000237618
-0.000106163
-0.00034656
-0.000509052
-0.000615044
-0.00067606
-0.000695636
-0.000677306
-0.000582204
-0.000518127
-0.000451386
-0.000372105
-0.000266698
-0.00011471
0.000117506
0.000482362
0.00102056
0.00177192
0.0016656
0.00132818
0.00101632
0.000754938
0.000564643
0.000427507
0.000329982
0.000267016
0.000243842
0.000271413
0.000396895
0.000489698
0.00059138
0.000706174
0.000838134
0.000996307
0.00119859
0.00147084
0.00182993
0.00231915
)
;

boundaryField
{
    floor
    {
        type            fixedFluxPressure;
        gradient        uniform 0;
        value           nonuniform List<scalar> 
400
(
-8.16041e-06
-0.000310606
-0.000733217
-0.00104842
-0.00114868
-0.00103055
-0.000774171
-0.000471981
-0.000324346
-0.000265377
-0.000208003
-0.000159377
-0.000145118
-0.000126991
-0.000371251
-0.000675423
-0.000852806
-0.00075803
-0.000386423
-8.65144e-07
-0.000310606
-0.000494919
-0.00080625
-0.00104202
-0.00109518
-0.000977688
-0.000754944
-0.000508601
-0.000332959
-0.000275567
-0.00021964
-0.000174213
-0.000153073
-0.000179047
-0.000415412
-0.000676937
-0.000826363
-0.000728298
-0.000365388
-1.7306e-05
-0.000733217
-0.00080625
-0.000970833
-0.0010811
-0.00105985
-0.000917718
-0.00070365
-0.000473659
-0.000338824
-0.000293096
-0.000235712
-0.000188829
-0.000165034
-0.000200777
-0.000431634
-0.000680288
-0.000819118
-0.000738312
-0.000420588
-0.000144588
-0.00104842
-0.00104202
-0.0010811
-0.00106958
-0.000982348
-0.000818413
-0.000611961
-0.000421727
-0.000352936
-0.000309259
-0.000256267
-0.000208139
-0.000183309
-0.000207376
-0.000421596
-0.000664721
-0.000813451
-0.000776576
-0.000545454
-0.000364103
-0.00114868
-0.00109518
-0.00105985
-0.000982348
-0.000853844
-0.000685071
-0.000504114
-0.00039717
-0.000364955
-0.00032719
-0.00027943
-0.000232165
-0.000209729
-0.00021628
-0.000394677
-0.000633261
-0.000804079
-0.000828602
-0.000701731
-0.000609955
-0.00103055
-0.000977688
-0.000917718
-0.000818413
-0.000685071
-0.000535801
-0.000429017
-0.000398633
-0.00037768
-0.000349424
-0.000306185
-0.000260965
-0.000241386
-0.00023996
-0.000359618
-0.000587226
-0.000780734
-0.00086706
-0.000839564
-0.000818667
-0.000774171
-0.000754944
-0.00070365
-0.000611961
-0.000504114
-0.000429017
-0.000410411
-0.000403181
-0.000394091
-0.000379118
-0.00033456
-0.000295084
-0.000277186
-0.000275452
-0.00033064
-0.000524591
-0.000732144
-0.000866782
-0.000918937
-0.000953365
-0.000471981
-0.000508601
-0.000473659
-0.000421727
-0.00039717
-0.000398633
-0.000403181
-0.000411445
-0.000419929
-0.00043749
-0.000381443
-0.00033741
-0.00031597
-0.000310347
-0.000324307
-0.000448748
-0.000653349
-0.000817855
-0.000912334
-0.000987434
-0.000324346
-0.000332959
-0.000338824
-0.000352936
-0.000364955
-0.00037768
-0.000394091
-0.000419929
-0.00044627
-0.00064823
-0.000588566
-0.000395041
-0.000347649
-0.000330495
-0.000332048
-0.000378585
-0.000546266
-0.00071795
-0.000829369
-0.00090936
-0.000265377
-0.000275567
-0.000293096
-0.000309259
-0.00032719
-0.000349424
-0.000379118
-0.00043749
-0.00064823
-0.00427589
-0.00361861
-0.000703865
-0.000471391
-0.000391066
-0.000340322
-0.000336351
-0.00043237
-0.000581099
-0.000689994
-0.000760046
-0.000208003
-0.00021964
-0.000235712
-0.000256267
-0.00027943
-0.000306185
-0.00033456
-0.000381443
-0.000588566
-0.00361861
-0.00312611
-0.000742319
-0.00054441
-0.000474629
-0.000426311
-0.000382323
-0.000364608
-0.000433316
-0.000523465
-0.000596409
-0.000159377
-0.000174213
-0.000188829
-0.000208139
-0.000232165
-0.000260965
-0.000295084
-0.00033741
-0.000395041
-0.000703865
-0.000742319
-0.000628389
-0.000587208
-0.00056473
-0.000539487
-0.00050408
-0.000477578
-0.000486594
-0.000519763
-0.000552971
-0.000145118
-0.000153073
-0.000165034
-0.000183309
-0.000209729
-0.000241386
-0.000277186
-0.00031597
-0.000347649
-0.000471391
-0.00054441
-0.000587208
-0.000621327
-0.000647656
-0.00066192
-0.000664794
-0.000664323
-0.000662862
-0.000672343
-0.000722614
-0.000126991
-0.000179047
-0.000200777
-0.000207376
-0.00021628
-0.00023996
-0.000275452
-0.000310347
-0.000330495
-0.000391066
-0.000474629
-0.00056473
-0.000647656
-0.000713835
-0.000760251
-0.000789248
-0.00080812
-0.000817686
-0.000825278
-0.000883289
-0.000371251
-0.000415412
-0.000431634
-0.000421596
-0.000394677
-0.000359618
-0.00033064
-0.000324307
-0.000332048
-0.000340322
-0.000426311
-0.000539487
-0.00066192
-0.000760251
-0.000827744
-0.000865381
-0.000881048
-0.00087545
-0.000855876
-0.000890996
-0.000675423
-0.000676937
-0.000680288
-0.000664721
-0.000633261
-0.000587226
-0.000524591
-0.000448748
-0.000378585
-0.000336351
-0.000382323
-0.00050408
-0.000664794
-0.000789248
-0.000865381
-0.000897493
-0.000887362
-0.000837199
-0.000760726
-0.000748702
-0.000852806
-0.000826363
-0.000819118
-0.000813451
-0.000804079
-0.000780734
-0.000732144
-0.000653349
-0.000546266
-0.00043237
-0.000364608
-0.000477578
-0.000664323
-0.00080812
-0.000881048
-0.000887362
-0.000826999
-0.00070529
-0.000548979
-0.000479397
-0.00075803
-0.000728298
-0.000738312
-0.000776576
-0.000828602
-0.00086706
-0.000866782
-0.000817855
-0.00071795
-0.000581099
-0.000433316
-0.000486594
-0.000662862
-0.000817686
-0.00087545
-0.000837199
-0.00070529
-0.000485002
-0.000219961
-7.02504e-05
-0.000386423
-0.000365388
-0.000420588
-0.000545454
-0.000701731
-0.000839564
-0.000918937
-0.000912334
-0.000829369
-0.000689994
-0.000523465
-0.000519763
-0.000672343
-0.000825278
-0.000855876
-0.000760726
-0.000548979
-0.000219961
0.000172292
0.000428618
-8.65144e-07
-1.7306e-05
-0.000144588
-0.000364103
-0.000609955
-0.000818667
-0.000953365
-0.000987434
-0.00090936
-0.000760046
-0.000596409
-0.000552971
-0.000722614
-0.000883289
-0.000890996
-0.000748702
-0.000479397
-7.02504e-05
0.000428618
0.000796443
)
;
    }
    ceiling
    {
        type            fixedFluxPressure;
        gradient        nonuniform List<scalar> 
400
(
0.223898
0.225474
0.226945
0.228206
0.22928
0.230191
0.230933
0.231484
0.231806
0.23186
0.231255
0.230611
0.229863
0.229007
0.228051
0.226992
0.225809
0.224456
0.222857
0.220919
0.225474
0.227223
0.228866
0.230306
0.23157
0.23268
0.233625
0.234366
0.23484
0.23503
0.234148
0.233271
0.23229
0.231205
0.230032
0.228768
0.227382
0.225815
0.223976
0.221783
0.226945
0.228866
0.230615
0.232163
0.233557
0.234822
0.235948
0.236879
0.23752
0.237875
0.236718
0.235613
0.234413
0.233122
0.231771
0.230358
0.228835
0.227144
0.225184
0.22286
0.228206
0.230306
0.232163
0.233824
0.235367
0.236805
0.238135
0.239283
0.24014
0.240739
0.239206
0.237838
0.2364
0.234897
0.233358
0.23179
0.230115
0.22831
0.226256
0.223816
0.22928
0.23157
0.233557
0.235367
0.237068
0.23875
0.240391
0.241893
0.243132
0.244186
0.24201
0.240213
0.238424
0.236619
0.234821
0.233051
0.231255
0.229313
0.227156
0.224592
0.230191
0.23268
0.234822
0.236805
0.23875
0.240772
0.242832
0.244841
0.2467
0.24855
0.245306
0.24284
0.240556
0.238363
0.236247
0.234215
0.232237
0.230153
0.227883
0.22519
0.230933
0.233625
0.235948
0.238135
0.240391
0.242832
0.245445
0.248206
0.251102
0.254376
0.249296
0.245755
0.242759
0.240062
0.237568
0.235239
0.233045
0.230809
0.228416
0.225599
0.231484
0.234366
0.236879
0.239283
0.241893
0.244841
0.248206
0.252119
0.256786
0.262648
0.254309
0.248991
0.244955
0.241605
0.238669
0.236023
0.233604
0.231228
0.228719
0.225795
0.231806
0.23484
0.23752
0.24014
0.243132
0.2467
0.251102
0.256786
0.264422
0.274914
0.260712
0.252525
0.247005
0.242833
0.239405
0.236444
0.233828
0.231361
0.22875
0.225745
0.23186
0.23503
0.237875
0.240739
0.244186
0.24855
0.254376
0.262648
0.274914
0.293394
0.268566
0.256259
0.248806
0.243632
0.239665
0.236416
0.233662
0.231161
0.228493
0.225428
0.231255
0.234148
0.236718
0.239206
0.24201
0.245306
0.249296
0.254309
0.260712
0.268566
0.256754
0.24983
0.244755
0.240759
0.237472
0.23468
0.232264
0.230019
0.227593
0.22477
0.230611
0.233271
0.235613
0.237838
0.240213
0.24284
0.245755
0.248991
0.252525
0.256259
0.24983
0.245373
0.241621
0.238435
0.235701
0.233323
0.231231
0.229221
0.226978
0.224305
0.229863
0.23229
0.234413
0.2364
0.238424
0.240556
0.242759
0.244955
0.247005
0.248806
0.244755
0.241621
0.238778
0.236234
0.233982
0.231995
0.230229
0.228444
0.226309
0.223746
0.229007
0.231205
0.233122
0.234897
0.236619
0.238363
0.240062
0.241605
0.242833
0.243632
0.240759
0.238435
0.236234
0.23421
0.232388
0.230764
0.22929
0.227681
0.225598
0.223111
0.228051
0.230032
0.231771
0.233358
0.234821
0.236247
0.237568
0.238669
0.239405
0.239665
0.237472
0.235701
0.233982
0.232388
0.230932
0.229611
0.228365
0.226863
0.224817
0.222398
0.226992
0.228768
0.230358
0.23179
0.233051
0.234215
0.235239
0.236023
0.236444
0.236416
0.23468
0.233323
0.231995
0.230764
0.229611
0.228518
0.227409
0.22592
0.223926
0.221587
0.225809
0.227382
0.228835
0.230115
0.231255
0.232237
0.233045
0.233604
0.233828
0.233662
0.232264
0.231231
0.230229
0.22929
0.228365
0.227409
0.22632
0.224738
0.222856
0.220639
0.224456
0.225815
0.227144
0.22831
0.229313
0.230153
0.230809
0.231228
0.231361
0.231161
0.230019
0.229221
0.228444
0.227681
0.226863
0.22592
0.224738
0.22329
0.221556
0.219501
0.222857
0.223976
0.225184
0.226256
0.227156
0.227883
0.228416
0.228719
0.22875
0.228493
0.227593
0.226978
0.226309
0.225598
0.224817
0.223926
0.222856
0.221556
0.219972
0.218124
0.220919
0.221783
0.22286
0.223816
0.224592
0.22519
0.225599
0.225795
0.225745
0.225428
0.22477
0.224305
0.223746
0.223111
0.222398
0.221587
0.220639
0.219501
0.218124
0.216545
)
;
        value           nonuniform List<scalar> 
400
(
0.0573384
0.0571864
0.0571341
0.0571256
0.0571642
0.0572284
0.057292
0.0573246
0.0572966
0.0572445
0.0571957
0.0571238
0.0570291
0.0569256
0.0568271
0.0567466
0.0566987
0.0566976
0.0567451
0.0568954
0.0571864
0.0569754
0.0568796
0.0568248
0.0568201
0.0568453
0.0568798
0.0569013
0.0568825
0.056856
0.056817
0.0567644
0.0566951
0.0566224
0.0565563
0.0565076
0.0564896
0.0565173
0.0565903
0.0567739
0.0571341
0.0568796
0.0567733
0.0567161
0.056714
0.0567433
0.0567813
0.0568044
0.0567897
0.0567756
0.0567386
0.056694
0.0566346
0.0565708
0.0565093
0.0564585
0.056434
0.0564539
0.0565247
0.0567312
0.0571256
0.0568248
0.0567161
0.056678
0.0566994
0.0567494
0.0568045
0.0568491
0.0568541
0.0568545
0.0567926
0.0567267
0.056653
0.0565819
0.0565157
0.0564559
0.0564156
0.0564154
0.0564793
0.056709
0.0571642
0.0568201
0.056714
0.0566994
0.056754
0.056835
0.0569228
0.0570079
0.0570514
0.0570756
0.0569598
0.0568437
0.0567346
0.0566415
0.0565599
0.0564855
0.0564255
0.0564093
0.0564656
0.0567128
0.0572284
0.0568453
0.0567433
0.0567494
0.056835
0.056954
0.0571029
0.0572824
0.0574293
0.0575128
0.0572724
0.0570362
0.0568517
0.0567175
0.0566118
0.0565209
0.0564457
0.0564166
0.0564658
0.0567249
0.057292
0.0568798
0.0567813
0.0568045
0.0569228
0.0571029
0.0573752
0.0577708
0.0581798
0.0584064
0.0578676
0.0573464
0.0570071
0.0568043
0.056665
0.0565546
0.0564659
0.0564264
0.0564669
0.0567297
0.0573246
0.0569013
0.0568044
0.0568491
0.0570079
0.0572824
0.0577708
0.0585771
0.0595219
0.0600435
0.0588616
0.0577844
0.0571865
0.0568915
0.056714
0.0565829
0.0564818
0.0564327
0.0564613
0.0567158
0.0572966
0.0568825
0.0567897
0.0568541
0.0570514
0.0574293
0.0581798
0.0595219
0.061229
0.0622258
0.0599745
0.0581666
0.0573046
0.0569412
0.0567404
0.0565968
0.0564884
0.0564297
0.0564465
0.0566802
0.0572445
0.056856
0.0567756
0.0568545
0.0570756
0.0575128
0.0584064
0.0600435
0.0622258
0.0636111
0.0604059
0.0582553
0.0573372
0.0569608
0.0567471
0.0565943
0.0564811
0.0564154
0.0564208
0.0566283
0.0571957
0.056817
0.0567386
0.0567926
0.0569598
0.0572724
0.0578676
0.0588616
0.0599745
0.0604059
0.0587875
0.0576972
0.0571792
0.056906
0.0567155
0.0565695
0.0564603
0.0563948
0.0563941
0.0565893
0.0571238
0.0567644
0.056694
0.0567267
0.0568437
0.0570362
0.0573464
0.0577844
0.0581666
0.0582553
0.0576972
0.0573145
0.0570717
0.056879
0.0567127
0.0565734
0.0564636
0.0563936
0.056382
0.0565659
0.0570291
0.0566951
0.0566346
0.056653
0.0567346
0.0568517
0.0570071
0.0571865
0.0573046
0.0573372
0.0571792
0.0570717
0.056953
0.0568198
0.0566863
0.0565627
0.056455
0.0563786
0.056357
0.0565279
0.0569256
0.0566224
0.0565708
0.0565819
0.0566415
0.0567175
0.0568043
0.0568915
0.0569412
0.0569608
0.056906
0.056879
0.0568198
0.0567341
0.056635
0.0565331
0.0564343
0.0563563
0.0563277
0.0564839
0.0568271
0.0565563
0.0565093
0.0565157
0.0565599
0.0566118
0.056665
0.056714
0.0567404
0.0567471
0.0567155
0.0567127
0.0566863
0.056635
0.0565628
0.0564806
0.056395
0.0563233
0.056294
0.0564377
0.0567466
0.0565076
0.0564585
0.0564559
0.0564855
0.0565209
0.0565546
0.0565829
0.0565968
0.0565943
0.0565695
0.0565734
0.0565627
0.0565331
0.0564806
0.0564138
0.0563414
0.0562815
0.0562588
0.0563932
0.0566987
0.0564896
0.056434
0.0564156
0.0564255
0.0564457
0.0564659
0.0564818
0.0564884
0.0564811
0.0564603
0.0564636
0.056455
0.0564343
0.056395
0.0563414
0.056283
0.0562401
0.05623
0.0563582
0.0566976
0.0565173
0.0564539
0.0564154
0.0564093
0.0564166
0.0564264
0.0564327
0.0564297
0.0564154
0.0563948
0.0563936
0.0563786
0.0563563
0.0563233
0.0562815
0.0562401
0.0562169
0.0562228
0.056346
0.0567451
0.0565903
0.0565247
0.0564793
0.0564656
0.0564658
0.0564669
0.0564613
0.0564465
0.0564208
0.0563941
0.056382
0.056357
0.0563277
0.056294
0.0562588
0.05623
0.0562228
0.0562435
0.0563609
0.0568954
0.0567739
0.0567312
0.056709
0.0567128
0.0567249
0.0567297
0.0567158
0.0566802
0.0566283
0.0565893
0.0565659
0.0565279
0.0564839
0.0564377
0.0563932
0.0563582
0.056346
0.0563609
0.0564555
)
;
    }
    fixedWalls
    {
        type            fixedFluxPressure;
        gradient        uniform 0;
        value           nonuniform List<scalar> 
800
(
-8.16041e-06
-0.000599186
-0.000845315
-0.000898317
-0.000822349
-0.000641986
-0.000313902
0.000203488
0.000833622
0.00136374
-0.000310606
-0.000857529
-0.00110095
-0.00120385
-0.00120431
-0.00109842
-0.000864568
-0.000456262
0.000117779
0.000817927
-0.000733217
-0.00117219
-0.00138127
-0.00149241
-0.00151724
-0.00146489
-0.00130168
-0.000970992
-0.00043415
0.000397833
-0.00104842
-0.0014123
-0.00159382
-0.00170229
-0.00175066
-0.00174081
-0.00163519
-0.00136709
-0.000852723
7.42182e-05
-0.00114868
-0.0014855
-0.00168821
-0.00181754
-0.00189293
-0.00191901
-0.00186028
-0.00164248
-0.00114832
-0.000155793
-0.00103055
-0.00130658
-0.00151832
-0.0018629
-0.00198047
-0.00203748
-0.00201358
-0.00183427
-0.0013593
-0.000319177
-0.000774171
-0.00097622
-0.00117935
-0.00186297
-0.00203709
-0.00211909
-0.00212144
-0.00197246
-0.00151727
-0.000441353
-0.000471981
-0.000725053
-0.00103274
-0.0018349
-0.00207945
-0.00217703
-0.00219989
-0.00207672
-0.00164496
-0.000546302
-0.000324346
-0.000719599
-0.0010041
-0.00172401
-0.00210289
-0.00221779
-0.00225782
-0.00215853
-0.00175879
-0.000654878
-0.000265377
-0.000700335
-0.000959308
-0.00156767
-0.00210543
-0.00223146
-0.00227798
-0.00219091
-0.00181988
-0.000720519
-0.000208003
-0.000679888
-0.000905831
-0.00152385
-0.00208687
-0.0021952
-0.00222372
-0.00211123
-0.00171162
-0.000618197
-0.000159377
-0.00062329
-0.000856239
-0.00152607
-0.00206181
-0.00215439
-0.00216483
-0.0020283
-0.0016069
-0.000528897
-0.000145118
-0.000527588
-0.000810586
-0.00157577
-0.00202953
-0.00210491
-0.00209497
-0.00193504
-0.00149647
-0.000436586
-0.000126991
-0.000459003
-0.000761012
-0.00165195
-0.00198414
-0.00204072
-0.00200838
-0.00182468
-0.00136995
-0.000326157
-0.000371251
-0.000534398
-0.000739769
-0.00167722
-0.00191734
-0.00195326
-0.00189615
-0.00168637
-0.0012141
-0.000185747
-0.000675423
-0.00091993
-0.00103845
-0.00169948
-0.00182706
-0.00183307
-0.00174391
-0.0015008
-0.00100872
-1.37761e-06
-0.000852806
-0.00119886
-0.0015111
-0.0016554
-0.00170009
-0.0016628
-0.00152798
-0.0012374
-0.000721894
0.000246529
-0.00075803
-0.00118985
-0.00140421
-0.0014935
-0.00148906
-0.00140215
-0.00120718
-0.000852315
-0.000309209
0.000583681
-0.000386423
-0.000896737
-0.00113174
-0.0012076
-0.00116169
-0.00101548
-0.000746124
-0.000311259
0.000270935
0.00103094
-8.65144e-07
-0.00051133
-0.000713395
-0.000743339
-0.000627321
-0.000394993
-2.79883e-05
0.000505462
0.00111891
0.0016656
-8.65144e-07
-0.00051133
-0.000713395
-0.000743339
-0.000627321
-0.000394993
-2.79883e-05
0.000505462
0.00111891
0.0016656
-1.7306e-05
-0.000524966
-0.000729112
-0.000770233
-0.000698328
-0.000538682
-0.000278202
0.000115522
0.000657058
0.00132818
-0.000144588
-0.000619766
-0.000817978
-0.000883837
-0.000857756
-0.00076188
-0.000585085
-0.000268709
0.000237618
0.00101632
-0.000364103
-0.000783868
-0.000970996
-0.00106349
-0.00108506
-0.00103601
-0.000890788
-0.000606728
-0.000106163
0.000754938
-0.000609955
-0.000961473
-0.00112331
-0.00121746
-0.0012493
-0.00121484
-0.00109675
-0.000837579
-0.00034656
0.000564643
-0.000818667
-0.00110742
-0.00123527
-0.00131502
-0.0013476
-0.00132469
-0.00122454
-0.000984766
-0.000509052
0.000427507
-0.000953365
-0.0012012
-0.00130039
-0.00136567
-0.0014001
-0.00138443
-0.0012949
-0.00107181
-0.000615044
0.000329982
-0.000987434
-0.00122278
-0.0013208
-0.0013865
-0.00142368
-0.00141289
-0.00132844
-0.00111711
-0.00067606
0.000267016
-0.00090936
-0.00111099
-0.00129794
-0.00138333
-0.00142746
-0.00142059
-0.00133623
-0.00112863
-0.000695636
0.000243842
-0.000760046
-0.000911128
-0.00116938
-0.00137016
-0.00142138
-0.00141803
-0.00132999
-0.00111544
-0.000677306
0.000271413
-0.000596409
-0.000724402
-0.00106392
-0.00135278
-0.00141271
-0.0014098
-0.00130967
-0.00106405
-0.000582204
0.000396895
-0.000552971
-0.000683555
-0.0010837
-0.0013421
-0.00140628
-0.00140205
-0.00129381
-0.00102795
-0.000518127
0.000489698
-0.000722614
-0.000840117
-0.00120798
-0.00134055
-0.0013991
-0.00138574
-0.00126718
-0.000983923
-0.000451386
0.00059138
-0.000883289
-0.00105128
-0.00125932
-0.00133786
-0.00138147
-0.00135205
-0.00122183
-0.000923142
-0.000372105
0.000706174
-0.000890996
-0.00112764
-0.00124773
-0.00131243
-0.00133966
-0.00129269
-0.00114675
-0.000833422
-0.000266698
0.000838134
-0.000748702
-0.00104134
-0.00117808
-0.00124397
-0.00125579
-0.00118905
-0.00102427
-0.00069425
-0.00011471
0.000996307
-0.000479397
-0.000853288
-0.00103082
-0.00111204
-0.00110807
-0.00101471
-0.000822865
-0.000470618
0.000117506
0.00119859
-7.02504e-05
-0.000556561
-0.000781607
-0.000881106
-0.000857055
-0.000728264
-0.000492451
-0.000107415
0.000482362
0.00147084
0.000428618
-0.000189735
-0.000457561
-0.000548228
-0.000492879
-0.000309815
-1.34696e-05
0.000428776
0.00102056
0.00182993
0.000796443
0.000133894
-0.000117685
-0.000139094
-6.33834e-06
0.00025564
0.000648056
0.00117701
0.00177192
0.00231915
-8.16041e-06
-0.000599186
-0.000845315
-0.000898317
-0.000822349
-0.000641986
-0.000313902
0.000203488
0.000833622
0.00136374
-0.000310606
-0.000857529
-0.00110095
-0.00120385
-0.00120431
-0.00109842
-0.000864568
-0.000456262
0.000117779
0.000817927
-0.000733217
-0.00117219
-0.00138127
-0.00149241
-0.00151724
-0.00146489
-0.00130168
-0.000970992
-0.00043415
0.000397833
-0.00104842
-0.0014123
-0.00159382
-0.00170229
-0.00175066
-0.00174081
-0.00163519
-0.00136709
-0.000852723
7.42182e-05
-0.00114868
-0.0014855
-0.00168821
-0.00181754
-0.00189293
-0.00191901
-0.00186028
-0.00164248
-0.00114832
-0.000155793
-0.00103055
-0.00130658
-0.00151832
-0.0018629
-0.00198047
-0.00203748
-0.00201358
-0.00183427
-0.0013593
-0.000319177
-0.000774171
-0.00097622
-0.00117935
-0.00186297
-0.00203709
-0.00211909
-0.00212144
-0.00197246
-0.00151727
-0.000441353
-0.000471981
-0.000725053
-0.00103274
-0.0018349
-0.00207945
-0.00217703
-0.00219989
-0.00207672
-0.00164496
-0.000546302
-0.000324346
-0.000719599
-0.0010041
-0.00172401
-0.00210289
-0.00221779
-0.00225782
-0.00215853
-0.00175879
-0.000654878
-0.000265377
-0.000700335
-0.000959308
-0.00156767
-0.00210543
-0.00223146
-0.00227798
-0.00219091
-0.00181988
-0.000720519
-0.000208003
-0.000679888
-0.000905831
-0.00152385
-0.00208687
-0.0021952
-0.00222372
-0.00211123
-0.00171162
-0.000618197
-0.000159377
-0.00062329
-0.000856239
-0.00152607
-0.00206181
-0.00215439
-0.00216483
-0.0020283
-0.0016069
-0.000528897
-0.000145118
-0.000527588
-0.000810586
-0.00157577
-0.00202953
-0.00210491
-0.00209497
-0.00193504
-0.00149647
-0.000436586
-0.000126991
-0.000459003
-0.000761012
-0.00165195
-0.00198414
-0.00204072
-0.00200838
-0.00182468
-0.00136995
-0.000326157
-0.000371251
-0.000534398
-0.000739769
-0.00167722
-0.00191734
-0.00195326
-0.00189615
-0.00168637
-0.0012141
-0.000185747
-0.000675423
-0.00091993
-0.00103845
-0.00169948
-0.00182706
-0.00183307
-0.00174391
-0.0015008
-0.00100872
-1.37761e-06
-0.000852806
-0.00119886
-0.0015111
-0.0016554
-0.00170009
-0.0016628
-0.00152798
-0.0012374
-0.000721894
0.000246529
-0.00075803
-0.00118985
-0.00140421
-0.0014935
-0.00148906
-0.00140215
-0.00120718
-0.000852315
-0.000309209
0.000583681
-0.000386423
-0.000896737
-0.00113174
-0.0012076
-0.00116169
-0.00101548
-0.000746124
-0.000311259
0.000270935
0.00103094
-8.65144e-07
-0.00051133
-0.000713395
-0.000743339
-0.000627321
-0.000394993
-2.79883e-05
0.000505462
0.00111891
0.0016656
-8.65144e-07
-0.00051133
-0.000713395
-0.000743339
-0.000627321
-0.000394993
-2.79883e-05
0.000505462
0.00111891
0.0016656
-1.7306e-05
-0.000524966
-0.000729112
-0.000770233
-0.000698328
-0.000538682
-0.000278202
0.000115522
0.000657058
0.00132818
-0.000144588
-0.000619766
-0.000817978
-0.000883837
-0.000857756
-0.00076188
-0.000585085
-0.000268709
0.000237618
0.00101632
-0.000364103
-0.000783868
-0.000970996
-0.00106349
-0.00108506
-0.00103601
-0.000890788
-0.000606728
-0.000106163
0.000754938
-0.000609955
-0.000961473
-0.00112331
-0.00121746
-0.0012493
-0.00121484
-0.00109675
-0.000837579
-0.00034656
0.000564643
-0.000818667
-0.00110742
-0.00123527
-0.00131502
-0.0013476
-0.00132469
-0.00122454
-0.000984766
-0.000509052
0.000427507
-0.000953365
-0.0012012
-0.00130039
-0.00136567
-0.0014001
-0.00138443
-0.0012949
-0.00107181
-0.000615044
0.000329982
-0.000987434
-0.00122278
-0.0013208
-0.0013865
-0.00142368
-0.00141289
-0.00132844
-0.00111711
-0.00067606
0.000267016
-0.00090936
-0.00111099
-0.00129794
-0.00138333
-0.00142746
-0.00142059
-0.00133623
-0.00112863
-0.000695636
0.000243842
-0.000760046
-0.000911128
-0.00116938
-0.00137016
-0.00142138
-0.00141803
-0.00132999
-0.00111544
-0.000677306
0.000271413
-0.000596409
-0.000724402
-0.00106392
-0.00135278
-0.00141271
-0.0014098
-0.00130967
-0.00106405
-0.000582204
0.000396895
-0.000552971
-0.000683555
-0.0010837
-0.0013421
-0.00140628
-0.00140205
-0.00129381
-0.00102795
-0.000518127
0.000489698
-0.000722614
-0.000840117
-0.00120798
-0.00134055
-0.0013991
-0.00138574
-0.00126718
-0.000983923
-0.000451386
0.00059138
-0.000883289
-0.00105128
-0.00125932
-0.00133786
-0.00138147
-0.00135205
-0.00122183
-0.000923142
-0.000372105
0.000706174
-0.000890996
-0.00112764
-0.00124773
-0.00131243
-0.00133966
-0.00129269
-0.00114675
-0.000833422
-0.000266698
0.000838134
-0.000748702
-0.00104134
-0.00117808
-0.00124397
-0.00125579
-0.00118905
-0.00102427
-0.00069425
-0.00011471
0.000996307
-0.000479397
-0.000853288
-0.00103082
-0.00111204
-0.00110807
-0.00101471
-0.000822865
-0.000470618
0.000117506
0.00119859
-7.02504e-05
-0.000556561
-0.000781607
-0.000881106
-0.000857055
-0.000728264
-0.000492451
-0.000107415
0.000482362
0.00147084
0.000428618
-0.000189735
-0.000457561
-0.000548228
-0.000492879
-0.000309815
-1.34696e-05
0.000428776
0.00102056
0.00182993
0.000796443
0.000133894
-0.000117685
-0.000139094
-6.33834e-06
0.00025564
0.000648056
0.00117701
0.00177192
0.00231915
)
;
    }
}


// ************************************************************************* //
