/*--------------------------------*- C++ -*----------------------------------*\
  =========                 |
  \\      /  F ield         | OpenFOAM: The Open Source CFD Toolbox
   \\    /   O peration     | Website:  https://openfoam.org
    \\  /    A nd           | Version:  8
     \\/     M anipulation  |
\*---------------------------------------------------------------------------*/
FoamFile
{
    version     2.0;
    format      ascii;
    class       volScalarField;
    location    "1000";
    object      T;
}
// * * * * * * * * * * * * * * * * * * * * * * * * * * * * * * * * * * * * * //

dimensions      [0 0 0 1 0 0 0];

internalField   nonuniform List<scalar> 
4000
(
300.385
300.387
300.388
300.388
300.386
300.382
300.373
300.351
300.34
300.339
300.337
300.336
300.336
300.336
300.358
300.375
300.38
300.383
300.384
300.383
300.386
300.39
300.393
300.394
300.394
300.387
300.378
300.368
300.368
300.369
300.369
300.368
300.364
300.361
300.366
300.379
300.387
300.39
300.389
300.384
300.386
300.39
300.394
300.397
300.398
300.393
300.384
300.38
300.379
300.378
300.377
300.376
300.375
300.374
300.374
300.382
300.395
300.394
300.39
300.384
300.386
300.39
300.394
300.397
300.399
300.399
300.399
300.398
300.395
300.392
300.391
300.392
300.393
300.394
300.396
300.397
300.396
300.394
300.39
300.384
300.386
300.39
300.394
300.397
300.398
300.399
300.4
300.4
300.4
300.4
300.4
300.4
300.399
300.399
300.398
300.398
300.396
300.394
300.39
300.383
300.385
300.39
300.394
300.396
300.398
300.399
300.4
300.4
300.401
300.401
300.4
300.4
300.399
300.398
300.398
300.397
300.395
300.393
300.389
300.382
300.385
300.389
300.393
300.395
300.397
300.398
300.399
300.4
300.4
300.4
300.4
300.399
300.398
300.398
300.397
300.395
300.394
300.391
300.387
300.381
300.384
300.388
300.392
300.394
300.396
300.397
300.398
300.399
300.399
300.399
300.399
300.398
300.397
300.396
300.395
300.394
300.392
300.389
300.385
300.38
300.383
300.387
300.39
300.392
300.394
300.396
300.397
300.398
300.398
300.398
300.397
300.396
300.395
300.394
300.393
300.391
300.389
300.387
300.383
300.378
300.38
300.383
300.386
300.388
300.39
300.391
300.392
300.393
300.394
300.394
300.393
300.392
300.391
300.389
300.387
300.386
300.384
300.381
300.379
300.375
300.387
300.387
300.387
300.387
300.384
300.381
300.373
300.356
300.341
300.34
300.338
300.337
300.337
300.342
300.363
300.375
300.38
300.383
300.383
300.383
300.39
300.391
300.393
300.394
300.393
300.387
300.379
300.369
300.368
300.368
300.369
300.367
300.364
300.362
300.369
300.38
300.387
300.389
300.388
300.384
300.39
300.392
300.395
300.396
300.397
300.392
300.385
300.38
300.379
300.378
300.378
300.377
300.375
300.374
300.376
300.384
300.393
300.393
300.39
300.384
300.39
300.393
300.395
300.397
300.398
300.397
300.393
300.391
300.389
300.388
300.387
300.386
300.386
300.387
300.388
300.392
300.395
300.394
300.39
300.384
300.39
300.393
300.396
300.398
300.399
300.399
300.398
300.397
300.396
300.395
300.395
300.394
300.394
300.395
300.395
300.396
300.397
300.395
300.391
300.383
300.39
300.393
300.397
300.399
300.4
300.4
300.4
300.399
300.399
300.398
300.398
300.398
300.398
300.398
300.398
300.398
300.397
300.395
300.39
300.383
300.389
300.393
300.397
300.399
300.401
300.401
300.401
300.401
300.4
300.4
300.4
300.4
300.4
300.399
300.399
300.399
300.397
300.395
300.39
300.382
300.388
300.393
300.397
300.399
300.401
300.402
300.402
300.402
300.402
300.402
300.402
300.401
300.401
300.4
300.4
300.399
300.397
300.394
300.389
300.382
300.387
300.391
300.395
300.398
300.4
300.402
300.403
300.403
300.404
300.404
300.403
300.402
300.401
300.4
300.399
300.397
300.395
300.392
300.387
300.38
300.383
300.386
300.389
300.391
300.393
300.395
300.397
300.398
300.399
300.399
300.398
300.396
300.395
300.393
300.391
300.389
300.386
300.384
300.381
300.377
300.388
300.387
300.387
300.386
300.383
300.378
300.369
300.353
300.342
300.342
300.34
300.338
300.338
300.344
300.363
300.375
300.379
300.382
300.383
300.383
300.393
300.393
300.394
300.394
300.391
300.385
300.377
300.369
300.368
300.369
300.369
300.368
300.365
300.363
300.37
300.381
300.387
300.389
300.388
300.385
300.394
300.395
300.396
300.396
300.395
300.391
300.384
300.379
300.379
300.379
300.379
300.377
300.375
300.374
300.377
300.385
300.392
300.392
300.389
300.385
300.394
300.395
300.397
300.397
300.397
300.395
300.391
300.388
300.387
300.386
300.385
300.384
300.384
300.384
300.385
300.39
300.394
300.394
300.39
300.385
300.394
300.396
300.397
300.398
300.399
300.398
300.395
300.394
300.392
300.391
300.391
300.39
300.39
300.391
300.392
300.394
300.396
300.395
300.391
300.385
300.394
300.397
300.398
300.399
300.4
300.399
300.398
300.397
300.396
300.395
300.395
300.394
300.395
300.395
300.396
300.397
300.397
300.396
300.392
300.385
300.393
300.397
300.399
300.4
300.401
300.4
300.4
300.399
300.398
300.397
300.397
300.397
300.397
300.397
300.398
300.398
300.398
300.396
300.392
300.385
300.392
300.397
300.4
300.401
300.401
300.401
300.4
300.4
300.399
300.399
300.399
300.399
300.399
300.399
300.399
300.399
300.398
300.396
300.392
300.384
300.39
300.395
300.4
300.402
300.403
300.404
300.405
300.405
300.405
300.404
300.404
300.404
300.403
300.403
300.402
300.4
300.399
300.395
300.39
300.383
300.386
300.389
300.392
300.394
300.397
300.399
300.401
300.402
300.404
300.404
300.402
300.4
300.398
300.396
300.394
300.391
300.389
300.386
300.383
300.379
300.388
300.387
300.386
300.383
300.38
300.374
300.363
300.348
300.344
300.344
300.342
300.34
300.339
300.344
300.361
300.374
300.379
300.382
300.383
300.384
300.394
300.394
300.394
300.392
300.388
300.382
300.373
300.368
300.369
300.37
300.37
300.369
300.366
300.364
300.37
300.38
300.386
300.389
300.388
300.386
300.397
300.396
300.396
300.396
300.393
300.388
300.382
300.379
300.379
300.379
300.379
300.378
300.376
300.375
300.378
300.385
300.391
300.392
300.39
300.387
300.397
300.397
300.397
300.397
300.396
300.393
300.389
300.387
300.386
300.385
300.385
300.384
300.383
300.382
300.384
300.389
300.393
300.393
300.391
300.387
300.397
300.398
300.398
300.399
300.398
300.396
300.394
300.392
300.391
300.39
300.389
300.389
300.388
300.388
300.39
300.393
300.395
300.395
300.392
300.387
300.396
300.399
300.399
300.4
300.399
300.398
300.397
300.395
300.394
300.393
300.392
300.392
300.392
300.392
300.393
300.395
300.396
300.396
300.393
300.387
300.395
300.399
300.4
300.401
300.4
300.399
300.398
300.397
300.396
300.395
300.395
300.395
300.395
300.395
300.396
300.397
300.398
300.397
300.393
300.387
300.394
300.399
300.401
300.401
300.401
300.4
300.4
300.399
300.398
300.398
300.398
300.397
300.397
300.398
300.398
300.398
300.398
300.397
300.394
300.386
300.392
300.398
300.402
300.404
300.404
300.405
300.405
300.405
300.405
300.405
300.404
300.404
300.403
300.402
300.402
300.401
300.4
300.397
300.392
300.385
300.388
300.391
300.394
300.397
300.4
300.402
300.405
300.407
300.408
300.409
300.406
300.404
300.402
300.399
300.396
300.394
300.391
300.388
300.384
300.38
300.386
300.384
300.383
300.38
300.376
300.367
300.353
300.345
300.346
300.345
300.343
300.341
300.34
300.343
300.358
300.372
300.378
300.381
300.383
300.384
300.394
300.393
300.391
300.388
300.383
300.376
300.37
300.369
300.37
300.371
300.37
300.369
300.367
300.365
300.369
300.379
300.386
300.389
300.389
300.388
300.398
300.397
300.395
300.393
300.39
300.384
300.38
300.379
300.379
300.38
300.38
300.378
300.377
300.376
300.378
300.385
300.39
300.392
300.391
300.389
300.399
300.398
300.397
300.396
300.394
300.391
300.388
300.386
300.386
300.385
300.385
300.384
300.383
300.382
300.384
300.389
300.393
300.393
300.392
300.389
300.398
300.399
300.399
300.398
300.397
300.395
300.393
300.391
300.39
300.389
300.388
300.388
300.388
300.387
300.389
300.392
300.394
300.394
300.393
300.389
300.398
300.4
300.4
300.399
300.398
300.397
300.395
300.394
300.393
300.392
300.391
300.391
300.391
300.391
300.392
300.394
300.396
300.396
300.394
300.389
300.397
300.401
300.401
300.4
300.399
300.398
300.397
300.396
300.395
300.395
300.394
300.394
300.394
300.394
300.395
300.396
300.397
300.397
300.394
300.389
300.396
300.401
300.401
300.401
300.4
300.4
300.399
300.399
300.399
300.398
300.398
300.397
300.397
300.397
300.397
300.397
300.397
300.397
300.395
300.388
300.394
300.4
300.403
300.404
300.405
300.405
300.406
300.407
300.407
300.407
300.406
300.405
300.404
300.403
300.402
300.401
300.4
300.398
300.394
300.386
300.39
300.393
300.397
300.4
300.403
300.406
300.408
300.411
300.413
300.415
300.411
300.408
300.405
300.402
300.399
300.396
300.393
300.39
300.386
300.382
300.382
300.381
300.378
300.374
300.367
300.356
300.347
300.346
300.347
300.346
300.345
300.342
300.341
300.342
300.353
300.368
300.376
300.38
300.383
300.384
300.387
300.387
300.385
300.382
300.376
300.37
300.369
300.37
300.371
300.371
300.371
300.37
300.369
300.367
300.368
300.377
300.384
300.388
300.389
300.389
300.393
300.392
300.391
300.388
300.384
300.381
300.38
300.38
300.38
300.38
300.38
300.379
300.378
300.377
300.378
300.384
300.389
300.391
300.391
300.39
300.399
300.397
300.395
300.393
300.391
300.388
300.387
300.386
300.386
300.385
300.385
300.384
300.383
300.383
300.384
300.388
300.392
300.393
300.392
300.391
300.399
300.399
300.398
300.396
300.395
300.393
300.392
300.39
300.389
300.389
300.388
300.388
300.388
300.387
300.388
300.391
300.394
300.394
300.393
300.39
300.399
300.4
300.399
300.398
300.397
300.396
300.394
300.393
300.392
300.392
300.391
300.391
300.391
300.391
300.391
300.393
300.395
300.395
300.394
300.39
300.398
300.401
300.4
300.399
300.398
300.397
300.396
300.396
300.395
300.395
300.394
300.394
300.394
300.394
300.394
300.395
300.396
300.396
300.395
300.39
300.397
300.402
300.401
300.4
300.4
300.399
300.399
300.399
300.4
300.4
300.399
300.398
300.397
300.397
300.397
300.397
300.397
300.397
300.395
300.389
300.396
300.402
300.404
300.405
300.405
300.406
300.408
300.409
300.411
300.411
300.408
300.406
300.405
300.404
300.402
300.401
300.4
300.399
300.395
300.387
300.391
300.395
300.399
300.402
300.406
300.409
300.413
300.416
300.419
300.422
300.417
300.413
300.409
300.405
300.401
300.398
300.395
300.391
300.387
300.383
300.373
300.373
300.369
300.363
300.353
300.347
300.347
300.348
300.348
300.347
300.345
300.344
300.343
300.343
300.349
300.363
300.374
300.378
300.382
300.384
300.378
300.379
300.377
300.373
300.37
300.369
300.37
300.371
300.372
300.371
300.371
300.37
300.37
300.369
300.368
300.374
300.382
300.387
300.389
300.39
300.384
300.385
300.384
300.382
300.38
300.38
300.38
300.38
300.38
300.38
300.38
300.379
300.379
300.378
300.378
300.382
300.388
300.391
300.392
300.391
300.399
300.393
300.391
300.389
300.388
300.387
300.386
300.386
300.386
300.386
300.385
300.384
300.384
300.384
300.385
300.387
300.391
300.392
300.393
300.391
300.4
300.398
300.395
300.394
300.393
300.392
300.391
300.39
300.389
300.39
300.389
300.388
300.388
300.388
300.388
300.39
300.393
300.394
300.393
300.391
300.4
300.4
300.398
300.397
300.395
300.394
300.393
300.393
300.393
300.394
300.393
300.391
300.391
300.391
300.391
300.392
300.394
300.395
300.394
300.391
300.399
300.401
300.4
300.398
300.397
300.396
300.396
300.396
300.397
300.399
300.397
300.394
300.394
300.394
300.394
300.394
300.395
300.396
300.395
300.39
300.398
300.402
300.4
300.4
300.399
300.399
300.4
300.401
300.405
300.407
300.403
300.398
300.397
300.397
300.396
300.396
300.396
300.396
300.395
300.389
300.397
300.403
300.405
300.405
300.406
300.408
300.41
300.413
300.417
300.42
300.413
300.408
300.406
300.404
300.403
300.401
300.4
300.399
300.395
300.388
300.392
300.397
300.401
300.405
300.408
300.413
300.417
300.422
300.427
300.432
300.424
300.418
300.412
300.408
300.404
300.4
300.396
300.392
300.388
300.383
300.351
300.356
300.353
300.348
300.345
300.346
300.348
300.348
300.348
300.347
300.345
300.345
300.345
300.346
300.347
300.357
300.369
300.376
300.379
300.382
300.368
300.369
300.369
300.368
300.369
300.37
300.371
300.372
300.372
300.373
300.372
300.37
300.371
300.37
300.369
300.371
300.378
300.384
300.388
300.39
300.38
300.38
300.379
300.379
300.379
300.38
300.38
300.38
300.381
300.384
300.383
300.38
300.38
300.379
300.379
300.381
300.385
300.389
300.392
300.392
300.398
300.391
300.388
300.387
300.386
300.386
300.386
300.386
300.388
300.393
300.391
300.385
300.384
300.384
300.385
300.386
300.389
300.391
300.392
300.392
300.4
300.397
300.394
300.392
300.391
300.39
300.39
300.39
300.394
300.402
300.397
300.389
300.388
300.388
300.388
300.39
300.392
300.393
300.393
300.392
300.4
300.399
300.397
300.395
300.394
300.393
300.393
300.394
300.4
300.41
300.402
300.393
300.391
300.391
300.391
300.392
300.393
300.394
300.394
300.391
300.4
300.401
300.399
300.397
300.396
300.396
300.396
300.399
300.408
300.417
300.406
300.396
300.394
300.394
300.393
300.394
300.395
300.395
300.395
300.39
300.399
300.402
300.4
300.399
300.399
300.399
300.401
300.407
300.416
300.425
300.412
300.4
300.397
300.396
300.396
300.396
300.396
300.396
300.396
300.39
300.398
300.403
300.405
300.405
300.407
300.409
300.413
300.419
300.428
300.436
300.421
300.411
300.407
300.404
300.403
300.401
300.4
300.399
300.396
300.388
300.393
300.398
300.402
300.407
300.411
300.416
300.422
300.428
300.436
300.446
300.432
300.423
300.416
300.41
300.405
300.401
300.397
300.393
300.389
300.384
300.34
300.341
300.342
300.344
300.346
300.347
300.348
300.348
300.347
300.36
300.358
300.349
300.349
300.348
300.348
300.351
300.363
300.372
300.376
300.379
300.368
300.368
300.368
300.369
300.37
300.371
300.372
300.372
300.374
300.396
300.399
300.372
300.37
300.371
300.37
300.371
300.374
300.381
300.384
300.386
300.379
300.379
300.379
300.379
300.379
300.38
300.38
300.381
300.39
300.43
300.416
300.382
300.379
300.379
300.379
300.38
300.383
300.387
300.39
300.392
300.395
300.389
300.387
300.386
300.386
300.386
300.386
300.388
300.406
300.448
300.423
300.388
300.384
300.384
300.384
300.385
300.387
300.39
300.392
300.392
300.4
300.396
300.392
300.391
300.39
300.389
300.389
300.394
300.418
300.457
300.425
300.392
300.388
300.388
300.388
300.389
300.39
300.392
300.393
300.392
300.401
300.399
300.396
300.394
300.393
300.392
300.393
300.4
300.427
300.461
300.425
300.395
300.391
300.39
300.39
300.391
300.392
300.394
300.394
300.391
300.4
300.4
300.398
300.396
300.395
300.395
300.397
300.408
300.434
300.462
300.426
300.398
300.394
300.393
300.393
300.393
300.394
300.395
300.395
300.391
300.399
300.402
300.399
300.398
300.399
300.4
300.405
300.416
300.439
300.463
300.428
300.402
300.397
300.396
300.395
300.395
300.395
300.396
300.395
300.39
300.398
300.404
300.405
300.405
300.407
300.411
300.417
300.428
300.446
300.467
300.433
300.415
300.407
300.404
300.402
300.401
300.399
300.399
300.396
300.388
300.394
300.399
300.404
300.408
300.413
300.419
300.427
300.436
300.449
300.467
300.443
300.429
300.42
300.413
300.407
300.402
300.397
300.393
300.389
300.384
300.339
300.34
300.342
300.344
300.345
300.346
300.347
300.347
300.36
300.746
300.681
300.369
300.359
300.356
300.352
300.351
300.358
300.367
300.372
300.375
300.369
300.368
300.369
300.37
300.371
300.371
300.371
300.373
300.396
300.684
300.572
300.382
300.372
300.371
300.37
300.37
300.371
300.376
300.38
300.38
300.378
300.378
300.379
300.379
300.38
300.38
300.38
300.384
300.43
300.637
300.519
300.388
300.379
300.378
300.379
300.379
300.38
300.383
300.386
300.389
300.392
300.388
300.386
300.385
300.385
300.385
300.386
300.393
300.448
300.6
300.487
300.392
300.384
300.383
300.384
300.384
300.386
300.388
300.39
300.392
300.4
300.395
300.391
300.39
300.389
300.389
300.39
300.402
300.457
300.57
300.466
300.395
300.388
300.387
300.387
300.388
300.389
300.391
300.392
300.392
300.401
300.398
300.395
300.393
300.392
300.392
300.394
300.41
300.461
300.546
300.452
300.397
300.391
300.39
300.39
300.39
300.391
300.393
300.394
300.391
300.4
300.4
300.397
300.395
300.395
300.395
300.399
300.417
300.462
300.526
300.443
300.399
300.393
300.393
300.393
300.393
300.393
300.394
300.395
300.39
300.399
300.402
300.399
300.398
300.398
300.4
300.407
300.425
300.463
300.513
300.439
300.403
300.396
300.395
300.395
300.395
300.395
300.395
300.395
300.389
300.398
300.404
300.404
300.405
300.407
300.411
300.42
300.436
300.467
300.507
300.443
300.416
300.407
300.403
300.401
300.4
300.399
300.398
300.395
300.388
300.394
300.399
300.404
300.409
300.415
300.422
300.432
300.446
300.467
300.498
300.456
300.435
300.423
300.414
300.407
300.402
300.397
300.393
300.388
300.383
300.337
300.338
300.34
300.342
300.343
300.345
300.345
300.345
300.358
300.681
300.624
300.372
300.366
300.365
300.363
300.36
300.358
300.363
300.367
300.369
300.369
300.369
300.369
300.37
300.37
300.371
300.371
300.372
300.399
300.572
300.495
300.381
300.376
300.373
300.371
300.37
300.369
300.372
300.375
300.375
300.377
300.378
300.379
300.379
300.38
300.38
300.38
300.383
300.416
300.519
300.45
300.386
300.381
300.379
300.378
300.377
300.378
300.379
300.382
300.387
300.391
300.387
300.385
300.385
300.385
300.385
300.385
300.391
300.423
300.487
300.429
300.389
300.385
300.383
300.383
300.383
300.384
300.386
300.389
300.392
300.4
300.395
300.391
300.389
300.388
300.388
300.389
300.397
300.425
300.466
300.418
300.391
300.388
300.387
300.387
300.387
300.388
300.39
300.392
300.392
300.4
300.398
300.395
300.392
300.391
300.391
300.393
300.402
300.425
300.452
300.413
300.393
300.391
300.39
300.39
300.39
300.391
300.392
300.394
300.391
300.4
300.4
300.397
300.395
300.394
300.394
300.397
300.406
300.426
300.443
300.411
300.395
300.393
300.393
300.392
300.392
300.393
300.394
300.395
300.39
300.399
300.402
300.399
300.398
300.398
300.399
300.403
300.412
300.428
300.439
300.411
300.398
300.396
300.395
300.395
300.395
300.395
300.395
300.395
300.389
300.397
300.403
300.404
300.404
300.406
300.408
300.413
300.421
300.433
300.443
300.417
300.407
300.404
300.402
300.4
300.399
300.398
300.398
300.395
300.387
300.393
300.398
300.402
300.406
300.411
300.417
300.424
300.432
300.443
300.456
300.436
300.424
300.416
300.409
300.403
300.399
300.395
300.391
300.387
300.382
300.336
300.337
300.338
300.34
300.341
300.342
300.344
300.345
300.349
300.369
300.372
300.368
300.369
300.37
300.37
300.37
300.371
300.37
300.37
300.368
300.368
300.367
300.368
300.369
300.369
300.37
300.37
300.37
300.372
300.382
300.381
300.379
300.379
300.379
300.377
300.375
300.373
300.373
300.374
300.374
300.376
300.377
300.377
300.378
300.378
300.379
300.379
300.38
300.382
300.388
300.386
300.384
300.384
300.383
300.381
300.379
300.378
300.379
300.382
300.388
300.392
300.386
300.384
300.384
300.384
300.384
300.384
300.385
300.388
300.392
300.389
300.387
300.387
300.386
300.384
300.383
300.383
300.385
300.389
300.392
300.4
300.394
300.39
300.389
300.388
300.388
300.388
300.389
300.392
300.395
300.391
300.39
300.39
300.389
300.387
300.387
300.388
300.389
300.392
300.392
300.4
300.398
300.394
300.392
300.391
300.391
300.391
300.393
300.395
300.397
300.393
300.392
300.392
300.391
300.39
300.39
300.391
300.392
300.394
300.391
300.399
300.4
300.397
300.395
300.394
300.394
300.394
300.396
300.398
300.399
300.395
300.394
300.394
300.393
300.393
300.392
300.393
300.394
300.395
300.39
300.398
300.401
300.399
300.397
300.397
300.398
300.398
300.4
300.402
300.403
300.398
300.396
300.396
300.396
300.395
300.395
300.395
300.396
300.395
300.389
300.396
300.402
300.404
300.404
300.405
300.406
300.408
300.411
300.415
300.416
300.407
300.404
300.402
300.4
300.399
300.398
300.398
300.397
300.394
300.387
300.392
300.396
300.4
300.404
300.408
300.413
300.418
300.423
300.429
300.435
300.424
300.417
300.411
300.405
300.4
300.396
300.393
300.389
300.386
300.381
300.336
300.337
300.338
300.339
300.34
300.341
300.343
300.345
300.349
300.359
300.366
300.369
300.37
300.372
300.373
300.373
300.374
300.375
300.377
300.378
300.364
300.364
300.365
300.366
300.367
300.369
300.37
300.371
300.37
300.372
300.376
300.379
300.381
300.382
300.382
300.382
300.381
300.379
300.378
300.377
300.375
300.375
300.375
300.376
300.377
300.378
300.379
300.38
300.379
300.379
300.381
300.384
300.386
300.387
300.386
300.385
300.383
300.383
300.386
300.391
300.393
300.386
300.384
300.383
300.383
300.383
300.384
300.384
300.384
300.384
300.385
300.387
300.389
300.389
300.388
300.387
300.386
300.387
300.39
300.392
300.399
300.394
300.39
300.388
300.388
300.388
300.388
300.388
300.388
300.388
300.388
300.39
300.391
300.391
300.39
300.389
300.389
300.391
300.392
300.391
300.399
300.398
300.395
300.392
300.391
300.391
300.391
300.391
300.391
300.391
300.391
300.392
300.393
300.393
300.392
300.391
300.392
300.393
300.394
300.391
300.398
300.4
300.397
300.395
300.394
300.394
300.394
300.394
300.394
300.393
300.393
300.394
300.394
300.394
300.394
300.394
300.394
300.395
300.395
300.39
300.397
300.401
300.399
300.397
300.397
300.397
300.397
300.397
300.397
300.396
300.396
300.396
300.396
300.396
300.396
300.395
300.395
300.396
300.395
300.389
300.395
300.401
300.403
300.403
300.404
300.405
300.406
300.407
300.407
300.407
300.404
300.402
300.401
300.4
300.399
300.398
300.397
300.397
300.394
300.386
300.391
300.395
300.398
300.402
300.405
300.409
300.412
300.416
300.42
300.423
300.416
300.411
300.406
300.401
300.398
300.394
300.391
300.388
300.384
300.38
300.336
300.342
300.344
300.344
300.343
300.342
300.343
300.346
300.348
300.356
300.365
300.37
300.372
300.373
300.374
300.375
300.376
300.377
300.378
300.38
300.361
300.362
300.363
300.364
300.365
300.367
300.369
300.37
300.371
300.371
300.373
300.379
300.382
300.384
300.385
300.385
300.386
300.386
300.385
300.385
300.374
300.374
300.374
300.375
300.376
300.377
300.378
300.379
300.379
300.378
300.379
300.383
300.387
300.389
300.389
300.389
300.389
300.388
300.39
300.392
300.394
300.387
300.384
300.382
300.382
300.383
300.384
300.384
300.384
300.383
300.383
300.386
300.389
300.391
300.391
300.391
300.39
300.39
300.391
300.392
300.399
300.395
300.391
300.388
300.387
300.387
300.388
300.388
300.388
300.387
300.387
300.389
300.391
300.393
300.393
300.392
300.392
300.392
300.393
300.391
300.398
300.398
300.395
300.392
300.391
300.391
300.391
300.391
300.39
300.39
300.39
300.391
300.393
300.394
300.394
300.394
300.393
300.394
300.395
300.39
300.398
300.399
300.397
300.395
300.394
300.394
300.394
300.394
300.393
300.393
300.393
300.393
300.394
300.395
300.395
300.395
300.395
300.395
300.395
300.39
300.396
300.4
300.399
300.398
300.397
300.397
300.397
300.396
300.396
300.395
300.395
300.396
300.396
300.396
300.396
300.396
300.396
300.396
300.395
300.388
300.394
300.4
300.403
300.402
300.403
300.404
300.404
300.404
300.404
300.403
300.402
300.4
300.4
300.399
300.398
300.398
300.397
300.397
300.394
300.385
300.389
300.393
300.396
300.399
300.402
300.405
300.408
300.41
300.413
300.414
300.409
300.405
300.401
300.398
300.395
300.392
300.39
300.387
300.383
300.379
300.358
300.363
300.363
300.361
300.358
300.353
300.349
300.347
300.348
300.352
300.363
300.37
300.373
300.374
300.375
300.376
300.377
300.378
300.379
300.381
300.366
300.369
300.37
300.37
300.369
300.368
300.368
300.369
300.37
300.37
300.371
300.377
300.382
300.385
300.386
300.387
300.387
300.387
300.388
300.389
300.374
300.376
300.377
300.378
300.378
300.378
300.378
300.379
300.379
300.379
300.378
300.381
300.386
300.389
300.391
300.391
300.391
300.391
300.391
300.391
300.396
300.388
300.385
300.384
300.384
300.384
300.385
300.385
300.384
300.384
300.383
300.384
300.388
300.391
300.392
300.393
300.392
300.392
300.392
300.391
300.398
300.395
300.392
300.39
300.389
300.388
300.388
300.388
300.388
300.387
300.387
300.387
300.39
300.393
300.394
300.394
300.393
300.393
300.393
300.39
300.398
300.398
300.396
300.393
300.392
300.391
300.391
300.391
300.39
300.39
300.39
300.39
300.392
300.394
300.395
300.395
300.395
300.395
300.395
300.39
300.397
300.399
300.398
300.396
300.395
300.394
300.394
300.393
300.393
300.393
300.392
300.393
300.394
300.395
300.396
300.396
300.396
300.396
300.395
300.389
300.395
300.4
300.399
300.398
300.397
300.397
300.396
300.396
300.395
300.395
300.395
300.395
300.396
300.396
300.397
300.397
300.397
300.397
300.395
300.387
300.393
300.399
300.402
300.402
300.402
300.402
300.403
300.403
300.402
300.401
300.4
300.399
300.399
300.398
300.398
300.398
300.397
300.397
300.393
300.385
300.387
300.391
300.394
300.396
300.399
300.401
300.404
300.405
300.407
300.407
300.403
300.4
300.398
300.395
300.392
300.39
300.388
300.385
300.382
300.378
300.375
300.375
300.375
300.374
300.372
300.368
300.363
300.357
300.351
300.351
300.36
300.37
300.373
300.375
300.376
300.377
300.378
300.379
300.379
300.381
300.379
300.38
300.381
300.38
300.379
300.377
300.374
300.371
300.371
300.37
300.37
300.375
300.382
300.385
300.387
300.387
300.387
300.387
300.387
300.388
300.382
300.384
300.385
300.385
300.385
300.384
300.382
300.381
300.38
300.379
300.377
300.379
300.385
300.389
300.391
300.391
300.391
300.391
300.391
300.39
300.397
300.392
300.39
300.389
300.389
300.388
300.387
300.386
300.385
300.384
300.383
300.383
300.387
300.391
300.393
300.393
300.392
300.392
300.392
300.39
300.398
300.396
300.394
300.393
300.392
300.391
300.39
300.39
300.389
300.388
300.387
300.387
300.389
300.392
300.394
300.394
300.394
300.394
300.393
300.389
300.397
300.398
300.397
300.395
300.394
300.393
300.392
300.392
300.391
300.39
300.39
300.39
300.391
300.394
300.395
300.395
300.395
300.395
300.394
300.389
300.395
300.399
300.398
300.397
300.396
300.395
300.394
300.394
300.393
300.393
300.392
300.392
300.394
300.395
300.396
300.396
300.396
300.396
300.395
300.388
300.394
300.399
300.399
300.398
300.397
300.397
300.396
300.396
300.395
300.395
300.395
300.395
300.395
300.396
300.397
300.397
300.397
300.397
300.394
300.386
300.391
300.397
300.4
300.401
300.401
300.401
300.401
300.401
300.401
300.4
300.399
300.398
300.398
300.398
300.398
300.397
300.397
300.396
300.392
300.383
300.386
300.389
300.391
300.394
300.396
300.398
300.4
300.401
300.402
300.402
300.399
300.396
300.394
300.392
300.39
300.388
300.386
300.384
300.38
300.376
300.38
300.38
300.379
300.379
300.378
300.376
300.374
300.369
300.363
300.358
300.358
300.371
300.374
300.376
300.377
300.378
300.378
300.379
300.379
300.38
300.387
300.387
300.387
300.386
300.386
300.384
300.382
300.378
300.374
300.371
300.369
300.373
300.381
300.386
300.387
300.387
300.387
300.386
300.386
300.386
300.395
300.393
300.392
300.391
300.39
300.389
300.388
300.385
300.383
300.38
300.378
300.378
300.383
300.389
300.391
300.391
300.39
300.39
300.389
300.388
300.396
300.395
300.394
300.393
300.393
300.392
300.391
300.389
300.387
300.386
300.384
300.383
300.386
300.39
300.392
300.392
300.392
300.391
300.391
300.388
300.396
300.397
300.396
300.395
300.394
300.394
300.393
300.392
300.39
300.389
300.388
300.388
300.389
300.392
300.393
300.394
300.394
300.393
300.392
300.388
300.395
300.397
300.397
300.396
300.396
300.395
300.394
300.393
300.392
300.391
300.391
300.391
300.392
300.393
300.395
300.395
300.395
300.395
300.393
300.387
300.394
300.397
300.398
300.398
300.397
300.396
300.395
300.395
300.394
300.393
300.393
300.393
300.394
300.395
300.396
300.396
300.396
300.396
300.393
300.386
300.392
300.397
300.398
300.398
300.397
300.397
300.396
300.396
300.395
300.395
300.395
300.395
300.395
300.396
300.397
300.397
300.397
300.396
300.393
300.385
300.389
300.395
300.399
300.4
300.4
300.4
300.4
300.4
300.399
300.399
300.398
300.398
300.397
300.397
300.397
300.397
300.396
300.395
300.39
300.382
300.384
300.386
300.389
300.391
300.393
300.395
300.396
300.397
300.397
300.397
300.395
300.393
300.391
300.39
300.388
300.386
300.385
300.382
300.379
300.375
300.383
300.383
300.382
300.382
300.381
300.38
300.378
300.376
300.372
300.367
300.363
300.37
300.375
300.377
300.378
300.379
300.379
300.378
300.378
300.378
300.39
300.389
300.389
300.389
300.389
300.388
300.387
300.384
300.381
300.376
300.372
300.373
300.379
300.386
300.387
300.387
300.386
300.385
300.384
300.382
300.394
300.393
300.392
300.392
300.392
300.391
300.391
300.389
300.387
300.383
300.379
300.379
300.383
300.388
300.391
300.391
300.39
300.388
300.386
300.384
300.394
300.394
300.394
300.393
300.393
300.393
300.392
300.391
300.39
300.388
300.386
300.385
300.387
300.39
300.392
300.392
300.391
300.39
300.388
300.385
300.394
300.395
300.395
300.395
300.394
300.394
300.394
300.393
300.392
300.391
300.39
300.389
300.391
300.392
300.393
300.394
300.393
300.392
300.389
300.385
300.393
300.395
300.396
300.396
300.396
300.395
300.395
300.394
300.394
300.393
300.392
300.392
300.393
300.394
300.395
300.395
300.395
300.393
300.391
300.384
300.391
300.395
300.396
300.397
300.397
300.396
300.396
300.395
300.395
300.394
300.394
300.394
300.395
300.395
300.396
300.396
300.396
300.394
300.391
300.383
300.389
300.394
300.396
300.397
300.397
300.397
300.396
300.396
300.396
300.395
300.395
300.396
300.396
300.396
300.397
300.397
300.396
300.394
300.39
300.382
300.387
300.392
300.395
300.397
300.398
300.399
300.399
300.399
300.399
300.398
300.398
300.397
300.397
300.397
300.397
300.396
300.395
300.393
300.387
300.379
300.381
300.384
300.386
300.388
300.39
300.391
300.392
300.393
300.393
300.393
300.391
300.389
300.388
300.387
300.385
300.384
300.382
300.379
300.376
300.373
300.384
300.383
300.383
300.383
300.383
300.383
300.382
300.379
300.376
300.372
300.367
300.37
300.377
300.378
300.379
300.379
300.379
300.378
300.377
300.376
300.389
300.388
300.388
300.388
300.389
300.389
300.389
300.388
300.384
300.38
300.375
300.374
300.378
300.385
300.388
300.387
300.386
300.384
300.381
300.379
300.39
300.39
300.389
300.39
300.391
300.391
300.392
300.392
300.39
300.386
300.382
300.382
300.386
300.39
300.391
300.391
300.389
300.386
300.383
300.379
300.39
300.39
300.39
300.391
300.392
300.392
300.393
300.392
300.392
300.39
300.389
300.389
300.39
300.391
300.392
300.392
300.391
300.388
300.384
300.38
300.39
300.391
300.391
300.392
300.393
300.393
300.393
300.393
300.393
300.392
300.392
300.392
300.392
300.393
300.393
300.393
300.392
300.389
300.385
300.38
300.389
300.39
300.392
300.393
300.394
300.394
300.394
300.394
300.394
300.394
300.394
300.394
300.394
300.395
300.395
300.394
300.393
300.391
300.386
300.379
300.387
300.39
300.392
300.393
300.394
300.395
300.395
300.395
300.395
300.395
300.395
300.395
300.395
300.395
300.395
300.395
300.393
300.391
300.386
300.379
300.385
300.389
300.392
300.394
300.395
300.395
300.395
300.396
300.395
300.395
300.395
300.395
300.395
300.395
300.395
300.394
300.393
300.39
300.385
300.378
300.383
300.387
300.39
300.392
300.394
300.395
300.395
300.396
300.396
300.395
300.395
300.394
300.394
300.394
300.393
300.392
300.39
300.387
300.382
300.375
300.379
300.381
300.383
300.384
300.386
300.387
300.388
300.389
300.389
300.388
300.387
300.386
300.384
300.383
300.382
300.38
300.379
300.376
300.374
300.371
300.383
300.383
300.383
300.384
300.384
300.384
300.384
300.382
300.379
300.375
300.369
300.368
300.378
300.38
300.381
300.381
300.38
300.378
300.376
300.374
300.384
300.384
300.385
300.386
300.388
300.389
300.39
300.39
300.386
300.38
300.375
300.374
300.377
300.385
300.389
300.388
300.386
300.382
300.379
300.374
300.384
300.384
300.385
300.387
300.389
300.39
300.391
300.392
300.392
300.389
300.387
300.388
300.391
300.392
300.391
300.39
300.388
300.384
300.379
300.374
300.384
300.384
300.385
300.387
300.389
300.391
300.391
300.392
300.392
300.392
300.392
300.392
300.392
300.392
300.391
300.39
300.388
300.385
300.38
300.374
300.383
300.383
300.385
300.387
300.389
300.39
300.391
300.392
300.392
300.392
300.392
300.392
300.391
300.391
300.39
300.389
300.388
300.385
300.38
300.374
300.382
300.383
300.385
300.387
300.389
300.39
300.391
300.391
300.391
300.391
300.391
300.391
300.391
300.39
300.39
300.389
300.387
300.384
300.379
300.374
300.381
300.382
300.385
300.387
300.389
300.39
300.39
300.39
300.391
300.39
300.39
300.39
300.39
300.39
300.389
300.388
300.386
300.383
300.379
300.373
300.38
300.382
300.384
300.386
300.388
300.389
300.389
300.39
300.39
300.389
300.389
300.389
300.389
300.388
300.387
300.386
300.385
300.382
300.378
300.372
300.378
300.38
300.383
300.385
300.386
300.387
300.388
300.388
300.388
300.388
300.387
300.387
300.386
300.385
300.385
300.383
300.382
300.379
300.375
300.371
300.375
300.377
300.379
300.38
300.382
300.383
300.383
300.384
300.384
300.383
300.382
300.381
300.38
300.379
300.378
300.376
300.375
300.373
300.371
300.368
)
;

boundaryField
{
    floor
    {
        type            fixedValue;
        value           nonuniform List<scalar> 
400
(
300
300
300
300
300
300
300
300
300
300
300
300
300
300
300
300
300
300
300
300
300
300
300
300
300
300
300
300
300
300
300
300
300
300
300
300
300
300
300
300
300
300
300
300
300
300
300
300
300
300
300
300
300
300
300
300
300
300
300
300
300
300
300
300
300
300
300
300
300
300
300
300
300
300
300
300
300
300
300
300
300
300
300
300
300
300
300
300
300
300
300
300
300
300
300
300
300
300
300
300
300
300
300
300
300
300
300
300
300
300
300
300
300
300
300
300
300
300
300
300
300
300
300
300
300
300
300
300
300
300
300
300
300
300
300
300
300
300
300
300
300
300
300
300
300
300
300
300
300
300
300
300
300
300
300
300
300
300
300
300
300
300
300
300
300
300
300
300
300
300
300
300
300
300
300
300
300
300
300
300
300
300
300
300
300
300
300
300
300
600
600
300
300
300
300
300
300
300
300
300
300
300
300
300
300
300
300
300
300
600
600
300
300
300
300
300
300
300
300
300
300
300
300
300
300
300
300
300
300
300
300
300
300
300
300
300
300
300
300
300
300
300
300
300
300
300
300
300
300
300
300
300
300
300
300
300
300
300
300
300
300
300
300
300
300
300
300
300
300
300
300
300
300
300
300
300
300
300
300
300
300
300
300
300
300
300
300
300
300
300
300
300
300
300
300
300
300
300
300
300
300
300
300
300
300
300
300
300
300
300
300
300
300
300
300
300
300
300
300
300
300
300
300
300
300
300
300
300
300
300
300
300
300
300
300
300
300
300
300
300
300
300
300
300
300
300
300
300
300
300
300
300
300
300
300
300
300
300
300
300
300
300
300
300
300
300
300
300
300
300
300
300
300
300
300
300
300
300
300
300
300
300
300
300
300
300
300
300
300
300
300
300
300
300
300
300
300
300
300
300
)
;
    }
    ceiling
    {
        type            fixedValue;
        value           uniform 300;
    }
    fixedWalls
    {
        type            zeroGradient;
    }
}


// ************************************************************************* //
