/*--------------------------------*- C++ -*----------------------------------*\
  =========                 |
  \\      /  F ield         | OpenFOAM: The Open Source CFD Toolbox
   \\    /   O peration     | Website:  https://openfoam.org
    \\  /    A nd           | Version:  8
     \\/     M anipulation  |
\*---------------------------------------------------------------------------*/
FoamFile
{
    version     2.0;
    format      ascii;
    class       volScalarField;
    location    "1600";
    object      alphat;
}
// * * * * * * * * * * * * * * * * * * * * * * * * * * * * * * * * * * * * * //

dimensions      [1 -1 -1 0 0 0 0];

internalField   nonuniform List<scalar> 
4000
(
0.000314843
0.000306431
0.00029356
0.000279992
0.000257043
0.000148134
0.000102993
0.000102012
0.000100735
9.98373e-05
9.87442e-05
9.92024e-05
0.000110674
0.000160273
0.000241012
0.000261756
0.000272848
0.00028064
0.000291851
0.000303325
0.000326454
0.000315904
0.000293531
0.000266151
0.000244679
0.000178652
0.000123138
0.000129232
0.000129583
0.000126003
0.000118582
0.000111891
0.000132546
0.00016446
0.00022069
0.000232494
0.000243312
0.000264571
0.000294557
0.00031488
0.000332934
0.000324653
0.000300541
0.000255825
0.000233321
0.000194756
0.000162438
0.000133204
0.000143123
0.00013915
0.000128647
0.000120679
0.000139778
0.000160516
0.00020146
0.000206527
0.000206572
0.000255846
0.000300453
0.000321228
0.0003363
0.000331572
0.000312401
0.000281197
0.000235716
0.000211743
0.000187556
0.000161912
0.000143777
0.000140372
0.000133585
0.000134263
0.000156106
0.000185049
0.000195828
0.000212987
0.00024313
0.000277478
0.000308514
0.000324398
0.000338764
0.000338388
0.000327806
0.000310151
0.000289565
0.000272056
0.000253388
0.000228348
0.000210355
0.000202692
0.000213952
0.000228233
0.000240444
0.000251877
0.000261867
0.000273186
0.000287554
0.000304709
0.000320439
0.000327411
0.000341303
0.000345938
0.000343453
0.000336838
0.000328042
0.000318826
0.000308828
0.000298109
0.000287017
0.000277606
0.000281672
0.000288061
0.000294737
0.000301126
0.000306866
0.000312595
0.000318956
0.000325748
0.000330867
0.000330192
0.0003443
0.000353921
0.000358248
0.000359515
0.000358632
0.000355336
0.000349744
0.000342302
0.000333484
0.000323307
0.000324492
0.000328619
0.000333164
0.000337172
0.000340135
0.000341982
0.000342736
0.000342393
0.00033997
0.000332868
0.000348207
0.000363074
0.00037321
0.000380263
0.000384726
0.000386048
0.000383885
0.000378497
0.00037057
0.000359539
0.000358678
0.000361674
0.000365048
0.000367486
0.000368114
0.000366529
0.000362843
0.000357303
0.000349094
0.000336124
0.000353923
0.00037495
0.000390901
0.000402662
0.000411018
0.000415771
0.000416524
0.000413332
0.000406343
0.000394166
0.00039151
0.000394077
0.000396674
0.000397606
0.000395831
0.000391039
0.000383617
0.000373844
0.000360441
0.000341183
0.000362683
0.000389736
0.00041113
0.00042672
0.000438552
0.000447021
0.000452246
0.000454103
0.000452062
0.000443258
0.000438584
0.000439114
0.000438442
0.000435491
0.000429893
0.000421521
0.000410307
0.000395887
0.000376041
0.000349454
0.000306431
0.000311198
0.00030218
0.000285284
0.000260479
0.000173153
0.000124675
0.00011724
0.000116145
0.000116533
0.000117002
0.000122821
0.000134048
0.000201811
0.000253001
0.000272404
0.00028443
0.000294228
0.000305438
0.000306293
0.000315904
0.000437733
0.000457694
0.000402674
0.000324792
0.000252833
0.000246326
0.000304096
0.000333039
0.000297248
0.000249783
0.000225299
0.000221856
0.000241035
0.000297485
0.000342326
0.000364647
0.000377482
0.000413522
0.000319452
0.000324653
0.000490405
0.000541413
0.000488996
0.000375593
0.00030355
0.000280783
0.00031708
0.000393261
0.000378451
0.000311857
0.000277745
0.000278986
0.000281864
0.000292895
0.000314943
0.000326294
0.000398096
0.000477517
0.000327407
0.000331572
0.0005177
0.000578789
0.000527591
0.000403893
0.000330849
0.000288323
0.000279532
0.00033445
0.000398221
0.000363797
0.000295698
0.000295884
0.000309907
0.000304287
0.00031296
0.000325809
0.000428761
0.000524654
0.000331906
0.000338388
0.000533674
0.000600525
0.000556527
0.000436657
0.000359953
0.000304833
0.0002686
0.000272145
0.000298507
0.000283062
0.000264419
0.000279381
0.000310425
0.00032546
0.000337615
0.000377691
0.000480266
0.000538551
0.000335362
0.000345938
0.000539877
0.000611424
0.000598292
0.000502599
0.000414418
0.000351677
0.000304712
0.000284869
0.000287192
0.000286199
0.000287621
0.000304146
0.000332801
0.000359171
0.000386491
0.000448599
0.000523181
0.000530361
0.000338571
0.000353921
0.00053726
0.000608558
0.00063392
0.000617259
0.000546379
0.000460658
0.000398369
0.000358241
0.000345667
0.000347121
0.00035552
0.000374444
0.000402973
0.000440568
0.000487162
0.000523627
0.000539476
0.000506629
0.000342602
0.000363074
0.000525657
0.000589225
0.000645289
0.00068316
0.000686412
0.00066089
0.000612143
0.000560024
0.000530623
0.000522948
0.000528053
0.000543244
0.000562987
0.000576722
0.000577116
0.000560565
0.000523833
0.000479007
0.000348772
0.00037495
0.000496273
0.000556079
0.000605892
0.000638776
0.000648677
0.000633065
0.000595815
0.000545212
0.000492454
0.000476415
0.00048883
0.0005126
0.000534539
0.000542242
0.000531902
0.00050948
0.000482547
0.000453954
0.000358178
0.000389736
0.000419345
0.000443562
0.000462527
0.000478147
0.000490292
0.000498477
0.000502146
0.000500498
0.000490942
0.000483716
0.000483537
0.000481549
0.000476323
0.000467426
0.000455048
0.000439921
0.000422393
0.000400216
0.000372013
0.00029356
0.00030218
0.000294234
0.000279303
0.000254256
0.000165241
0.000138539
0.000124693
0.000124809
0.000127776
0.000129547
0.000136714
0.00016256
0.000227155
0.000259858
0.000277389
0.000289393
0.000299573
0.000309028
0.000304839
0.000293531
0.000457694
0.000485981
0.000410913
0.000327701
0.000274282
0.000289172
0.000337401
0.000379165
0.000333504
0.000275216
0.000243964
0.00024152
0.00027524
0.000332606
0.000383775
0.000418712
0.000438986
0.000458715
0.000317729
0.000300541
0.000541413
0.000627751
0.000550118
0.000415262
0.000346492
0.000343827
0.000390492
0.000463705
0.000428446
0.000344763
0.000310519
0.000307544
0.000313537
0.000344895
0.00038885
0.000429005
0.000496281
0.000551406
0.000326928
0.000312401
0.000578789
0.00067549
0.000626114
0.000487171
0.000401235
0.000364537
0.000371794
0.00044071
0.000488274
0.000428539
0.000372964
0.000357668
0.000357222
0.000360708
0.000384024
0.000417754
0.000541224
0.000623154
0.000332961
0.000327806
0.000600525
0.000695942
0.000658532
0.00052703
0.000431014
0.000370585
0.000342533
0.000372193
0.000432929
0.00040731
0.000358481
0.000358693
0.000373484
0.000375833
0.000382674
0.000418536
0.000566903
0.000655234
0.000338008
0.000343453
0.000611424
0.000706797
0.000683973
0.000562704
0.00045954
0.000384779
0.000333118
0.000322422
0.000347157
0.000339459
0.000322776
0.000335738
0.000363431
0.000377183
0.000387484
0.000443859
0.000587939
0.000642881
0.000343541
0.000358248
0.000608558
0.000704561
0.00070529
0.000623698
0.000531491
0.000447628
0.000379403
0.000341659
0.000339397
0.000337288
0.000336183
0.000354895
0.000383989
0.000404547
0.000426867
0.000485095
0.000589624
0.000598033
0.000350908
0.00037321
0.000589225
0.000699444
0.000763771
0.000739702
0.000684565
0.000612245
0.000531012
0.000464144
0.000428986
0.000418128
0.00042595
0.000453465
0.000489322
0.000512657
0.00052619
0.00055437
0.000580088
0.000545951
0.000360607
0.000390901
0.000556079
0.000701821
0.000836434
0.000914547
0.000920709
0.000875381
0.000791698
0.000688749
0.000598666
0.000577686
0.000615532
0.000675426
0.000727301
0.000743532
0.000726311
0.000677376
0.000597186
0.000514706
0.000374231
0.00041113
0.000443562
0.000470186
0.000492042
0.00051104
0.000526711
0.000537892
0.000543474
0.000542296
0.000531835
0.000521956
0.000521449
0.000518384
0.000511033
0.000498911
0.000482646
0.00046429
0.000444841
0.000421445
0.000391826
0.000279992
0.000285284
0.000279303
0.000264861
0.000235698
0.000153431
0.00014814
0.000129435
0.000132192
0.000138216
0.000140012
0.000143723
0.000188897
0.000234432
0.000259142
0.000275412
0.000287293
0.00029694
0.000304578
0.000298571
0.000266151
0.000402674
0.000410913
0.000356332
0.000297514
0.00028219
0.000306267
0.000353968
0.000414991
0.000362205
0.000287093
0.000250696
0.000251538
0.000289025
0.000339407
0.000388902
0.00043365
0.000465931
0.000468732
0.000309603
0.000255825
0.000488996
0.000550118
0.0004759
0.000382086
0.000352639
0.000374103
0.00042511
0.000509132
0.000460257
0.00036506
0.000324635
0.000315785
0.000331511
0.000375873
0.000436022
0.000499965
0.000562472
0.000582677
0.000320931
0.000281197
0.000527591
0.000626114
0.000577538
0.000473187
0.000418383
0.000406019
0.0004301
0.000506138
0.000546698
0.000455359
0.000395733
0.000377186
0.000378022
0.000402928
0.000453288
0.000520997
0.00062718
0.000673427
0.000330417
0.000310151
0.000556527
0.000658532
0.000637457
0.000539902
0.000466811
0.000423714
0.000411055
0.000458166
0.000539067
0.00049827
0.000431494
0.000416436
0.000418095
0.000425186
0.000451453
0.000506948
0.00065171
0.00072739
0.000339256
0.000336838
0.000598292
0.000683973
0.000672998
0.000586257
0.000504034
0.000440646
0.000398941
0.000405346
0.000465563
0.00046294
0.000414644
0.000414901
0.00043073
0.00043504
0.000442162
0.000493661
0.000654247
0.000735723
0.000348434
0.000359515
0.00063392
0.00070529
0.000706261
0.000642484
0.000568385
0.000498552
0.000437657
0.000407435
0.000425294
0.000433692
0.00041393
0.000426006
0.000449409
0.000455459
0.000455552
0.000505048
0.000643653
0.000686678
0.000359057
0.000380263
0.000645289
0.000763771
0.000795864
0.000769226
0.000720318
0.000656672
0.0005796
0.00050528
0.000459909
0.000448253
0.000460232
0.000502322
0.000546316
0.000559086
0.000553527
0.000583434
0.000653389
0.000621142
0.000371877
0.000402662
0.000605892
0.000836434
0.000987224
0.00103624
0.00105729
0.00103532
0.000965053
0.000855873
0.000740139
0.000706178
0.000763219
0.000845449
0.000896055
0.000880688
0.000825247
0.000790754
0.000729052
0.000582612
0.000388677
0.00042672
0.000462527
0.000492042
0.000517358
0.00054105
0.000561542
0.000577182
0.000586806
0.00058913
0.000581744
0.000567077
0.000563078
0.000556689
0.00054561
0.000529097
0.000508035
0.000485804
0.000464457
0.000439291
0.000407289
0.000257043
0.000260479
0.000254256
0.000235698
0.000208206
0.000154255
0.000153555
0.00013879
0.000138912
0.000148765
0.000148426
0.00015382
0.000191676
0.00022014
0.000242414
0.000263744
0.000276701
0.00028582
0.000291739
0.000286677
0.000244679
0.000324792
0.000327701
0.000297514
0.00026795
0.000287389
0.00031674
0.000369574
0.000450873
0.000396392
0.000300456
0.000256698
0.000253061
0.000279353
0.000315685
0.000358152
0.00040404
0.000442786
0.00044445
0.000293835
0.000233321
0.000375593
0.000415262
0.000382086
0.00034728
0.000357024
0.000387125
0.000441976
0.000543026
0.000491974
0.000382277
0.000331697
0.000319964
0.000333057
0.00036964
0.000428338
0.000504663
0.000573417
0.000578667
0.000309007
0.000235716
0.000403893
0.000487171
0.000473187
0.000431313
0.000418604
0.000431498
0.000467944
0.000555415
0.000588324
0.000476
0.000406029
0.000384196
0.000387589
0.000418283
0.000480076
0.000569491
0.000668686
0.000687173
0.000324204
0.000289565
0.000436657
0.00052703
0.000539902
0.000502008
0.000470774
0.000454149
0.000459583
0.00052111
0.000608099
0.000550831
0.0004666
0.000439312
0.000437514
0.000455542
0.000502643
0.000584917
0.000710145
0.000765359
0.000338158
0.000328042
0.000502599
0.000562704
0.000586257
0.000557044
0.00051588
0.000477941
0.00045458
0.000478551
0.000560273
0.000562226
0.00049006
0.000470082
0.000473937
0.000482098
0.000506028
0.000570051
0.000715511
0.000802908
0.000351343
0.000358632
0.000617259
0.000623698
0.000642484
0.000625429
0.000587077
0.000540262
0.000495186
0.000478091
0.000517676
0.000546762
0.000507623
0.000499382
0.00051114
0.000515897
0.000519549
0.000568192
0.000704233
0.000759775
0.000365293
0.000384726
0.00068316
0.000739702
0.000769226
0.00076135
0.000729544
0.000680205
0.000612986
0.000540128
0.00049437
0.000489282
0.000500907
0.000548786
0.000590716
0.00060328
0.000599804
0.000634881
0.000718331
0.000683604
0.000380811
0.000411018
0.000638776
0.000914547
0.00103624
0.00112034
0.00117211
0.0011701
0.00110052
0.000966459
0.000811875
0.000768807
0.000856017
0.000971158
0.00102778
0.000998536
0.000921564
0.000870635
0.000830981
0.000639129
0.000400338
0.000438552
0.000478147
0.00051104
0.00054105
0.000570041
0.000595437
0.00061595
0.000630377
0.000637329
0.000634663
0.000614863
0.000606146
0.000595349
0.000579931
0.000559241
0.000534243
0.00050796
0.000483168
0.000455127
0.000419794
0.000148134
0.000173153
0.000165241
0.000153431
0.000154255
0.000158111
0.000154689
0.000143065
0.000143096
0.000157026
0.000155209
0.000157608
0.000166477
0.000172217
0.000189171
0.000218819
0.000251636
0.000265485
0.000270725
0.000267619
0.000178652
0.000252833
0.000274282
0.00028219
0.000287389
0.000307985
0.000338402
0.000388524
0.000483432
0.00043229
0.00032722
0.000278419
0.000262958
0.000266258
0.000277188
0.000301711
0.000334615
0.000360539
0.000356736
0.000265245
0.000194756
0.00030355
0.000346492
0.000352639
0.000357024
0.000376247
0.000403957
0.000460994
0.000565064
0.000519157
0.000403631
0.000347815
0.000336314
0.000338117
0.000347227
0.00037275
0.000421388
0.000477719
0.000489959
0.000288345
0.000211743
0.000330849
0.000401235
0.000418383
0.000418604
0.00043208
0.000455159
0.000493646
0.000580388
0.000600137
0.000491271
0.00041829
0.000399273
0.000399582
0.000413557
0.000448218
0.000515551
0.000600753
0.000630327
0.000313705
0.000272056
0.000359953
0.000431014
0.000466811
0.000470774
0.000470431
0.000474944
0.000495255
0.000560435
0.000629123
0.000577389
0.000487757
0.000454465
0.000452287
0.000467845
0.000506582
0.000583925
0.000693832
0.000748028
0.000334209
0.000318826
0.000414418
0.00045954
0.000504034
0.00051588
0.000509092
0.000496952
0.000494551
0.000531719
0.000602292
0.000611902
0.000534895
0.000496593
0.000494514
0.00050771
0.000539651
0.000610518
0.000735529
0.000827624
0.00035143
0.000355336
0.000546379
0.000531491
0.000568385
0.000587077
0.0005798
0.000556715
0.000531525
0.000531042
0.000573798
0.000611565
0.000569879
0.000540162
0.000542521
0.000553166
0.000571328
0.000623936
0.000747068
0.000802778
0.000368337
0.000386048
0.000686412
0.000684565
0.000720318
0.000729544
0.000716499
0.000682191
0.000625145
0.000557143
0.000513914
0.000518154
0.000530662
0.000574777
0.000612869
0.00062983
0.000641224
0.000687506
0.000767043
0.000720713
0.000386102
0.000415771
0.000648677
0.000920709
0.00105729
0.00117211
0.00124731
0.00125172
0.00116457
0.000987422
0.000786151
0.000751503
0.000877819
0.00103423
0.00111293
0.00108892
0.00100427
0.000935416
0.000894805
0.000672302
0.000407953
0.000447021
0.000490292
0.000526711
0.000561542
0.000595437
0.00062595
0.000652016
0.000672517
0.000686491
0.000692343
0.00066689
0.000650372
0.000632858
0.000611997
0.000586808
0.000557967
0.000527866
0.000499195
0.000467916
0.000429131
0.000102993
0.000124675
0.000138539
0.00014814
0.000153555
0.000154689
0.000150075
0.000143549
0.00014596
0.000164327
0.000159864
0.000158766
0.000159895
0.00015626
0.000155057
0.000158773
0.000180645
0.000220105
0.000233172
0.000225522
0.000123138
0.000246326
0.000289172
0.000306267
0.00031674
0.000338402
0.000360901
0.000394795
0.000496111
0.000450108
0.000350694
0.000309168
0.000297795
0.000295578
0.000294014
0.000290779
0.00028075
0.000284653
0.000278379
0.000226739
0.000162438
0.000280783
0.000343827
0.000374103
0.000387125
0.000403957
0.000430809
0.000479234
0.000557505
0.000494043
0.000405263
0.000368108
0.000357308
0.000358303
0.000362526
0.000356541
0.000356591
0.000369575
0.000368709
0.000264649
0.000187556
0.000288323
0.000364537
0.000406019
0.000431498
0.000455159
0.000477864
0.000515997
0.000569894
0.000522604
0.00046044
0.000429143
0.000411997
0.000413369
0.000416496
0.000425244
0.000446221
0.000482084
0.000495295
0.000299734
0.000253388
0.000304833
0.000370585
0.000423714
0.000454149
0.000474944
0.000495807
0.000526298
0.000562506
0.000528915
0.000516399
0.000495741
0.000467677
0.000461499
0.000470415
0.000493305
0.000538648
0.000611071
0.000666516
0.00032698
0.000308828
0.000351677
0.000384779
0.000440646
0.000477941
0.000496952
0.00050877
0.00052733
0.000547735
0.000509499
0.000534396
0.000546451
0.000512855
0.000504199
0.000516144
0.000545725
0.000603715
0.000701986
0.000801638
0.000348275
0.000349744
0.000460658
0.000447628
0.000498552
0.000540262
0.000556715
0.000556479
0.000554884
0.000556762
0.000513683
0.000549442
0.000590067
0.000561463
0.000556175
0.000569916
0.000596997
0.000649887
0.000748125
0.000811318
0.000367571
0.000383885
0.00066089
0.000612245
0.000656672
0.000680205
0.000682191
0.000660455
0.000614583
0.000559783
0.000508831
0.000515323
0.000539944
0.000576233
0.000613573
0.000637135
0.000661947
0.000717541
0.000786182
0.000730218
0.000387162
0.000416524
0.000633065
0.000875381
0.00103532
0.0011701
0.00125172
0.00124736
0.00112541
0.000915513
0.000753432
0.000734835
0.000834128
0.00101249
0.00112344
0.00112403
0.0010513
0.000972786
0.000911292
0.000678746
0.000410923
0.000452246
0.000498477
0.000537892
0.000577182
0.00061595
0.000652016
0.000684725
0.00071376
0.000739821
0.000762226
0.000729329
0.000697738
0.000668934
0.000640329
0.000609753
0.00057693
0.000543245
0.000510892
0.000476672
0.000435046
0.000102012
0.00011724
0.000124693
0.000129435
0.00013879
0.000143065
0.000143549
0.000143137
0.000150078
0.00017147
0.0001667
0.000160961
0.000157078
0.000149135
0.000149736
0.000151294
0.000149046
0.000141373
0.000144264
0.000134074
0.000129232
0.000304096
0.000337401
0.000353968
0.000369574
0.000388524
0.000394795
0.000423171
0.000499435
0.00040342
0.000329762
0.000350922
0.000369077
0.000369933
0.00035178
0.000349052
0.000337966
0.00028806
0.000243644
0.000192751
0.000133204
0.00031708
0.000390492
0.00042511
0.000441976
0.000460994
0.000479234
0.000496189
0.000497809
0.00037327
0.000321597
0.000372367
0.000406382
0.000410272
0.000394531
0.000378741
0.000352981
0.000324415
0.000303029
0.000247923
0.000161912
0.000279532
0.000371794
0.0004301
0.000467944
0.000493646
0.000515997
0.000526966
0.000479869
0.000410764
0.000359531
0.000389304
0.000428178
0.000422213
0.000406998
0.000398681
0.000393625
0.000393439
0.000391119
0.000286138
0.000228348
0.0002686
0.000342533
0.000411055
0.000459583
0.000495255
0.000526298
0.00053832
0.000474912
0.000476312
0.000427842
0.000425211
0.000470087
0.000456769
0.000446036
0.000451186
0.000472572
0.000511991
0.000551922
0.000316625
0.000298109
0.000304712
0.000333118
0.000398941
0.00045458
0.000494551
0.00052733
0.000537229
0.000472995
0.000546536
0.000500951
0.000451165
0.000512415
0.000503591
0.000499712
0.000515588
0.000557004
0.000632875
0.000739685
0.000341058
0.000342302
0.000398369
0.000379403
0.000437657
0.000495186
0.000531525
0.000554884
0.000561193
0.000503281
0.000608034
0.000581857
0.000507336
0.000564536
0.000560523
0.000566526
0.000589435
0.000634777
0.000711189
0.000793807
0.000362481
0.000378497
0.000612143
0.000531012
0.0005796
0.000612986
0.000625145
0.000614583
0.000589548
0.000563376
0.000660606
0.000641571
0.000530025
0.000561273
0.000594053
0.000622798
0.000655478
0.000713163
0.000771751
0.000718349
0.000383684
0.000413332
0.000595815
0.000791698
0.000965053
0.00110052
0.00116457
0.00112541
0.000977668
0.000887101
0.000977791
0.000920851
0.000807156
0.000913332
0.00104399
0.00108123
0.00103515
0.000961999
0.000883827
0.000658073
0.000408743
0.000454103
0.000502146
0.000543474
0.000586806
0.000630377
0.000672517
0.00071376
0.000756205
0.000803739
0.00085364
0.000810593
0.000751599
0.000703947
0.000663871
0.000626454
0.000589175
0.000552047
0.00051664
0.000480424
0.000437158
0.000100735
0.000116145
0.000124809
0.000132192
0.000138912
0.000143096
0.00014596
0.000150078
0.000155743
0.000177574
0.00017748
0.000171852
0.000167668
0.000167571
0.000169006
0.000167048
0.000160296
0.000150776
0.0001377
0.000124025
0.000129583
0.000333039
0.000379165
0.000414991
0.000450873
0.000483432
0.000496111
0.000499435
0.000441357
0.00046595
0.000440642
0.000408076
0.000436743
0.000393724
0.000348514
0.000322367
0.000326207
0.000330469
0.000269393
0.000167505
0.000143123
0.000393261
0.000463705
0.000509132
0.000543026
0.000565064
0.000557505
0.000497809
0.000409218
0.000672162
0.000608298
0.000372445
0.000419552
0.000442911
0.000405123
0.000376663
0.000354344
0.000314925
0.000272844
0.000229052
0.000143777
0.00033445
0.00044071
0.000506138
0.000555415
0.000580388
0.000569894
0.000479869
0.000468369
0.000920664
0.000813868
0.000403652
0.000388268
0.000452087
0.000415156
0.000376872
0.000354594
0.000336688
0.000327019
0.000273289
0.000210355
0.000272145
0.000372193
0.000458166
0.00052111
0.000560435
0.000562506
0.000474912
0.000580458
0.00117875
0.00101512
0.000461926
0.000397046
0.000464304
0.000430415
0.000403854
0.000403486
0.000422093
0.000452464
0.000305911
0.000287017
0.000284869
0.000322422
0.000405346
0.000478551
0.000531719
0.000547735
0.000472995
0.000708362
0.00141658
0.00120021
0.000529711
0.000425075
0.000498195
0.000475756
0.000464113
0.00048602
0.000547939
0.000656362
0.000331678
0.000333484
0.000358241
0.000341659
0.000407435
0.000478091
0.000531042
0.000556762
0.000503281
0.000821445
0.00159338
0.00134553
0.000610541
0.000484652
0.000553755
0.000547781
0.000552239
0.000583098
0.000649617
0.000767971
0.00035362
0.00037057
0.000560024
0.000464144
0.00050528
0.000540128
0.000557143
0.000559783
0.000563376
0.000915175
0.00167266
0.00144796
0.000672058
0.000527872
0.000559317
0.000586835
0.000620191
0.000674036
0.000729677
0.000696985
0.000375462
0.000406343
0.000545212
0.000688749
0.000855873
0.000966459
0.000987422
0.000915513
0.000887101
0.0011528
0.00155773
0.00141674
0.00094568
0.000805927
0.000892537
0.000965921
0.000956617
0.00090214
0.000821394
0.000619039
0.000401412
0.000452062
0.000500498
0.000542296
0.00058913
0.000637329
0.000686491
0.000739821
0.000803739
0.000882327
0.000955489
0.000907876
0.000812502
0.00073761
0.000681368
0.000635413
0.0005933
0.000552956
0.000515153
0.00047844
0.000435023
9.98373e-05
0.000116533
0.000127776
0.000138216
0.000148765
0.000157026
0.000164327
0.00017147
0.000177574
0.000299506
0.000371157
0.00021218
0.000210447
0.000207427
0.000205643
0.000201169
0.000191022
0.000172499
0.000136815
0.000122103
0.000126003
0.000297248
0.000333504
0.000362205
0.000396392
0.00043229
0.000450108
0.00040342
0.00046595
0.000323219
0.000383262
0.000458407
0.000368527
0.000353248
0.000326043
0.00030635
0.000288151
0.000272088
0.000254657
0.000152467
0.00013915
0.000378451
0.000428446
0.000460257
0.000491974
0.000519157
0.000494043
0.00037327
0.000672162
0.000469938
0.000526039
0.000580608
0.000368552
0.000413651
0.000381094
0.000346145
0.000317415
0.000289784
0.000253547
0.000217463
0.000140372
0.000398221
0.000488274
0.000546698
0.000588324
0.000600137
0.000522604
0.000410764
0.000920664
0.000612976
0.000665997
0.000716641
0.000346104
0.000445958
0.000412414
0.000361146
0.000324684
0.000302179
0.000295139
0.000266135
0.000202692
0.000298507
0.000432929
0.000539067
0.000608099
0.000629123
0.000528915
0.000476312
0.00117875
0.000756872
0.000813246
0.000870444
0.000350733
0.000463404
0.000442799
0.00038517
0.000360997
0.000367872
0.00039732
0.000299302
0.000277606
0.000287192
0.000347157
0.000465563
0.000560273
0.000602292
0.000509499
0.000546536
0.00141658
0.000901227
0.000969148
0.00101989
0.000380665
0.000481062
0.000484576
0.000436738
0.000432616
0.000483916
0.00059163
0.000324818
0.000323307
0.000345667
0.000339397
0.000425294
0.000517676
0.000573798
0.000513683
0.000608034
0.00159338
0.00103511
0.0011237
0.00113244
0.000438082
0.000526047
0.000545772
0.000520762
0.000528952
0.000592296
0.000747909
0.000345904
0.000359539
0.000530623
0.000428986
0.000459909
0.00049437
0.000513914
0.000508831
0.000660606
0.00167266
0.00114489
0.00125314
0.00117776
0.000500374
0.00052811
0.000552812
0.000577127
0.000622318
0.000678636
0.000676915
0.000366426
0.000394166
0.000492454
0.000598666
0.000740139
0.000811875
0.000786151
0.000753432
0.000977791
0.00155773
0.00124363
0.00133667
0.00120551
0.000794632
0.000740992
0.000830556
0.000856162
0.000821921
0.000748365
0.000573422
0.000390179
0.000443258
0.000490942
0.000531835
0.000581744
0.000634663
0.000692343
0.000762226
0.00085364
0.000955489
0.000899011
0.000921536
0.000860655
0.000764342
0.000689939
0.000634707
0.000587917
0.000544698
0.000504987
0.000468877
0.000426124
9.87442e-05
0.000117002
0.000129547
0.000140012
0.000148426
0.000155209
0.000159864
0.0001667
0.00017748
0.000371157
0.000527751
0.000245098
0.00024275
0.000242808
0.000242483
0.000239327
0.000231025
0.000214819
0.000186168
0.000128003
0.000118582
0.000249783
0.000275216
0.000287093
0.000300456
0.00032722
0.000350694
0.000329762
0.000440642
0.000383262
0.000481879
0.000420085
0.000358634
0.000348838
0.000339671
0.000327542
0.000306969
0.000275819
0.000230368
0.000149125
0.000128647
0.000311857
0.000344763
0.00036506
0.000382277
0.000403631
0.000405263
0.000321597
0.000608298
0.000526039
0.000605246
0.000484787
0.000404139
0.000405851
0.000384592
0.000353629
0.000313579
0.000273675
0.000243566
0.0002162
0.000133585
0.000363797
0.000428539
0.000455359
0.000476
0.000491271
0.00046044
0.000359531
0.000813868
0.000665997
0.000742201
0.000522233
0.000415589
0.000450719
0.000415134
0.000365385
0.000317781
0.000290367
0.000284975
0.000265126
0.000213952
0.000283062
0.00040731
0.00049827
0.000550831
0.000577389
0.000516399
0.000427842
0.00101512
0.000813246
0.000898602
0.000585746
0.000413298
0.000497936
0.000456224
0.000394955
0.000352141
0.000349753
0.000378736
0.000298301
0.000281672
0.000286199
0.000339459
0.00046294
0.000562226
0.000611902
0.000534396
0.000500951
0.00120021
0.000969148
0.00107038
0.000680412
0.000427959
0.000553902
0.000518347
0.000450021
0.000417687
0.000457787
0.000567311
0.000323787
0.000324492
0.000347121
0.000337288
0.000433692
0.000546762
0.000611565
0.000549442
0.000581857
0.00134553
0.0011237
0.00124155
0.00078975
0.000487742
0.000602742
0.000584125
0.000529837
0.000507567
0.000561429
0.00073442
0.000344976
0.000358678
0.000522948
0.000418128
0.000448253
0.000489282
0.000518154
0.000515323
0.000641571
0.00144796
0.00125314
0.00139558
0.000860648
0.000536262
0.000563504
0.000564994
0.000567225
0.000594634
0.000645558
0.000654144
0.000365666
0.00039151
0.000476415
0.000577686
0.000706178
0.000768807
0.000751503
0.000734835
0.000920851
0.00141674
0.00133667
0.00143459
0.00101013
0.000769751
0.000759852
0.000822782
0.000836665
0.00079823
0.000720335
0.000546105
0.000390112
0.000438584
0.000483716
0.000521956
0.000567077
0.000614863
0.00066689
0.000729329
0.000810593
0.000907876
0.000921536
0.000949871
0.000840829
0.000751109
0.000683532
0.000630935
0.000585675
0.000543929
0.000505659
0.00047012
0.000427954
9.92024e-05
0.000122821
0.000136714
0.000143723
0.00015382
0.000157608
0.000158766
0.000160961
0.000171852
0.00021218
0.000245098
0.000254545
0.000260884
0.000265411
0.000268012
0.000267884
0.000263943
0.000254585
0.000237212
0.000205717
0.000111891
0.000225299
0.000243964
0.000250696
0.000256698
0.000278419
0.000309168
0.000350922
0.000408076
0.000458407
0.000420085
0.000372302
0.000379768
0.00038644
0.000389846
0.000383336
0.000361787
0.00032223
0.00026457
0.000170809
0.000120679
0.000277745
0.000310519
0.000324635
0.000331697
0.000347815
0.000368108
0.000372367
0.000372445
0.000580608
0.000484787
0.000411308
0.000432478
0.000435372
0.000425134
0.000397973
0.000354137
0.000301899
0.000257306
0.000220989
0.000134263
0.000295698
0.000372964
0.000395733
0.000406029
0.00041829
0.000429143
0.000389304
0.000403652
0.000716641
0.000522233
0.000412698
0.000473362
0.000472893
0.000448043
0.000400473
0.000342411
0.000301099
0.000290531
0.000268266
0.000228233
0.000264419
0.000358481
0.000431494
0.0004666
0.000487757
0.000495741
0.000425211
0.000461926
0.000870444
0.000585746
0.000402806
0.000511027
0.000514482
0.00048077
0.000423593
0.000368136
0.000356335
0.000384713
0.000301053
0.000288061
0.000287621
0.000322776
0.000414644
0.00049006
0.000534895
0.000546451
0.000451165
0.000529711
0.00101989
0.000680412
0.000415604
0.000554675
0.000574296
0.000539484
0.000481074
0.000433722
0.000462641
0.000577981
0.000326519
0.000328619
0.00035552
0.000336183
0.00041393
0.000507623
0.000569879
0.000590067
0.000507336
0.000610541
0.00113244
0.00078975
0.000490336
0.00060775
0.000636605
0.000612665
0.000566477
0.000526016
0.000560525
0.000727398
0.000347988
0.000361674
0.000528053
0.00042595
0.000460232
0.000500907
0.000530662
0.000539944
0.000530025
0.000672058
0.00117776
0.000860648
0.000575659
0.000610895
0.000626632
0.000620082
0.000605281
0.000610745
0.000645202
0.000641338
0.000369097
0.000394077
0.00048883
0.000615532
0.000763219
0.000856017
0.000877819
0.000834128
0.000807156
0.00094568
0.00120551
0.00101013
0.000815728
0.000838833
0.000909037
0.000940453
0.000914567
0.000847322
0.000747936
0.000553592
0.000394624
0.000439114
0.000483537
0.000521449
0.000563078
0.000606146
0.000650372
0.000697738
0.000751599
0.000812502
0.000860655
0.000840829
0.000774451
0.000717106
0.000668259
0.000624984
0.000584649
0.000545941
0.000509547
0.000473942
0.000431849
0.000110674
0.000134048
0.00016256
0.000188897
0.000191676
0.000166477
0.000159895
0.000157078
0.000167668
0.000210447
0.00024275
0.000260884
0.000272053
0.000279373
0.000283939
0.000285905
0.000284897
0.000280102
0.000270595
0.000256609
0.000132546
0.000221856
0.00024152
0.000251538
0.000253061
0.000262958
0.000297795
0.000369077
0.000436743
0.000368527
0.000358634
0.000379768
0.000409251
0.000436098
0.000453844
0.00045618
0.000438026
0.000394711
0.000321433
0.000204659
0.000139778
0.000278986
0.000307544
0.000315785
0.000319964
0.000336314
0.000357308
0.000406382
0.000419552
0.000368552
0.000404139
0.000432478
0.000461408
0.000484351
0.000488981
0.000467395
0.000419443
0.000354237
0.000291319
0.00023069
0.000156106
0.000295884
0.000357668
0.000377186
0.000384196
0.000399273
0.000411997
0.000428178
0.000388268
0.000346104
0.000415589
0.000473362
0.000500787
0.000519195
0.000511968
0.000469246
0.000400151
0.000336733
0.000311331
0.000274595
0.000240444
0.000279381
0.000358693
0.000416436
0.000439312
0.000454465
0.000467677
0.000470087
0.000397046
0.000350733
0.000413298
0.000511027
0.000539124
0.000552615
0.000538408
0.000487503
0.000418984
0.000388033
0.000413508
0.000306367
0.000294737
0.000304146
0.000335738
0.000414901
0.000470082
0.000496593
0.000512855
0.000512415
0.000425075
0.000380665
0.000427959
0.000554675
0.000590043
0.000599963
0.000584814
0.000537045
0.000480963
0.000494463
0.000616089
0.000331424
0.000333164
0.000374444
0.000354895
0.000426006
0.000499382
0.000540162
0.000561463
0.000564536
0.000484652
0.000438082
0.000487742
0.00060775
0.000642568
0.00065282
0.00064708
0.000615779
0.000573852
0.0005882
0.000730554
0.000352753
0.000365048
0.000543244
0.000453465
0.000502322
0.000548786
0.000574777
0.000576233
0.000561273
0.000527872
0.000500374
0.000536262
0.000610895
0.000652423
0.000677602
0.00068457
0.000671028
0.00066309
0.000675197
0.00064525
0.000374022
0.000396674
0.0005126
0.000675426
0.000845449
0.000971158
0.00103423
0.00101249
0.000913332
0.000805927
0.000794632
0.000769751
0.000838833
0.000969959
0.00105136
0.00106061
0.0010107
0.00092254
0.000806643
0.000581574
0.000399874
0.000438442
0.000481549
0.000518384
0.000556689
0.000595349
0.000632858
0.000668934
0.000703947
0.00073761
0.000764342
0.000751109
0.000717106
0.000682446
0.000648046
0.000613708
0.00057913
0.000544292
0.000510404
0.000475574
0.000434158
0.000160273
0.000201811
0.000227155
0.000234432
0.00022014
0.000172217
0.00015626
0.000149135
0.000167571
0.000207427
0.000242808
0.000265411
0.000279373
0.000288299
0.000294021
0.000297206
0.000297743
0.000294883
0.000287415
0.000274074
0.00016446
0.000241035
0.00027524
0.000289025
0.000279353
0.000266258
0.000295578
0.000369933
0.000393724
0.000353248
0.000348838
0.00038644
0.000436098
0.000480668
0.00051112
0.000520026
0.000504439
0.000461132
0.000380485
0.000226445
0.000160516
0.000281864
0.000313537
0.000331511
0.000333057
0.000338117
0.000358303
0.000410272
0.000442911
0.000413651
0.000405851
0.000435372
0.000484351
0.000530929
0.000554873
0.000543967
0.000496226
0.000416881
0.000325042
0.000245982
0.000185049
0.000309907
0.000357222
0.000378022
0.000387589
0.000399582
0.000413369
0.000422213
0.000452087
0.000445958
0.000450719
0.000472893
0.000519195
0.000568681
0.000591699
0.000567021
0.000493975
0.000398607
0.000348965
0.000283952
0.000251877
0.000310425
0.000373484
0.000418095
0.000437514
0.000452287
0.000461499
0.000456769
0.000464304
0.000463404
0.000497936
0.000514482
0.000552615
0.000598889
0.000620474
0.000593359
0.00052364
0.000461697
0.000478912
0.000313581
0.000301126
0.000332801
0.000363431
0.00043073
0.000473937
0.000494514
0.000504199
0.000503591
0.000498195
0.000481062
0.000553902
0.000574296
0.000599963
0.000638057
0.000657263
0.000634054
0.000578488
0.000561345
0.000658957
0.000337298
0.000337172
0.000402973
0.000383989
0.000449409
0.00051114
0.000542521
0.000556175
0.000560523
0.000553755
0.000526047
0.000602742
0.000636605
0.00065282
0.00068453
0.000706003
0.000695458
0.000657242
0.000645279
0.000737929
0.000357851
0.000367486
0.000562987
0.000489322
0.000546316
0.000590716
0.000612869
0.000613573
0.000594053
0.000559317
0.00052811
0.000563504
0.000626632
0.000677602
0.000717277
0.000740488
0.00074265
0.00073469
0.000724622
0.000658124
0.000378761
0.000397606
0.000534539
0.000727301
0.000896055
0.00102778
0.00111293
0.00112344
0.00104399
0.000892537
0.000740992
0.000759852
0.000909037
0.00105136
0.00112154
0.00112306
0.00107269
0.000984942
0.000864422
0.000612341
0.000403927
0.000435491
0.000476323
0.000511033
0.00054561
0.000579931
0.000611997
0.000640329
0.000663871
0.000681368
0.000689939
0.000683532
0.000668259
0.000648046
0.000624096
0.000597393
0.000568563
0.000538038
0.000507212
0.000474021
0.000434077
0.000241012
0.000253001
0.000259858
0.000259142
0.000242414
0.000189171
0.000155057
0.000149736
0.000169006
0.000205643
0.000242483
0.000268012
0.000283939
0.000294021
0.000300653
0.000304886
0.000306702
0.000305231
0.000298854
0.00028433
0.00022069
0.000297485
0.000332606
0.000339407
0.000315685
0.000277188
0.000294014
0.00035178
0.000348514
0.000326043
0.000339671
0.000389846
0.000453844
0.00051112
0.000548305
0.000554558
0.00053388
0.000487374
0.00040588
0.000257238
0.00020146
0.000292895
0.000344895
0.000375873
0.00036964
0.000347227
0.000362526
0.000394531
0.000405123
0.000381094
0.000384592
0.000425134
0.000488981
0.000554873
0.000597444
0.000601963
0.000566807
0.000495383
0.000391992
0.000265068
0.000195828
0.000304287
0.000360708
0.000402928
0.000418283
0.000413557
0.000416496
0.000406998
0.000415156
0.000412414
0.000415134
0.000448043
0.000511968
0.000591699
0.000653303
0.000664581
0.000620232
0.000526848
0.00042874
0.00029589
0.000261867
0.00032546
0.000375833
0.000425186
0.000455542
0.000467845
0.000470415
0.000446036
0.000430415
0.000442799
0.000456224
0.00048077
0.000538408
0.000620474
0.000690965
0.000709891
0.000669228
0.000586988
0.000552226
0.000321786
0.000306866
0.000359171
0.000377183
0.00043504
0.000482098
0.00050771
0.000516144
0.000499712
0.000475756
0.000484576
0.000518347
0.000539484
0.000584814
0.000657263
0.000724668
0.000746916
0.000715902
0.000662266
0.000688731
0.000343153
0.000340135
0.000440568
0.000404547
0.000455459
0.000515897
0.000553166
0.000569916
0.000566526
0.000547781
0.000545772
0.000584125
0.000612665
0.00064708
0.000706003
0.000765129
0.000790955
0.000767657
0.000721789
0.000736934
0.000362204
0.000368114
0.000576722
0.000512657
0.000559086
0.00060328
0.00062983
0.000637135
0.000622798
0.000586835
0.000552812
0.000564994
0.000620082
0.00068457
0.000740488
0.000785713
0.000810846
0.000809567
0.000773383
0.000665862
0.000382149
0.000395831
0.000542242
0.000743532
0.000880688
0.000998536
0.00108892
0.00112403
0.00108123
0.000965921
0.000830556
0.000822782
0.000940453
0.00106061
0.00112306
0.00113225
0.00109812
0.00102629
0.000890677
0.000633592
0.000405811
0.000429893
0.000467426
0.000498911
0.000529097
0.000559241
0.000586808
0.000609753
0.000626454
0.000635413
0.000634707
0.000630935
0.000624984
0.000613708
0.000597393
0.000577159
0.000553804
0.000527799
0.000500247
0.000469232
0.000431385
0.000261756
0.000272404
0.000277389
0.000275412
0.000263744
0.000218819
0.000158773
0.000151294
0.000167048
0.000201169
0.000239327
0.000267884
0.000285905
0.000297206
0.000304886
0.000310301
0.000313484
0.000313569
0.00030882
0.000295701
0.000232494
0.000342326
0.000383775
0.000388902
0.000358152
0.000301711
0.000290779
0.000349052
0.000322367
0.00030635
0.000327542
0.000383336
0.00045618
0.000520026
0.000554558
0.000561526
0.000549815
0.000509862
0.000431844
0.000281552
0.000206527
0.000314943
0.00038885
0.000436022
0.000428338
0.00037275
0.000356541
0.000378741
0.000376663
0.000346145
0.000353629
0.000397973
0.000467395
0.000543967
0.000601963
0.000625953
0.000614205
0.000561226
0.000461134
0.000286537
0.000212987
0.00031296
0.000384024
0.000453288
0.000480076
0.000448218
0.000425244
0.000398681
0.000376872
0.000361146
0.000365385
0.000400473
0.000469246
0.000567021
0.000664581
0.000706749
0.000695361
0.000633101
0.000516612
0.000309188
0.000273186
0.000337615
0.000382674
0.000451453
0.000502643
0.000506582
0.000493305
0.000451186
0.000403854
0.00038517
0.000394955
0.000423593
0.000487503
0.000593359
0.000709891
0.000773033
0.000764274
0.000704134
0.000607585
0.000330195
0.000312595
0.000386491
0.000387484
0.000442162
0.000506028
0.000539651
0.000545725
0.000515588
0.000464113
0.000436738
0.000450021
0.000481074
0.000537045
0.000634054
0.000746916
0.000814579
0.000812796
0.000752875
0.00069416
0.000348352
0.000341982
0.000487162
0.000426867
0.000455552
0.000519549
0.000571328
0.000596997
0.000589435
0.000552239
0.000520762
0.000529837
0.000566477
0.000615779
0.000695458
0.000790955
0.000855857
0.000853219
0.00077833
0.000719072
0.000365137
0.000366529
0.000577116
0.00052619
0.000553527
0.000599804
0.000641224
0.000661947
0.000655478
0.000620191
0.000577127
0.000567225
0.000605281
0.000671028
0.00074265
0.000810846
0.000857651
0.000862177
0.000784385
0.000659821
0.000383299
0.000391039
0.000531902
0.000726311
0.000825247
0.000921564
0.00100427
0.0010513
0.00103515
0.000956617
0.000856162
0.000836665
0.000914567
0.0010107
0.00107269
0.00109812
0.0010891
0.00104175
0.000880308
0.000635735
0.000404615
0.000421521
0.000455048
0.000482646
0.000508035
0.000534243
0.000557967
0.00057693
0.000589175
0.0005933
0.000587917
0.000585675
0.000584649
0.00057913
0.000568563
0.000553804
0.000535506
0.000514007
0.000489907
0.00046137
0.000425999
0.000272848
0.00028443
0.000289393
0.000287293
0.000276701
0.000251636
0.000180645
0.000149046
0.000160296
0.000191022
0.000231025
0.000263943
0.000284897
0.000297743
0.000306702
0.000313484
0.000318336
0.000320369
0.000317569
0.00030618
0.000243312
0.000364647
0.000418712
0.00043365
0.00040404
0.000334615
0.00028075
0.000337966
0.000326207
0.000288151
0.000306969
0.000361787
0.000438026
0.000504439
0.00053388
0.000549815
0.000550963
0.000524546
0.000454418
0.000302836
0.000206572
0.000326294
0.000429005
0.000499965
0.000504663
0.000421388
0.000356591
0.000352981
0.000354344
0.000317415
0.000313579
0.000354137
0.000419443
0.000496226
0.000566807
0.000614205
0.000624815
0.000593335
0.000504253
0.000309377
0.00024313
0.000325809
0.000417754
0.000520997
0.000569491
0.000515551
0.000446221
0.000393625
0.000354594
0.000324684
0.000317781
0.000342411
0.000400151
0.000493975
0.000620232
0.000695361
0.000708693
0.000671142
0.000566591
0.0003228
0.000287554
0.000377691
0.000418536
0.000506948
0.000584917
0.000583925
0.000538648
0.000472572
0.000403486
0.000360997
0.000352141
0.000368136
0.000418984
0.00052364
0.000669228
0.000764274
0.000779051
0.000737192
0.000626826
0.000338383
0.000318956
0.000448599
0.000443859
0.000493661
0.000570051
0.000610518
0.000603715
0.000557004
0.00048602
0.000432616
0.000417687
0.000433722
0.000480963
0.000578488
0.000715902
0.000812796
0.000824814
0.000777016
0.000670372
0.000352677
0.000342736
0.000523627
0.000485095
0.000505048
0.000568192
0.000623936
0.000649887
0.000634777
0.000583098
0.000528952
0.000507567
0.000526016
0.000573852
0.000657242
0.000767657
0.000853219
0.000848734
0.000781762
0.000677648
0.000366544
0.000362843
0.000560565
0.00055437
0.000583434
0.000634881
0.000687506
0.000717541
0.000713163
0.000674036
0.000622318
0.000594634
0.000610745
0.00066309
0.00073469
0.000809567
0.000862177
0.000852307
0.000766348
0.000639708
0.000381863
0.000383617
0.00050948
0.000677376
0.000790754
0.000870635
0.000935416
0.000972786
0.000961999
0.00090214
0.000821921
0.00079823
0.000847322
0.00092254
0.000984942
0.00102629
0.00104175
0.000992388
0.000824946
0.000616967
0.000399951
0.000410307
0.000439921
0.00046429
0.000485804
0.00050796
0.000527866
0.000543245
0.000552047
0.000552956
0.000544698
0.000543929
0.000545941
0.000544292
0.000538038
0.000527799
0.000514007
0.000496858
0.000476221
0.000450311
0.000417581
0.00028064
0.000294228
0.000299573
0.00029694
0.00028582
0.000265485
0.000220105
0.000141373
0.000150776
0.000172499
0.000214819
0.000254585
0.000280102
0.000294883
0.000305231
0.000313569
0.000320369
0.000324818
0.000324553
0.000315141
0.000264571
0.000377482
0.000438986
0.000465931
0.000442786
0.000360539
0.000284653
0.00028806
0.000330469
0.000272088
0.000275819
0.00032223
0.000394711
0.000461132
0.000487374
0.000509862
0.000524546
0.000517516
0.000465466
0.000319894
0.000255846
0.000398096
0.000496281
0.000562472
0.000573417
0.000477719
0.000369575
0.000324415
0.000314925
0.000289784
0.000273675
0.000301899
0.000354237
0.000416881
0.000495383
0.000561226
0.000593335
0.000586727
0.000519417
0.000327567
0.000277478
0.000428761
0.000541224
0.00062718
0.000668686
0.000600753
0.000482084
0.000393439
0.000336688
0.000302179
0.000290367
0.000301099
0.000336733
0.000398607
0.000526848
0.000633101
0.000671142
0.000656152
0.000572598
0.000336188
0.000304709
0.000480266
0.000566903
0.00065171
0.000710145
0.000693832
0.000611071
0.000511991
0.000422093
0.000367872
0.000349753
0.000356335
0.000388033
0.000461697
0.000586988
0.000704134
0.000737192
0.000712432
0.000616866
0.000346313
0.000325748
0.000523181
0.000587939
0.000654247
0.000715511
0.000735529
0.000701986
0.000632875
0.000547939
0.000483916
0.000457787
0.000462641
0.000494463
0.000561345
0.000662266
0.000752875
0.000777016
0.000742606
0.000640487
0.000356131
0.000342393
0.000539476
0.000589624
0.000643653
0.000704233
0.000747068
0.000748125
0.000711189
0.000649617
0.000592296
0.000561429
0.000560525
0.0005882
0.000645279
0.000721789
0.00077833
0.000781762
0.000743991
0.000638565
0.000366136
0.000357303
0.000523833
0.000580088
0.000653389
0.000718331
0.000767043
0.000786182
0.000771751
0.000729677
0.000678636
0.000645558
0.000645202
0.000675197
0.000724622
0.000773383
0.000784385
0.000766348
0.000718437
0.000611019
0.000377628
0.000373844
0.000482547
0.000597186
0.000729052
0.000830981
0.000894805
0.000911292
0.000883827
0.000821394
0.000748365
0.000720335
0.000747936
0.000806643
0.000864422
0.000890677
0.000880308
0.000824946
0.000716544
0.000578853
0.000391495
0.000395887
0.000422393
0.000444841
0.000464457
0.000483168
0.000499195
0.000510892
0.00051664
0.000515153
0.000504987
0.000505659
0.000509547
0.000510404
0.000507212
0.000500247
0.000489907
0.000476221
0.000458701
0.000435435
0.000405358
0.000291851
0.000305438
0.000309028
0.000304578
0.000291739
0.000270725
0.000233172
0.000144264
0.0001377
0.000136815
0.000186168
0.000237212
0.000270595
0.000287415
0.000298854
0.00030882
0.000317569
0.000324553
0.000327666
0.000322485
0.000294557
0.000413522
0.000458715
0.000468732
0.00044445
0.000356736
0.000278379
0.000243644
0.000269393
0.000254657
0.000230368
0.00026457
0.000321433
0.000380485
0.00040588
0.000431844
0.000454418
0.000465466
0.000442401
0.00033282
0.000300453
0.000477517
0.000551406
0.000582677
0.000578667
0.000489959
0.000368709
0.000303029
0.000272844
0.000253547
0.000243566
0.000257306
0.000291319
0.000325042
0.000391992
0.000461134
0.000504253
0.000519417
0.000485243
0.000340889
0.000308514
0.000524654
0.000623154
0.000673427
0.000687173
0.000630327
0.000495295
0.000391119
0.000327019
0.000295139
0.000284975
0.000290531
0.000311331
0.000348965
0.00042874
0.000516612
0.000566591
0.000572598
0.000523177
0.000346478
0.000320439
0.000538551
0.000655234
0.00072739
0.000765359
0.000748028
0.000666516
0.000551922
0.000452464
0.00039732
0.000378736
0.000384713
0.000413508
0.000478912
0.000552226
0.000607585
0.000626826
0.000616866
0.00055491
0.000351456
0.000330867
0.000530361
0.000642881
0.000735723
0.000802908
0.000827624
0.000801638
0.000739685
0.000656362
0.00059163
0.000567311
0.000577981
0.000616089
0.000658957
0.000688731
0.00069416
0.000670372
0.000640487
0.000573178
0.000356533
0.00033997
0.000506629
0.000598033
0.000686678
0.000759775
0.000802778
0.000811318
0.000793807
0.000767971
0.000747909
0.00073442
0.000727398
0.000730554
0.000737929
0.000736934
0.000719072
0.000677648
0.000638565
0.000575494
0.000362037
0.000349094
0.000479007
0.000545951
0.000621142
0.000683604
0.000720713
0.000730218
0.000718349
0.000696985
0.000676915
0.000654144
0.000641338
0.00064525
0.000658124
0.000665862
0.000659821
0.000639708
0.000611019
0.000551686
0.000368972
0.000360441
0.000453954
0.000514706
0.000582612
0.000639129
0.000672302
0.000678746
0.000658073
0.000619039
0.000573422
0.000546105
0.000553592
0.000581574
0.000612341
0.000633592
0.000635735
0.000616967
0.000578853
0.000517993
0.000377641
0.000376041
0.000400216
0.000421445
0.000439291
0.000455127
0.000467916
0.000476672
0.000480424
0.00047844
0.000468877
0.00047012
0.000473942
0.000475574
0.000474021
0.000469232
0.00046137
0.000450311
0.000435435
0.000414579
0.000387104
0.000303325
0.000306293
0.000304839
0.000298571
0.000286677
0.000267619
0.000225522
0.000134074
0.000124025
0.000122103
0.000128003
0.000205717
0.000256609
0.000274074
0.00028433
0.000295701
0.00030618
0.000315141
0.000322485
0.000327399
0.00031488
0.000319452
0.000317729
0.000309603
0.000293835
0.000265245
0.000226739
0.000192751
0.000167505
0.000152467
0.000149125
0.000170809
0.000204659
0.000226445
0.000257238
0.000281552
0.000302836
0.000319894
0.00033282
0.000338499
0.000321228
0.000327407
0.000326928
0.000320931
0.000309007
0.000288345
0.000264649
0.000247923
0.000229052
0.000217463
0.0002162
0.000220989
0.00023069
0.000245982
0.000265068
0.000286537
0.000309377
0.000327567
0.000340889
0.000344303
0.000324398
0.000331906
0.000332961
0.000330417
0.000324204
0.000313705
0.000299734
0.000286138
0.000273289
0.000266135
0.000265126
0.000268266
0.000274595
0.000283952
0.00029589
0.000309188
0.0003228
0.000336188
0.000346478
0.000346728
0.000327411
0.000335362
0.000338008
0.000339256
0.000338158
0.000334209
0.00032698
0.000316625
0.000305911
0.000299302
0.000298301
0.000301053
0.000306367
0.000313581
0.000321786
0.000330195
0.000338383
0.000346313
0.000351456
0.000348064
0.000330192
0.000338571
0.000343541
0.000348434
0.000351343
0.00035143
0.000348275
0.000341058
0.000331678
0.000324818
0.000323787
0.000326519
0.000331424
0.000337298
0.000343153
0.000348352
0.000352677
0.000356131
0.000356533
0.000349255
0.000332868
0.000342602
0.000350908
0.000359057
0.000365293
0.000368337
0.000367571
0.000362481
0.00035362
0.000345904
0.000344976
0.000347988
0.000352753
0.000357851
0.000362204
0.000365137
0.000366544
0.000366136
0.000362037
0.000350706
0.000336124
0.000348772
0.000360607
0.000371877
0.000380811
0.000386102
0.000387162
0.000383684
0.000375462
0.000366426
0.000365666
0.000369097
0.000374022
0.000378761
0.000382149
0.000383299
0.000381863
0.000377628
0.000368972
0.000352881
0.000341183
0.000358178
0.000374231
0.000388677
0.000400338
0.000407953
0.000410923
0.000408743
0.000401412
0.000390179
0.000390112
0.000394624
0.000399874
0.000403927
0.000405811
0.000404615
0.000399951
0.000391495
0.000377641
0.000356511
0.000349454
0.000372013
0.000391826
0.000407289
0.000419794
0.000429131
0.000435046
0.000437158
0.000435023
0.000426124
0.000427954
0.000431849
0.000434158
0.000434077
0.000431385
0.000425999
0.000417581
0.000405358
0.000387104
0.000362459
)
;

boundaryField
{
    floor
    {
        type            compressible::alphatWallFunction;
        Prt             0.85;
        value           nonuniform List<scalar> 
400
(
4.42738e-05
4.29905e-05
4.10364e-05
3.8962e-05
3.54183e-05
1.78562e-05
1.03167e-05
1.01197e-05
9.88954e-06
9.72448e-06
9.53774e-06
9.64484e-06
1.1704e-05
2.04135e-05
3.30032e-05
3.61772e-05
3.78698e-05
3.90564e-05
4.07598e-05
4.25013e-05
4.29905e-05
4.3714e-05
4.23494e-05
3.97732e-05
3.59519e-05
2.20229e-05
1.40628e-05
1.27514e-05
1.25597e-05
1.26331e-05
1.2729e-05
1.37345e-05
1.57034e-05
2.70661e-05
3.48711e-05
3.78276e-05
3.96536e-05
4.11381e-05
4.28309e-05
4.29629e-05
4.10364e-05
4.23494e-05
4.11412e-05
3.88583e-05
3.49906e-05
2.0749e-05
1.64538e-05
1.40215e-05
1.40345e-05
1.45593e-05
1.48692e-05
1.60592e-05
2.06526e-05
3.09475e-05
3.59349e-05
3.86032e-05
4.04231e-05
4.19635e-05
4.33893e-05
4.27567e-05
3.8962e-05
3.97732e-05
3.88583e-05
3.66369e-05
3.20892e-05
1.88597e-05
1.80778e-05
1.48702e-05
1.52749e-05
1.63184e-05
1.66243e-05
1.72171e-05
2.48748e-05
3.20348e-05
3.58278e-05
3.83091e-05
4.01131e-05
4.15761e-05
4.27301e-05
4.1818e-05
3.54183e-05
3.59519e-05
3.49906e-05
3.20892e-05
2.77441e-05
1.90234e-05
1.89747e-05
1.65049e-05
1.64136e-05
1.80762e-05
1.80109e-05
1.89086e-05
2.53e-05
2.98171e-05
3.32675e-05
3.65266e-05
3.84978e-05
3.9883e-05
4.07865e-05
4.00116e-05
1.78562e-05
2.20229e-05
2.0749e-05
1.88597e-05
1.90234e-05
1.97084e-05
1.91637e-05
1.72326e-05
1.71406e-05
1.94581e-05
1.91386e-05
1.95376e-05
2.11285e-05
2.21705e-05
2.49058e-05
2.95802e-05
3.46353e-05
3.67543e-05
3.75532e-05
3.7076e-05
1.03167e-05
1.40628e-05
1.64538e-05
1.80778e-05
1.89747e-05
1.91637e-05
1.84024e-05
1.73014e-05
1.76444e-05
2.06847e-05
1.99309e-05
1.97528e-05
1.99788e-05
1.93987e-05
1.92084e-05
1.98822e-05
2.34306e-05
2.96227e-05
3.16905e-05
3.05215e-05
1.01197e-05
1.27514e-05
1.40215e-05
1.48702e-05
1.65049e-05
1.72326e-05
1.73014e-05
1.72265e-05
1.83432e-05
2.1878e-05
2.10747e-05
2.01319e-05
1.95222e-05
1.82424e-05
1.82546e-05
1.84646e-05
1.81098e-05
1.68436e-05
1.72872e-05
1.56322e-05
9.88954e-06
1.25597e-05
1.40345e-05
1.52749e-05
1.64136e-05
1.71406e-05
1.76444e-05
1.83432e-05
1.93032e-05
2.28808e-05
2.28274e-05
2.19057e-05
2.11654e-05
2.10842e-05
2.13079e-05
2.09905e-05
1.98937e-05
1.83234e-05
1.61717e-05
1.39217e-05
9.72448e-06
1.26331e-05
1.45593e-05
1.63184e-05
1.80762e-05
1.94581e-05
2.06847e-05
2.1878e-05
2.28808e-05
0
0
2.82845e-05
2.79934e-05
2.75145e-05
2.72534e-05
2.65646e-05
2.49556e-05
2.1922e-05
1.60882e-05
1.36198e-05
9.53774e-06
1.2729e-05
1.48692e-05
1.66243e-05
1.80109e-05
1.91386e-05
1.99309e-05
2.10747e-05
2.28274e-05
0
0
3.34581e-05
3.31129e-05
3.31454e-05
3.31182e-05
3.26454e-05
3.13593e-05
2.88121e-05
2.42342e-05
1.46104e-05
9.64484e-06
1.37345e-05
1.60592e-05
1.72171e-05
1.89086e-05
1.95376e-05
1.97528e-05
2.01319e-05
2.19057e-05
2.82845e-05
3.34581e-05
3.49663e-05
3.59791e-05
3.67012e-05
3.71181e-05
3.71079e-05
3.65031e-05
3.50507e-05
3.23264e-05
2.73018e-05
1.1704e-05
1.57034e-05
2.06526e-05
2.48748e-05
2.53e-05
2.11285e-05
1.99788e-05
1.95222e-05
2.11654e-05
2.79934e-05
3.31129e-05
3.59791e-05
3.7734e-05
3.88775e-05
3.95874e-05
3.98926e-05
3.9738e-05
3.8998e-05
3.75252e-05
3.53422e-05
2.04135e-05
2.70661e-05
3.09475e-05
3.20348e-05
2.98171e-05
2.21705e-05
1.93987e-05
1.82424e-05
2.10842e-05
2.75145e-05
3.31454e-05
3.67012e-05
3.88775e-05
4.02589e-05
4.11391e-05
4.16264e-05
4.17064e-05
4.12653e-05
4.01143e-05
3.80436e-05
3.30032e-05
3.48711e-05
3.59349e-05
3.58278e-05
3.32675e-05
2.49058e-05
1.92084e-05
1.82546e-05
2.13079e-05
2.72534e-05
3.31182e-05
3.71181e-05
3.95874e-05
4.11391e-05
4.2154e-05
4.27987e-05
4.30724e-05
4.28445e-05
4.1867e-05
3.96351e-05
3.61772e-05
3.78276e-05
3.86032e-05
3.83091e-05
3.65266e-05
2.95802e-05
1.98822e-05
1.84646e-05
2.09905e-05
2.65646e-05
3.26454e-05
3.71079e-05
3.98926e-05
4.16264e-05
4.27987e-05
4.36203e-05
4.40991e-05
4.41064e-05
4.33788e-05
4.13715e-05
3.78698e-05
3.96536e-05
4.04231e-05
4.01131e-05
3.84978e-05
3.46353e-05
2.34306e-05
1.81098e-05
1.98937e-05
2.49556e-05
3.13593e-05
3.65031e-05
3.9738e-05
4.17064e-05
4.30724e-05
4.40991e-05
4.48272e-05
4.51263e-05
4.46939e-05
4.29579e-05
3.90564e-05
4.11381e-05
4.19635e-05
4.15761e-05
3.9883e-05
3.67543e-05
2.96227e-05
1.68436e-05
1.83234e-05
2.1922e-05
2.88121e-05
3.50507e-05
3.8998e-05
4.12653e-05
4.28445e-05
4.41064e-05
4.51263e-05
4.57875e-05
4.57371e-05
4.43076e-05
4.07598e-05
4.28309e-05
4.33893e-05
4.27301e-05
4.07865e-05
3.75532e-05
3.16905e-05
1.72872e-05
1.61717e-05
1.60882e-05
2.42342e-05
3.23264e-05
3.75252e-05
4.01143e-05
4.1867e-05
4.33788e-05
4.46939e-05
4.57371e-05
4.61957e-05
4.54094e-05
4.25013e-05
4.29629e-05
4.27567e-05
4.1818e-05
4.00116e-05
3.7076e-05
3.05215e-05
1.56322e-05
1.39217e-05
1.36198e-05
1.46104e-05
2.73018e-05
3.53422e-05
3.80436e-05
3.96351e-05
4.13715e-05
4.29579e-05
4.43076e-05
4.54094e-05
4.61445e-05
)
;
    }
    ceiling
    {
        type            compressible::alphatWallFunction;
        Prt             0.85;
        value           nonuniform List<scalar> 
400
(
5.14088e-05
5.54013e-05
5.85356e-05
6.08066e-05
6.25222e-05
6.37444e-05
6.44932e-05
6.47531e-05
6.44499e-05
6.31703e-05
6.25024e-05
6.25808e-05
6.24826e-05
6.20532e-05
6.12389e-05
6.00226e-05
5.83902e-05
5.6283e-05
5.33655e-05
4.94228e-05
5.54013e-05
5.97305e-05
6.32457e-05
6.59833e-05
6.82284e-05
6.99661e-05
7.11303e-05
7.16448e-05
7.13996e-05
7.00277e-05
6.90046e-05
6.89811e-05
6.8695e-05
6.79425e-05
6.66616e-05
6.48812e-05
6.26994e-05
6.01593e-05
5.69235e-05
5.27717e-05
5.85356e-05
6.32457e-05
6.70832e-05
7.02157e-05
7.29269e-05
7.51542e-05
7.67347e-05
7.75155e-05
7.73385e-05
7.58518e-05
7.44629e-05
7.43933e-05
7.39558e-05
7.29061e-05
7.11743e-05
6.88542e-05
6.62255e-05
6.34256e-05
6.00331e-05
5.56996e-05
6.08066e-05
6.59833e-05
7.02157e-05
7.38234e-05
7.71839e-05
8.00772e-05
8.22742e-05
8.36188e-05
8.39391e-05
8.29028e-05
8.08574e-05
8.02959e-05
7.93917e-05
7.78226e-05
7.54831e-05
7.24949e-05
6.93291e-05
6.62715e-05
6.26396e-05
5.7979e-05
6.25222e-05
6.82284e-05
7.29269e-05
7.71839e-05
8.12713e-05
8.48329e-05
8.76954e-05
8.9701e-05
9.06669e-05
9.03022e-05
8.75664e-05
8.63525e-05
8.48397e-05
8.26745e-05
7.97646e-05
7.62395e-05
7.25157e-05
6.89797e-05
6.49484e-05
5.98207e-05
6.37444e-05
6.99661e-05
7.51542e-05
8.00772e-05
8.48329e-05
8.90883e-05
9.2705e-05
9.55395e-05
9.74713e-05
9.82877e-05
9.48029e-05
9.25244e-05
9.0094e-05
8.71867e-05
8.36643e-05
7.96161e-05
7.53686e-05
7.12944e-05
6.68117e-05
6.11974e-05
6.44932e-05
7.11303e-05
7.67347e-05
8.22742e-05
8.76954e-05
9.2705e-05
9.72226e-05
0.000101217
0.000104792
0.000107858
0.000103393
9.90758e-05
9.51132e-05
9.1153e-05
8.68994e-05
8.23102e-05
7.75708e-05
7.29853e-05
6.80909e-05
6.20739e-05
6.47531e-05
7.16448e-05
7.75155e-05
8.36188e-05
8.9701e-05
9.55395e-05
0.000101217
0.000107025
0.000113487
0.000120225
0.000114438
0.000106454
9.99472e-05
9.4431e-05
8.92464e-05
8.40476e-05
7.88326e-05
7.38204e-05
6.86435e-05
6.23923e-05
6.44499e-05
7.13996e-05
7.73385e-05
8.39391e-05
9.06669e-05
9.74713e-05
0.000104792
0.000113487
0.000124072
0.000133848
0.000127496
0.000114723
0.000104564
9.68564e-05
9.05031e-05
8.46357e-05
7.89697e-05
7.36175e-05
6.83666e-05
6.20902e-05
6.31703e-05
7.00277e-05
7.58518e-05
8.29028e-05
9.03022e-05
9.82877e-05
0.000107858
0.000120225
0.000133848
0.000126474
0.000129317
0.000121233
0.000108227
9.80501e-05
9.04131e-05
8.38848e-05
7.78029e-05
7.21673e-05
6.69895e-05
6.07934e-05
6.25024e-05
6.90046e-05
7.44629e-05
8.08574e-05
8.75664e-05
9.48029e-05
0.000103393
0.000114438
0.000127496
0.000129317
0.000133101
0.000118573
0.000106425
9.71607e-05
8.98802e-05
8.35616e-05
7.76844e-05
7.22525e-05
6.71593e-05
6.1052e-05
6.25808e-05
6.89811e-05
7.43933e-05
8.02959e-05
8.63525e-05
9.25244e-05
9.90758e-05
0.000106454
0.000114723
0.000121233
0.000118573
0.0001096
0.000101772
9.50501e-05
8.90513e-05
8.34181e-05
7.79685e-05
7.28044e-05
6.7706e-05
6.16155e-05
6.24826e-05
6.8695e-05
7.39558e-05
7.93917e-05
8.48397e-05
9.0094e-05
9.51132e-05
9.99472e-05
0.000104564
0.000108227
0.000106425
0.000101772
9.70079e-05
9.22569e-05
8.74873e-05
8.26516e-05
7.77427e-05
7.29318e-05
6.79434e-05
6.19523e-05
6.20532e-05
6.79425e-05
7.29061e-05
7.78226e-05
8.26745e-05
8.71867e-05
9.1153e-05
9.4431e-05
9.68564e-05
9.80501e-05
9.71607e-05
9.50501e-05
9.22569e-05
8.89375e-05
8.52176e-05
8.11757e-05
7.68668e-05
7.24832e-05
6.77246e-05
6.19432e-05
6.12389e-05
6.66616e-05
7.11743e-05
7.54831e-05
7.97646e-05
8.36643e-05
8.68994e-05
8.92464e-05
9.05031e-05
9.04131e-05
8.98802e-05
8.90513e-05
8.74873e-05
8.52176e-05
8.23875e-05
7.91014e-05
7.54202e-05
7.14938e-05
6.70388e-05
6.15538e-05
6.00226e-05
6.48812e-05
6.88542e-05
7.24949e-05
7.62395e-05
7.96161e-05
8.23102e-05
8.40476e-05
8.46357e-05
8.38848e-05
8.35616e-05
8.34181e-05
8.26516e-05
8.11757e-05
7.91014e-05
7.65148e-05
7.34597e-05
7.00148e-05
6.59062e-05
6.07703e-05
5.83902e-05
6.26994e-05
6.62255e-05
6.93291e-05
7.25157e-05
7.53686e-05
7.75708e-05
7.88326e-05
7.89697e-05
7.78029e-05
7.76844e-05
7.79685e-05
7.77427e-05
7.68668e-05
7.54202e-05
7.34597e-05
7.10112e-05
6.80487e-05
6.4306e-05
5.95409e-05
5.6283e-05
6.01593e-05
6.34256e-05
6.62715e-05
6.89797e-05
7.12944e-05
7.29853e-05
7.38204e-05
7.36175e-05
7.21673e-05
7.22525e-05
7.28044e-05
7.29318e-05
7.24832e-05
7.14938e-05
7.00148e-05
6.80487e-05
6.55205e-05
6.21449e-05
5.77491e-05
5.33655e-05
5.69235e-05
6.00331e-05
6.26396e-05
6.49484e-05
6.68117e-05
6.80909e-05
6.86435e-05
6.83666e-05
6.69895e-05
6.71593e-05
6.7706e-05
6.79434e-05
6.77246e-05
6.70388e-05
6.59062e-05
6.4306e-05
6.21449e-05
5.91e-05
5.5061e-05
4.94228e-05
5.27717e-05
5.56996e-05
5.7979e-05
5.98207e-05
6.11974e-05
6.20739e-05
6.23923e-05
6.20902e-05
6.07934e-05
6.1052e-05
6.16155e-05
6.19523e-05
6.19432e-05
6.15538e-05
6.07703e-05
5.95409e-05
5.77491e-05
5.5061e-05
5.14075e-05
)
;
    }
    fixedWalls
    {
        type            compressible::alphatWallFunction;
        Prt             0.85;
        value           nonuniform List<scalar> 
800
(
4.42201e-05
4.5956e-05
4.6928e-05
4.74316e-05
4.77995e-05
4.81778e-05
4.86234e-05
4.92039e-05
5.00519e-05
5.13489e-05
4.29378e-05
4.43709e-05
4.5689e-05
4.67276e-05
4.77477e-05
4.8873e-05
5.00588e-05
5.14139e-05
5.31658e-05
5.53371e-05
4.09856e-05
4.09864e-05
4.20565e-05
4.38536e-05
4.6172e-05
4.85098e-05
5.07066e-05
5.29161e-05
5.55148e-05
5.84679e-05
3.89135e-05
3.67917e-05
3.52127e-05
3.91315e-05
4.35254e-05
4.75297e-05
5.08995e-05
5.39596e-05
5.72397e-05
6.07362e-05
3.53739e-05
3.34619e-05
3.16991e-05
3.20906e-05
4.04117e-05
4.62171e-05
5.07713e-05
5.46185e-05
5.84615e-05
6.24498e-05
1.78308e-05
2.29245e-05
2.55787e-05
2.83346e-05
3.77426e-05
4.48314e-05
5.028e-05
5.48112e-05
5.91532e-05
6.36705e-05
1.02982e-05
1.37678e-05
2.03599e-05
2.44831e-05
3.48572e-05
4.33132e-05
4.94399e-05
5.44864e-05
5.92567e-05
6.44182e-05
1.01014e-05
1.47903e-05
1.54955e-05
2.03057e-05
3.08941e-05
4.16712e-05
4.83174e-05
5.36814e-05
5.87811e-05
6.46777e-05
9.87138e-06
1.48395e-05
1.71212e-05
1.72744e-05
2.80123e-05
3.99647e-05
4.69852e-05
5.2499e-05
5.77488e-05
6.43747e-05
9.70647e-06
1.42419e-05
1.64665e-05
1.66814e-05
2.67811e-05
3.85134e-05
4.54468e-05
5.08541e-05
5.59559e-05
6.30964e-05
9.51987e-06
1.29625e-05
1.46965e-05
1.55381e-05
2.85795e-05
3.91357e-05
4.56249e-05
5.0728e-05
5.55696e-05
6.24293e-05
9.62684e-06
1.18795e-05
1.33982e-05
1.56559e-05
3.08489e-05
4.01116e-05
4.62434e-05
5.11707e-05
5.59444e-05
6.25076e-05
1.16841e-05
1.54718e-05
1.66703e-05
1.92779e-05
3.2768e-05
4.11282e-05
4.69233e-05
5.16681e-05
5.63217e-05
6.24097e-05
2.03854e-05
2.09264e-05
2.0066e-05
2.39823e-05
3.45478e-05
4.20983e-05
4.75221e-05
5.20268e-05
5.64551e-05
6.19809e-05
3.29614e-05
2.97697e-05
2.66952e-05
2.57168e-05
3.60926e-05
4.29675e-05
4.79651e-05
5.21197e-05
5.61938e-05
6.11677e-05
3.61318e-05
3.15822e-05
2.74693e-05
2.84557e-05
3.7838e-05
4.38351e-05
4.82428e-05
5.18872e-05
5.54938e-05
5.99529e-05
3.78224e-05
3.32695e-05
2.74773e-05
3.31951e-05
4.00394e-05
4.47972e-05
4.83592e-05
5.13453e-05
5.44082e-05
5.83224e-05
3.90076e-05
3.6539e-05
3.51716e-05
3.84987e-05
4.26487e-05
4.58227e-05
4.83128e-05
5.05289e-05
5.29741e-05
5.62177e-05
4.07093e-05
4.11166e-05
4.20071e-05
4.32263e-05
4.50283e-05
4.65953e-05
4.79556e-05
4.93135e-05
5.09966e-05
5.33034e-05
4.24492e-05
4.4197e-05
4.51527e-05
4.56277e-05
4.60803e-05
4.64964e-05
4.68955e-05
4.73799e-05
4.81337e-05
4.93651e-05
4.24492e-05
4.4197e-05
4.51527e-05
4.56277e-05
4.60803e-05
4.64964e-05
4.68955e-05
4.73799e-05
4.81337e-05
4.93651e-05
4.29103e-05
4.48998e-05
4.60959e-05
4.67705e-05
4.72879e-05
4.77616e-05
4.83552e-05
4.92694e-05
5.0663e-05
5.27104e-05
4.27043e-05
4.46588e-05
4.60412e-05
4.69416e-05
4.76905e-05
4.8509e-05
4.96015e-05
5.10345e-05
5.30462e-05
5.56351e-05
4.17664e-05
4.34547e-05
4.51634e-05
4.65806e-05
4.78933e-05
4.92518e-05
5.08246e-05
5.27148e-05
5.51876e-05
5.79119e-05
3.99618e-05
4.1082e-05
4.33863e-05
4.56666e-05
4.77423e-05
4.96968e-05
5.17603e-05
5.40453e-05
5.69138e-05
5.97514e-05
3.70295e-05
3.6706e-05
4.0269e-05
4.40995e-05
4.71652e-05
4.97214e-05
5.22214e-05
5.48359e-05
5.80426e-05
6.11265e-05
3.04826e-05
3.06736e-05
3.66683e-05
4.20077e-05
4.60946e-05
4.92639e-05
5.212e-05
5.50044e-05
5.84924e-05
6.20019e-05
1.5609e-05
2.52781e-05
3.40862e-05
3.99547e-05
4.45535e-05
4.81945e-05
5.13714e-05
5.44998e-05
5.81847e-05
6.23198e-05
1.39e-05
2.11166e-05
3.11616e-05
3.79992e-05
4.29444e-05
4.68023e-05
5.0063e-05
5.32906e-05
5.71164e-05
6.20179e-05
1.35984e-05
1.86622e-05
2.93765e-05
3.69021e-05
4.194e-05
4.57712e-05
4.89131e-05
5.1954e-05
5.54672e-05
6.07225e-05
1.45883e-05
1.82202e-05
2.91939e-05
3.674e-05
4.17792e-05
4.56091e-05
4.87679e-05
5.18351e-05
5.54489e-05
6.09809e-05
2.72668e-05
2.1758e-05
2.99153e-05
3.72113e-05
4.21884e-05
4.60139e-05
4.92129e-05
5.23416e-05
5.61089e-05
6.15439e-05
3.52981e-05
2.7193e-05
3.14155e-05
3.81739e-05
4.29887e-05
4.67476e-05
4.99227e-05
5.30728e-05
5.68817e-05
6.18805e-05
3.79964e-05
3.068e-05
3.37926e-05
3.96018e-05
4.40775e-05
4.76266e-05
5.06826e-05
5.37772e-05
5.74803e-05
6.18715e-05
3.95861e-05
3.54779e-05
3.67262e-05
4.14136e-05
4.53108e-05
4.8501e-05
5.13307e-05
5.42804e-05
5.77592e-05
6.14828e-05
4.13207e-05
3.92012e-05
3.99878e-05
4.3417e-05
4.65683e-05
4.92748e-05
5.1766e-05
5.44505e-05
5.7583e-05
6.07003e-05
4.29055e-05
4.24239e-05
4.34282e-05
4.54542e-05
4.77866e-05
4.99153e-05
5.19727e-05
5.42368e-05
5.68966e-05
5.94724e-05
4.4254e-05
4.49879e-05
4.61513e-05
4.7448e-05
4.89611e-05
5.0423e-05
5.1908e-05
5.36083e-05
5.56516e-05
5.76828e-05
4.53549e-05
4.69187e-05
4.81328e-05
4.89717e-05
4.97165e-05
5.04738e-05
5.1293e-05
5.23224e-05
5.36049e-05
5.49977e-05
4.60895e-05
4.77604e-05
4.86321e-05
4.89972e-05
4.91993e-05
4.93791e-05
4.95974e-05
4.99228e-05
5.04643e-05
5.13482e-05
4.42201e-05
4.5956e-05
4.6928e-05
4.74316e-05
4.77995e-05
4.81778e-05
4.86234e-05
4.92039e-05
5.00519e-05
5.13489e-05
4.29378e-05
4.43709e-05
4.5689e-05
4.67276e-05
4.77477e-05
4.8873e-05
5.00588e-05
5.14139e-05
5.31658e-05
5.53371e-05
4.09856e-05
4.09864e-05
4.20565e-05
4.38536e-05
4.6172e-05
4.85098e-05
5.07066e-05
5.29161e-05
5.55148e-05
5.84679e-05
3.89135e-05
3.67917e-05
3.52127e-05
3.91315e-05
4.35254e-05
4.75297e-05
5.08995e-05
5.39596e-05
5.72397e-05
6.07362e-05
3.53739e-05
3.34619e-05
3.16991e-05
3.20906e-05
4.04117e-05
4.62171e-05
5.07713e-05
5.46185e-05
5.84615e-05
6.24498e-05
1.78308e-05
2.29245e-05
2.55787e-05
2.83346e-05
3.77426e-05
4.48314e-05
5.028e-05
5.48112e-05
5.91532e-05
6.36705e-05
1.02982e-05
1.37678e-05
2.03599e-05
2.44831e-05
3.48572e-05
4.33132e-05
4.94399e-05
5.44864e-05
5.92567e-05
6.44182e-05
1.01014e-05
1.47903e-05
1.54955e-05
2.03057e-05
3.08941e-05
4.16712e-05
4.83174e-05
5.36814e-05
5.87811e-05
6.46777e-05
9.87138e-06
1.48395e-05
1.71212e-05
1.72744e-05
2.80123e-05
3.99647e-05
4.69852e-05
5.2499e-05
5.77488e-05
6.43747e-05
9.70647e-06
1.42419e-05
1.64665e-05
1.66814e-05
2.67811e-05
3.85134e-05
4.54468e-05
5.08541e-05
5.59559e-05
6.30964e-05
9.51987e-06
1.29625e-05
1.46965e-05
1.55381e-05
2.85795e-05
3.91357e-05
4.56249e-05
5.0728e-05
5.55696e-05
6.24293e-05
9.62684e-06
1.18795e-05
1.33982e-05
1.56559e-05
3.08489e-05
4.01116e-05
4.62434e-05
5.11707e-05
5.59444e-05
6.25076e-05
1.16841e-05
1.54718e-05
1.66703e-05
1.92779e-05
3.2768e-05
4.11282e-05
4.69233e-05
5.16681e-05
5.63217e-05
6.24097e-05
2.03854e-05
2.09264e-05
2.0066e-05
2.39823e-05
3.45478e-05
4.20983e-05
4.75221e-05
5.20268e-05
5.64551e-05
6.19809e-05
3.29614e-05
2.97697e-05
2.66952e-05
2.57168e-05
3.60926e-05
4.29675e-05
4.79651e-05
5.21197e-05
5.61938e-05
6.11677e-05
3.61318e-05
3.15822e-05
2.74693e-05
2.84557e-05
3.7838e-05
4.38351e-05
4.82428e-05
5.18872e-05
5.54938e-05
5.99529e-05
3.78224e-05
3.32695e-05
2.74773e-05
3.31951e-05
4.00394e-05
4.47972e-05
4.83592e-05
5.13453e-05
5.44082e-05
5.83224e-05
3.90076e-05
3.6539e-05
3.51716e-05
3.84987e-05
4.26487e-05
4.58227e-05
4.83128e-05
5.05289e-05
5.29741e-05
5.62177e-05
4.07093e-05
4.11166e-05
4.20071e-05
4.32263e-05
4.50283e-05
4.65953e-05
4.79556e-05
4.93135e-05
5.09966e-05
5.33034e-05
4.24492e-05
4.4197e-05
4.51527e-05
4.56277e-05
4.60803e-05
4.64964e-05
4.68955e-05
4.73799e-05
4.81337e-05
4.93651e-05
4.24492e-05
4.4197e-05
4.51527e-05
4.56277e-05
4.60803e-05
4.64964e-05
4.68955e-05
4.73799e-05
4.81337e-05
4.93651e-05
4.29103e-05
4.48998e-05
4.60959e-05
4.67705e-05
4.72879e-05
4.77616e-05
4.83552e-05
4.92694e-05
5.0663e-05
5.27104e-05
4.27043e-05
4.46588e-05
4.60412e-05
4.69416e-05
4.76905e-05
4.8509e-05
4.96015e-05
5.10345e-05
5.30462e-05
5.56351e-05
4.17664e-05
4.34547e-05
4.51634e-05
4.65806e-05
4.78933e-05
4.92518e-05
5.08246e-05
5.27148e-05
5.51876e-05
5.79119e-05
3.99618e-05
4.1082e-05
4.33863e-05
4.56666e-05
4.77423e-05
4.96968e-05
5.17603e-05
5.40453e-05
5.69138e-05
5.97514e-05
3.70295e-05
3.6706e-05
4.0269e-05
4.40995e-05
4.71652e-05
4.97214e-05
5.22214e-05
5.48359e-05
5.80426e-05
6.11265e-05
3.04826e-05
3.06736e-05
3.66683e-05
4.20077e-05
4.60946e-05
4.92639e-05
5.212e-05
5.50044e-05
5.84924e-05
6.20019e-05
1.5609e-05
2.52781e-05
3.40862e-05
3.99547e-05
4.45535e-05
4.81945e-05
5.13714e-05
5.44998e-05
5.81847e-05
6.23198e-05
1.39e-05
2.11166e-05
3.11616e-05
3.79992e-05
4.29444e-05
4.68023e-05
5.0063e-05
5.32906e-05
5.71164e-05
6.20179e-05
1.35984e-05
1.86622e-05
2.93765e-05
3.69021e-05
4.194e-05
4.57712e-05
4.89131e-05
5.1954e-05
5.54672e-05
6.07225e-05
1.45883e-05
1.82202e-05
2.91939e-05
3.674e-05
4.17792e-05
4.56091e-05
4.87679e-05
5.18351e-05
5.54489e-05
6.09809e-05
2.72668e-05
2.1758e-05
2.99153e-05
3.72113e-05
4.21884e-05
4.60139e-05
4.92129e-05
5.23416e-05
5.61089e-05
6.15439e-05
3.52981e-05
2.7193e-05
3.14155e-05
3.81739e-05
4.29887e-05
4.67476e-05
4.99227e-05
5.30728e-05
5.68817e-05
6.18805e-05
3.79964e-05
3.068e-05
3.37926e-05
3.96018e-05
4.40775e-05
4.76266e-05
5.06826e-05
5.37772e-05
5.74803e-05
6.18715e-05
3.95861e-05
3.54779e-05
3.67262e-05
4.14136e-05
4.53108e-05
4.8501e-05
5.13307e-05
5.42804e-05
5.77592e-05
6.14828e-05
4.13207e-05
3.92012e-05
3.99878e-05
4.3417e-05
4.65683e-05
4.92748e-05
5.1766e-05
5.44505e-05
5.7583e-05
6.07003e-05
4.29055e-05
4.24239e-05
4.34282e-05
4.54542e-05
4.77866e-05
4.99153e-05
5.19727e-05
5.42368e-05
5.68966e-05
5.94724e-05
4.4254e-05
4.49879e-05
4.61513e-05
4.7448e-05
4.89611e-05
5.0423e-05
5.1908e-05
5.36083e-05
5.56516e-05
5.76828e-05
4.53549e-05
4.69187e-05
4.81328e-05
4.89717e-05
4.97165e-05
5.04738e-05
5.1293e-05
5.23224e-05
5.36049e-05
5.49977e-05
4.60895e-05
4.77604e-05
4.86321e-05
4.89972e-05
4.91993e-05
4.93791e-05
4.95974e-05
4.99228e-05
5.04643e-05
5.13482e-05
)
;
    }
}


// ************************************************************************* //
