/*--------------------------------*- C++ -*----------------------------------*\
  =========                 |
  \\      /  F ield         | OpenFOAM: The Open Source CFD Toolbox
   \\    /   O peration     | Website:  https://openfoam.org
    \\  /    A nd           | Version:  8
     \\/     M anipulation  |
\*---------------------------------------------------------------------------*/
FoamFile
{
    version     2.0;
    format      ascii;
    class       volScalarField;
    location    "1600";
    object      nut;
}
// * * * * * * * * * * * * * * * * * * * * * * * * * * * * * * * * * * * * * //

dimensions      [0 2 -1 0 0 0 0];

internalField   nonuniform List<scalar> 
4000
(
0.000315281
0.000306779
0.000293893
0.000280308
0.00025733
0.000148288
0.000103099
0.000102117
0.000100838
9.99397e-05
9.88457e-05
9.93046e-05
0.000110788
0.000160441
0.000241279
0.00026205
0.000273156
0.000280959
0.000292183
0.000303669
0.000326823
0.000316265
0.000293868
0.000266456
0.000244955
0.000178848
0.000123275
0.000129375
0.000129726
0.000126142
0.000118713
0.000112014
0.000132692
0.000164638
0.000220937
0.000232758
0.000243591
0.000264876
0.000294894
0.000315236
0.000333311
0.000325024
0.000300889
0.000256122
0.000233586
0.000194974
0.00016262
0.000133354
0.000143284
0.000139307
0.000128792
0.000120815
0.000139935
0.000160696
0.000201686
0.000206762
0.00020681
0.000256142
0.000300798
0.000321592
0.00033668
0.000331951
0.000312763
0.000281525
0.000235987
0.000211985
0.00018777
0.000162096
0.00014394
0.000140531
0.000133737
0.000134416
0.000156284
0.000185261
0.000196051
0.000213232
0.000243412
0.000277799
0.000308869
0.000324765
0.000339147
0.000338775
0.000328185
0.000310512
0.000289903
0.000272374
0.000253685
0.000228614
0.000210599
0.000202927
0.000214201
0.0002285
0.000240726
0.000252172
0.000262173
0.000273505
0.000287889
0.000305062
0.000320807
0.000327781
0.000341688
0.000346333
0.000343849
0.000337229
0.000328425
0.000319199
0.00030919
0.000298459
0.000287354
0.000277931
0.000282002
0.000288399
0.000295082
0.000301478
0.000307225
0.000312959
0.000319326
0.000326124
0.000331245
0.000330563
0.000344687
0.000354324
0.00035866
0.000359931
0.000359049
0.000355751
0.000350153
0.000342703
0.000333875
0.000323686
0.000324871
0.000329003
0.000333553
0.000337565
0.000340531
0.000342379
0.000343132
0.000342786
0.000340357
0.000333242
0.000348599
0.000363486
0.000373638
0.000380702
0.000385172
0.000386497
0.000384332
0.000378939
0.000371003
0.000359958
0.000359096
0.000362095
0.000365473
0.000367913
0.000368541
0.000366952
0.000363261
0.000357712
0.00034949
0.0003365
0.00035432
0.000375373
0.000391347
0.000403124
0.000411492
0.000416252
0.000417007
0.000413812
0.000406817
0.000394625
0.000391966
0.000394535
0.000397134
0.000398067
0.000396288
0.000391489
0.000384056
0.000374269
0.000360847
0.000341564
0.000363087
0.000390173
0.000411594
0.000427204
0.000439051
0.000447533
0.000452765
0.000454626
0.000452584
0.000443768
0.000439089
0.000439619
0.000438945
0.00043599
0.000430383
0.000422001
0.000410771
0.000396333
0.000376461
0.000349841
0.000306779
0.000311552
0.000302522
0.000285606
0.000260769
0.000173334
0.000124804
0.00011736
0.000116264
0.000116653
0.000117123
0.000122948
0.000134187
0.000202027
0.000253282
0.00027271
0.000284751
0.000294562
0.000305785
0.00030664
0.000316265
0.000438235
0.000458221
0.000403135
0.000325158
0.00025311
0.000246597
0.000304431
0.000333406
0.000297576
0.000250058
0.000225546
0.000222098
0.000241299
0.000297818
0.000342716
0.000365066
0.000377916
0.000413996
0.000319814
0.000325024
0.000490969
0.000542039
0.000489561
0.000376021
0.000303891
0.000281098
0.000317437
0.000393705
0.000378878
0.000312209
0.000278057
0.000279298
0.000282177
0.000293225
0.000315303
0.000326671
0.000398557
0.000478066
0.000327778
0.000331951
0.000518295
0.000579459
0.000528204
0.000404357
0.000331226
0.000288651
0.00027985
0.000334831
0.000398674
0.000364211
0.000296034
0.00029622
0.000310258
0.000304632
0.000313319
0.000326186
0.000429258
0.000525258
0.000332282
0.000338775
0.000534287
0.000601221
0.000557175
0.000437165
0.000360371
0.000305186
0.00026891
0.000272458
0.00029885
0.000283388
0.000264724
0.000279705
0.000310784
0.000325836
0.000338007
0.000378131
0.000480824
0.000539171
0.000335742
0.000346333
0.000540497
0.000612133
0.00059899
0.000503186
0.000414902
0.000352087
0.000305068
0.000285201
0.000287526
0.000286532
0.000287956
0.0003045
0.000333189
0.00035959
0.000386941
0.000449122
0.000523788
0.000530971
0.000338954
0.000354324
0.000537877
0.000609264
0.00063466
0.000617981
0.000547019
0.000461198
0.000398836
0.00035866
0.000346071
0.000347527
0.000355936
0.000374882
0.000403444
0.000441083
0.000487732
0.000524238
0.000540103
0.000507211
0.000342989
0.000363486
0.000526261
0.000589909
0.000646042
0.000683961
0.000687218
0.000661666
0.000612861
0.00056068
0.000531243
0.000523559
0.000528671
0.000543881
0.000563646
0.000577397
0.000577791
0.000561219
0.000524441
0.000479556
0.000349165
0.000375373
0.00049684
0.000556721
0.000606597
0.000639523
0.000649439
0.000633811
0.000596519
0.000545857
0.000493037
0.000476979
0.000489407
0.000513204
0.000535168
0.000542878
0.000532524
0.000510072
0.000483104
0.000454472
0.000358581
0.000390173
0.000419819
0.000444066
0.000463056
0.000478697
0.000490859
0.000499056
0.000502731
0.000501083
0.000491516
0.000484281
0.0004841
0.000482109
0.000476874
0.000467965
0.00045557
0.000440422
0.000422872
0.000400666
0.000372428
0.000293893
0.000302522
0.000294567
0.000279616
0.000254537
0.000165413
0.000138683
0.000124822
0.000124938
0.000127909
0.000129682
0.000136856
0.000162729
0.000227401
0.000260146
0.0002777
0.000289719
0.000299912
0.000309379
0.000305185
0.000293868
0.000458221
0.00048654
0.000411382
0.000328068
0.000274582
0.00028949
0.000337773
0.000379584
0.000333872
0.000275518
0.000244231
0.000241783
0.000275543
0.00033298
0.000384212
0.000419192
0.000439491
0.000459242
0.000318091
0.000300889
0.000542039
0.000628478
0.000550752
0.000415734
0.000346881
0.000344212
0.000390931
0.000464227
0.000428929
0.000345151
0.000310866
0.000307886
0.000313887
0.000345286
0.000389296
0.000429502
0.000496855
0.000552041
0.000327301
0.000312763
0.000579459
0.000676274
0.00062684
0.00048773
0.000401692
0.000364951
0.000372216
0.000441211
0.00048883
0.000429027
0.000373387
0.000358072
0.000357625
0.000361118
0.000384465
0.000418238
0.000541852
0.000623872
0.000333341
0.000328185
0.000601221
0.000696751
0.000659299
0.000527641
0.000431511
0.000371012
0.000342927
0.00037262
0.000433426
0.000407777
0.000358893
0.000359104
0.000373911
0.000376264
0.000383117
0.000419022
0.000567562
0.00065599
0.000338393
0.000343849
0.000612133
0.00070762
0.000684771
0.00056336
0.000460075
0.000385226
0.000333504
0.000322795
0.000347559
0.000339852
0.00032315
0.000336126
0.000363851
0.000377619
0.000387934
0.000444376
0.000588623
0.000643624
0.000343933
0.00035866
0.000609264
0.000705382
0.000706115
0.000624428
0.000532112
0.00044815
0.000379846
0.000342057
0.000339792
0.000337681
0.000336575
0.000355308
0.000384436
0.000405018
0.000427364
0.000485662
0.000590312
0.000598724
0.000351308
0.000373638
0.000589909
0.00070026
0.000764664
0.000740568
0.000685366
0.000612961
0.000531633
0.000464686
0.000429486
0.000418615
0.000426447
0.000453994
0.000489893
0.000513255
0.000526804
0.000555017
0.000580763
0.000546582
0.000361017
0.000391347
0.000556721
0.00070264
0.000837415
0.000915624
0.000921795
0.000876415
0.000792634
0.000689564
0.000599373
0.000578368
0.00061626
0.000676225
0.00072816
0.000744408
0.000727166
0.000678171
0.000597882
0.000515298
0.000374655
0.000411594
0.000444066
0.000470724
0.00049261
0.000511633
0.000527326
0.000538524
0.000544115
0.000542938
0.000532465
0.000522573
0.000522063
0.000518993
0.000511631
0.000499491
0.000483204
0.000464823
0.000445348
0.000421922
0.000392265
0.000280308
0.000285606
0.000279616
0.000265156
0.000235955
0.00015359
0.000148295
0.000129568
0.000132329
0.00013836
0.000140158
0.000143872
0.000189096
0.000234687
0.000259429
0.00027572
0.000287616
0.000297276
0.000304924
0.000298911
0.000266456
0.000403135
0.000411382
0.000356734
0.000297844
0.000282498
0.000306604
0.000354359
0.00041545
0.000362604
0.000287408
0.000250969
0.000251811
0.000289345
0.000339788
0.000389344
0.000434147
0.000466467
0.00046927
0.000309958
0.000256122
0.000489561
0.000550752
0.000476443
0.000382516
0.000353032
0.000374521
0.000425587
0.000509706
0.000460775
0.000365469
0.000324997
0.000316136
0.000331882
0.000376299
0.000436522
0.000500543
0.000563123
0.00058335
0.0003213
0.000281525
0.000528204
0.00062684
0.000578205
0.000473727
0.000418857
0.000406479
0.000430588
0.000506713
0.00054732
0.000455876
0.000396181
0.000377611
0.000378449
0.000403388
0.00045381
0.0005216
0.000627908
0.000674205
0.000330796
0.000310512
0.000557175
0.000659299
0.000638197
0.000540525
0.000467348
0.0004242
0.000411526
0.000458691
0.000539685
0.000498841
0.000431987
0.000416911
0.000418571
0.000425673
0.000451975
0.000507537
0.000652468
0.000728232
0.000339646
0.000337229
0.00059899
0.000684771
0.000673783
0.000586939
0.000504618
0.000441156
0.000399402
0.000405814
0.000466099
0.000463474
0.000415122
0.000415378
0.000431225
0.000435542
0.000442674
0.000494236
0.000655009
0.000736576
0.000348834
0.000359931
0.00063466
0.000706115
0.000707088
0.000643234
0.000569047
0.000499132
0.000438166
0.000407908
0.000425788
0.000434195
0.00041441
0.000426501
0.000449929
0.000455986
0.000456082
0.000505637
0.000644405
0.000687475
0.000359468
0.000380702
0.000646042
0.000764664
0.000796795
0.000770126
0.000721159
0.000657438
0.000580276
0.000505868
0.000460444
0.000448775
0.000460767
0.000502906
0.000546951
0.000559736
0.000554172
0.000584115
0.000654151
0.000621863
0.000372303
0.000403124
0.000606597
0.000837415
0.000988385
0.00103746
0.00105854
0.00103655
0.000966195
0.000856887
0.000741015
0.000707013
0.000764122
0.00084645
0.000897113
0.000881725
0.000826217
0.000791682
0.000729904
0.000583286
0.000389119
0.000427204
0.000463056
0.00049261
0.000517959
0.000541683
0.000562205
0.000577867
0.000587506
0.000589836
0.000582442
0.000567755
0.000563749
0.00055735
0.000546254
0.000529717
0.000508627
0.000486366
0.00046499
0.000439791
0.000407748
0.00025733
0.000260769
0.000254537
0.000235955
0.000208427
0.000154415
0.000153717
0.000138934
0.000139056
0.00014892
0.000148581
0.00015398
0.000191878
0.000220376
0.000242679
0.000264036
0.00027701
0.000286141
0.000292069
0.000287003
0.000244955
0.000325158
0.000328068
0.000297844
0.000268243
0.000287703
0.000317088
0.000369983
0.000451371
0.000396829
0.000300786
0.000256977
0.000253336
0.00027966
0.000316036
0.000358556
0.0004045
0.000443293
0.000444961
0.000294173
0.000233586
0.000376021
0.000415734
0.000382516
0.000347667
0.000357421
0.000387558
0.000442473
0.000543639
0.000492527
0.000382705
0.000332066
0.000320319
0.000333428
0.000370057
0.000428826
0.000505243
0.00057408
0.000579336
0.000309364
0.000235987
0.000404357
0.00048773
0.000473727
0.000431802
0.000419077
0.000431987
0.000468475
0.000556047
0.000588993
0.000476539
0.000406487
0.000384628
0.000388027
0.000418759
0.000480627
0.00057015
0.000669462
0.000687969
0.000324578
0.000289903
0.000437165
0.000527641
0.000540525
0.000502584
0.000471313
0.000454669
0.000460109
0.000521707
0.000608796
0.000551462
0.000467132
0.000439812
0.000438012
0.000456064
0.000503223
0.000585596
0.000710971
0.000766247
0.000338548
0.000328425
0.000503186
0.00056336
0.000586939
0.00055769
0.000516476
0.000478493
0.000455104
0.000479102
0.000560919
0.000562874
0.000490624
0.000470622
0.000474481
0.000482653
0.000506613
0.000570715
0.000716345
0.000803841
0.000351748
0.000359049
0.000617981
0.000624428
0.000643234
0.000626158
0.000587759
0.00054089
0.000495761
0.000478645
0.000518276
0.000547396
0.000508212
0.00049996
0.000511731
0.000516493
0.000520153
0.000568854
0.000705055
0.000760659
0.000365714
0.000385172
0.000683961
0.000740568
0.000770126
0.000762239
0.000730395
0.000680998
0.0006137
0.000540757
0.000494945
0.000489851
0.000501489
0.000549424
0.000591402
0.000603981
0.000600502
0.000635622
0.000719169
0.0006844
0.000381249
0.000411492
0.000639523
0.000915624
0.00103746
0.00112167
0.0011735
0.00117149
0.00110182
0.000967609
0.000812839
0.000769719
0.000857034
0.000972311
0.00102899
0.000999713
0.000922647
0.000871658
0.000831955
0.000639872
0.000400796
0.000439051
0.000478697
0.000511633
0.000541683
0.000570714
0.000596146
0.00061669
0.000631139
0.000638104
0.000635437
0.000615609
0.000606878
0.000596064
0.000580622
0.000559902
0.00053487
0.000508551
0.000483725
0.000455648
0.000420269
0.000148288
0.000173334
0.000165413
0.00015359
0.000154415
0.000158276
0.000154852
0.000143214
0.000143245
0.00015719
0.000155371
0.000157773
0.000166649
0.000172397
0.000189371
0.000219055
0.000251914
0.000265781
0.000271029
0.000267921
0.000178848
0.00025311
0.000274582
0.000282498
0.000287703
0.000308323
0.000338776
0.000388955
0.000483967
0.000432768
0.000327581
0.000278724
0.000263244
0.000266548
0.000277491
0.000302044
0.00033499
0.000360948
0.000357144
0.00026555
0.000194974
0.000303891
0.000346881
0.000353032
0.000357421
0.000376667
0.00040441
0.000461514
0.000565701
0.000519741
0.000404083
0.000348203
0.000336688
0.000338493
0.000347615
0.000373169
0.000421868
0.000478268
0.000490525
0.000288679
0.000211985
0.000331226
0.000401692
0.000418857
0.000419077
0.000432568
0.000455674
0.000494207
0.000581048
0.00060082
0.000491829
0.000418763
0.000399723
0.000400032
0.000414025
0.000448729
0.000516144
0.000601448
0.000631058
0.000314069
0.000272374
0.000360371
0.000431511
0.000467348
0.000471313
0.000470968
0.000475487
0.000495822
0.000561077
0.000629844
0.00057805
0.000488314
0.000454982
0.000452802
0.000468379
0.000507164
0.0005846
0.000694638
0.000748898
0.000334596
0.000319199
0.000414902
0.000460075
0.000504618
0.000516476
0.000509679
0.000497525
0.00049512
0.000532331
0.000602986
0.000612607
0.00053551
0.000497162
0.000495081
0.000508293
0.000540274
0.000611227
0.000736386
0.000828587
0.000351836
0.000355751
0.000547019
0.000532112
0.000569047
0.000587759
0.000580473
0.000557361
0.000532142
0.000531657
0.000574463
0.000612274
0.000570539
0.000540786
0.000543147
0.000553806
0.000571991
0.000624662
0.00074794
0.000803714
0.000368762
0.000386497
0.000687218
0.000685366
0.000721159
0.000730395
0.000717334
0.000682985
0.000625873
0.000557791
0.000514512
0.000518756
0.000531278
0.000575444
0.00061358
0.000630561
0.000641969
0.000688308
0.000767938
0.000721554
0.000386547
0.000416252
0.000649439
0.000921795
0.00105854
0.0011735
0.00124879
0.00125321
0.00116596
0.000988602
0.00078709
0.000752399
0.000878866
0.00103547
0.00111425
0.00109021
0.00100545
0.000936515
0.000895856
0.000673086
0.000408422
0.000447533
0.000490859
0.000527326
0.000562205
0.000596146
0.000626702
0.000652809
0.000673342
0.00068734
0.000693205
0.000667713
0.00065117
0.000633627
0.000612734
0.000587508
0.000558626
0.000528484
0.000499774
0.000468454
0.000429619
0.000103099
0.000124804
0.000138683
0.000148295
0.000153717
0.000154852
0.000150232
0.000143699
0.000146111
0.000164499
0.000160032
0.000158932
0.000160063
0.000156423
0.000155218
0.000158938
0.000180836
0.000220343
0.000233428
0.000225769
0.000123275
0.000246597
0.00028949
0.000306604
0.000317088
0.000338776
0.000361302
0.000395232
0.000496661
0.000450606
0.000351082
0.00030951
0.000298122
0.000295903
0.000294337
0.000291098
0.000281058
0.000284968
0.00027869
0.000226994
0.00016262
0.000281098
0.000344212
0.000374521
0.000387558
0.00040441
0.000431294
0.000479775
0.000558134
0.0004946
0.000405719
0.000368521
0.000357708
0.000358704
0.000362932
0.00035694
0.000356992
0.000369995
0.000369131
0.000264956
0.00018777
0.000288651
0.000364951
0.000406479
0.000431987
0.000455674
0.000478406
0.000516584
0.000570543
0.000523199
0.000460963
0.00042963
0.000412464
0.000413838
0.000416969
0.000425728
0.000446732
0.000482639
0.000495869
0.000300082
0.000253685
0.000305186
0.000371012
0.0004242
0.000454669
0.000475487
0.000496374
0.0005269
0.00056315
0.000529521
0.00051699
0.000496307
0.000468211
0.000462026
0.000470953
0.000493871
0.00053927
0.00061178
0.000667291
0.000327359
0.00030919
0.000352087
0.000385226
0.000441156
0.000478493
0.000497525
0.000509356
0.000527937
0.000548366
0.000510086
0.000535012
0.000547079
0.000513444
0.000504778
0.000516738
0.000546356
0.000604416
0.000702803
0.000802572
0.000348678
0.000350153
0.000461198
0.00044815
0.000499132
0.00054089
0.000557361
0.000557124
0.000555527
0.000557407
0.000514278
0.000550079
0.000590751
0.000562112
0.000556817
0.000570575
0.00059769
0.000650643
0.000748998
0.000812264
0.000367997
0.000384332
0.000661666
0.000612961
0.000657438
0.000680998
0.000682985
0.000661224
0.000615299
0.000560434
0.000509424
0.000515923
0.000540571
0.000576902
0.000614286
0.000637875
0.000662717
0.000718377
0.000787099
0.000731071
0.00038761
0.000417007
0.000633811
0.000876415
0.00103655
0.00117149
0.00125321
0.00124885
0.00112676
0.000916615
0.000754341
0.000735719
0.000835129
0.0010137
0.00112478
0.00112536
0.00105254
0.000973932
0.000912365
0.00067954
0.000411397
0.000452765
0.000499056
0.000538524
0.000577867
0.00061669
0.000652809
0.000685568
0.00071465
0.000740755
0.000763198
0.000730248
0.000698608
0.000669759
0.000641109
0.000610486
0.000577617
0.000543885
0.000511487
0.000477222
0.000435542
0.000102117
0.00011736
0.000124822
0.000129568
0.000138934
0.000143214
0.000143699
0.000143286
0.000150234
0.00017165
0.000166876
0.000161131
0.000157243
0.000149291
0.000149892
0.000151451
0.000149201
0.000141519
0.000144413
0.000134211
0.000129375
0.000304431
0.000337773
0.000354359
0.000369983
0.000388955
0.000395232
0.00042364
0.000499989
0.000403868
0.000330129
0.000351312
0.000369486
0.000370342
0.000352169
0.000349438
0.000338338
0.000288377
0.000243913
0.000192965
0.000133354
0.000317437
0.000390931
0.000425587
0.000442473
0.000461514
0.000479775
0.000496749
0.000498371
0.000373692
0.00032196
0.000372787
0.00040684
0.000410734
0.000394975
0.000379167
0.000353379
0.000324782
0.000303375
0.000248211
0.000162096
0.00027985
0.000372216
0.000430588
0.000468475
0.000494207
0.000516584
0.000527567
0.000480416
0.000411234
0.000359941
0.000389746
0.000428665
0.000422694
0.000407461
0.000399135
0.000394075
0.000393891
0.000391572
0.000286471
0.000228614
0.00026891
0.000342927
0.000411526
0.000460109
0.000495822
0.0005269
0.000538937
0.000475457
0.000476861
0.000428334
0.000425698
0.000470625
0.000457292
0.000446547
0.000451705
0.000473117
0.000512584
0.000552564
0.000316993
0.000298459
0.000305068
0.000333504
0.000399402
0.000455104
0.00049512
0.000527937
0.000537848
0.000473541
0.000547169
0.000501531
0.000451684
0.000513004
0.000504171
0.000500287
0.000516184
0.00055765
0.000633611
0.000740547
0.000341454
0.000342703
0.000398836
0.000379846
0.000438166
0.000495761
0.000532142
0.000555527
0.000561844
0.000503864
0.000608743
0.000582534
0.000507924
0.000565189
0.000561172
0.000567182
0.000590119
0.000635515
0.000712018
0.000794734
0.000362902
0.000378939
0.000612861
0.000531633
0.000580276
0.0006137
0.000625873
0.000615299
0.000590235
0.000564033
0.000661384
0.000642325
0.000530641
0.000561925
0.000594742
0.000623521
0.00065624
0.000713993
0.000772651
0.000719188
0.000384129
0.000413812
0.000596519
0.000792634
0.000966195
0.00110182
0.00116596
0.00112676
0.000978848
0.00088818
0.000979001
0.000921983
0.000808133
0.00091443
0.00104524
0.00108251
0.00103637
0.000963134
0.000884868
0.000658844
0.000409215
0.000454626
0.000502731
0.000544115
0.000587506
0.000631139
0.000673342
0.00071465
0.000757165
0.000804777
0.000854767
0.000811643
0.000752556
0.000704828
0.000664688
0.000627214
0.00058988
0.0005527
0.000517245
0.00048098
0.000437657
0.000100838
0.000116264
0.000124938
0.000132329
0.000139056
0.000143245
0.000146111
0.000150234
0.000155905
0.000177763
0.000177671
0.000172033
0.000167843
0.000167746
0.000169181
0.000167221
0.000160463
0.000150932
0.000137843
0.000124152
0.000129726
0.000333406
0.000379584
0.00041545
0.000451371
0.000483967
0.000496661
0.000499989
0.000441848
0.000466479
0.000441142
0.000408529
0.000437225
0.000394158
0.000348898
0.000322722
0.000326567
0.000330834
0.000269691
0.000167691
0.000143284
0.000393705
0.000464227
0.000509706
0.000543639
0.000565701
0.000558134
0.000498371
0.000409681
0.000672944
0.000609002
0.000372866
0.000420025
0.00044341
0.00040558
0.000377087
0.000354743
0.000315281
0.000273155
0.000229317
0.00014394
0.000334831
0.000441211
0.000506713
0.000556047
0.000581048
0.000570543
0.000480416
0.000468905
0.000921751
0.000814824
0.000404113
0.00038871
0.000452602
0.000415628
0.000377302
0.000354999
0.000337075
0.000327397
0.000273607
0.000210599
0.000272458
0.00037262
0.000458691
0.000521707
0.000561077
0.00056315
0.000475457
0.000581128
0.00118016
0.00101634
0.000462458
0.000397501
0.000464836
0.000430908
0.000404317
0.000403951
0.000422581
0.00045299
0.000306267
0.000287354
0.000285201
0.000322795
0.000405814
0.000479102
0.000532331
0.000548366
0.000473541
0.000709186
0.00141829
0.00120166
0.000530325
0.000425564
0.000498769
0.000476304
0.000464649
0.000486582
0.000548575
0.000657127
0.000332064
0.000333875
0.00035866
0.000342057
0.000407908
0.000478645
0.000531657
0.000557407
0.000503864
0.000822407
0.00159532
0.00134717
0.000611252
0.000485213
0.000554396
0.000548415
0.000552879
0.000583775
0.000650375
0.000768868
0.000354031
0.000371003
0.00056068
0.000464686
0.000505868
0.000540757
0.000557791
0.000560434
0.000564033
0.00091626
0.00167476
0.00144976
0.000672848
0.000528485
0.000559966
0.000587516
0.000620912
0.000674821
0.000730528
0.0006978
0.000375898
0.000406817
0.000545857
0.000689564
0.000856887
0.000967609
0.000988602
0.000916615
0.00088818
0.00115423
0.00155978
0.00141857
0.000946845
0.0008069
0.000893605
0.00096707
0.000957749
0.000903204
0.000822363
0.000619766
0.000401876
0.000452584
0.000501083
0.000542938
0.000589836
0.000638104
0.00068734
0.000740755
0.000804777
0.000883502
0.000956816
0.000909101
0.000813562
0.000738547
0.000682216
0.00063619
0.000594014
0.000553613
0.000515757
0.000478995
0.00043552
9.99397e-05
0.000116653
0.000127909
0.00013836
0.00014892
0.00015719
0.000164499
0.00017165
0.000177763
0.000300119
0.000371911
0.000212407
0.000210668
0.000207644
0.000205859
0.00020138
0.000191221
0.000172679
0.000136957
0.000122228
0.000126142
0.000297576
0.000333872
0.000362604
0.000396829
0.000432768
0.000450606
0.000403868
0.000466479
0.000323809
0.000383945
0.000458924
0.000368933
0.000353636
0.000326401
0.000306686
0.000288467
0.000272387
0.000254938
0.000152636
0.000139307
0.000378878
0.000428929
0.000460775
0.000492527
0.000519741
0.0004946
0.000373692
0.000672944
0.00047075
0.000526917
0.000581276
0.000368967
0.000414115
0.000381522
0.000346534
0.000317773
0.000290112
0.000253836
0.000217714
0.000140531
0.000398674
0.00048883
0.00054732
0.000588993
0.00060082
0.000523199
0.000411234
0.000921751
0.000613999
0.000667061
0.000717477
0.000346497
0.000446465
0.000412883
0.000361558
0.000325055
0.000302526
0.00029548
0.000266444
0.000202927
0.00029885
0.000433426
0.000539685
0.000608796
0.000629844
0.000529521
0.000476861
0.00118016
0.000758105
0.000814506
0.000871471
0.000351136
0.000463935
0.000443307
0.000385612
0.000361412
0.000368297
0.000397782
0.00029965
0.000277931
0.000287526
0.000347559
0.000466099
0.000560919
0.000602986
0.000510086
0.000547169
0.00141829
0.000902669
0.000970613
0.0010211
0.000381104
0.000481616
0.000485134
0.000437241
0.000433116
0.000484478
0.000592319
0.000325196
0.000323686
0.000346071
0.000339792
0.000425788
0.000518276
0.000574463
0.000514278
0.000608743
0.00159532
0.00103674
0.00112536
0.00113379
0.00043859
0.000526656
0.000546404
0.000521365
0.000529566
0.000592986
0.000748783
0.000346305
0.000359958
0.000531243
0.000429486
0.000460444
0.000494945
0.000514512
0.000509424
0.000661384
0.00167476
0.00114667
0.00125498
0.00117918
0.000500958
0.000528723
0.000553454
0.000577797
0.000623042
0.000679427
0.000677707
0.00036685
0.000394625
0.000493037
0.000599373
0.000741015
0.000812839
0.00078709
0.000754341
0.000979001
0.00155978
0.00124555
0.00133862
0.00120705
0.000795601
0.000741879
0.000831543
0.000857175
0.00082289
0.000749247
0.000574096
0.00039063
0.000443768
0.000491516
0.000532465
0.000582442
0.000635437
0.000693205
0.000763198
0.000854767
0.000956816
0.000900376
0.000922868
0.000861816
0.000765329
0.000690805
0.000635486
0.000588626
0.000545345
0.00050558
0.00046942
0.000426611
9.88457e-05
0.000117123
0.000129682
0.000140158
0.000148581
0.000155371
0.000160032
0.000166876
0.000177671
0.000371911
0.00052879
0.000245363
0.000243009
0.000243068
0.000242743
0.000239584
0.000231273
0.000215048
0.000186364
0.000128133
0.000118713
0.000250058
0.000275518
0.000287408
0.000300786
0.000327581
0.000351082
0.000330129
0.000441142
0.000383945
0.000482674
0.000420556
0.00035903
0.000349222
0.000340045
0.000327902
0.000307306
0.000276121
0.00023062
0.00014929
0.000128792
0.000312209
0.000345151
0.000365469
0.000382705
0.000404083
0.000405719
0.00032196
0.000609002
0.000526917
0.000606161
0.000485338
0.000404593
0.000406306
0.000385024
0.000354026
0.000313932
0.000273984
0.000243844
0.00021645
0.000133737
0.000364211
0.000429027
0.000455876
0.000476539
0.000491829
0.000460963
0.000359941
0.000814824
0.000667061
0.000743265
0.000522834
0.000416061
0.000451231
0.000415606
0.000365801
0.000318144
0.0002907
0.000285304
0.000265435
0.000214201
0.000283388
0.000407777
0.000498841
0.000551462
0.00057805
0.00051699
0.000428334
0.00101634
0.000814506
0.000899849
0.000586425
0.000413771
0.000498506
0.000456746
0.000395408
0.000352546
0.000350157
0.000379176
0.000298648
0.000282002
0.000286532
0.000339852
0.000463474
0.000562874
0.000612607
0.000535012
0.000501531
0.00120166
0.000970613
0.00107183
0.000681207
0.000428452
0.000554539
0.000518943
0.000450539
0.000418169
0.000458319
0.000567971
0.000324163
0.000324871
0.000347527
0.000337681
0.000434195
0.000547396
0.000612274
0.000550079
0.000582534
0.00134717
0.00112536
0.00124321
0.000790679
0.000488307
0.00060344
0.000584801
0.00053045
0.000508156
0.000562082
0.000735277
0.000345376
0.000359096
0.000523559
0.000418615
0.000448775
0.000489851
0.000518756
0.000515923
0.000642325
0.00144976
0.00125498
0.00139744
0.00086167
0.000536886
0.000564158
0.000565649
0.000567883
0.000595325
0.000646309
0.000654908
0.000366089
0.000391966
0.000476979
0.000578368
0.000707013
0.000769719
0.000752399
0.000735719
0.000921983
0.00141857
0.00133862
0.00143652
0.00101139
0.000770682
0.00076076
0.000823758
0.000837653
0.000799171
0.000721184
0.000546747
0.000390562
0.000439089
0.000484281
0.000522573
0.000567755
0.000615609
0.000667713
0.000730248
0.000811643
0.000909101
0.000922868
0.000951165
0.000841927
0.000752062
0.00068438
0.000631704
0.000586378
0.000544573
0.000506251
0.000470664
0.000428442
9.93046e-05
0.000122948
0.000136856
0.000143872
0.00015398
0.000157773
0.000158932
0.000161131
0.000172033
0.000212407
0.000245363
0.000254818
0.000261166
0.000265699
0.000268304
0.000268177
0.000264231
0.000254863
0.000237469
0.000205937
0.000112014
0.000225546
0.000244231
0.000250969
0.000256977
0.000278724
0.00030951
0.000351312
0.000408529
0.000458924
0.000420556
0.000372714
0.00038019
0.00038687
0.00039028
0.000383763
0.000362189
0.000322587
0.00026486
0.000170996
0.000120815
0.000278057
0.000310866
0.000324997
0.000332066
0.000348203
0.000368521
0.000372787
0.000372866
0.000581276
0.000485338
0.00041177
0.000432964
0.000435863
0.000425614
0.000398422
0.000354536
0.00030224
0.000257599
0.000221245
0.000134416
0.000296034
0.000373387
0.000396181
0.000406487
0.000418763
0.00042963
0.000389746
0.000404113
0.000717477
0.000522834
0.000413166
0.000473899
0.000473431
0.000448553
0.000400929
0.000342802
0.000301444
0.000290867
0.000268578
0.0002285
0.000264724
0.000358893
0.000431987
0.000467132
0.000488314
0.000496307
0.000425698
0.000462458
0.000871471
0.000586425
0.000403267
0.000511611
0.000515071
0.000481321
0.000424079
0.000368559
0.000356747
0.00038516
0.000301403
0.000288399
0.000287956
0.00032315
0.000415122
0.000490624
0.00053551
0.000547079
0.000451684
0.000530325
0.0010211
0.000681207
0.000416082
0.000555312
0.000574956
0.000540104
0.000481627
0.000434223
0.000463178
0.000578653
0.000326898
0.000329003
0.000355936
0.000336575
0.00041441
0.000508212
0.000570539
0.000590751
0.000507924
0.000611252
0.00113379
0.000790679
0.000490904
0.000608453
0.000637341
0.000613374
0.000567133
0.000526626
0.000561177
0.000728247
0.000348392
0.000362095
0.000528671
0.000426447
0.000460767
0.000501489
0.000531278
0.000540571
0.000530641
0.000672848
0.00117918
0.00086167
0.000576329
0.000611604
0.000627358
0.000620801
0.000605982
0.000611453
0.000645952
0.000642087
0.000369524
0.000394535
0.000489407
0.00061626
0.000764122
0.000857034
0.000878866
0.000835129
0.000808133
0.000946845
0.00120705
0.00101139
0.00081672
0.00083984
0.000910122
0.00094157
0.000915648
0.000848321
0.000748817
0.000554241
0.000395079
0.000439619
0.0004841
0.000522063
0.000563749
0.000606878
0.00065117
0.000698608
0.000752556
0.000813562
0.000861816
0.000841927
0.00077544
0.000718003
0.000669081
0.000625741
0.000585349
0.000546587
0.000510142
0.00047449
0.000432342
0.000110788
0.000134187
0.000162729
0.000189096
0.000191878
0.000166649
0.000160063
0.000157243
0.000167843
0.000210668
0.000243009
0.000261166
0.000272349
0.000279678
0.000284251
0.000286221
0.000285213
0.000280412
0.000270896
0.000256894
0.000132692
0.000222098
0.000241783
0.000251811
0.000253336
0.000263244
0.000298122
0.000369486
0.000437225
0.000368933
0.00035903
0.00038019
0.000409707
0.000436587
0.000454355
0.000456695
0.00043852
0.000395155
0.000321793
0.000204885
0.000139935
0.000279298
0.000307886
0.000316136
0.000320319
0.000336688
0.000357708
0.00040684
0.000420025
0.000368967
0.000404593
0.000432964
0.00046193
0.000484901
0.000489538
0.000467928
0.000419921
0.000354641
0.000291652
0.000230957
0.000156284
0.00029622
0.000358072
0.000377611
0.000384628
0.000399723
0.000412464
0.000428665
0.00038871
0.000346497
0.000416061
0.000473899
0.000501357
0.000519788
0.000512554
0.000469784
0.00040061
0.00033712
0.000311691
0.000274914
0.000240726
0.000279705
0.000359104
0.000416911
0.000439812
0.000454982
0.000468211
0.000470625
0.000397501
0.000351136
0.000413771
0.000511611
0.000539741
0.000553249
0.000539026
0.000488063
0.000419467
0.000388482
0.000413989
0.000306723
0.000295082
0.0003045
0.000336126
0.000415378
0.000470622
0.000497162
0.000513444
0.000513004
0.000425564
0.000381104
0.000428452
0.000555312
0.000590721
0.000600653
0.000585487
0.000537664
0.000481518
0.000495036
0.000616806
0.000331808
0.000333553
0.000374882
0.000355308
0.000426501
0.00049996
0.000540786
0.000562112
0.000565189
0.000485213
0.00043859
0.000488307
0.000608453
0.000643311
0.000653574
0.000647828
0.000616492
0.000574518
0.000588884
0.000731405
0.000353162
0.000365473
0.000543881
0.000453994
0.000502906
0.000549424
0.000575444
0.000576902
0.000561925
0.000528485
0.000500958
0.000536886
0.000611604
0.000653179
0.000678387
0.000685363
0.000671807
0.000663859
0.000675982
0.000646004
0.000374454
0.000397134
0.000513204
0.000676225
0.00084645
0.000972311
0.00103547
0.0010137
0.00091443
0.0008069
0.000795601
0.000770682
0.00083984
0.000971119
0.00105261
0.00106187
0.00101189
0.000923627
0.000807593
0.000582255
0.000400334
0.000438945
0.000482109
0.000518993
0.00055735
0.000596064
0.000633627
0.000669759
0.000704828
0.000738547
0.000765329
0.000752062
0.000718003
0.000683289
0.000648836
0.000614446
0.000579819
0.000544933
0.000510999
0.000476122
0.000434653
0.000160441
0.000202027
0.000227401
0.000234687
0.000220376
0.000172397
0.000156423
0.000149291
0.000167746
0.000207644
0.000243068
0.000265699
0.000279678
0.000288616
0.000294346
0.000297536
0.000298074
0.000295212
0.000287737
0.000274381
0.000164638
0.000241299
0.000275543
0.000289345
0.00027966
0.000266548
0.000295903
0.000370342
0.000394158
0.000353636
0.000349222
0.00038687
0.000436587
0.000481211
0.000511701
0.000520618
0.000505014
0.000461658
0.000380919
0.000226704
0.000160696
0.000282177
0.000313887
0.000331882
0.000333428
0.000338493
0.000358704
0.000410734
0.00044341
0.000414115
0.000406306
0.000435863
0.000484901
0.000531536
0.000555509
0.000544592
0.000496798
0.000417362
0.000325417
0.000246268
0.000185261
0.000310258
0.000357625
0.000378449
0.000388027
0.000400032
0.000413838
0.000422694
0.000452602
0.000446465
0.000451231
0.000473431
0.000519788
0.000569334
0.000592379
0.000567674
0.000494545
0.000399067
0.000349369
0.000284281
0.000252172
0.000310784
0.000373911
0.000418571
0.000438012
0.000452802
0.000462026
0.000457292
0.000464836
0.000463935
0.000498506
0.000515071
0.000553249
0.000599578
0.000621189
0.000594044
0.000524246
0.000462232
0.000479468
0.000313945
0.000301478
0.000333189
0.000363851
0.000431225
0.000474481
0.000495081
0.000504778
0.000504171
0.000498769
0.000481616
0.000554539
0.000574956
0.000600653
0.000638792
0.000658021
0.000634787
0.000579158
0.000561997
0.000659724
0.000337688
0.000337565
0.000403444
0.000384436
0.000449929
0.000511731
0.000543147
0.000556817
0.000561172
0.000554396
0.000526656
0.00060344
0.000637341
0.000653574
0.000685321
0.00070682
0.000696263
0.000658004
0.00064603
0.000738789
0.000358265
0.000367913
0.000563646
0.000489893
0.000546951
0.000591402
0.00061358
0.000614286
0.000594742
0.000559966
0.000528723
0.000564158
0.000627358
0.000678387
0.000718108
0.000741346
0.000743512
0.000735543
0.000725465
0.000658891
0.000379198
0.000398067
0.000535168
0.00072816
0.000897113
0.00102899
0.00111425
0.00112478
0.00104524
0.000893605
0.000741879
0.00076076
0.000910122
0.00105261
0.00112287
0.00112439
0.00107396
0.000986101
0.000865438
0.000613057
0.000404392
0.00043599
0.000476874
0.000511631
0.000546254
0.000580622
0.000612734
0.000641109
0.000664688
0.000682216
0.000690805
0.00068438
0.000669081
0.000648836
0.000624849
0.000598107
0.000569235
0.000538669
0.000507801
0.000474566
0.000434571
0.000241279
0.000253282
0.000260146
0.000259429
0.000242679
0.000189371
0.000155218
0.000149892
0.000169181
0.000205859
0.000242743
0.000268304
0.000284251
0.000294346
0.000300987
0.000305226
0.000307045
0.000305573
0.000299191
0.000284651
0.000220937
0.000297818
0.00033298
0.000339788
0.000316036
0.000277491
0.000294337
0.000352169
0.000348898
0.000326401
0.000340045
0.00039028
0.000454355
0.000511701
0.000548931
0.000555193
0.000534491
0.000487933
0.000406346
0.000257534
0.000201686
0.000293225
0.000345286
0.000376299
0.000370057
0.000347615
0.000362932
0.000394975
0.00040558
0.000381522
0.000385024
0.000425614
0.000489538
0.000555509
0.000598133
0.000602658
0.000567461
0.000495956
0.000392446
0.000265375
0.000196051
0.000304632
0.000361118
0.000403388
0.000418759
0.000414025
0.000416969
0.000407461
0.000415628
0.000412883
0.000415606
0.000448553
0.000512554
0.000592379
0.000654056
0.000665348
0.000620949
0.000527458
0.000429237
0.000296233
0.000262173
0.000325836
0.000376264
0.000425673
0.000456064
0.000468379
0.000470953
0.000446547
0.000430908
0.000443307
0.000456746
0.000481321
0.000539026
0.000621189
0.000691763
0.000710712
0.000670002
0.000587668
0.000552867
0.000322159
0.000307225
0.00035959
0.000377619
0.000435542
0.000482653
0.000508293
0.000516738
0.000500287
0.000476304
0.000485134
0.000518943
0.000540104
0.000585487
0.000658021
0.000725506
0.000747781
0.000716732
0.000663035
0.000689532
0.00034355
0.000340531
0.000441083
0.000405018
0.000455986
0.000516493
0.000553806
0.000570575
0.000567182
0.000548415
0.000546404
0.000584801
0.000613374
0.000647828
0.00070682
0.000766015
0.000791872
0.000768548
0.000722629
0.000737792
0.000362622
0.000368541
0.000577397
0.000513255
0.000559736
0.000603981
0.000630561
0.000637875
0.000623521
0.000587516
0.000553454
0.000565649
0.000620801
0.000685363
0.000741346
0.000786624
0.000811787
0.000810507
0.000774281
0.000666638
0.000382589
0.000396288
0.000542878
0.000744408
0.000881725
0.000999713
0.00109021
0.00112536
0.00108251
0.00096707
0.000831543
0.000823758
0.00094157
0.00106187
0.00112439
0.00113359
0.00109941
0.00102749
0.000891723
0.00063433
0.000406276
0.000430383
0.000467965
0.000499491
0.000529717
0.000559902
0.000587508
0.000610486
0.000627214
0.00063619
0.000635486
0.000631704
0.000625741
0.000614446
0.000598107
0.000577842
0.000554455
0.000528414
0.000500826
0.000469769
0.000431874
0.00026205
0.00027271
0.0002777
0.00027572
0.000264036
0.000219055
0.000158938
0.000151451
0.000167221
0.00020138
0.000239584
0.000268177
0.000286221
0.000297536
0.000305226
0.000310648
0.000313836
0.000313922
0.000309168
0.000296035
0.000232758
0.000342716
0.000384212
0.000389344
0.000358556
0.000302044
0.000291098
0.000349438
0.000322722
0.000306686
0.000327902
0.000383763
0.000456695
0.000520618
0.000555193
0.000562169
0.000550446
0.000510447
0.000432339
0.000281875
0.000206762
0.000315303
0.000389296
0.000436522
0.000428826
0.000373169
0.00035694
0.000379167
0.000377087
0.000346534
0.000354026
0.000398422
0.000467928
0.000544592
0.000602658
0.000626675
0.000614913
0.000561874
0.000461667
0.000286868
0.000213232
0.000313319
0.000384465
0.00045381
0.000480627
0.000448729
0.000425728
0.000399135
0.000377302
0.000361558
0.000365801
0.000400929
0.000469784
0.000567674
0.000665348
0.000707565
0.000696165
0.000633833
0.00051721
0.000309545
0.000273505
0.000338007
0.000383117
0.000451975
0.000503223
0.000507164
0.000493871
0.000451705
0.000404317
0.000385612
0.000395408
0.000424079
0.000488063
0.000594044
0.000710712
0.000773928
0.000765159
0.00070495
0.000608289
0.000330576
0.000312959
0.000386941
0.000387934
0.000442674
0.000506613
0.000540274
0.000546356
0.000516184
0.000464649
0.000437241
0.000450539
0.000481627
0.000537664
0.000634787
0.000747781
0.000815523
0.000813738
0.000753749
0.000694966
0.000348754
0.000342379
0.000487732
0.000427364
0.000456082
0.000520153
0.000571991
0.00059769
0.000590119
0.000552879
0.000521365
0.00053045
0.000567133
0.000616492
0.000696263
0.000791872
0.00085685
0.00085421
0.000779235
0.000719908
0.000365557
0.000366952
0.000577791
0.000526804
0.000554172
0.000600502
0.000641969
0.000662717
0.00065624
0.000620912
0.000577797
0.000567883
0.000605982
0.000671807
0.000743512
0.000811787
0.000858646
0.000863178
0.000785297
0.000660588
0.000383739
0.000391489
0.000532524
0.000727166
0.000826217
0.000922647
0.00100545
0.00105254
0.00103637
0.000957749
0.000857175
0.000837653
0.000915648
0.00101189
0.00107396
0.00109941
0.00109038
0.00104297
0.000881339
0.000636473
0.000405077
0.000422001
0.00045557
0.000483204
0.000508627
0.00053487
0.000558626
0.000577617
0.00058988
0.000594014
0.000588626
0.000586378
0.000585349
0.000579819
0.000569235
0.000554455
0.00053613
0.000514602
0.00049047
0.000461896
0.00042648
0.000273156
0.000284751
0.000289719
0.000287616
0.00027701
0.000251914
0.000180836
0.000149201
0.000160463
0.000191221
0.000231273
0.000264231
0.000285213
0.000298074
0.000307045
0.000313836
0.000318694
0.00032073
0.000317927
0.000306526
0.000243591
0.000365066
0.000419192
0.000434147
0.0004045
0.00033499
0.000281058
0.000338338
0.000326567
0.000288467
0.000307306
0.000362189
0.00043852
0.000505014
0.000534491
0.000550446
0.000551595
0.000525147
0.000454938
0.000303182
0.00020681
0.000326671
0.000429502
0.000500543
0.000505243
0.000421868
0.000356992
0.000353379
0.000354743
0.000317773
0.000313932
0.000354536
0.000419921
0.000496798
0.000567461
0.000614913
0.000625535
0.000594018
0.000504833
0.000309733
0.000243412
0.000326186
0.000418238
0.0005216
0.00057015
0.000516144
0.000446732
0.000394075
0.000354999
0.000325055
0.000318144
0.000342802
0.00040061
0.000494545
0.000620949
0.000696165
0.000709512
0.000671916
0.000567245
0.000323172
0.000287889
0.000378131
0.000419022
0.000507537
0.000585596
0.0005846
0.00053927
0.000473117
0.000403951
0.000361412
0.000352546
0.000368559
0.000419467
0.000524246
0.000670002
0.000765159
0.000779952
0.000738045
0.00062755
0.000338772
0.000319326
0.000449122
0.000444376
0.000494236
0.000570715
0.000611227
0.000604416
0.00055765
0.000486582
0.000433116
0.000418169
0.000434223
0.000481518
0.000579158
0.000716732
0.000813738
0.00082577
0.000777916
0.000671148
0.000353082
0.000343132
0.000524238
0.000485662
0.000505637
0.000568854
0.000624662
0.000650643
0.000635515
0.000583775
0.000529566
0.000508156
0.000526626
0.000574518
0.000658004
0.000768548
0.00085421
0.00084972
0.000782669
0.000678433
0.000366964
0.000363261
0.000561219
0.000555017
0.000584115
0.000635622
0.000688308
0.000718377
0.000713993
0.000674821
0.000623042
0.000595325
0.000611453
0.000663859
0.000735543
0.000810507
0.000863178
0.000853296
0.000767238
0.000640448
0.000382299
0.000384056
0.000510072
0.000678171
0.000791682
0.000871658
0.000936515
0.000973932
0.000963134
0.000903204
0.00082289
0.000799171
0.000848321
0.000923627
0.000986101
0.00102749
0.00104297
0.00099355
0.000825908
0.000617679
0.000400405
0.000410771
0.000440422
0.000464823
0.000486366
0.000508551
0.000528484
0.000543885
0.0005527
0.000553613
0.000545345
0.000544573
0.000546587
0.000544933
0.000538669
0.000528414
0.000514602
0.00049743
0.000476765
0.000450821
0.000418051
0.000280959
0.000294562
0.000299912
0.000297276
0.000286141
0.000265781
0.000220343
0.000141519
0.000150932
0.000172679
0.000215048
0.000254863
0.000280412
0.000295212
0.000305573
0.000313922
0.00032073
0.000325184
0.000324919
0.000315496
0.000264876
0.000377916
0.000439491
0.000466467
0.000443293
0.000360948
0.000284968
0.000288377
0.000330834
0.000272387
0.000276121
0.000322587
0.000395155
0.000461658
0.000487933
0.000510447
0.000525147
0.000518107
0.000465996
0.000320258
0.000256142
0.000398557
0.000496855
0.000563123
0.00057408
0.000478268
0.000369995
0.000324782
0.000315281
0.000290112
0.000273984
0.00030224
0.000354641
0.000417362
0.000495956
0.000561874
0.000594018
0.0005874
0.000520011
0.000327941
0.000277799
0.000429258
0.000541852
0.000627908
0.000669462
0.000601448
0.000482639
0.000393891
0.000337075
0.000302526
0.0002907
0.000301444
0.00033712
0.000399067
0.000527458
0.000633833
0.000671916
0.000656906
0.000573255
0.000336573
0.000305062
0.000480824
0.000567562
0.000652468
0.000710971
0.000694638
0.00061178
0.000512584
0.000422581
0.000368297
0.000350157
0.000356747
0.000388482
0.000462232
0.000587668
0.00070495
0.000738045
0.000713253
0.000617574
0.000346709
0.000326124
0.000523788
0.000588623
0.000655009
0.000716345
0.000736386
0.000702803
0.000633611
0.000548575
0.000484478
0.000458319
0.000463178
0.000495036
0.000561997
0.000663035
0.000753749
0.000777916
0.000743464
0.000641223
0.000356538
0.000342786
0.000540103
0.000590312
0.000644405
0.000705055
0.00074794
0.000748998
0.000712018
0.000650375
0.000592986
0.000562082
0.000561177
0.000588884
0.00064603
0.000722629
0.000779235
0.000782669
0.000744852
0.000639301
0.000366553
0.000357712
0.000524441
0.000580763
0.000654151
0.000719169
0.000767938
0.000787099
0.000772651
0.000730528
0.000679427
0.000646309
0.000645952
0.000675982
0.000725465
0.000774281
0.000785297
0.000767238
0.00071927
0.000611722
0.000378057
0.000374269
0.000483104
0.000597882
0.000729904
0.000831955
0.000895856
0.000912365
0.000884868
0.000822363
0.000749247
0.000721184
0.000748817
0.000807593
0.000865438
0.000891723
0.000881339
0.000825908
0.000717374
0.000579516
0.000391937
0.000396333
0.000422872
0.000445348
0.00046499
0.000483725
0.000499774
0.000511487
0.000517245
0.000515757
0.00050558
0.000506251
0.000510142
0.000510999
0.000507801
0.000500826
0.00049047
0.000476765
0.000459221
0.000435926
0.000405811
0.000292183
0.000305785
0.000309379
0.000304924
0.000292069
0.000271029
0.000233428
0.000144413
0.000137843
0.000136957
0.000186364
0.000237469
0.000270896
0.000287737
0.000299191
0.000309168
0.000317927
0.000324919
0.000328035
0.000322847
0.000294894
0.000413996
0.000459242
0.00046927
0.000444961
0.000357144
0.00027869
0.000243913
0.000269691
0.000254938
0.00023062
0.00026486
0.000321793
0.000380919
0.000406346
0.000432339
0.000454938
0.000465996
0.000442903
0.000333196
0.000300798
0.000478066
0.000552041
0.00058335
0.000579336
0.000490525
0.000369131
0.000303375
0.000273155
0.000253836
0.000243844
0.000257599
0.000291652
0.000325417
0.000392446
0.000461667
0.000504833
0.000520011
0.000485794
0.000341274
0.000308869
0.000525258
0.000623872
0.000674205
0.000687969
0.000631058
0.000495869
0.000391572
0.000327397
0.00029548
0.000285304
0.000290867
0.000311691
0.000349369
0.000429237
0.00051721
0.000567245
0.000573255
0.000523772
0.00034687
0.000320807
0.000539171
0.00065599
0.000728232
0.000766247
0.000748898
0.000667291
0.000552564
0.00045299
0.000397782
0.000379176
0.00038516
0.000413989
0.000479468
0.000552867
0.000608289
0.00062755
0.000617574
0.000555542
0.000351854
0.000331245
0.000530971
0.000643624
0.000736576
0.000803841
0.000828587
0.000802572
0.000740547
0.000657127
0.000592319
0.000567971
0.000578653
0.000616806
0.000659724
0.000689532
0.000694966
0.000671148
0.000641223
0.000573832
0.000356936
0.000340357
0.000507211
0.000598724
0.000687475
0.000760659
0.000803714
0.000812264
0.000794734
0.000768868
0.000748783
0.000735277
0.000728247
0.000731405
0.000738789
0.000737792
0.000719908
0.000678433
0.000639301
0.00057615
0.000362446
0.00034949
0.000479556
0.000546582
0.000621863
0.0006844
0.000721554
0.000731071
0.000719188
0.0006978
0.000677707
0.000654908
0.000642087
0.000646004
0.000658891
0.000666638
0.000660588
0.000640448
0.000611722
0.000552314
0.000369387
0.000360847
0.000454472
0.000515298
0.000583286
0.000639872
0.000673086
0.00067954
0.000658844
0.000619766
0.000574096
0.000546747
0.000554241
0.000582255
0.000613057
0.00063433
0.000636473
0.000617679
0.000579516
0.00051858
0.000378064
0.000376461
0.000400666
0.000421922
0.000439791
0.000455648
0.000468454
0.000477222
0.00048098
0.000478995
0.00046942
0.000470664
0.00047449
0.000476122
0.000474566
0.000469769
0.000461896
0.000450821
0.000435926
0.000415043
0.000387534
0.000303669
0.00030664
0.000305185
0.000298911
0.000287003
0.000267921
0.000225769
0.000134211
0.000124152
0.000122228
0.000128133
0.000205937
0.000256894
0.000274381
0.000284651
0.000296035
0.000306526
0.000315496
0.000322847
0.000327766
0.000315236
0.000319814
0.000318091
0.000309958
0.000294173
0.00026555
0.000226994
0.000192965
0.000167691
0.000152636
0.00014929
0.000170996
0.000204885
0.000226704
0.000257534
0.000281875
0.000303182
0.000320258
0.000333196
0.000338878
0.000321592
0.000327778
0.000327301
0.0003213
0.000309364
0.000288679
0.000264956
0.000248211
0.000229317
0.000217714
0.00021645
0.000221245
0.000230957
0.000246268
0.000265375
0.000286868
0.000309733
0.000327941
0.000341274
0.000344689
0.000324765
0.000332282
0.000333341
0.000330796
0.000324578
0.000314069
0.000300082
0.000286471
0.000273607
0.000266444
0.000265435
0.000268578
0.000274914
0.000284281
0.000296233
0.000309545
0.000323172
0.000336573
0.00034687
0.000347115
0.000327781
0.000335742
0.000338393
0.000339646
0.000338548
0.000334596
0.000327359
0.000316993
0.000306267
0.00029965
0.000298648
0.000301403
0.000306723
0.000313945
0.000322159
0.000330576
0.000338772
0.000346709
0.000351854
0.000348453
0.000330563
0.000338954
0.000343933
0.000348834
0.000351748
0.000351836
0.000348678
0.000341454
0.000332064
0.000325196
0.000324163
0.000326898
0.000331808
0.000337688
0.00034355
0.000348754
0.000353082
0.000356538
0.000356936
0.000349645
0.000333242
0.000342989
0.000351308
0.000359468
0.000365714
0.000368762
0.000367997
0.000362902
0.000354031
0.000346305
0.000345376
0.000348392
0.000353162
0.000358265
0.000362622
0.000365557
0.000366964
0.000366553
0.000362446
0.000351098
0.0003365
0.000349165
0.000361017
0.000372303
0.000381249
0.000386547
0.00038761
0.000384129
0.000375898
0.00036685
0.000366089
0.000369524
0.000374454
0.000379198
0.000382589
0.000383739
0.000382299
0.000378057
0.000369387
0.000353274
0.000341564
0.000358581
0.000374655
0.000389119
0.000400796
0.000408422
0.000411397
0.000409215
0.000401876
0.00039063
0.000390562
0.000395079
0.000400334
0.000404392
0.000406276
0.000405077
0.000400405
0.000391937
0.000378064
0.000356907
0.000349841
0.000372428
0.000392265
0.000407748
0.000420269
0.000429619
0.000435542
0.000437657
0.00043552
0.000426611
0.000428442
0.000432342
0.000434653
0.000434571
0.000431874
0.00042648
0.000418051
0.000405811
0.000387534
0.000362859
)
;

boundaryField
{
    floor
    {
        type            nutkWallFunction;
        Cmu             0.09;
        kappa           0.41;
        E               9.8;
        value           nonuniform List<scalar> 
400
(
3.76327e-05
3.65419e-05
3.48809e-05
3.31177e-05
3.01056e-05
1.51778e-05
8.7692e-06
8.60177e-06
8.40611e-06
8.26581e-06
8.10708e-06
8.19812e-06
9.94839e-06
1.73515e-05
2.80527e-05
3.07506e-05
3.21893e-05
3.31979e-05
3.46458e-05
3.61261e-05
3.65419e-05
3.71569e-05
3.5997e-05
3.38072e-05
3.05591e-05
1.87195e-05
1.19533e-05
1.08387e-05
1.06757e-05
1.07382e-05
1.08197e-05
1.16743e-05
1.33479e-05
2.30062e-05
2.96404e-05
3.21535e-05
3.37056e-05
3.49674e-05
3.64063e-05
3.65184e-05
3.48809e-05
3.5997e-05
3.497e-05
3.30296e-05
2.9742e-05
1.76366e-05
1.39857e-05
1.19183e-05
1.19293e-05
1.23754e-05
1.26388e-05
1.36503e-05
1.75547e-05
2.63054e-05
3.05447e-05
3.28127e-05
3.43596e-05
3.5669e-05
3.68809e-05
3.63432e-05
3.31177e-05
3.38072e-05
3.30296e-05
3.11414e-05
2.72758e-05
1.60307e-05
1.53661e-05
1.26396e-05
1.29837e-05
1.38706e-05
1.41306e-05
1.46345e-05
2.11436e-05
2.72296e-05
3.04536e-05
3.25628e-05
3.40961e-05
3.53397e-05
3.63206e-05
3.55453e-05
3.01056e-05
3.05591e-05
2.9742e-05
2.72758e-05
2.35825e-05
1.61699e-05
1.61285e-05
1.40291e-05
1.39515e-05
1.53647e-05
1.53093e-05
1.60723e-05
2.1505e-05
2.53446e-05
2.82773e-05
3.10476e-05
3.27231e-05
3.39006e-05
3.46685e-05
3.40099e-05
1.51778e-05
1.87195e-05
1.76366e-05
1.60307e-05
1.61699e-05
1.67521e-05
1.62891e-05
1.46477e-05
1.45695e-05
1.65393e-05
1.62678e-05
1.66069e-05
1.79592e-05
1.88449e-05
2.11699e-05
2.51432e-05
2.944e-05
3.12412e-05
3.19202e-05
3.15146e-05
8.7692e-06
1.19533e-05
1.39857e-05
1.53661e-05
1.61285e-05
1.62891e-05
1.56421e-05
1.47062e-05
1.49977e-05
1.7582e-05
1.69413e-05
1.67899e-05
1.6982e-05
1.64889e-05
1.63271e-05
1.68998e-05
1.9916e-05
2.51793e-05
2.69369e-05
2.59433e-05
8.60177e-06
1.08387e-05
1.19183e-05
1.26396e-05
1.40291e-05
1.46477e-05
1.47062e-05
1.46425e-05
1.55917e-05
1.85963e-05
1.79135e-05
1.71121e-05
1.65938e-05
1.55061e-05
1.55164e-05
1.56949e-05
1.53933e-05
1.4317e-05
1.46941e-05
1.32873e-05
8.40611e-06
1.06757e-05
1.19293e-05
1.29837e-05
1.39515e-05
1.45695e-05
1.49977e-05
1.55917e-05
1.64077e-05
1.94487e-05
1.94033e-05
1.86198e-05
1.79906e-05
1.79216e-05
1.81117e-05
1.78419e-05
1.69096e-05
1.55749e-05
1.3746e-05
1.18335e-05
8.26581e-06
1.07382e-05
1.23754e-05
1.38706e-05
1.53647e-05
1.65393e-05
1.7582e-05
1.85963e-05
1.94487e-05
0
0
2.40418e-05
2.37944e-05
2.33874e-05
2.31654e-05
2.25799e-05
2.12123e-05
1.86337e-05
1.3675e-05
1.15768e-05
8.10708e-06
1.08197e-05
1.26388e-05
1.41306e-05
1.53093e-05
1.62678e-05
1.69413e-05
1.79135e-05
1.94033e-05
0
0
2.84394e-05
2.8146e-05
2.81736e-05
2.81505e-05
2.77486e-05
2.66554e-05
2.44903e-05
2.05991e-05
1.24189e-05
8.19812e-06
1.16743e-05
1.36503e-05
1.46345e-05
1.60723e-05
1.66069e-05
1.67899e-05
1.71121e-05
1.86198e-05
2.40418e-05
2.84394e-05
2.97214e-05
3.05822e-05
3.1196e-05
3.15504e-05
3.15417e-05
3.10276e-05
2.97931e-05
2.74774e-05
2.32066e-05
9.94839e-06
1.33479e-05
1.75547e-05
2.11436e-05
2.1505e-05
1.79592e-05
1.6982e-05
1.65938e-05
1.79906e-05
2.37944e-05
2.8146e-05
3.05822e-05
3.20739e-05
3.30459e-05
3.36493e-05
3.39087e-05
3.37773e-05
3.31483e-05
3.18965e-05
3.00409e-05
1.73515e-05
2.30062e-05
2.63054e-05
2.72296e-05
2.53446e-05
1.88449e-05
1.64889e-05
1.55061e-05
1.79216e-05
2.33874e-05
2.81736e-05
3.1196e-05
3.30459e-05
3.42201e-05
3.49683e-05
3.53825e-05
3.54504e-05
3.50755e-05
3.40972e-05
3.2337e-05
2.80527e-05
2.96404e-05
3.05447e-05
3.04536e-05
2.82773e-05
2.11699e-05
1.63271e-05
1.55164e-05
1.81117e-05
2.31654e-05
2.81505e-05
3.15504e-05
3.36493e-05
3.49683e-05
3.58309e-05
3.63789e-05
3.66115e-05
3.64178e-05
3.55869e-05
3.36898e-05
3.07506e-05
3.21535e-05
3.28127e-05
3.25628e-05
3.10476e-05
2.51432e-05
1.68998e-05
1.56949e-05
1.78419e-05
2.25799e-05
2.77486e-05
3.15417e-05
3.39087e-05
3.53825e-05
3.63789e-05
3.70772e-05
3.74842e-05
3.74904e-05
3.6872e-05
3.51658e-05
3.21893e-05
3.37056e-05
3.43596e-05
3.40961e-05
3.27231e-05
2.944e-05
1.9916e-05
1.53933e-05
1.69096e-05
2.12123e-05
2.66554e-05
3.10276e-05
3.37773e-05
3.54504e-05
3.66115e-05
3.74842e-05
3.81031e-05
3.83574e-05
3.79898e-05
3.65142e-05
3.31979e-05
3.49674e-05
3.5669e-05
3.53397e-05
3.39006e-05
3.12412e-05
2.51793e-05
1.4317e-05
1.55749e-05
1.86337e-05
2.44903e-05
2.97931e-05
3.31483e-05
3.50755e-05
3.64178e-05
3.74904e-05
3.83574e-05
3.89194e-05
3.88765e-05
3.76614e-05
3.46458e-05
3.64063e-05
3.68809e-05
3.63206e-05
3.46685e-05
3.19202e-05
2.69369e-05
1.46941e-05
1.3746e-05
1.3675e-05
2.05991e-05
2.74774e-05
3.18965e-05
3.40972e-05
3.55869e-05
3.6872e-05
3.79898e-05
3.88765e-05
3.92663e-05
3.8598e-05
3.61261e-05
3.65184e-05
3.63432e-05
3.55453e-05
3.40099e-05
3.15146e-05
2.59433e-05
1.32873e-05
1.18335e-05
1.15768e-05
1.24189e-05
2.32066e-05
3.00409e-05
3.2337e-05
3.36898e-05
3.51658e-05
3.65142e-05
3.76614e-05
3.8598e-05
3.92228e-05
)
;
    }
    ceiling
    {
        type            nutkWallFunction;
        Cmu             0.09;
        kappa           0.41;
        E               9.8;
        value           nonuniform List<scalar> 
400
(
4.36974e-05
4.70911e-05
4.97552e-05
5.16856e-05
5.31439e-05
5.41828e-05
5.48192e-05
5.50401e-05
5.47825e-05
5.36948e-05
5.31271e-05
5.31937e-05
5.31103e-05
5.27452e-05
5.20531e-05
5.10192e-05
4.96316e-05
4.78406e-05
4.53606e-05
4.20094e-05
4.70911e-05
5.07709e-05
5.37589e-05
5.60858e-05
5.79941e-05
5.94712e-05
6.04607e-05
6.08981e-05
6.06897e-05
5.95236e-05
5.86539e-05
5.8634e-05
5.83908e-05
5.77511e-05
5.66624e-05
5.51491e-05
5.32945e-05
5.11354e-05
4.8385e-05
4.48559e-05
4.97552e-05
5.37589e-05
5.70207e-05
5.96833e-05
6.19879e-05
6.38811e-05
6.52245e-05
6.58882e-05
6.57377e-05
6.4474e-05
6.32935e-05
6.32343e-05
6.28624e-05
6.19702e-05
6.04982e-05
5.8526e-05
5.62917e-05
5.39118e-05
5.10281e-05
4.73447e-05
5.16856e-05
5.60858e-05
5.96833e-05
6.27499e-05
6.56063e-05
6.80656e-05
6.99331e-05
7.10759e-05
7.13482e-05
7.04674e-05
6.87288e-05
6.82515e-05
6.7483e-05
6.61492e-05
6.41607e-05
6.16207e-05
5.89298e-05
5.63308e-05
5.32436e-05
4.92821e-05
5.31439e-05
5.79941e-05
6.19879e-05
6.56063e-05
6.90806e-05
7.21079e-05
7.45411e-05
7.62458e-05
7.70668e-05
7.67568e-05
7.44314e-05
7.33996e-05
7.21138e-05
7.02733e-05
6.77999e-05
6.48036e-05
6.16383e-05
5.86328e-05
5.52061e-05
5.08476e-05
5.41828e-05
5.94712e-05
6.38811e-05
6.80656e-05
7.21079e-05
7.57251e-05
7.87992e-05
8.12086e-05
8.28506e-05
8.35446e-05
8.05825e-05
7.86457e-05
7.65799e-05
7.41087e-05
7.11146e-05
6.76737e-05
6.40633e-05
6.06002e-05
5.67899e-05
5.20178e-05
5.48192e-05
6.04607e-05
6.52245e-05
6.99331e-05
7.45411e-05
7.87992e-05
8.26392e-05
8.60343e-05
8.90733e-05
9.1679e-05
8.78841e-05
8.42144e-05
8.08462e-05
7.748e-05
7.38645e-05
6.99637e-05
6.59352e-05
6.20375e-05
5.78773e-05
5.27628e-05
5.50401e-05
6.08981e-05
6.58882e-05
7.10759e-05
7.62458e-05
8.12086e-05
8.60343e-05
9.09713e-05
9.64636e-05
0.000102191
9.72723e-05
9.04862e-05
8.49551e-05
8.02663e-05
7.58594e-05
7.14405e-05
6.70077e-05
6.27474e-05
5.8347e-05
5.30335e-05
5.47825e-05
6.06897e-05
6.57377e-05
7.13482e-05
7.70668e-05
8.28506e-05
8.90733e-05
9.64636e-05
0.000105461
0.000113771
0.000108372
9.75147e-05
8.88798e-05
8.23279e-05
7.69276e-05
7.19403e-05
6.71242e-05
6.25749e-05
5.81116e-05
5.27767e-05
5.36948e-05
5.95236e-05
6.4474e-05
7.04674e-05
7.67568e-05
8.35446e-05
9.1679e-05
0.000102191
0.000113771
0.000107503
0.000109919
0.000103048
9.1993e-05
8.33426e-05
7.68511e-05
7.13021e-05
6.61325e-05
6.13422e-05
5.69411e-05
5.16744e-05
5.31271e-05
5.86539e-05
6.32935e-05
6.87288e-05
7.44314e-05
8.05825e-05
8.78841e-05
9.72723e-05
0.000108372
0.000109919
0.000113136
0.000100787
9.0461e-05
8.25866e-05
7.63982e-05
7.10274e-05
6.60317e-05
6.14146e-05
5.70854e-05
5.18942e-05
5.31937e-05
5.8634e-05
6.32343e-05
6.82515e-05
7.33996e-05
7.86457e-05
8.42144e-05
9.04862e-05
9.75147e-05
0.000103048
0.000100787
9.31598e-05
8.65063e-05
8.07926e-05
7.56936e-05
7.09053e-05
6.62732e-05
6.18837e-05
5.75501e-05
5.23732e-05
5.31103e-05
5.83908e-05
6.28624e-05
6.7483e-05
7.21138e-05
7.65799e-05
8.08462e-05
8.49551e-05
8.88798e-05
9.1993e-05
9.0461e-05
8.65063e-05
8.24567e-05
7.84183e-05
7.43642e-05
7.02538e-05
6.60813e-05
6.1992e-05
5.77519e-05
5.26595e-05
5.27452e-05
5.77511e-05
6.19702e-05
6.61492e-05
7.02733e-05
7.41087e-05
7.748e-05
8.02663e-05
8.23279e-05
8.33426e-05
8.25866e-05
8.07926e-05
7.84183e-05
7.55969e-05
7.2435e-05
6.89994e-05
6.53368e-05
6.16108e-05
5.75659e-05
5.26517e-05
5.20531e-05
5.66624e-05
6.04982e-05
6.41607e-05
6.77999e-05
7.11146e-05
7.38645e-05
7.58594e-05
7.69276e-05
7.68511e-05
7.63982e-05
7.56936e-05
7.43642e-05
7.2435e-05
7.00293e-05
6.72362e-05
6.41071e-05
6.07697e-05
5.6983e-05
5.23207e-05
5.10192e-05
5.51491e-05
5.8526e-05
6.16207e-05
6.48036e-05
6.76737e-05
6.99637e-05
7.14405e-05
7.19403e-05
7.13021e-05
7.10274e-05
7.09053e-05
7.02538e-05
6.89994e-05
6.72362e-05
6.50375e-05
6.24408e-05
5.95126e-05
5.60202e-05
5.16547e-05
4.96316e-05
5.32945e-05
5.62917e-05
5.89298e-05
6.16383e-05
6.40633e-05
6.59352e-05
6.70077e-05
6.71242e-05
6.61325e-05
6.60317e-05
6.62732e-05
6.60813e-05
6.53368e-05
6.41071e-05
6.24408e-05
6.03595e-05
5.78414e-05
5.46601e-05
5.06098e-05
4.78406e-05
5.11354e-05
5.39118e-05
5.63308e-05
5.86328e-05
6.06002e-05
6.20375e-05
6.27474e-05
6.25749e-05
6.13422e-05
6.14146e-05
6.18837e-05
6.1992e-05
6.16108e-05
6.07697e-05
5.95126e-05
5.78414e-05
5.56925e-05
5.28232e-05
4.90867e-05
4.53606e-05
4.8385e-05
5.10281e-05
5.32436e-05
5.52061e-05
5.67899e-05
5.78773e-05
5.8347e-05
5.81116e-05
5.69411e-05
5.70854e-05
5.75501e-05
5.77519e-05
5.75659e-05
5.6983e-05
5.60202e-05
5.46601e-05
5.28232e-05
5.0235e-05
4.68019e-05
4.20094e-05
4.48559e-05
4.73447e-05
4.92821e-05
5.08476e-05
5.20178e-05
5.27628e-05
5.30335e-05
5.27767e-05
5.16744e-05
5.18942e-05
5.23732e-05
5.26595e-05
5.26517e-05
5.23207e-05
5.16547e-05
5.06098e-05
4.90867e-05
4.68019e-05
4.36964e-05
)
;
    }
    fixedWalls
    {
        type            nutkWallFunction;
        Cmu             0.09;
        kappa           0.41;
        E               9.8;
        value           nonuniform List<scalar> 
800
(
3.76295e-05
3.91068e-05
3.9934e-05
4.03625e-05
4.06755e-05
4.09973e-05
4.13764e-05
4.18703e-05
4.25917e-05
4.36951e-05
3.65386e-05
3.77584e-05
3.88801e-05
3.97639e-05
4.06319e-05
4.15895e-05
4.25985e-05
4.37514e-05
4.5242e-05
4.70893e-05
3.48773e-05
3.48785e-05
3.57894e-05
3.73187e-05
3.92915e-05
4.12808e-05
4.31502e-05
4.50302e-05
4.72414e-05
4.97537e-05
3.31139e-05
3.13088e-05
2.99655e-05
3.33005e-05
3.70397e-05
4.04471e-05
4.33147e-05
4.59185e-05
4.87095e-05
5.16843e-05
3.01014e-05
2.84748e-05
2.69749e-05
2.73084e-05
3.43901e-05
3.93303e-05
4.32058e-05
4.64795e-05
4.97495e-05
5.31428e-05
1.51718e-05
1.95072e-05
2.17663e-05
2.4112e-05
3.21187e-05
3.81513e-05
4.27878e-05
4.66437e-05
5.03384e-05
5.41819e-05
8.76242e-06
1.17156e-05
1.73253e-05
2.08343e-05
2.96633e-05
3.68593e-05
4.2073e-05
4.63674e-05
5.04267e-05
5.48184e-05
8.59499e-06
1.25856e-05
1.31859e-05
1.72795e-05
2.62906e-05
3.54621e-05
4.11179e-05
4.56824e-05
5.0022e-05
5.50393e-05
8.39929e-06
1.26275e-05
1.45694e-05
1.46999e-05
2.38381e-05
3.40098e-05
3.99842e-05
4.46763e-05
4.91437e-05
5.47816e-05
8.25897e-06
1.21189e-05
1.40123e-05
1.41953e-05
2.27903e-05
3.27748e-05
3.8675e-05
4.32765e-05
4.76179e-05
5.36938e-05
8.10021e-06
1.10302e-05
1.25062e-05
1.32224e-05
2.43208e-05
3.33043e-05
3.88265e-05
4.31691e-05
4.72891e-05
5.3126e-05
8.19124e-06
1.01087e-05
1.14013e-05
1.33226e-05
2.62522e-05
3.41348e-05
3.93528e-05
4.35458e-05
4.7608e-05
5.31926e-05
9.94175e-06
1.31655e-05
1.41857e-05
1.64049e-05
2.78853e-05
3.49999e-05
3.99314e-05
4.3969e-05
4.7929e-05
5.31092e-05
1.73458e-05
1.78067e-05
1.70752e-05
2.04084e-05
2.93999e-05
3.58254e-05
4.04408e-05
4.42742e-05
4.80424e-05
5.27441e-05
2.80482e-05
2.53325e-05
2.27164e-05
2.18841e-05
3.07146e-05
3.6565e-05
4.08177e-05
4.43531e-05
4.78199e-05
5.20519e-05
3.07465e-05
2.68754e-05
2.33754e-05
2.42152e-05
3.21998e-05
3.73033e-05
4.10539e-05
4.41551e-05
4.7224e-05
5.10179e-05
3.21854e-05
2.83115e-05
2.33826e-05
2.82486e-05
3.40731e-05
3.81218e-05
4.11528e-05
4.36937e-05
4.63e-05
4.96301e-05
3.31941e-05
3.10939e-05
2.99305e-05
3.27618e-05
3.62934e-05
3.89942e-05
4.11131e-05
4.29987e-05
4.50793e-05
4.78388e-05
3.46422e-05
3.49891e-05
3.57471e-05
3.67846e-05
3.8318e-05
3.96512e-05
4.08087e-05
4.1964e-05
4.3396e-05
4.53586e-05
3.61227e-05
3.76101e-05
3.84232e-05
3.88274e-05
3.92124e-05
3.95665e-05
3.9906e-05
4.0318e-05
4.09594e-05
4.20069e-05
3.61227e-05
3.76101e-05
3.84232e-05
3.88274e-05
3.92124e-05
3.95665e-05
3.9906e-05
4.0318e-05
4.09594e-05
4.20069e-05
3.65151e-05
3.82082e-05
3.9226e-05
3.98e-05
4.02403e-05
4.06433e-05
4.11484e-05
4.19262e-05
4.3112e-05
4.48538e-05
3.63398e-05
3.80033e-05
3.91797e-05
3.99459e-05
4.05831e-05
4.12796e-05
4.22093e-05
4.34286e-05
4.51404e-05
4.73429e-05
3.55418e-05
3.69788e-05
3.8433e-05
3.9639e-05
4.07561e-05
4.19121e-05
4.32505e-05
4.48588e-05
4.69629e-05
4.92806e-05
3.40061e-05
3.49599e-05
3.69209e-05
3.88614e-05
4.06278e-05
4.2291e-05
4.40469e-05
4.59913e-05
4.84321e-05
5.08462e-05
3.15106e-05
3.1236e-05
3.42683e-05
3.7528e-05
4.01369e-05
4.23121e-05
4.44395e-05
4.66643e-05
4.93929e-05
5.20166e-05
2.59386e-05
2.61018e-05
3.12042e-05
3.5748e-05
3.92259e-05
4.19228e-05
4.43533e-05
4.68078e-05
4.97758e-05
5.27617e-05
1.32812e-05
2.15103e-05
2.90069e-05
3.4001e-05
3.79145e-05
4.10129e-05
4.37164e-05
4.63785e-05
4.9514e-05
5.30324e-05
1.18272e-05
1.7969e-05
2.6518e-05
3.23369e-05
3.65452e-05
3.98282e-05
4.26029e-05
4.53495e-05
4.8605e-05
5.27755e-05
1.15705e-05
1.58804e-05
2.49988e-05
3.14033e-05
3.56904e-05
3.89507e-05
4.16244e-05
4.4212e-05
4.72016e-05
5.16731e-05
1.24127e-05
1.55043e-05
2.48435e-05
3.12653e-05
3.55537e-05
3.88128e-05
4.15008e-05
4.41108e-05
4.7186e-05
5.1893e-05
2.32016e-05
1.85145e-05
2.54574e-05
3.16663e-05
3.59018e-05
3.91572e-05
4.18795e-05
4.45418e-05
4.77476e-05
5.2372e-05
3.00367e-05
2.31396e-05
2.6734e-05
3.24855e-05
3.65829e-05
3.97816e-05
4.24835e-05
4.5164e-05
4.84051e-05
5.26584e-05
3.23331e-05
2.61078e-05
2.87571e-05
3.37006e-05
3.75093e-05
4.05295e-05
4.313e-05
4.57634e-05
4.89144e-05
5.26506e-05
3.36861e-05
3.01909e-05
3.12535e-05
3.52424e-05
3.85588e-05
4.12735e-05
4.36814e-05
4.61915e-05
4.91516e-05
5.23196e-05
3.51623e-05
3.33593e-05
3.40289e-05
3.69471e-05
3.96287e-05
4.19319e-05
4.40517e-05
4.63361e-05
4.90015e-05
5.16535e-05
3.65109e-05
3.61016e-05
3.69564e-05
3.86806e-05
4.06654e-05
4.24768e-05
4.42275e-05
4.61539e-05
4.84171e-05
5.06084e-05
3.76583e-05
3.82832e-05
3.92734e-05
4.03769e-05
4.16645e-05
4.29084e-05
4.41721e-05
4.56188e-05
4.73573e-05
4.90852e-05
3.8595e-05
3.99259e-05
4.09591e-05
4.1673e-05
4.23068e-05
4.29512e-05
4.36483e-05
4.45241e-05
4.56153e-05
4.68e-05
3.92199e-05
4.06418e-05
4.13835e-05
4.16942e-05
4.18662e-05
4.20192e-05
4.22048e-05
4.24817e-05
4.29423e-05
4.36941e-05
3.76295e-05
3.91068e-05
3.9934e-05
4.03625e-05
4.06755e-05
4.09973e-05
4.13764e-05
4.18703e-05
4.25917e-05
4.36951e-05
3.65386e-05
3.77584e-05
3.88801e-05
3.97639e-05
4.06319e-05
4.15895e-05
4.25985e-05
4.37514e-05
4.5242e-05
4.70893e-05
3.48773e-05
3.48785e-05
3.57894e-05
3.73187e-05
3.92915e-05
4.12808e-05
4.31502e-05
4.50302e-05
4.72414e-05
4.97537e-05
3.31139e-05
3.13088e-05
2.99655e-05
3.33005e-05
3.70397e-05
4.04471e-05
4.33147e-05
4.59185e-05
4.87095e-05
5.16843e-05
3.01014e-05
2.84748e-05
2.69749e-05
2.73084e-05
3.43901e-05
3.93303e-05
4.32058e-05
4.64795e-05
4.97495e-05
5.31428e-05
1.51718e-05
1.95072e-05
2.17663e-05
2.4112e-05
3.21187e-05
3.81513e-05
4.27878e-05
4.66437e-05
5.03384e-05
5.41819e-05
8.76242e-06
1.17156e-05
1.73253e-05
2.08343e-05
2.96633e-05
3.68593e-05
4.2073e-05
4.63674e-05
5.04267e-05
5.48184e-05
8.59499e-06
1.25856e-05
1.31859e-05
1.72795e-05
2.62906e-05
3.54621e-05
4.11179e-05
4.56824e-05
5.0022e-05
5.50393e-05
8.39929e-06
1.26275e-05
1.45694e-05
1.46999e-05
2.38381e-05
3.40098e-05
3.99842e-05
4.46763e-05
4.91437e-05
5.47816e-05
8.25897e-06
1.21189e-05
1.40123e-05
1.41953e-05
2.27903e-05
3.27748e-05
3.8675e-05
4.32765e-05
4.76179e-05
5.36938e-05
8.10021e-06
1.10302e-05
1.25062e-05
1.32224e-05
2.43208e-05
3.33043e-05
3.88265e-05
4.31691e-05
4.72891e-05
5.3126e-05
8.19124e-06
1.01087e-05
1.14013e-05
1.33226e-05
2.62522e-05
3.41348e-05
3.93528e-05
4.35458e-05
4.7608e-05
5.31926e-05
9.94175e-06
1.31655e-05
1.41857e-05
1.64049e-05
2.78853e-05
3.49999e-05
3.99314e-05
4.3969e-05
4.7929e-05
5.31092e-05
1.73458e-05
1.78067e-05
1.70752e-05
2.04084e-05
2.93999e-05
3.58254e-05
4.04408e-05
4.42742e-05
4.80424e-05
5.27441e-05
2.80482e-05
2.53325e-05
2.27164e-05
2.18841e-05
3.07146e-05
3.6565e-05
4.08177e-05
4.43531e-05
4.78199e-05
5.20519e-05
3.07465e-05
2.68754e-05
2.33754e-05
2.42152e-05
3.21998e-05
3.73033e-05
4.10539e-05
4.41551e-05
4.7224e-05
5.10179e-05
3.21854e-05
2.83115e-05
2.33826e-05
2.82486e-05
3.40731e-05
3.81218e-05
4.11528e-05
4.36937e-05
4.63e-05
4.96301e-05
3.31941e-05
3.10939e-05
2.99305e-05
3.27618e-05
3.62934e-05
3.89942e-05
4.11131e-05
4.29987e-05
4.50793e-05
4.78388e-05
3.46422e-05
3.49891e-05
3.57471e-05
3.67846e-05
3.8318e-05
3.96512e-05
4.08087e-05
4.1964e-05
4.3396e-05
4.53586e-05
3.61227e-05
3.76101e-05
3.84232e-05
3.88274e-05
3.92124e-05
3.95665e-05
3.9906e-05
4.0318e-05
4.09594e-05
4.20069e-05
3.61227e-05
3.76101e-05
3.84232e-05
3.88274e-05
3.92124e-05
3.95665e-05
3.9906e-05
4.0318e-05
4.09594e-05
4.20069e-05
3.65151e-05
3.82082e-05
3.9226e-05
3.98e-05
4.02403e-05
4.06433e-05
4.11484e-05
4.19262e-05
4.3112e-05
4.48538e-05
3.63398e-05
3.80033e-05
3.91797e-05
3.99459e-05
4.05831e-05
4.12796e-05
4.22093e-05
4.34286e-05
4.51404e-05
4.73429e-05
3.55418e-05
3.69788e-05
3.8433e-05
3.9639e-05
4.07561e-05
4.19121e-05
4.32505e-05
4.48588e-05
4.69629e-05
4.92806e-05
3.40061e-05
3.49599e-05
3.69209e-05
3.88614e-05
4.06278e-05
4.2291e-05
4.40469e-05
4.59913e-05
4.84321e-05
5.08462e-05
3.15106e-05
3.1236e-05
3.42683e-05
3.7528e-05
4.01369e-05
4.23121e-05
4.44395e-05
4.66643e-05
4.93929e-05
5.20166e-05
2.59386e-05
2.61018e-05
3.12042e-05
3.5748e-05
3.92259e-05
4.19228e-05
4.43533e-05
4.68078e-05
4.97758e-05
5.27617e-05
1.32812e-05
2.15103e-05
2.90069e-05
3.4001e-05
3.79145e-05
4.10129e-05
4.37164e-05
4.63785e-05
4.9514e-05
5.30324e-05
1.18272e-05
1.7969e-05
2.6518e-05
3.23369e-05
3.65452e-05
3.98282e-05
4.26029e-05
4.53495e-05
4.8605e-05
5.27755e-05
1.15705e-05
1.58804e-05
2.49988e-05
3.14033e-05
3.56904e-05
3.89507e-05
4.16244e-05
4.4212e-05
4.72016e-05
5.16731e-05
1.24127e-05
1.55043e-05
2.48435e-05
3.12653e-05
3.55537e-05
3.88128e-05
4.15008e-05
4.41108e-05
4.7186e-05
5.1893e-05
2.32016e-05
1.85145e-05
2.54574e-05
3.16663e-05
3.59018e-05
3.91572e-05
4.18795e-05
4.45418e-05
4.77476e-05
5.2372e-05
3.00367e-05
2.31396e-05
2.6734e-05
3.24855e-05
3.65829e-05
3.97816e-05
4.24835e-05
4.5164e-05
4.84051e-05
5.26584e-05
3.23331e-05
2.61078e-05
2.87571e-05
3.37006e-05
3.75093e-05
4.05295e-05
4.313e-05
4.57634e-05
4.89144e-05
5.26506e-05
3.36861e-05
3.01909e-05
3.12535e-05
3.52424e-05
3.85588e-05
4.12735e-05
4.36814e-05
4.61915e-05
4.91516e-05
5.23196e-05
3.51623e-05
3.33593e-05
3.40289e-05
3.69471e-05
3.96287e-05
4.19319e-05
4.40517e-05
4.63361e-05
4.90015e-05
5.16535e-05
3.65109e-05
3.61016e-05
3.69564e-05
3.86806e-05
4.06654e-05
4.24768e-05
4.42275e-05
4.61539e-05
4.84171e-05
5.06084e-05
3.76583e-05
3.82832e-05
3.92734e-05
4.03769e-05
4.16645e-05
4.29084e-05
4.41721e-05
4.56188e-05
4.73573e-05
4.90852e-05
3.8595e-05
3.99259e-05
4.09591e-05
4.1673e-05
4.23068e-05
4.29512e-05
4.36483e-05
4.45241e-05
4.56153e-05
4.68e-05
3.92199e-05
4.06418e-05
4.13835e-05
4.16942e-05
4.18662e-05
4.20192e-05
4.22048e-05
4.24817e-05
4.29423e-05
4.36941e-05
)
;
    }
}


// ************************************************************************* //
