/*--------------------------------*- C++ -*----------------------------------*\
  =========                 |
  \\      /  F ield         | OpenFOAM: The Open Source CFD Toolbox
   \\    /   O peration     | Website:  https://openfoam.org
    \\  /    A nd           | Version:  8
     \\/     M anipulation  |
\*---------------------------------------------------------------------------*/
FoamFile
{
    version     2.0;
    format      ascii;
    class       volScalarField;
    location    "1600";
    object      p;
}
// * * * * * * * * * * * * * * * * * * * * * * * * * * * * * * * * * * * * * //

dimensions      [1 -1 -2 0 0 0 0];

internalField   nonuniform List<scalar> 
4000
(
-2.44974
-2.44998
-2.45028
-2.45039
-2.45029
-2.45016
-2.45018
-2.45017
-2.45017
-2.45017
-2.45018
-2.45018
-2.45019
-2.45018
-2.4503
-2.45048
-2.45057
-2.45047
-2.45013
-2.44978
-7.34963
-7.34978
-7.34996
-7.35005
-7.34997
-7.34994
-7.34995
-7.34994
-7.34994
-7.34994
-7.34995
-7.34995
-7.34997
-7.34995
-7.34997
-7.35009
-7.35019
-7.35014
-7.34993
-7.34967
-12.2492
-12.2493
-12.2494
-12.2495
-12.2495
-12.2495
-12.2495
-12.2495
-12.2495
-12.2495
-12.2495
-12.2495
-12.2495
-12.2495
-12.2495
-12.2495
-12.2496
-12.2495
-12.2494
-12.2493
-17.1487
-17.1488
-17.1488
-17.1489
-17.1489
-17.1489
-17.1489
-17.1489
-17.1489
-17.1489
-17.1489
-17.1489
-17.149
-17.149
-17.1489
-17.1489
-17.1489
-17.1489
-17.1488
-17.1487
-22.0481
-22.0482
-22.0482
-22.0482
-22.0482
-22.0483
-22.0483
-22.0483
-22.0483
-22.0483
-22.0483
-22.0483
-22.0483
-22.0483
-22.0483
-22.0483
-22.0483
-22.0482
-22.0482
-22.0481
-26.9474
-26.9475
-26.9475
-26.9476
-26.9476
-26.9476
-26.9476
-26.9476
-26.9476
-26.9476
-26.9476
-26.9476
-26.9476
-26.9476
-26.9476
-26.9476
-26.9476
-26.9475
-26.9475
-26.9474
-31.8467
-31.8468
-31.8468
-31.8469
-31.8469
-31.8469
-31.847
-31.847
-31.847
-31.847
-31.847
-31.847
-31.847
-31.847
-31.847
-31.8469
-31.8469
-31.8469
-31.8468
-31.8467
-36.7459
-36.746
-36.7461
-36.7461
-36.7462
-36.7462
-36.7462
-36.7462
-36.7463
-36.7463
-36.7463
-36.7463
-36.7463
-36.7462
-36.7462
-36.7462
-36.7462
-36.7461
-36.746
-36.7459
-41.645
-41.6452
-41.6453
-41.6453
-41.6454
-41.6454
-41.6454
-41.6454
-41.6454
-41.6454
-41.6454
-41.6454
-41.6454
-41.6454
-41.6454
-41.6454
-41.6454
-41.6453
-41.6452
-41.645
-46.5444
-46.5445
-46.5445
-46.5445
-46.5445
-46.5444
-46.5444
-46.5444
-46.5444
-46.5444
-46.5444
-46.5444
-46.5444
-46.5445
-46.5445
-46.5446
-46.5446
-46.5446
-46.5445
-46.5444
-2.44998
-2.45011
-2.45031
-2.45036
-2.45027
-2.45017
-2.45018
-2.45017
-2.45017
-2.45017
-2.45018
-2.45019
-2.45019
-2.45021
-2.45031
-2.45047
-2.45055
-2.45045
-2.45015
-2.44986
-7.34978
-7.34985
-7.34996
-7.35002
-7.34995
-7.34994
-7.34995
-7.34994
-7.34995
-7.34995
-7.34995
-7.34995
-7.34997
-7.34994
-7.34997
-7.35008
-7.35017
-7.35012
-7.34993
-7.34972
-12.2493
-12.2494
-12.2494
-12.2495
-12.2495
-12.2495
-12.2495
-12.2495
-12.2495
-12.2495
-12.2495
-12.2495
-12.2495
-12.2495
-12.2495
-12.2495
-12.2496
-12.2495
-12.2494
-12.2493
-17.1488
-17.1488
-17.1488
-17.1489
-17.1489
-17.1489
-17.1489
-17.1489
-17.1489
-17.1489
-17.149
-17.149
-17.149
-17.1489
-17.1489
-17.1489
-17.1489
-17.1489
-17.1489
-17.1488
-22.0482
-22.0482
-22.0482
-22.0483
-22.0483
-22.0483
-22.0483
-22.0483
-22.0483
-22.0483
-22.0483
-22.0483
-22.0483
-22.0483
-22.0483
-22.0483
-22.0483
-22.0483
-22.0482
-22.0482
-26.9475
-26.9476
-26.9476
-26.9476
-26.9477
-26.9477
-26.9477
-26.9477
-26.9477
-26.9477
-26.9477
-26.9477
-26.9477
-26.9477
-26.9477
-26.9477
-26.9477
-26.9476
-26.9476
-26.9475
-31.8468
-31.8469
-31.8469
-31.847
-31.847
-31.847
-31.8471
-31.8471
-31.8471
-31.8471
-31.8471
-31.8471
-31.8471
-31.8471
-31.8471
-31.847
-31.847
-31.847
-31.8469
-31.8468
-36.746
-36.7462
-36.7462
-36.7463
-36.7463
-36.7463
-36.7463
-36.7464
-36.7464
-36.7464
-36.7464
-36.7464
-36.7464
-36.7464
-36.7463
-36.7463
-36.7463
-36.7463
-36.7462
-36.746
-41.6452
-41.6454
-41.6455
-41.6455
-41.6456
-41.6456
-41.6456
-41.6456
-41.6456
-41.6457
-41.6457
-41.6456
-41.6456
-41.6456
-41.6456
-41.6456
-41.6456
-41.6455
-41.6454
-41.6452
-46.5445
-46.5446
-46.5447
-46.5447
-46.5447
-46.5447
-46.5447
-46.5446
-46.5446
-46.5446
-46.5446
-46.5447
-46.5447
-46.5447
-46.5447
-46.5448
-46.5448
-46.5448
-46.5447
-46.5445
-2.45028
-2.45031
-2.45036
-2.45035
-2.45025
-2.45017
-2.45019
-2.45017
-2.45017
-2.45017
-2.45018
-2.45018
-2.45019
-2.45023
-2.45033
-2.45046
-2.45054
-2.45047
-2.45024
-2.45004
-7.34996
-7.34996
-7.34999
-7.34998
-7.34993
-7.34994
-7.34995
-7.34994
-7.34994
-7.34994
-7.34994
-7.34995
-7.34995
-7.34992
-7.34997
-7.35007
-7.35014
-7.3501
-7.34996
-7.34981
-12.2494
-12.2494
-12.2494
-12.2495
-12.2495
-12.2495
-12.2495
-12.2495
-12.2495
-12.2495
-12.2495
-12.2495
-12.2495
-12.2495
-12.2495
-12.2495
-12.2496
-12.2495
-12.2495
-12.2494
-17.1488
-17.1488
-17.1489
-17.1489
-17.1489
-17.1489
-17.1489
-17.1489
-17.1489
-17.1489
-17.1489
-17.149
-17.149
-17.1489
-17.1489
-17.149
-17.149
-17.1489
-17.1489
-17.1488
-22.0482
-22.0482
-22.0482
-22.0483
-22.0483
-22.0483
-22.0483
-22.0483
-22.0483
-22.0483
-22.0483
-22.0484
-22.0483
-22.0483
-22.0483
-22.0483
-22.0483
-22.0483
-22.0483
-22.0482
-26.9475
-26.9476
-26.9476
-26.9476
-26.9477
-26.9477
-26.9477
-26.9477
-26.9477
-26.9477
-26.9477
-26.9477
-26.9477
-26.9477
-26.9477
-26.9477
-26.9477
-26.9477
-26.9476
-26.9476
-31.8468
-31.8469
-31.847
-31.847
-31.847
-31.847
-31.847
-31.847
-31.847
-31.847
-31.847
-31.847
-31.847
-31.847
-31.847
-31.847
-31.847
-31.847
-31.847
-31.8469
-36.7461
-36.7462
-36.7463
-36.7463
-36.7463
-36.7463
-36.7463
-36.7463
-36.7463
-36.7463
-36.7463
-36.7463
-36.7463
-36.7463
-36.7463
-36.7463
-36.7463
-36.7463
-36.7462
-36.7461
-41.6453
-41.6455
-41.6456
-41.6456
-41.6456
-41.6456
-41.6456
-41.6456
-41.6456
-41.6456
-41.6456
-41.6456
-41.6456
-41.6456
-41.6456
-41.6456
-41.6456
-41.6456
-41.6455
-41.6453
-46.5445
-46.5447
-46.5448
-46.5448
-46.5448
-46.5447
-46.5447
-46.5447
-46.5447
-46.5447
-46.5447
-46.5447
-46.5447
-46.5447
-46.5448
-46.5448
-46.5448
-46.5448
-46.5447
-46.5446
-2.45039
-2.45036
-2.45035
-2.4503
-2.45022
-2.45017
-2.45019
-2.45017
-2.45018
-2.45017
-2.45018
-2.45018
-2.45019
-2.45023
-2.45032
-2.45042
-2.4505
-2.45048
-2.45035
-2.45026
-7.35005
-7.35002
-7.34998
-7.34994
-7.34991
-7.34994
-7.34994
-7.34993
-7.34993
-7.34993
-7.34993
-7.34995
-7.34993
-7.34991
-7.34995
-7.35003
-7.3501
-7.35009
-7.35001
-7.34993
-12.2495
-12.2495
-12.2495
-12.2495
-12.2495
-12.2495
-12.2495
-12.2495
-12.2495
-12.2495
-12.2495
-12.2495
-12.2495
-12.2495
-12.2495
-12.2495
-12.2496
-12.2495
-12.2495
-12.2494
-17.1489
-17.1489
-17.1489
-17.1489
-17.1489
-17.1489
-17.1489
-17.1489
-17.1489
-17.1489
-17.1489
-17.149
-17.1489
-17.1489
-17.1489
-17.149
-17.149
-17.149
-17.1489
-17.1489
-22.0482
-22.0483
-22.0483
-22.0483
-22.0483
-22.0483
-22.0483
-22.0483
-22.0483
-22.0483
-22.0483
-22.0484
-22.0483
-22.0483
-22.0483
-22.0483
-22.0484
-22.0483
-22.0483
-22.0483
-26.9476
-26.9476
-26.9476
-26.9477
-26.9477
-26.9477
-26.9477
-26.9477
-26.9477
-26.9477
-26.9477
-26.9477
-26.9477
-26.9477
-26.9477
-26.9477
-26.9477
-26.9477
-26.9477
-26.9476
-31.8469
-31.847
-31.847
-31.847
-31.847
-31.847
-31.847
-31.847
-31.847
-31.847
-31.847
-31.847
-31.847
-31.847
-31.847
-31.847
-31.847
-31.847
-31.847
-31.8469
-36.7461
-36.7463
-36.7463
-36.7463
-36.7463
-36.7463
-36.7463
-36.7463
-36.7463
-36.7463
-36.7463
-36.7463
-36.7463
-36.7463
-36.7463
-36.7463
-36.7463
-36.7463
-36.7463
-36.7462
-41.6453
-41.6455
-41.6456
-41.6456
-41.6456
-41.6456
-41.6456
-41.6456
-41.6456
-41.6456
-41.6456
-41.6456
-41.6456
-41.6456
-41.6456
-41.6456
-41.6456
-41.6456
-41.6456
-41.6453
-46.5445
-46.5447
-46.5448
-46.5448
-46.5447
-46.5447
-46.5447
-46.5446
-46.5446
-46.5446
-46.5446
-46.5446
-46.5447
-46.5447
-46.5447
-46.5448
-46.5448
-46.5448
-46.5448
-46.5446
-2.45029
-2.45027
-2.45025
-2.45022
-2.45019
-2.45017
-2.45019
-2.45018
-2.45018
-2.45018
-2.45018
-2.45018
-2.45019
-2.45022
-2.45028
-2.45035
-2.45043
-2.45046
-2.45043
-2.45041
-7.34997
-7.34995
-7.34993
-7.34991
-7.34991
-7.34994
-7.34993
-7.34992
-7.34993
-7.34992
-7.34993
-7.34994
-7.34993
-7.34992
-7.34994
-7.34999
-7.35005
-7.35007
-7.35005
-7.35001
-12.2495
-12.2495
-12.2495
-12.2495
-12.2495
-12.2495
-12.2495
-12.2495
-12.2495
-12.2495
-12.2495
-12.2495
-12.2495
-12.2495
-12.2495
-12.2495
-12.2495
-12.2495
-12.2495
-12.2495
-17.1489
-17.1489
-17.1489
-17.1489
-17.1489
-17.1489
-17.1489
-17.1489
-17.1489
-17.1489
-17.1489
-17.1489
-17.1489
-17.1489
-17.1489
-17.149
-17.149
-17.149
-17.1489
-17.1489
-22.0482
-22.0483
-22.0483
-22.0483
-22.0483
-22.0483
-22.0483
-22.0483
-22.0483
-22.0483
-22.0483
-22.0483
-22.0483
-22.0483
-22.0483
-22.0484
-22.0484
-22.0483
-22.0483
-22.0483
-26.9476
-26.9477
-26.9477
-26.9477
-26.9477
-26.9477
-26.9477
-26.9477
-26.9477
-26.9477
-26.9477
-26.9477
-26.9477
-26.9477
-26.9477
-26.9477
-26.9477
-26.9477
-26.9477
-26.9476
-31.8469
-31.847
-31.847
-31.847
-31.847
-31.847
-31.847
-31.847
-31.847
-31.847
-31.847
-31.847
-31.847
-31.847
-31.847
-31.847
-31.847
-31.847
-31.847
-31.8469
-36.7462
-36.7463
-36.7463
-36.7463
-36.7463
-36.7463
-36.7463
-36.7463
-36.7463
-36.7463
-36.7463
-36.7463
-36.7463
-36.7463
-36.7463
-36.7463
-36.7463
-36.7463
-36.7463
-36.7462
-41.6454
-41.6456
-41.6456
-41.6456
-41.6456
-41.6456
-41.6456
-41.6456
-41.6456
-41.6457
-41.6457
-41.6457
-41.6457
-41.6456
-41.6456
-41.6456
-41.6456
-41.6456
-41.6456
-41.6454
-46.5445
-46.5447
-46.5448
-46.5447
-46.5447
-46.5446
-46.5446
-46.5445
-46.5445
-46.5445
-46.5446
-46.5446
-46.5446
-46.5447
-46.5447
-46.5447
-46.5448
-46.5448
-46.5448
-46.5445
-2.45016
-2.45017
-2.45017
-2.45017
-2.45017
-2.45018
-2.45019
-2.45019
-2.45018
-2.45019
-2.45019
-2.45019
-2.4502
-2.45021
-2.45024
-2.45028
-2.45033
-2.45039
-2.45042
-2.45045
-7.34994
-7.34994
-7.34994
-7.34994
-7.34994
-7.34993
-7.34992
-7.34993
-7.34993
-7.34993
-7.34993
-7.34994
-7.34994
-7.34995
-7.34996
-7.34997
-7.34999
-7.35003
-7.35005
-7.35005
-12.2495
-12.2495
-12.2495
-12.2495
-12.2495
-12.2495
-12.2495
-12.2495
-12.2495
-12.2495
-12.2495
-12.2495
-12.2495
-12.2495
-12.2495
-12.2495
-12.2495
-12.2495
-12.2495
-12.2495
-17.1489
-17.1489
-17.1489
-17.1489
-17.1489
-17.1489
-17.1489
-17.1489
-17.1489
-17.1489
-17.1489
-17.1489
-17.1489
-17.149
-17.149
-17.149
-17.149
-17.149
-17.1489
-17.1489
-22.0483
-22.0483
-22.0483
-22.0483
-22.0483
-22.0483
-22.0483
-22.0483
-22.0483
-22.0483
-22.0483
-22.0483
-22.0484
-22.0484
-22.0484
-22.0484
-22.0484
-22.0483
-22.0483
-22.0483
-26.9476
-26.9477
-26.9477
-26.9477
-26.9477
-26.9477
-26.9477
-26.9477
-26.9477
-26.9477
-26.9477
-26.9477
-26.9477
-26.9477
-26.9477
-26.9477
-26.9477
-26.9477
-26.9477
-26.9477
-31.8469
-31.847
-31.847
-31.847
-31.847
-31.847
-31.847
-31.847
-31.847
-31.847
-31.847
-31.8471
-31.8471
-31.847
-31.847
-31.847
-31.847
-31.847
-31.8471
-31.847
-36.7462
-36.7463
-36.7463
-36.7463
-36.7463
-36.7463
-36.7463
-36.7463
-36.7463
-36.7463
-36.7463
-36.7463
-36.7463
-36.7463
-36.7463
-36.7463
-36.7463
-36.7463
-36.7463
-36.7462
-41.6454
-41.6456
-41.6456
-41.6456
-41.6456
-41.6456
-41.6456
-41.6456
-41.6457
-41.6457
-41.6457
-41.6457
-41.6457
-41.6457
-41.6456
-41.6456
-41.6456
-41.6456
-41.6456
-41.6454
-46.5444
-46.5447
-46.5447
-46.5447
-46.5446
-46.5446
-46.5445
-46.5444
-46.5444
-46.5444
-46.5444
-46.5445
-46.5445
-46.5446
-46.5447
-46.5447
-46.5448
-46.5448
-46.5447
-46.5445
-2.45018
-2.45018
-2.45019
-2.45019
-2.45019
-2.45019
-2.4502
-2.4502
-2.4502
-2.45021
-2.45022
-2.45021
-2.45021
-2.45023
-2.45024
-2.45025
-2.45027
-2.45031
-2.45035
-2.45038
-7.34995
-7.34995
-7.34995
-7.34994
-7.34993
-7.34992
-7.34993
-7.34993
-7.34993
-7.34994
-7.34994
-7.34994
-7.34995
-7.34996
-7.34998
-7.34999
-7.35
-7.35001
-7.35003
-7.35005
-12.2495
-12.2495
-12.2495
-12.2495
-12.2495
-12.2495
-12.2495
-12.2495
-12.2495
-12.2495
-12.2495
-12.2495
-12.2495
-12.2495
-12.2495
-12.2495
-12.2495
-12.2495
-12.2495
-12.2495
-17.1489
-17.1489
-17.1489
-17.1489
-17.1489
-17.1489
-17.1489
-17.1489
-17.1489
-17.1489
-17.1489
-17.1489
-17.1489
-17.149
-17.149
-17.149
-17.149
-17.149
-17.1489
-17.1489
-22.0483
-22.0483
-22.0483
-22.0483
-22.0483
-22.0483
-22.0483
-22.0483
-22.0483
-22.0483
-22.0483
-22.0483
-22.0484
-22.0484
-22.0484
-22.0484
-22.0484
-22.0484
-22.0484
-22.0483
-26.9476
-26.9477
-26.9477
-26.9477
-26.9477
-26.9477
-26.9477
-26.9477
-26.9477
-26.9477
-26.9477
-26.9477
-26.9477
-26.9477
-26.9477
-26.9477
-26.9477
-26.9477
-26.9477
-26.9477
-31.847
-31.8471
-31.847
-31.847
-31.847
-31.847
-31.847
-31.847
-31.847
-31.847
-31.8471
-31.8471
-31.8471
-31.8471
-31.847
-31.847
-31.847
-31.847
-31.8471
-31.847
-36.7462
-36.7463
-36.7463
-36.7463
-36.7463
-36.7463
-36.7463
-36.7463
-36.7463
-36.7464
-36.7464
-36.7464
-36.7464
-36.7463
-36.7463
-36.7463
-36.7463
-36.7463
-36.7464
-36.7462
-41.6454
-41.6456
-41.6456
-41.6456
-41.6456
-41.6456
-41.6456
-41.6457
-41.6457
-41.6457
-41.6457
-41.6457
-41.6457
-41.6457
-41.6457
-41.6456
-41.6456
-41.6456
-41.6456
-41.6454
-46.5444
-46.5447
-46.5447
-46.5447
-46.5446
-46.5445
-46.5444
-46.5443
-46.5442
-46.5441
-46.5442
-46.5443
-46.5444
-46.5445
-46.5446
-46.5447
-46.5447
-46.5448
-46.5447
-46.5445
-2.45017
-2.45017
-2.45017
-2.45017
-2.45018
-2.45019
-2.4502
-2.45021
-2.45022
-2.45027
-2.45028
-2.45025
-2.45024
-2.45024
-2.45025
-2.45026
-2.45027
-2.45028
-2.4503
-2.4503
-7.34994
-7.34994
-7.34994
-7.34993
-7.34992
-7.34993
-7.34993
-7.34994
-7.34994
-7.34996
-7.34997
-7.34996
-7.34996
-7.34996
-7.34998
-7.34999
-7.35001
-7.35004
-7.35006
-7.35008
-12.2495
-12.2495
-12.2495
-12.2495
-12.2495
-12.2495
-12.2495
-12.2495
-12.2495
-12.2495
-12.2495
-12.2495
-12.2495
-12.2495
-12.2495
-12.2495
-12.2495
-12.2496
-12.2495
-12.2495
-17.1489
-17.1489
-17.1489
-17.1489
-17.1489
-17.1489
-17.1489
-17.1489
-17.1489
-17.1489
-17.1489
-17.1489
-17.1489
-17.1489
-17.149
-17.149
-17.149
-17.149
-17.149
-17.1489
-22.0483
-22.0483
-22.0483
-22.0483
-22.0483
-22.0483
-22.0483
-22.0483
-22.0483
-22.0483
-22.0483
-22.0483
-22.0483
-22.0483
-22.0484
-22.0484
-22.0484
-22.0484
-22.0484
-22.0483
-26.9476
-26.9477
-26.9477
-26.9477
-26.9477
-26.9477
-26.9477
-26.9477
-26.9477
-26.9477
-26.9477
-26.9477
-26.9477
-26.9477
-26.9477
-26.9477
-26.9477
-26.9477
-26.9477
-26.9477
-31.847
-31.8471
-31.847
-31.847
-31.847
-31.847
-31.847
-31.847
-31.847
-31.847
-31.8471
-31.8471
-31.8471
-31.8471
-31.8471
-31.847
-31.847
-31.847
-31.8471
-31.847
-36.7462
-36.7464
-36.7463
-36.7463
-36.7463
-36.7463
-36.7463
-36.7463
-36.7464
-36.7464
-36.7464
-36.7464
-36.7464
-36.7464
-36.7463
-36.7463
-36.7463
-36.7463
-36.7464
-36.7463
-41.6454
-41.6456
-41.6456
-41.6456
-41.6456
-41.6456
-41.6457
-41.6457
-41.6456
-41.6456
-41.6456
-41.6457
-41.6457
-41.6457
-41.6457
-41.6457
-41.6456
-41.6457
-41.6456
-41.6454
-46.5444
-46.5446
-46.5447
-46.5446
-46.5445
-46.5444
-46.5443
-46.5441
-46.5437
-46.5432
-46.5434
-46.5439
-46.5443
-46.5444
-46.5446
-46.5446
-46.5447
-46.5448
-46.5447
-46.5444
-2.45017
-2.45017
-2.45017
-2.45018
-2.45018
-2.45018
-2.4502
-2.45022
-2.45026
-2.45038
-2.45038
-2.45028
-2.45023
-2.45023
-2.45024
-2.45026
-2.45028
-2.4503
-2.45032
-2.45032
-7.34994
-7.34995
-7.34994
-7.34993
-7.34993
-7.34993
-7.34993
-7.34994
-7.34996
-7.35001
-7.35001
-7.34998
-7.34996
-7.34997
-7.34999
-7.35
-7.35002
-7.35004
-7.35006
-7.35008
-12.2495
-12.2495
-12.2495
-12.2495
-12.2495
-12.2495
-12.2495
-12.2495
-12.2495
-12.2495
-12.2495
-12.2495
-12.2495
-12.2495
-12.2495
-12.2495
-12.2495
-12.2496
-12.2496
-12.2496
-17.1489
-17.1489
-17.1489
-17.1489
-17.1489
-17.1489
-17.1489
-17.1489
-17.1489
-17.149
-17.149
-17.1489
-17.1489
-17.149
-17.149
-17.149
-17.149
-17.149
-17.149
-17.1489
-22.0483
-22.0483
-22.0483
-22.0483
-22.0483
-22.0483
-22.0483
-22.0483
-22.0483
-22.0483
-22.0484
-22.0483
-22.0483
-22.0484
-22.0484
-22.0484
-22.0484
-22.0484
-22.0484
-22.0483
-26.9476
-26.9477
-26.9477
-26.9477
-26.9477
-26.9477
-26.9477
-26.9477
-26.9477
-26.9477
-26.9477
-26.9477
-26.9477
-26.9477
-26.9477
-26.9477
-26.9477
-26.9477
-26.9477
-26.9477
-31.847
-31.8471
-31.847
-31.847
-31.847
-31.847
-31.847
-31.847
-31.8471
-31.8471
-31.8471
-31.8471
-31.8471
-31.8471
-31.8471
-31.8471
-31.8471
-31.847
-31.8471
-31.847
-36.7463
-36.7464
-36.7463
-36.7463
-36.7463
-36.7463
-36.7463
-36.7464
-36.7464
-36.7464
-36.7463
-36.7464
-36.7464
-36.7464
-36.7464
-36.7463
-36.7463
-36.7463
-36.7464
-36.7463
-41.6454
-41.6456
-41.6456
-41.6456
-41.6456
-41.6457
-41.6457
-41.6456
-41.6455
-41.645
-41.6451
-41.6456
-41.6457
-41.6457
-41.6457
-41.6457
-41.6457
-41.6457
-41.6457
-41.6454
-46.5444
-46.5446
-46.5447
-46.5446
-46.5445
-46.5444
-46.5442
-46.5437
-46.5426
-46.541
-46.5416
-46.5432
-46.5441
-46.5444
-46.5445
-46.5446
-46.5447
-46.5448
-46.5447
-46.5445
-2.45017
-2.45017
-2.45017
-2.45017
-2.45018
-2.45019
-2.45021
-2.45027
-2.45038
-2.45102
-2.45104
-2.45043
-2.4503
-2.45027
-2.45027
-2.45028
-2.45029
-2.45031
-2.45031
-2.45031
-7.34994
-7.34995
-7.34994
-7.34993
-7.34992
-7.34993
-7.34994
-7.34996
-7.35001
-7.34981
-7.34985
-7.35004
-7.34999
-7.34998
-7.34999
-7.35001
-7.35003
-7.35005
-7.35007
-7.35009
-12.2495
-12.2495
-12.2495
-12.2495
-12.2495
-12.2495
-12.2495
-12.2495
-12.2495
-12.2494
-12.2494
-12.2495
-12.2495
-12.2495
-12.2495
-12.2495
-12.2495
-12.2496
-12.2496
-12.2496
-17.1489
-17.1489
-17.1489
-17.1489
-17.1489
-17.1489
-17.1489
-17.1489
-17.149
-17.1488
-17.1488
-17.149
-17.149
-17.149
-17.149
-17.149
-17.149
-17.149
-17.149
-17.1489
-22.0483
-22.0483
-22.0483
-22.0483
-22.0483
-22.0483
-22.0483
-22.0483
-22.0483
-22.0482
-22.0482
-22.0484
-22.0484
-22.0484
-22.0484
-22.0484
-22.0484
-22.0484
-22.0484
-22.0483
-26.9476
-26.9477
-26.9477
-26.9477
-26.9477
-26.9477
-26.9477
-26.9477
-26.9477
-26.9475
-26.9476
-26.9477
-26.9477
-26.9477
-26.9477
-26.9477
-26.9477
-26.9477
-26.9477
-26.9477
-31.847
-31.8471
-31.847
-31.847
-31.847
-31.847
-31.847
-31.847
-31.8471
-31.8468
-31.8469
-31.8471
-31.8471
-31.8471
-31.8471
-31.8471
-31.8471
-31.847
-31.8471
-31.847
-36.7463
-36.7464
-36.7463
-36.7463
-36.7463
-36.7463
-36.7464
-36.7464
-36.7464
-36.7458
-36.7459
-36.7465
-36.7464
-36.7464
-36.7464
-36.7464
-36.7464
-36.7463
-36.7464
-36.7463
-41.6454
-41.6457
-41.6456
-41.6456
-41.6457
-41.6457
-41.6457
-41.6456
-41.645
-41.6435
-41.644
-41.6454
-41.6457
-41.6457
-41.6457
-41.6457
-41.6457
-41.6457
-41.6457
-41.6455
-46.5444
-46.5446
-46.5447
-46.5446
-46.5445
-46.5444
-46.5441
-46.5432
-46.541
-46.5374
-46.5389
-46.5422
-46.5438
-46.5443
-46.5445
-46.5446
-46.5447
-46.5448
-46.5447
-46.5445
-2.45018
-2.45018
-2.45018
-2.45018
-2.45018
-2.45019
-2.45022
-2.45028
-2.45038
-2.45104
-2.45105
-2.45048
-2.45035
-2.45032
-2.45031
-2.45032
-2.45033
-2.45033
-2.45033
-2.45032
-7.34995
-7.34995
-7.34994
-7.34993
-7.34993
-7.34993
-7.34994
-7.34997
-7.35001
-7.34985
-7.34984
-7.35004
-7.35
-7.34999
-7.35
-7.35001
-7.35003
-7.35005
-7.35008
-7.35009
-12.2495
-12.2495
-12.2495
-12.2495
-12.2495
-12.2495
-12.2495
-12.2495
-12.2495
-12.2494
-12.2494
-12.2495
-12.2495
-12.2495
-12.2495
-12.2495
-12.2495
-12.2496
-12.2496
-12.2496
-17.1489
-17.149
-17.1489
-17.1489
-17.1489
-17.1489
-17.1489
-17.1489
-17.149
-17.1488
-17.1488
-17.149
-17.149
-17.149
-17.149
-17.149
-17.149
-17.149
-17.149
-17.1489
-22.0483
-22.0483
-22.0483
-22.0483
-22.0483
-22.0483
-22.0483
-22.0483
-22.0484
-22.0482
-22.0482
-22.0484
-22.0484
-22.0484
-22.0484
-22.0484
-22.0484
-22.0484
-22.0484
-22.0483
-26.9476
-26.9477
-26.9477
-26.9477
-26.9477
-26.9477
-26.9477
-26.9477
-26.9477
-26.9476
-26.9476
-26.9478
-26.9477
-26.9477
-26.9477
-26.9477
-26.9477
-26.9477
-26.9478
-26.9477
-31.847
-31.8471
-31.847
-31.847
-31.847
-31.847
-31.8471
-31.8471
-31.8471
-31.8469
-31.847
-31.8471
-31.8471
-31.8471
-31.8471
-31.8471
-31.8471
-31.847
-31.8471
-31.847
-36.7463
-36.7464
-36.7463
-36.7463
-36.7463
-36.7463
-36.7464
-36.7464
-36.7463
-36.7459
-36.7461
-36.7464
-36.7464
-36.7464
-36.7464
-36.7464
-36.7464
-36.7463
-36.7464
-36.7463
-41.6454
-41.6457
-41.6456
-41.6456
-41.6457
-41.6457
-41.6457
-41.6456
-41.6451
-41.644
-41.6446
-41.6455
-41.6457
-41.6457
-41.6457
-41.6457
-41.6457
-41.6457
-41.6457
-41.6454
-46.5444
-46.5446
-46.5447
-46.5446
-46.5446
-46.5444
-46.5442
-46.5434
-46.5416
-46.5389
-46.5407
-46.5429
-46.544
-46.5444
-46.5446
-46.5447
-46.5447
-46.5448
-46.5447
-46.5445
-2.45018
-2.45019
-2.45018
-2.45018
-2.45018
-2.45019
-2.45021
-2.45025
-2.45028
-2.45043
-2.45048
-2.4504
-2.45038
-2.45037
-2.45038
-2.45039
-2.4504
-2.45039
-2.45037
-2.45035
-7.34995
-7.34995
-7.34995
-7.34995
-7.34994
-7.34994
-7.34994
-7.34996
-7.34998
-7.35004
-7.35004
-7.35002
-7.35001
-7.35001
-7.35002
-7.35003
-7.35005
-7.35006
-7.35008
-7.35009
-12.2495
-12.2495
-12.2495
-12.2495
-12.2495
-12.2495
-12.2495
-12.2495
-12.2495
-12.2495
-12.2495
-12.2495
-12.2495
-12.2495
-12.2495
-12.2495
-12.2495
-12.2496
-12.2496
-12.2496
-17.1489
-17.149
-17.149
-17.149
-17.1489
-17.1489
-17.1489
-17.1489
-17.1489
-17.149
-17.149
-17.149
-17.149
-17.149
-17.149
-17.149
-17.149
-17.149
-17.149
-17.1489
-22.0483
-22.0483
-22.0484
-22.0484
-22.0483
-22.0483
-22.0483
-22.0483
-22.0483
-22.0484
-22.0484
-22.0484
-22.0484
-22.0484
-22.0484
-22.0484
-22.0484
-22.0484
-22.0484
-22.0483
-26.9476
-26.9477
-26.9477
-26.9477
-26.9477
-26.9477
-26.9477
-26.9477
-26.9477
-26.9477
-26.9478
-26.9478
-26.9477
-26.9477
-26.9477
-26.9477
-26.9477
-26.9477
-26.9478
-26.9477
-31.847
-31.8471
-31.847
-31.847
-31.847
-31.8471
-31.8471
-31.8471
-31.8471
-31.8471
-31.8471
-31.8471
-31.8471
-31.8471
-31.8471
-31.8471
-31.8471
-31.847
-31.8471
-31.847
-36.7463
-36.7464
-36.7463
-36.7463
-36.7463
-36.7463
-36.7464
-36.7464
-36.7464
-36.7465
-36.7464
-36.7464
-36.7464
-36.7464
-36.7464
-36.7463
-36.7463
-36.7463
-36.7464
-36.7463
-41.6454
-41.6456
-41.6456
-41.6456
-41.6457
-41.6457
-41.6457
-41.6457
-41.6456
-41.6454
-41.6455
-41.6457
-41.6457
-41.6457
-41.6457
-41.6457
-41.6457
-41.6457
-41.6457
-41.6454
-46.5444
-46.5447
-46.5447
-46.5446
-46.5446
-46.5445
-46.5443
-46.5439
-46.5432
-46.5422
-46.5429
-46.5438
-46.5442
-46.5444
-46.5446
-46.5447
-46.5447
-46.5448
-46.5447
-46.5445
-2.45019
-2.45019
-2.45019
-2.45019
-2.45019
-2.4502
-2.45021
-2.45024
-2.45023
-2.4503
-2.45035
-2.45038
-2.45041
-2.45044
-2.45047
-2.45049
-2.4505
-2.4505
-2.45048
-2.45048
-7.34997
-7.34997
-7.34995
-7.34993
-7.34993
-7.34994
-7.34995
-7.34996
-7.34996
-7.34999
-7.35
-7.35001
-7.35002
-7.35005
-7.35007
-7.35009
-7.35011
-7.35012
-7.35012
-7.35013
-12.2495
-12.2495
-12.2495
-12.2495
-12.2495
-12.2495
-12.2495
-12.2495
-12.2495
-12.2495
-12.2495
-12.2495
-12.2495
-12.2495
-12.2495
-12.2496
-12.2496
-12.2496
-12.2496
-12.2496
-17.149
-17.149
-17.149
-17.1489
-17.1489
-17.1489
-17.1489
-17.1489
-17.1489
-17.149
-17.149
-17.149
-17.149
-17.149
-17.149
-17.149
-17.149
-17.149
-17.149
-17.1489
-22.0483
-22.0483
-22.0483
-22.0483
-22.0483
-22.0484
-22.0484
-22.0483
-22.0483
-22.0484
-22.0484
-22.0484
-22.0483
-22.0483
-22.0483
-22.0483
-22.0484
-22.0484
-22.0484
-22.0483
-26.9476
-26.9477
-26.9477
-26.9477
-26.9477
-26.9477
-26.9477
-26.9477
-26.9477
-26.9477
-26.9477
-26.9477
-26.9477
-26.9477
-26.9477
-26.9477
-26.9477
-26.9477
-26.9477
-26.9477
-31.847
-31.8471
-31.847
-31.847
-31.847
-31.8471
-31.8471
-31.8471
-31.8471
-31.8471
-31.8471
-31.8471
-31.8471
-31.8471
-31.8471
-31.847
-31.847
-31.847
-31.8471
-31.847
-36.7463
-36.7464
-36.7463
-36.7463
-36.7463
-36.7463
-36.7464
-36.7464
-36.7464
-36.7464
-36.7464
-36.7464
-36.7464
-36.7464
-36.7464
-36.7463
-36.7463
-36.7463
-36.7464
-36.7463
-41.6454
-41.6456
-41.6456
-41.6456
-41.6457
-41.6457
-41.6457
-41.6457
-41.6457
-41.6457
-41.6457
-41.6457
-41.6457
-41.6457
-41.6457
-41.6457
-41.6457
-41.6457
-41.6457
-41.6454
-46.5444
-46.5447
-46.5447
-46.5447
-46.5446
-46.5445
-46.5444
-46.5443
-46.5441
-46.5438
-46.544
-46.5442
-46.5444
-46.5445
-46.5446
-46.5447
-46.5448
-46.5448
-46.5447
-46.5445
-2.45018
-2.45021
-2.45023
-2.45023
-2.45022
-2.45021
-2.45023
-2.45024
-2.45023
-2.45027
-2.45032
-2.45037
-2.45044
-2.4505
-2.45055
-2.45058
-2.4506
-2.4506
-2.45059
-2.45062
-7.34995
-7.34994
-7.34992
-7.34991
-7.34992
-7.34995
-7.34996
-7.34996
-7.34997
-7.34998
-7.34999
-7.35001
-7.35005
-7.35009
-7.35012
-7.35015
-7.35017
-7.35018
-7.35018
-7.3502
-12.2495
-12.2495
-12.2495
-12.2495
-12.2495
-12.2495
-12.2495
-12.2495
-12.2495
-12.2495
-12.2495
-12.2495
-12.2495
-12.2495
-12.2496
-12.2496
-12.2496
-12.2496
-12.2496
-12.2496
-17.149
-17.1489
-17.1489
-17.1489
-17.1489
-17.149
-17.149
-17.1489
-17.149
-17.149
-17.149
-17.149
-17.149
-17.149
-17.149
-17.149
-17.149
-17.149
-17.149
-17.1489
-22.0483
-22.0483
-22.0483
-22.0483
-22.0483
-22.0484
-22.0484
-22.0483
-22.0484
-22.0484
-22.0484
-22.0484
-22.0483
-22.0483
-22.0483
-22.0483
-22.0483
-22.0484
-22.0484
-22.0483
-26.9476
-26.9477
-26.9477
-26.9477
-26.9477
-26.9477
-26.9477
-26.9477
-26.9477
-26.9477
-26.9477
-26.9477
-26.9477
-26.9477
-26.9477
-26.9477
-26.9477
-26.9477
-26.9477
-26.9477
-31.847
-31.8471
-31.847
-31.847
-31.847
-31.847
-31.8471
-31.8471
-31.8471
-31.8471
-31.8471
-31.8471
-31.8471
-31.8471
-31.847
-31.847
-31.847
-31.847
-31.8471
-31.847
-36.7462
-36.7464
-36.7463
-36.7463
-36.7463
-36.7463
-36.7463
-36.7464
-36.7464
-36.7464
-36.7464
-36.7464
-36.7464
-36.7464
-36.7463
-36.7463
-36.7463
-36.7463
-36.7464
-36.7463
-41.6454
-41.6456
-41.6456
-41.6456
-41.6456
-41.6457
-41.6457
-41.6457
-41.6457
-41.6457
-41.6457
-41.6457
-41.6457
-41.6457
-41.6457
-41.6457
-41.6457
-41.6457
-41.6456
-41.6454
-46.5445
-46.5447
-46.5447
-46.5447
-46.5447
-46.5446
-46.5445
-46.5444
-46.5444
-46.5443
-46.5444
-46.5444
-46.5445
-46.5446
-46.5447
-46.5448
-46.5448
-46.5448
-46.5448
-46.5445
-2.4503
-2.45031
-2.45033
-2.45032
-2.45028
-2.45024
-2.45024
-2.45025
-2.45024
-2.45027
-2.45031
-2.45038
-2.45047
-2.45055
-2.4506
-2.45063
-2.45064
-2.45063
-2.45061
-2.45064
-7.34997
-7.34997
-7.34997
-7.34995
-7.34994
-7.34996
-7.34998
-7.34998
-7.34999
-7.34999
-7.35
-7.35002
-7.35007
-7.35012
-7.35016
-7.35018
-7.35019
-7.35019
-7.35018
-7.35018
-12.2495
-12.2495
-12.2495
-12.2495
-12.2495
-12.2495
-12.2495
-12.2495
-12.2495
-12.2495
-12.2495
-12.2495
-12.2495
-12.2496
-12.2496
-12.2496
-12.2496
-12.2496
-12.2496
-12.2495
-17.1489
-17.1489
-17.1489
-17.1489
-17.1489
-17.149
-17.149
-17.149
-17.149
-17.149
-17.149
-17.149
-17.149
-17.149
-17.149
-17.149
-17.149
-17.149
-17.149
-17.1489
-22.0483
-22.0483
-22.0483
-22.0483
-22.0483
-22.0484
-22.0484
-22.0484
-22.0484
-22.0484
-22.0484
-22.0484
-22.0483
-22.0483
-22.0483
-22.0483
-22.0483
-22.0483
-22.0484
-22.0483
-26.9476
-26.9477
-26.9477
-26.9477
-26.9477
-26.9477
-26.9477
-26.9477
-26.9477
-26.9477
-26.9477
-26.9477
-26.9477
-26.9477
-26.9477
-26.9477
-26.9477
-26.9477
-26.9477
-26.9476
-31.847
-31.8471
-31.847
-31.847
-31.847
-31.847
-31.847
-31.8471
-31.8471
-31.8471
-31.8471
-31.8471
-31.8471
-31.847
-31.847
-31.847
-31.847
-31.847
-31.8471
-31.847
-36.7462
-36.7463
-36.7463
-36.7463
-36.7463
-36.7463
-36.7463
-36.7463
-36.7464
-36.7464
-36.7464
-36.7464
-36.7464
-36.7463
-36.7463
-36.7463
-36.7463
-36.7463
-36.7464
-36.7462
-41.6454
-41.6456
-41.6456
-41.6456
-41.6456
-41.6456
-41.6457
-41.6457
-41.6457
-41.6457
-41.6457
-41.6457
-41.6457
-41.6457
-41.6457
-41.6457
-41.6457
-41.6457
-41.6456
-41.6454
-46.5445
-46.5447
-46.5448
-46.5447
-46.5447
-46.5447
-46.5446
-46.5446
-46.5445
-46.5445
-46.5446
-46.5446
-46.5446
-46.5447
-46.5447
-46.5448
-46.5448
-46.5448
-46.5448
-46.5445
-2.45048
-2.45047
-2.45046
-2.45042
-2.45035
-2.45028
-2.45025
-2.45026
-2.45026
-2.45028
-2.45032
-2.45039
-2.45049
-2.45058
-2.45063
-2.45064
-2.45061
-2.45057
-2.45052
-2.45053
-7.35009
-7.35008
-7.35007
-7.35003
-7.34999
-7.34997
-7.34999
-7.34999
-7.35
-7.35001
-7.35001
-7.35003
-7.35009
-7.35015
-7.35018
-7.35019
-7.35018
-7.35015
-7.35012
-7.35011
-12.2495
-12.2495
-12.2495
-12.2495
-12.2495
-12.2495
-12.2495
-12.2495
-12.2495
-12.2495
-12.2495
-12.2495
-12.2496
-12.2496
-12.2496
-12.2496
-12.2496
-12.2496
-12.2495
-12.2495
-17.1489
-17.1489
-17.149
-17.149
-17.149
-17.149
-17.149
-17.149
-17.149
-17.149
-17.149
-17.149
-17.149
-17.149
-17.149
-17.149
-17.149
-17.149
-17.1489
-17.1489
-22.0483
-22.0483
-22.0483
-22.0483
-22.0484
-22.0484
-22.0484
-22.0484
-22.0484
-22.0484
-22.0484
-22.0484
-22.0483
-22.0483
-22.0483
-22.0483
-22.0483
-22.0483
-22.0483
-22.0483
-26.9476
-26.9477
-26.9477
-26.9477
-26.9477
-26.9477
-26.9477
-26.9477
-26.9477
-26.9477
-26.9477
-26.9477
-26.9477
-26.9477
-26.9477
-26.9477
-26.9477
-26.9477
-26.9477
-26.9476
-31.8469
-31.847
-31.847
-31.847
-31.847
-31.847
-31.847
-31.847
-31.8471
-31.8471
-31.8471
-31.8471
-31.847
-31.847
-31.847
-31.847
-31.847
-31.847
-31.847
-31.8469
-36.7462
-36.7463
-36.7463
-36.7463
-36.7463
-36.7463
-36.7463
-36.7463
-36.7463
-36.7464
-36.7464
-36.7463
-36.7463
-36.7463
-36.7463
-36.7463
-36.7463
-36.7463
-36.7463
-36.7462
-41.6454
-41.6456
-41.6456
-41.6456
-41.6456
-41.6456
-41.6456
-41.6457
-41.6457
-41.6457
-41.6457
-41.6457
-41.6457
-41.6457
-41.6457
-41.6457
-41.6457
-41.6457
-41.6456
-41.6454
-46.5446
-46.5448
-46.5448
-46.5448
-46.5447
-46.5447
-46.5447
-46.5446
-46.5446
-46.5446
-46.5447
-46.5447
-46.5447
-46.5448
-46.5448
-46.5448
-46.5449
-46.5449
-46.5448
-46.5446
-2.45057
-2.45055
-2.45054
-2.4505
-2.45043
-2.45033
-2.45027
-2.45027
-2.45028
-2.45029
-2.45033
-2.4504
-2.4505
-2.4506
-2.45064
-2.45061
-2.45054
-2.45043
-2.45032
-2.45029
-7.35019
-7.35017
-7.35014
-7.3501
-7.35005
-7.34999
-7.35
-7.35001
-7.35002
-7.35003
-7.35003
-7.35005
-7.35011
-7.35017
-7.35019
-7.35018
-7.35013
-7.35006
-7.34999
-7.34996
-12.2496
-12.2496
-12.2496
-12.2496
-12.2495
-12.2495
-12.2495
-12.2495
-12.2495
-12.2495
-12.2495
-12.2495
-12.2496
-12.2496
-12.2496
-12.2496
-12.2495
-12.2495
-12.2495
-12.2494
-17.1489
-17.1489
-17.149
-17.149
-17.149
-17.149
-17.149
-17.149
-17.149
-17.149
-17.149
-17.149
-17.149
-17.149
-17.149
-17.149
-17.1489
-17.1489
-17.1489
-17.1488
-22.0483
-22.0483
-22.0483
-22.0484
-22.0484
-22.0484
-22.0484
-22.0484
-22.0484
-22.0484
-22.0484
-22.0484
-22.0484
-22.0483
-22.0483
-22.0483
-22.0483
-22.0483
-22.0483
-22.0482
-26.9476
-26.9477
-26.9477
-26.9477
-26.9477
-26.9477
-26.9477
-26.9477
-26.9477
-26.9477
-26.9477
-26.9477
-26.9477
-26.9477
-26.9477
-26.9477
-26.9477
-26.9477
-26.9477
-26.9476
-31.8469
-31.847
-31.847
-31.847
-31.847
-31.847
-31.847
-31.847
-31.8471
-31.8471
-31.8471
-31.8471
-31.847
-31.847
-31.847
-31.847
-31.847
-31.847
-31.847
-31.8469
-36.7462
-36.7463
-36.7463
-36.7463
-36.7463
-36.7463
-36.7463
-36.7463
-36.7463
-36.7464
-36.7464
-36.7463
-36.7463
-36.7463
-36.7463
-36.7463
-36.7463
-36.7463
-36.7463
-36.7461
-41.6454
-41.6456
-41.6456
-41.6456
-41.6456
-41.6456
-41.6456
-41.6456
-41.6457
-41.6457
-41.6457
-41.6457
-41.6457
-41.6457
-41.6457
-41.6457
-41.6457
-41.6456
-41.6456
-41.6453
-46.5446
-46.5448
-46.5448
-46.5448
-46.5448
-46.5448
-46.5447
-46.5447
-46.5447
-46.5447
-46.5447
-46.5447
-46.5448
-46.5448
-46.5448
-46.5449
-46.5449
-46.5449
-46.5448
-46.5446
-2.45047
-2.45045
-2.45047
-2.45048
-2.45046
-2.45039
-2.45031
-2.45028
-2.4503
-2.45031
-2.45033
-2.45039
-2.4505
-2.4506
-2.45063
-2.45057
-2.45043
-2.45023
-2.45003
-2.44995
-7.35014
-7.35012
-7.3501
-7.35009
-7.35007
-7.35003
-7.35001
-7.35004
-7.35004
-7.35005
-7.35005
-7.35006
-7.35012
-7.35018
-7.35019
-7.35015
-7.35006
-7.34993
-7.34981
-7.34974
-12.2495
-12.2495
-12.2495
-12.2495
-12.2495
-12.2495
-12.2495
-12.2496
-12.2496
-12.2496
-12.2496
-12.2496
-12.2496
-12.2496
-12.2496
-12.2496
-12.2495
-12.2494
-12.2493
-12.2493
-17.1489
-17.1489
-17.1489
-17.149
-17.149
-17.149
-17.149
-17.149
-17.149
-17.149
-17.149
-17.149
-17.149
-17.149
-17.149
-17.149
-17.1489
-17.1489
-17.1488
-17.1488
-22.0482
-22.0483
-22.0483
-22.0483
-22.0483
-22.0483
-22.0484
-22.0484
-22.0484
-22.0484
-22.0484
-22.0484
-22.0484
-22.0484
-22.0483
-22.0483
-22.0483
-22.0483
-22.0482
-22.0482
-26.9475
-26.9476
-26.9477
-26.9477
-26.9477
-26.9477
-26.9477
-26.9477
-26.9477
-26.9477
-26.9477
-26.9477
-26.9477
-26.9477
-26.9477
-26.9477
-26.9477
-26.9476
-26.9476
-26.9475
-31.8469
-31.847
-31.847
-31.847
-31.847
-31.847
-31.847
-31.847
-31.847
-31.847
-31.847
-31.847
-31.847
-31.847
-31.847
-31.847
-31.847
-31.847
-31.8469
-31.8468
-36.7461
-36.7463
-36.7463
-36.7463
-36.7463
-36.7463
-36.7463
-36.7463
-36.7463
-36.7463
-36.7463
-36.7463
-36.7463
-36.7463
-36.7463
-36.7463
-36.7463
-36.7463
-36.7462
-36.7461
-41.6453
-41.6455
-41.6456
-41.6456
-41.6456
-41.6456
-41.6456
-41.6457
-41.6457
-41.6457
-41.6457
-41.6457
-41.6457
-41.6457
-41.6457
-41.6457
-41.6456
-41.6456
-41.6455
-41.6453
-46.5446
-46.5448
-46.5448
-46.5448
-46.5448
-46.5448
-46.5448
-46.5448
-46.5448
-46.5448
-46.5448
-46.5448
-46.5448
-46.5448
-46.5448
-46.5449
-46.5449
-46.5448
-46.5447
-46.5446
-2.45013
-2.45015
-2.45024
-2.45035
-2.45043
-2.45042
-2.45035
-2.4503
-2.45032
-2.45031
-2.45033
-2.45037
-2.45048
-2.45059
-2.45061
-2.45052
-2.45032
-2.45003
-2.44972
-2.44954
-7.34993
-7.34993
-7.34996
-7.35001
-7.35005
-7.35005
-7.35003
-7.35006
-7.35006
-7.35007
-7.35008
-7.35008
-7.35012
-7.35018
-7.35018
-7.35012
-7.34999
-7.34981
-7.34961
-7.3495
-12.2494
-12.2494
-12.2495
-12.2495
-12.2495
-12.2495
-12.2495
-12.2495
-12.2496
-12.2496
-12.2496
-12.2496
-12.2496
-12.2496
-12.2496
-12.2495
-12.2495
-12.2493
-12.2492
-12.2492
-17.1488
-17.1489
-17.1489
-17.1489
-17.1489
-17.1489
-17.1489
-17.149
-17.149
-17.149
-17.149
-17.149
-17.149
-17.149
-17.149
-17.1489
-17.1489
-17.1488
-17.1487
-17.1487
-22.0482
-22.0482
-22.0483
-22.0483
-22.0483
-22.0483
-22.0484
-22.0484
-22.0484
-22.0484
-22.0484
-22.0484
-22.0484
-22.0484
-22.0484
-22.0483
-22.0483
-22.0482
-22.0482
-22.0481
-26.9475
-26.9476
-26.9476
-26.9477
-26.9477
-26.9477
-26.9477
-26.9477
-26.9477
-26.9477
-26.9478
-26.9478
-26.9477
-26.9477
-26.9477
-26.9477
-26.9477
-26.9476
-26.9476
-26.9475
-31.8468
-31.8469
-31.847
-31.847
-31.847
-31.8471
-31.8471
-31.8471
-31.8471
-31.8471
-31.8471
-31.8471
-31.8471
-31.8471
-31.8471
-31.847
-31.847
-31.8469
-31.8469
-31.8468
-36.746
-36.7462
-36.7462
-36.7463
-36.7463
-36.7463
-36.7464
-36.7464
-36.7464
-36.7464
-36.7464
-36.7464
-36.7464
-36.7464
-36.7464
-36.7463
-36.7463
-36.7462
-36.7461
-36.746
-41.6452
-41.6454
-41.6455
-41.6456
-41.6456
-41.6456
-41.6456
-41.6456
-41.6457
-41.6457
-41.6457
-41.6457
-41.6457
-41.6456
-41.6456
-41.6456
-41.6456
-41.6455
-41.6454
-41.6451
-46.5445
-46.5447
-46.5447
-46.5448
-46.5448
-46.5447
-46.5447
-46.5447
-46.5447
-46.5447
-46.5447
-46.5447
-46.5447
-46.5448
-46.5448
-46.5448
-46.5448
-46.5447
-46.5447
-46.5445
-2.44978
-2.44986
-2.45004
-2.45026
-2.45041
-2.45045
-2.45038
-2.4503
-2.45032
-2.45031
-2.45032
-2.45035
-2.45048
-2.45062
-2.45064
-2.45053
-2.45029
-2.44995
-2.44954
-2.44927
-7.34967
-7.34972
-7.34981
-7.34993
-7.35001
-7.35005
-7.35005
-7.35008
-7.35008
-7.35009
-7.35009
-7.35009
-7.35013
-7.3502
-7.35018
-7.35011
-7.34996
-7.34974
-7.3495
-7.34932
-12.2493
-12.2493
-12.2494
-12.2494
-12.2495
-12.2495
-12.2495
-12.2495
-12.2496
-12.2496
-12.2496
-12.2496
-12.2496
-12.2496
-12.2495
-12.2495
-12.2494
-12.2493
-12.2492
-12.2491
-17.1487
-17.1488
-17.1488
-17.1489
-17.1489
-17.1489
-17.1489
-17.1489
-17.1489
-17.1489
-17.1489
-17.1489
-17.1489
-17.1489
-17.1489
-17.1489
-17.1488
-17.1488
-17.1487
-17.1486
-22.0481
-22.0482
-22.0482
-22.0483
-22.0483
-22.0483
-22.0483
-22.0483
-22.0483
-22.0483
-22.0483
-22.0483
-22.0483
-22.0483
-22.0483
-22.0483
-22.0482
-22.0482
-22.0481
-22.048
-26.9474
-26.9475
-26.9476
-26.9476
-26.9476
-26.9477
-26.9477
-26.9477
-26.9477
-26.9477
-26.9477
-26.9477
-26.9477
-26.9477
-26.9476
-26.9476
-26.9476
-26.9475
-26.9475
-26.9474
-31.8467
-31.8468
-31.8469
-31.8469
-31.8469
-31.847
-31.847
-31.847
-31.847
-31.847
-31.847
-31.847
-31.847
-31.847
-31.847
-31.8469
-31.8469
-31.8468
-31.8468
-31.8466
-36.7459
-36.746
-36.7461
-36.7462
-36.7462
-36.7462
-36.7462
-36.7463
-36.7463
-36.7463
-36.7463
-36.7463
-36.7463
-36.7463
-36.7462
-36.7462
-36.7461
-36.7461
-36.746
-36.7458
-41.645
-41.6452
-41.6453
-41.6453
-41.6454
-41.6454
-41.6454
-41.6454
-41.6454
-41.6455
-41.6454
-41.6454
-41.6454
-41.6454
-41.6454
-41.6454
-41.6453
-41.6453
-41.6451
-41.645
-46.5444
-46.5445
-46.5446
-46.5446
-46.5445
-46.5445
-46.5445
-46.5444
-46.5445
-46.5445
-46.5445
-46.5445
-46.5445
-46.5445
-46.5445
-46.5446
-46.5446
-46.5446
-46.5445
-46.5444
)
;

boundaryField
{
    floor
    {
        type            calculated;
        value           nonuniform List<scalar> 
400
(
-6.07429e-06
-0.000264371
-0.000569239
-0.000661146
-0.000522337
-0.000198396
-0.000201034
-0.000174822
-0.000186329
-0.000181872
-0.000192758
-0.000207372
-0.000224153
-0.000251476
-0.00051681
-0.000725967
-0.00084087
-0.000751095
-0.000407827
-5.54728e-05
-0.000264371
-0.000396822
-0.000587275
-0.000624257
-0.000491215
-0.000231664
-0.00020876
-0.000182714
-0.000192937
-0.000194504
-0.000212413
-0.000230415
-0.000220764
-0.000332243
-0.000530771
-0.000714721
-0.000813477
-0.000732355
-0.000427627
-0.000135586
-0.000569239
-0.000587275
-0.000632092
-0.00059563
-0.000456241
-0.000218014
-0.000229984
-0.000189315
-0.000200662
-0.000206853
-0.000227266
-0.000230229
-0.000242656
-0.000385294
-0.00054673
-0.000704024
-0.000796452
-0.000744926
-0.000518875
-0.000322009
-0.000661146
-0.000624257
-0.00059563
-0.000518496
-0.000385459
-0.00020702
-0.000255946
-0.000200652
-0.000210581
-0.000220182
-0.000237147
-0.00021662
-0.000268363
-0.00039318
-0.000524852
-0.000659284
-0.000755671
-0.000753395
-0.000635107
-0.000541886
-0.000522337
-0.000491215
-0.000456241
-0.000385459
-0.000294976
-0.000215413
-0.000265362
-0.000226751
-0.000217161
-0.000232132
-0.000242309
-0.000216519
-0.000263941
-0.000351289
-0.000451363
-0.000569335
-0.000672448
-0.000721484
-0.000703607
-0.000697105
-0.000198396
-0.000231664
-0.000218014
-0.00020702
-0.000215413
-0.000242284
-0.000267726
-0.000241999
-0.000224288
-0.000249001
-0.000261066
-0.000242293
-0.000233372
-0.000270843
-0.000327917
-0.00041329
-0.000533838
-0.00062501
-0.000671233
-0.000709894
-0.000201034
-0.00020876
-0.000229984
-0.000255946
-0.000265362
-0.000267726
-0.000268774
-0.000252432
-0.000237807
-0.000278581
-0.000299956
-0.000287452
-0.000284113
-0.000296502
-0.000295563
-0.000299318
-0.000347861
-0.000461452
-0.000535643
-0.000562139
-0.000174822
-0.000182714
-0.000189315
-0.000200652
-0.000226751
-0.000241999
-0.000252432
-0.000257407
-0.000263931
-0.000335815
-0.00036986
-0.000336094
-0.000318309
-0.000315247
-0.000303046
-0.000310671
-0.000319542
-0.000314267
-0.000325216
-0.000304869
-0.000186329
-0.000192937
-0.000200662
-0.000210581
-0.000217161
-0.000224288
-0.000237807
-0.000263931
-0.000300684
-0.000482961
-0.00050527
-0.000351754
-0.000292461
-0.000274244
-0.000287546
-0.000305146
-0.000325408
-0.000346202
-0.000355782
-0.000330611
-0.000181872
-0.000194504
-0.000206853
-0.000220182
-0.000232132
-0.000249001
-0.000278581
-0.000335815
-0.000482961
-0.00353764
-0.00351403
-0.000545299
-0.000368497
-0.000334383
-0.000336602
-0.000347406
-0.000355964
-0.000360509
-0.000341578
-0.000308788
-0.000192758
-0.000212413
-0.000227266
-0.000237147
-0.000242309
-0.000261066
-0.000299956
-0.00036986
-0.00050527
-0.00351403
-0.00336891
-0.000629265
-0.000462733
-0.000434255
-0.000437382
-0.000446658
-0.000450276
-0.000439214
-0.000400377
-0.000315914
-0.000207372
-0.000230415
-0.000230229
-0.00021662
-0.000216519
-0.000242293
-0.000287452
-0.000336094
-0.000351754
-0.000545299
-0.000629265
-0.000530676
-0.000517493
-0.000529211
-0.00054952
-0.00056787
-0.000576753
-0.000567907
-0.000532893
-0.000477839
-0.000224153
-0.000220764
-0.000242656
-0.000268363
-0.000263941
-0.000233372
-0.000284113
-0.000318309
-0.000292461
-0.000368497
-0.000462733
-0.000517493
-0.000568314
-0.000616904
-0.000659723
-0.000692833
-0.000713082
-0.00071504
-0.00069715
-0.000698316
-0.000251476
-0.000332243
-0.000385294
-0.00039318
-0.000351289
-0.000270843
-0.000296502
-0.000315247
-0.000274244
-0.000334383
-0.000434255
-0.000529211
-0.000616904
-0.000693618
-0.000754118
-0.000796955
-0.000823546
-0.000833774
-0.000832706
-0.000866148
-0.00051681
-0.000530771
-0.00054673
-0.000524852
-0.000451363
-0.000327917
-0.000295563
-0.000303046
-0.000287546
-0.000336602
-0.000437382
-0.00054952
-0.000659723
-0.000754118
-0.000821058
-0.000860184
-0.000877179
-0.000876452
-0.000868705
-0.000903212
-0.000725967
-0.000714721
-0.000704024
-0.000659284
-0.000569335
-0.00041329
-0.000299318
-0.000310671
-0.000305146
-0.000347406
-0.000446658
-0.00056787
-0.000692833
-0.000796955
-0.000860184
-0.000880618
-0.000863827
-0.000824958
-0.000783437
-0.000795506
-0.00084087
-0.000813477
-0.000796452
-0.000755671
-0.000672448
-0.000533838
-0.000347861
-0.000319542
-0.000325408
-0.000355964
-0.000450276
-0.000576753
-0.000713082
-0.000823546
-0.000877179
-0.000863827
-0.00079317
-0.000687484
-0.000584343
-0.000559783
-0.000751095
-0.000732355
-0.000744926
-0.000753395
-0.000721484
-0.00062501
-0.000461452
-0.000314267
-0.000346202
-0.000360509
-0.000439214
-0.000567907
-0.00071504
-0.000833774
-0.000876452
-0.000824958
-0.000687484
-0.000488812
-0.000289826
-0.000206041
-0.000407827
-0.000427627
-0.000518875
-0.000635107
-0.000703607
-0.000671233
-0.000535643
-0.000325216
-0.000355782
-0.000341578
-0.000400377
-0.000532893
-0.00069715
-0.000832706
-0.000868705
-0.000783437
-0.000584343
-0.000289826
2.91455e-05
0.000205371
-5.54728e-05
-0.000135586
-0.000322009
-0.000541886
-0.000697105
-0.000709894
-0.000562139
-0.000304869
-0.000330611
-0.000308788
-0.000315914
-0.000477839
-0.000698316
-0.000866148
-0.000903212
-0.000795506
-0.000559783
-0.000206041
0.000205371
0.000483948
)
;
    }
    ceiling
    {
        type            calculated;
        value           nonuniform List<scalar> 
400
(
-48.9941
-48.9942
-48.9943
-48.9942
-48.9942
-48.9941
-48.9941
-48.994
-48.994
-48.9941
-48.9941
-48.9941
-48.9941
-48.9941
-48.9942
-48.9943
-48.9943
-48.9943
-48.9943
-48.9942
-48.9942
-48.9944
-48.9944
-48.9944
-48.9944
-48.9944
-48.9943
-48.9943
-48.9943
-48.9943
-48.9943
-48.9943
-48.9943
-48.9944
-48.9944
-48.9945
-48.9945
-48.9945
-48.9944
-48.9943
-48.9943
-48.9944
-48.9945
-48.9945
-48.9944
-48.9944
-48.9943
-48.9943
-48.9943
-48.9943
-48.9943
-48.9943
-48.9943
-48.9944
-48.9944
-48.9945
-48.9945
-48.9945
-48.9945
-48.9943
-48.9942
-48.9944
-48.9945
-48.9944
-48.9944
-48.9943
-48.9942
-48.9942
-48.9942
-48.9942
-48.9942
-48.9942
-48.9943
-48.9943
-48.9944
-48.9944
-48.9945
-48.9945
-48.9945
-48.9943
-48.9942
-48.9944
-48.9944
-48.9944
-48.9943
-48.9942
-48.9941
-48.9941
-48.994
-48.994
-48.9941
-48.9941
-48.9942
-48.9942
-48.9943
-48.9944
-48.9944
-48.9945
-48.9945
-48.9943
-48.9941
-48.9944
-48.9944
-48.9943
-48.9942
-48.9941
-48.994
-48.9939
-48.9939
-48.9938
-48.9939
-48.994
-48.9941
-48.9942
-48.9942
-48.9943
-48.9944
-48.9944
-48.9944
-48.9942
-48.9941
-48.9943
-48.9943
-48.9942
-48.9941
-48.994
-48.9939
-48.9937
-48.9936
-48.9935
-48.9936
-48.9937
-48.9939
-48.994
-48.9942
-48.9943
-48.9944
-48.9944
-48.9944
-48.9942
-48.994
-48.9943
-48.9943
-48.9942
-48.9941
-48.9939
-48.9937
-48.9935
-48.993
-48.9925
-48.9928
-48.9933
-48.9937
-48.9939
-48.9941
-48.9942
-48.9943
-48.9944
-48.9944
-48.9941
-48.994
-48.9943
-48.9943
-48.9942
-48.994
-48.9939
-48.9936
-48.993
-48.9918
-48.9901
-48.9908
-48.9925
-48.9934
-48.9938
-48.994
-48.9942
-48.9943
-48.9944
-48.9944
-48.9942
-48.9941
-48.9943
-48.9943
-48.9942
-48.994
-48.9938
-48.9935
-48.9925
-48.9901
-48.9861
-48.9879
-48.9914
-48.9931
-48.9938
-48.994
-48.9942
-48.9943
-48.9944
-48.9944
-48.9942
-48.9941
-48.9943
-48.9943
-48.9942
-48.9941
-48.9939
-48.9936
-48.9928
-48.9908
-48.9879
-48.9898
-48.9922
-48.9934
-48.9939
-48.9941
-48.9942
-48.9943
-48.9944
-48.9944
-48.9942
-48.9941
-48.9943
-48.9943
-48.9942
-48.9941
-48.994
-48.9937
-48.9933
-48.9925
-48.9914
-48.9922
-48.9931
-48.9937
-48.9939
-48.9941
-48.9942
-48.9943
-48.9944
-48.9944
-48.9942
-48.9941
-48.9943
-48.9943
-48.9943
-48.9942
-48.9941
-48.9939
-48.9937
-48.9934
-48.9931
-48.9934
-48.9937
-48.9939
-48.994
-48.9942
-48.9943
-48.9944
-48.9944
-48.9944
-48.9942
-48.9941
-48.9944
-48.9944
-48.9943
-48.9942
-48.9942
-48.994
-48.9939
-48.9938
-48.9938
-48.9939
-48.9939
-48.994
-48.9942
-48.9943
-48.9944
-48.9944
-48.9945
-48.9944
-48.9942
-48.9942
-48.9944
-48.9944
-48.9944
-48.9943
-48.9942
-48.9942
-48.9941
-48.994
-48.994
-48.9941
-48.9941
-48.9942
-48.9943
-48.9943
-48.9944
-48.9945
-48.9945
-48.9945
-48.9943
-48.9943
-48.9945
-48.9945
-48.9944
-48.9944
-48.9943
-48.9943
-48.9942
-48.9942
-48.9942
-48.9942
-48.9942
-48.9943
-48.9944
-48.9944
-48.9945
-48.9945
-48.9945
-48.9945
-48.9943
-48.9943
-48.9945
-48.9945
-48.9945
-48.9944
-48.9944
-48.9944
-48.9943
-48.9943
-48.9943
-48.9943
-48.9943
-48.9944
-48.9944
-48.9945
-48.9945
-48.9946
-48.9946
-48.9945
-48.9943
-48.9943
-48.9945
-48.9945
-48.9945
-48.9945
-48.9944
-48.9944
-48.9944
-48.9944
-48.9944
-48.9944
-48.9944
-48.9944
-48.9945
-48.9945
-48.9945
-48.9946
-48.9945
-48.9945
-48.9943
-48.9943
-48.9944
-48.9945
-48.9945
-48.9945
-48.9944
-48.9944
-48.9944
-48.9944
-48.9944
-48.9944
-48.9944
-48.9944
-48.9944
-48.9945
-48.9945
-48.9945
-48.9945
-48.9944
-48.9943
-48.9942
-48.9943
-48.9943
-48.9943
-48.9943
-48.9942
-48.9942
-48.9941
-48.9942
-48.9942
-48.9942
-48.9942
-48.9942
-48.9942
-48.9943
-48.9943
-48.9943
-48.9943
-48.9943
-48.9942
)
;
    }
    fixedWalls
    {
        type            calculated;
        value           nonuniform List<scalar> 
800
(
-2.44974
-7.34963
-12.2492
-17.1487
-22.0481
-26.9474
-31.8467
-36.7459
-41.645
-46.5444
-2.44998
-7.34978
-12.2493
-17.1488
-22.0482
-26.9475
-31.8468
-36.746
-41.6452
-46.5445
-2.45028
-7.34996
-12.2494
-17.1488
-22.0482
-26.9475
-31.8468
-36.7461
-41.6453
-46.5445
-2.45039
-7.35005
-12.2495
-17.1489
-22.0482
-26.9476
-31.8469
-36.7461
-41.6453
-46.5445
-2.45029
-7.34997
-12.2495
-17.1489
-22.0482
-26.9476
-31.8469
-36.7462
-41.6454
-46.5445
-2.45016
-7.34994
-12.2495
-17.1489
-22.0483
-26.9476
-31.8469
-36.7462
-41.6454
-46.5444
-2.45018
-7.34995
-12.2495
-17.1489
-22.0483
-26.9476
-31.847
-36.7462
-41.6454
-46.5444
-2.45017
-7.34994
-12.2495
-17.1489
-22.0483
-26.9476
-31.847
-36.7462
-41.6454
-46.5444
-2.45017
-7.34994
-12.2495
-17.1489
-22.0483
-26.9476
-31.847
-36.7463
-41.6454
-46.5444
-2.45017
-7.34994
-12.2495
-17.1489
-22.0483
-26.9476
-31.847
-36.7463
-41.6454
-46.5444
-2.45018
-7.34995
-12.2495
-17.1489
-22.0483
-26.9476
-31.847
-36.7463
-41.6454
-46.5444
-2.45018
-7.34995
-12.2495
-17.1489
-22.0483
-26.9476
-31.847
-36.7463
-41.6454
-46.5444
-2.45019
-7.34997
-12.2495
-17.149
-22.0483
-26.9476
-31.847
-36.7463
-41.6454
-46.5444
-2.45018
-7.34995
-12.2495
-17.149
-22.0483
-26.9476
-31.847
-36.7462
-41.6454
-46.5445
-2.4503
-7.34997
-12.2495
-17.1489
-22.0483
-26.9476
-31.847
-36.7462
-41.6454
-46.5445
-2.45048
-7.35009
-12.2495
-17.1489
-22.0483
-26.9476
-31.8469
-36.7462
-41.6454
-46.5446
-2.45057
-7.35019
-12.2496
-17.1489
-22.0483
-26.9476
-31.8469
-36.7462
-41.6454
-46.5446
-2.45047
-7.35014
-12.2495
-17.1489
-22.0482
-26.9475
-31.8469
-36.7461
-41.6453
-46.5446
-2.45013
-7.34993
-12.2494
-17.1488
-22.0482
-26.9475
-31.8468
-36.746
-41.6452
-46.5445
-2.44978
-7.34967
-12.2493
-17.1487
-22.0481
-26.9474
-31.8467
-36.7459
-41.645
-46.5444
-2.44978
-7.34967
-12.2493
-17.1487
-22.0481
-26.9474
-31.8467
-36.7459
-41.645
-46.5444
-2.44986
-7.34972
-12.2493
-17.1488
-22.0482
-26.9475
-31.8468
-36.746
-41.6452
-46.5445
-2.45004
-7.34981
-12.2494
-17.1488
-22.0482
-26.9476
-31.8469
-36.7461
-41.6453
-46.5446
-2.45026
-7.34993
-12.2494
-17.1489
-22.0483
-26.9476
-31.8469
-36.7462
-41.6453
-46.5446
-2.45041
-7.35001
-12.2495
-17.1489
-22.0483
-26.9476
-31.8469
-36.7462
-41.6454
-46.5445
-2.45045
-7.35005
-12.2495
-17.1489
-22.0483
-26.9477
-31.847
-36.7462
-41.6454
-46.5445
-2.45038
-7.35005
-12.2495
-17.1489
-22.0483
-26.9477
-31.847
-36.7462
-41.6454
-46.5445
-2.4503
-7.35008
-12.2495
-17.1489
-22.0483
-26.9477
-31.847
-36.7463
-41.6454
-46.5444
-2.45032
-7.35008
-12.2496
-17.1489
-22.0483
-26.9477
-31.847
-36.7463
-41.6454
-46.5445
-2.45031
-7.35009
-12.2496
-17.1489
-22.0483
-26.9477
-31.847
-36.7463
-41.6455
-46.5445
-2.45032
-7.35009
-12.2496
-17.1489
-22.0483
-26.9477
-31.847
-36.7463
-41.6454
-46.5445
-2.45035
-7.35009
-12.2496
-17.1489
-22.0483
-26.9477
-31.847
-36.7463
-41.6454
-46.5445
-2.45048
-7.35013
-12.2496
-17.1489
-22.0483
-26.9477
-31.847
-36.7463
-41.6454
-46.5445
-2.45062
-7.3502
-12.2496
-17.1489
-22.0483
-26.9477
-31.847
-36.7463
-41.6454
-46.5445
-2.45064
-7.35018
-12.2495
-17.1489
-22.0483
-26.9476
-31.847
-36.7462
-41.6454
-46.5445
-2.45053
-7.35011
-12.2495
-17.1489
-22.0483
-26.9476
-31.8469
-36.7462
-41.6454
-46.5446
-2.45029
-7.34996
-12.2494
-17.1488
-22.0482
-26.9476
-31.8469
-36.7461
-41.6453
-46.5446
-2.44995
-7.34974
-12.2493
-17.1488
-22.0482
-26.9475
-31.8468
-36.7461
-41.6453
-46.5446
-2.44954
-7.3495
-12.2492
-17.1487
-22.0481
-26.9475
-31.8468
-36.746
-41.6451
-46.5445
-2.44927
-7.34932
-12.2491
-17.1486
-22.048
-26.9474
-31.8466
-36.7458
-41.645
-46.5444
-2.44974
-7.34963
-12.2492
-17.1487
-22.0481
-26.9474
-31.8467
-36.7459
-41.645
-46.5444
-2.44998
-7.34978
-12.2493
-17.1488
-22.0482
-26.9475
-31.8468
-36.746
-41.6452
-46.5445
-2.45028
-7.34996
-12.2494
-17.1488
-22.0482
-26.9475
-31.8468
-36.7461
-41.6453
-46.5445
-2.45039
-7.35005
-12.2495
-17.1489
-22.0482
-26.9476
-31.8469
-36.7461
-41.6453
-46.5445
-2.45029
-7.34997
-12.2495
-17.1489
-22.0482
-26.9476
-31.8469
-36.7462
-41.6454
-46.5445
-2.45016
-7.34994
-12.2495
-17.1489
-22.0483
-26.9476
-31.8469
-36.7462
-41.6454
-46.5444
-2.45018
-7.34995
-12.2495
-17.1489
-22.0483
-26.9476
-31.847
-36.7462
-41.6454
-46.5444
-2.45017
-7.34994
-12.2495
-17.1489
-22.0483
-26.9476
-31.847
-36.7462
-41.6454
-46.5444
-2.45017
-7.34994
-12.2495
-17.1489
-22.0483
-26.9476
-31.847
-36.7463
-41.6454
-46.5444
-2.45017
-7.34994
-12.2495
-17.1489
-22.0483
-26.9476
-31.847
-36.7463
-41.6454
-46.5444
-2.45018
-7.34995
-12.2495
-17.1489
-22.0483
-26.9476
-31.847
-36.7463
-41.6454
-46.5444
-2.45018
-7.34995
-12.2495
-17.1489
-22.0483
-26.9476
-31.847
-36.7463
-41.6454
-46.5444
-2.45019
-7.34997
-12.2495
-17.149
-22.0483
-26.9476
-31.847
-36.7463
-41.6454
-46.5444
-2.45018
-7.34995
-12.2495
-17.149
-22.0483
-26.9476
-31.847
-36.7462
-41.6454
-46.5445
-2.4503
-7.34997
-12.2495
-17.1489
-22.0483
-26.9476
-31.847
-36.7462
-41.6454
-46.5445
-2.45048
-7.35009
-12.2495
-17.1489
-22.0483
-26.9476
-31.8469
-36.7462
-41.6454
-46.5446
-2.45057
-7.35019
-12.2496
-17.1489
-22.0483
-26.9476
-31.8469
-36.7462
-41.6454
-46.5446
-2.45047
-7.35014
-12.2495
-17.1489
-22.0482
-26.9475
-31.8469
-36.7461
-41.6453
-46.5446
-2.45013
-7.34993
-12.2494
-17.1488
-22.0482
-26.9475
-31.8468
-36.746
-41.6452
-46.5445
-2.44978
-7.34967
-12.2493
-17.1487
-22.0481
-26.9474
-31.8467
-36.7459
-41.645
-46.5444
-2.44978
-7.34967
-12.2493
-17.1487
-22.0481
-26.9474
-31.8467
-36.7459
-41.645
-46.5444
-2.44986
-7.34972
-12.2493
-17.1488
-22.0482
-26.9475
-31.8468
-36.746
-41.6452
-46.5445
-2.45004
-7.34981
-12.2494
-17.1488
-22.0482
-26.9476
-31.8469
-36.7461
-41.6453
-46.5446
-2.45026
-7.34993
-12.2494
-17.1489
-22.0483
-26.9476
-31.8469
-36.7462
-41.6453
-46.5446
-2.45041
-7.35001
-12.2495
-17.1489
-22.0483
-26.9476
-31.8469
-36.7462
-41.6454
-46.5445
-2.45045
-7.35005
-12.2495
-17.1489
-22.0483
-26.9477
-31.847
-36.7462
-41.6454
-46.5445
-2.45038
-7.35005
-12.2495
-17.1489
-22.0483
-26.9477
-31.847
-36.7462
-41.6454
-46.5445
-2.4503
-7.35008
-12.2495
-17.1489
-22.0483
-26.9477
-31.847
-36.7463
-41.6454
-46.5444
-2.45032
-7.35008
-12.2496
-17.1489
-22.0483
-26.9477
-31.847
-36.7463
-41.6454
-46.5445
-2.45031
-7.35009
-12.2496
-17.1489
-22.0483
-26.9477
-31.847
-36.7463
-41.6455
-46.5445
-2.45032
-7.35009
-12.2496
-17.1489
-22.0483
-26.9477
-31.847
-36.7463
-41.6454
-46.5445
-2.45035
-7.35009
-12.2496
-17.1489
-22.0483
-26.9477
-31.847
-36.7463
-41.6454
-46.5445
-2.45048
-7.35013
-12.2496
-17.1489
-22.0483
-26.9477
-31.847
-36.7463
-41.6454
-46.5445
-2.45062
-7.3502
-12.2496
-17.1489
-22.0483
-26.9477
-31.847
-36.7463
-41.6454
-46.5445
-2.45064
-7.35018
-12.2495
-17.1489
-22.0483
-26.9476
-31.847
-36.7462
-41.6454
-46.5445
-2.45053
-7.35011
-12.2495
-17.1489
-22.0483
-26.9476
-31.8469
-36.7462
-41.6454
-46.5446
-2.45029
-7.34996
-12.2494
-17.1488
-22.0482
-26.9476
-31.8469
-36.7461
-41.6453
-46.5446
-2.44995
-7.34974
-12.2493
-17.1488
-22.0482
-26.9475
-31.8468
-36.7461
-41.6453
-46.5446
-2.44954
-7.3495
-12.2492
-17.1487
-22.0481
-26.9475
-31.8468
-36.746
-41.6451
-46.5445
-2.44927
-7.34932
-12.2491
-17.1486
-22.048
-26.9474
-31.8466
-36.7458
-41.645
-46.5444
)
;
    }
}


// ************************************************************************* //
