/*--------------------------------*- C++ -*----------------------------------*\
  =========                 |
  \\      /  F ield         | OpenFOAM: The Open Source CFD Toolbox
   \\    /   O peration     | Website:  https://openfoam.org
    \\  /    A nd           | Version:  8
     \\/     M anipulation  |
\*---------------------------------------------------------------------------*/
FoamFile
{
    version     2.0;
    format      ascii;
    class       volScalarField;
    location    "1600";
    object      p_rgh;
}
// * * * * * * * * * * * * * * * * * * * * * * * * * * * * * * * * * * * * * //

dimensions      [1 -1 -2 0 0 0 0];

internalField   nonuniform List<scalar> 
4000
(
-6.07429e-06
-0.000264371
-0.000569239
-0.000661146
-0.000522337
-0.000198396
-0.000201034
-0.000174822
-0.000186329
-0.000181872
-0.000192758
-0.000207372
-0.000224153
-0.000251476
-0.00051681
-0.000725967
-0.00084087
-0.000751095
-0.000407827
-5.54728e-05
-0.00045575
-0.000677378
-0.000917802
-0.000982886
-0.000773249
-0.000498782
-0.000591764
-0.000573007
-0.00056631
-0.000555896
-0.000558329
-0.00055936
-0.000564287
-0.000414618
-0.000671112
-0.000942814
-0.00113335
-0.00109607
-0.000844259
-0.000501018
-0.000610165
-0.000839463
-0.00108336
-0.00118087
-0.000936955
-0.000728505
-0.000719033
-0.00075274
-0.000781928
-0.000792397
-0.000822595
-0.000837386
-0.000787079
-0.000704479
-0.000718825
-0.000946889
-0.00117582
-0.00123604
-0.00101582
-0.000647742
-0.00060638
-0.000887447
-0.00115991
-0.00134156
-0.00111544
-0.00102653
-0.000972941
-0.000926635
-0.000897947
-0.000904403
-0.000906398
-0.000909948
-0.00102607
-0.00115974
-0.000937508
-0.0011434
-0.00131514
-0.00127662
-0.00104616
-0.000635226
-0.000505687
-0.000850862
-0.00115649
-0.00138006
-0.00151568
-0.00158319
-0.00159875
-0.001472
-0.00138935
-0.00137812
-0.00146905
-0.00155912
-0.00158551
-0.00157009
-0.00154892
-0.00151008
-0.00142825
-0.0012601
-0.000970794
-0.000505853
-0.00032882
-0.000736856
-0.00108442
-0.00133727
-0.00149799
-0.00160964
-0.00168732
-0.00173664
-0.00176005
-0.00175643
-0.00173263
-0.00170789
-0.00167487
-0.00162811
-0.00156611
-0.00148417
-0.00135966
-0.00114938
-0.000816096
-0.000290106
-5.26715e-05
-0.000535553
-0.000934887
-0.0012314
-0.00142969
-0.00156699
-0.00166137
-0.00172301
-0.00176098
-0.00175842
-0.00172162
-0.00168992
-0.00164942
-0.00159232
-0.00151255
-0.00139975
-0.00123146
-0.00096876
-0.000574995
2.47237e-05
0.000357315
-0.000205923
-0.000660674
-0.00100532
-0.00124561
-0.00141574
-0.00153801
-0.00162509
-0.00168256
-0.00168602
-0.00163825
-0.00159547
-0.0015388
-0.00146048
-0.00135429
-0.00120619
-0.000989886
-0.000669485
-0.000206777
0.000467265
0.000858745
0.000252135
-0.00023273
-0.000601328
-0.00086601
-0.00106084
-0.00121062
-0.00132788
-0.00141273
-0.00143059
-0.00136805
-0.00131131
-0.00123489
-0.00113197
-0.000998251
-0.000821685
-0.00057511
-0.000216827
0.000285529
0.0009828
0.00132537
0.000865494
0.000488923
0.000187881
-4.02154e-05
-0.000215562
-0.000352546
-0.000458659
-0.000531538
-0.000529229
-0.000464444
-0.000416266
-0.00034756
-0.000251343
-0.000125228
3.72684e-05
0.000252704
0.000547083
0.000934391
0.00145324
-0.000264371
-0.000396822
-0.000587275
-0.000624257
-0.000491215
-0.000231664
-0.00020876
-0.000182714
-0.000192937
-0.000194504
-0.000212413
-0.000230415
-0.000220764
-0.000332243
-0.000530771
-0.000714721
-0.000813477
-0.000732355
-0.000427627
-0.000135586
-0.000677378
-0.000779322
-0.000922343
-0.000932619
-0.00073681
-0.000488062
-0.000540847
-0.000560763
-0.000561082
-0.000549366
-0.000548251
-0.000529077
-0.00049327
-0.000482272
-0.000710743
-0.000947936
-0.00110826
-0.00106815
-0.000847565
-0.000561218
-0.000839463
-0.000936873
-0.0010887
-0.00113387
-0.000939262
-0.000730837
-0.000719245
-0.000746512
-0.000785743
-0.000797292
-0.000791062
-0.00075504
-0.000696929
-0.000621184
-0.000790542
-0.00103105
-0.00122612
-0.00123515
-0.00102946
-0.000709829
-0.000887447
-0.00100473
-0.0011915
-0.00131786
-0.00113013
-0.000984347
-0.00094579
-0.000924499
-0.000922448
-0.000947526
-0.000967358
-0.000967338
-0.000945879
-0.000857085
-0.000879965
-0.00111439
-0.00130222
-0.00132296
-0.00110867
-0.000719683
-0.000850862
-0.0010176
-0.00126087
-0.00145879
-0.00144228
-0.0013986
-0.00137603
-0.00129086
-0.00121192
-0.00119865
-0.00126255
-0.00134444
-0.00138198
-0.00132897
-0.00128106
-0.00138502
-0.00147379
-0.00139281
-0.00112114
-0.000643891
-0.000736856
-0.00100313
-0.001318
-0.0015577
-0.00163648
-0.00165676
-0.00166614
-0.00162746
-0.00157059
-0.00155131
-0.00158098
-0.00162045
-0.00163594
-0.00161148
-0.001577
-0.00158197
-0.00156815
-0.00142363
-0.00108058
-0.000512384
-0.000535553
-0.00096143
-0.00136122
-0.0016508
-0.00178722
-0.0018333
-0.00185006
-0.0018483
-0.00182838
-0.00182538
-0.00183263
-0.00183797
-0.00182873
-0.00180213
-0.00177094
-0.00174325
-0.00166234
-0.00143769
-0.000988493
-0.00031223
-0.000205923
-0.000841816
-0.00132978
-0.00168345
-0.00187761
-0.00197477
-0.0020062
-0.00196824
-0.00187671
-0.00179881
-0.00180677
-0.00185154
-0.00189007
-0.001906
-0.00189013
-0.00183047
-0.00169177
-0.00137009
-0.000797448
5.51268e-06
0.000252135
-0.000505316
-0.00108573
-0.00151021
-0.00179954
-0.00200614
-0.00216958
-0.00230205
-0.00240389
-0.00247423
-0.00240817
-0.00233181
-0.00223823
-0.00211629
-0.00196377
-0.00177397
-0.00150229
-0.00106946
-0.000418324
0.000470418
0.000865494
0.000322478
-0.000123196
-0.000496875
-0.000799732
-0.00105235
-0.0012633
-0.00143103
-0.00154397
-0.00155955
-0.00145425
-0.00137483
-0.00125873
-0.00109629
-0.000894022
-0.000654757
-0.000364803
5.8884e-06
0.000469973
0.00107559
-0.000569239
-0.000587275
-0.000632092
-0.00059563
-0.000456241
-0.000218014
-0.000229984
-0.000189315
-0.000200662
-0.000206853
-0.000227266
-0.000230229
-0.000242656
-0.000385294
-0.00054673
-0.000704024
-0.000796452
-0.000744926
-0.000518875
-0.000322009
-0.000917802
-0.000922343
-0.000941492
-0.000859616
-0.000669763
-0.000479657
-0.000517241
-0.000556304
-0.000556843
-0.000542945
-0.000526849
-0.000489264
-0.000451841
-0.00053268
-0.000731388
-0.0009367
-0.0010755
-0.00105471
-0.000890501
-0.000693881
-0.00108336
-0.0010887
-0.00112635
-0.00107314
-0.000879698
-0.00070766
-0.000701732
-0.000740988
-0.000782805
-0.000774578
-0.000739804
-0.000687523
-0.000621677
-0.000659417
-0.000857207
-0.00108352
-0.00124418
-0.0012287
-0.00106316
-0.000837964
-0.00115991
-0.0011915
-0.00125738
-0.00127364
-0.00110402
-0.000954844
-0.000912275
-0.000905974
-0.000924608
-0.000954559
-0.000957377
-0.000905386
-0.000823259
-0.000793814
-0.000940212
-0.00116816
-0.00134023
-0.00134733
-0.00116318
-0.000882471
-0.00115649
-0.00126087
-0.00136258
-0.00145282
-0.00136881
-0.001269
-0.00122252
-0.00117154
-0.00112537
-0.00112585
-0.00116885
-0.00119732
-0.00114377
-0.00105457
-0.00110787
-0.00131075
-0.00146647
-0.00144695
-0.00122246
-0.000860756
-0.00108442
-0.001318
-0.00145983
-0.00158412
-0.001585
-0.00153086
-0.00149343
-0.0014399
-0.00137356
-0.00134856
-0.00138303
-0.00142275
-0.00141123
-0.00134412
-0.0013485
-0.00147343
-0.00157299
-0.00152041
-0.00126015
-0.000789526
-0.000934887
-0.00136122
-0.00156123
-0.00173912
-0.00177149
-0.00174137
-0.00171329
-0.00167612
-0.00162566
-0.00160329
-0.00162394
-0.00165291
-0.00165078
-0.0016105
-0.00159496
-0.00165514
-0.00170159
-0.00159369
-0.00125909
-0.000647835
-0.000660674
-0.00132978
-0.00161918
-0.00174406
-0.0018066
-0.00180268
-0.00178155
-0.00174692
-0.00169235
-0.00165252
-0.00164746
-0.00165735
-0.00166215
-0.00165433
-0.00166206
-0.00169874
-0.00169881
-0.00158876
-0.00117459
-0.000387618
-0.00023273
-0.00108573
-0.0016354
-0.00196651
-0.00214034
-0.00223786
-0.00232094
-0.00237577
-0.00238005
-0.00235551
-0.00234448
-0.00237105
-0.00236427
-0.00230531
-0.00220472
-0.00210956
-0.00195759
-0.00159076
-0.000929506
4.1634e-05
0.000488923
-0.000123196
-0.000594315
-0.000985329
-0.00130729
-0.00160033
-0.00186722
-0.00209129
-0.00225122
-0.00230105
-0.002153
-0.00203809
-0.00187606
-0.0016556
-0.00139265
-0.00110677
-0.000795016
-0.000405682
8.27643e-05
0.000746073
-0.000661146
-0.000624257
-0.00059563
-0.000518496
-0.000385459
-0.00020702
-0.000255946
-0.000200652
-0.000210581
-0.000220182
-0.000237147
-0.00021662
-0.000268363
-0.00039318
-0.000524852
-0.000659284
-0.000755671
-0.000753395
-0.000635107
-0.000541886
-0.000982886
-0.000932619
-0.000859616
-0.000734317
-0.00055687
-0.000472848
-0.000506627
-0.000555229
-0.000552918
-0.000533536
-0.000503692
-0.000463078
-0.000430649
-0.000538243
-0.000707274
-0.000884681
-0.00101829
-0.00104284
-0.000957034
-0.000852666
-0.00118087
-0.00113387
-0.00107314
-0.000947847
-0.000756351
-0.000657352
-0.000679975
-0.000735425
-0.000775198
-0.000747039
-0.000700152
-0.000640381
-0.000591293
-0.00068068
-0.000869453
-0.00106922
-0.00121102
-0.00121821
-0.00111864
-0.000988595
-0.00134156
-0.00131786
-0.00127364
-0.00117894
-0.000998633
-0.000888175
-0.000868276
-0.000884727
-0.000920178
-0.000942075
-0.000897592
-0.000825866
-0.000758724
-0.000807137
-0.00098953
-0.0012021
-0.0013489
-0.00135217
-0.00123574
-0.00106045
-0.00138006
-0.00145879
-0.00145282
-0.00140939
-0.00127357
-0.00116776
-0.00112421
-0.00110171
-0.00109116
-0.00110784
-0.00111618
-0.00106335
-0.000976344
-0.000960496
-0.00109786
-0.00130809
-0.00146916
-0.0014764
-0.00132976
-0.00108036
-0.00133727
-0.0015577
-0.00158412
-0.00158788
-0.00150907
-0.00142117
-0.00137003
-0.0013296
-0.00128798
-0.00127468
-0.00129304
-0.0012803
-0.00121589
-0.0011632
-0.00123672
-0.00142123
-0.00157524
-0.00156855
-0.00141237
-0.00104236
-0.0012314
-0.0016508
-0.00173912
-0.00175625
-0.00170317
-0.00163425
-0.00159229
-0.00156083
-0.00152424
-0.00150422
-0.00152033
-0.00153452
-0.00148895
-0.00141603
-0.00142487
-0.001561
-0.00168702
-0.00167707
-0.00146754
-0.000933501
-0.00100532
-0.00168345
-0.00174406
-0.00178371
-0.00176645
-0.00172405
-0.00169245
-0.00166335
-0.00162406
-0.00158997
-0.00157598
-0.00157413
-0.00156296
-0.00153574
-0.00154132
-0.00162636
-0.00170145
-0.00165196
-0.00144271
-0.000708133
-0.000601328
-0.00151021
-0.00196651
-0.00208748
-0.00212037
-0.00220551
-0.00232551
-0.00241544
-0.00244922
-0.00243191
-0.00241316
-0.00244417
-0.00242256
-0.00231613
-0.00215254
-0.00203754
-0.00199395
-0.00183343
-0.001278
-0.0002927
0.000187881
-0.000496875
-0.000985329
-0.00138334
-0.00172866
-0.00206908
-0.00239969
-0.00268909
-0.00290871
-0.00300854
-0.00280229
-0.00264823
-0.00243783
-0.00215619
-0.00182581
-0.0014872
-0.00114956
-0.00074682
-0.000243149
0.000476383
-0.000522337
-0.000491215
-0.000456241
-0.000385459
-0.000294976
-0.000215413
-0.000265362
-0.000226751
-0.000217161
-0.000232132
-0.000242309
-0.000216519
-0.000263941
-0.000351289
-0.000451363
-0.000569335
-0.000672448
-0.000721484
-0.000703607
-0.000697105
-0.000773249
-0.00073681
-0.000669763
-0.00055687
-0.000433508
-0.000452947
-0.000507612
-0.000553023
-0.000550868
-0.000529541
-0.000493996
-0.000446371
-0.000408087
-0.000490259
-0.000621595
-0.000776856
-0.000917743
-0.000998943
-0.00100158
-0.000971291
-0.000936955
-0.000939262
-0.000879698
-0.000756351
-0.00062165
-0.000613596
-0.00066299
-0.000737047
-0.000769218
-0.000731177
-0.000680136
-0.000616774
-0.000568755
-0.000641354
-0.000797966
-0.000978281
-0.00112843
-0.00119104
-0.00116414
-0.00110038
-0.00111544
-0.00113013
-0.00110402
-0.000998633
-0.000867024
-0.000822822
-0.000838141
-0.000878872
-0.000924209
-0.000929109
-0.000863524
-0.000792059
-0.00073614
-0.000789486
-0.000955027
-0.00115327
-0.00130597
-0.00134504
-0.00129276
-0.00118057
-0.00151568
-0.00144228
-0.00136881
-0.00127357
-0.00115143
-0.00108145
-0.00106242
-0.00106608
-0.0010801
-0.00109992
-0.00107618
-0.000997891
-0.000921498
-0.000940032
-0.00108804
-0.00128985
-0.00145012
-0.00148564
-0.00140966
-0.00121769
-0.00149799
-0.00163648
-0.001585
-0.00150907
-0.00140636
-0.00132798
-0.00128841
-0.0012667
-0.00125017
-0.00125036
-0.00124865
-0.00119496
-0.00112146
-0.00110463
-0.00121089
-0.00139755
-0.00156093
-0.00159351
-0.0015149
-0.00120517
-0.00142969
-0.00178722
-0.00177149
-0.00170317
-0.00161449
-0.00154557
-0.00151286
-0.00149757
-0.00148114
-0.00147141
-0.00148181
-0.00147129
-0.00139504
-0.00132553
-0.00135921
-0.00150458
-0.00166674
-0.00170434
-0.00159138
-0.00112603
-0.00124561
-0.00187761
-0.0018066
-0.00176645
-0.0017076
-0.00166138
-0.00163852
-0.00162123
-0.00159532
-0.00156955
-0.00154936
-0.00153204
-0.00151006
-0.00147694
-0.00148108
-0.0015775
-0.00168749
-0.00168362
-0.00159256
-0.000930161
-0.00086601
-0.00179954
-0.00214034
-0.00212037
-0.0021639
-0.00229879
-0.00247218
-0.00260778
-0.00266299
-0.00263289
-0.00259048
-0.00262481
-0.00258808
-0.00242971
-0.00220652
-0.00205134
-0.00200645
-0.00196422
-0.00151371
-0.000533247
-4.02154e-05
-0.000799732
-0.00130729
-0.00172866
-0.00212314
-0.00254204
-0.00295816
-0.00333525
-0.00364238
-0.00382677
-0.00352559
-0.00330116
-0.0030175
-0.00265657
-0.00224442
-0.00183112
-0.00144947
-0.0010265
-0.000504996
0.000271971
-0.000198396
-0.000231664
-0.000218014
-0.00020702
-0.000215413
-0.000242284
-0.000267726
-0.000241999
-0.000224288
-0.000249001
-0.000261066
-0.000242293
-0.000233372
-0.000270843
-0.000327917
-0.00041329
-0.000533838
-0.00062501
-0.000671233
-0.000709894
-0.000498782
-0.000488062
-0.000479657
-0.000472848
-0.000452947
-0.00047959
-0.000541579
-0.000568237
-0.000561356
-0.000545918
-0.000521056
-0.000478772
-0.000444373
-0.000454237
-0.000495751
-0.000596568
-0.000743445
-0.000865324
-0.000944981
-0.00100229
-0.000728505
-0.000730837
-0.00070766
-0.000657352
-0.000613596
-0.000633023
-0.000696039
-0.000763042
-0.000772991
-0.00074296
-0.00070366
-0.00064922
-0.000610172
-0.000614951
-0.000678244
-0.000802469
-0.000964737
-0.00109158
-0.00116154
-0.00117051
-0.00102653
-0.000984347
-0.000954844
-0.000888175
-0.000822822
-0.000815116
-0.000839183
-0.00089458
-0.000934603
-0.000934431
-0.000875494
-0.000813835
-0.000776451
-0.000785256
-0.000870139
-0.00101762
-0.00118718
-0.00129839
-0.00132956
-0.00125808
-0.00158319
-0.0013986
-0.001269
-0.00116776
-0.00108145
-0.0010416
-0.00104035
-0.00106
-0.00108446
-0.00110313
-0.00107251
-0.00100192
-0.000947245
-0.000952355
-0.0010471
-0.0012081
-0.0013792
-0.00146966
-0.00146418
-0.00130958
-0.00160964
-0.00165676
-0.00153086
-0.00142117
-0.00132798
-0.00126929
-0.00124383
-0.00123615
-0.00123607
-0.00124418
-0.00123537
-0.00117531
-0.00111529
-0.00111096
-0.00119594
-0.00135231
-0.00151873
-0.00159478
-0.00157893
-0.00131713
-0.00156699
-0.0018333
-0.00174137
-0.00163425
-0.00154557
-0.00149333
-0.00147581
-0.00147345
-0.0014681
-0.00146136
-0.0014664
-0.00145099
-0.00137895
-0.00132262
-0.00135218
-0.00147333
-0.0016282
-0.00170809
-0.00167039
-0.00126024
-0.00141574
-0.00197477
-0.00180268
-0.00172405
-0.00166138
-0.00162817
-0.0016174
-0.00160822
-0.00159211
-0.00158348
-0.00155983
-0.001522
-0.00149601
-0.00147018
-0.00147404
-0.00154917
-0.0016668
-0.00169635
-0.00168795
-0.00108939
-0.00106084
-0.00200614
-0.00223786
-0.00220551
-0.00229879
-0.00248789
-0.00271023
-0.00288096
-0.0029474
-0.00291208
-0.00283354
-0.00285384
-0.0028078
-0.00262679
-0.00236607
-0.00215348
-0.00207437
-0.00207267
-0.00169582
-0.000714215
-0.000215562
-0.00105235
-0.00160033
-0.00206908
-0.00254204
-0.00304969
-0.00356204
-0.00404928
-0.00448024
-0.00480029
-0.00435866
-0.00402526
-0.00363865
-0.00318234
-0.00268463
-0.00219156
-0.00174435
-0.00128274
-0.000727417
0.000111459
-0.000201034
-0.00020876
-0.000229984
-0.000255946
-0.000265362
-0.000267726
-0.000268774
-0.000252432
-0.000237807
-0.000278581
-0.000299956
-0.000287452
-0.000284113
-0.000296502
-0.000295563
-0.000299318
-0.000347861
-0.000461452
-0.000535643
-0.000562139
-0.000591764
-0.000540847
-0.000517241
-0.000506627
-0.000507612
-0.000541579
-0.00057441
-0.000573303
-0.000575896
-0.000576137
-0.000574346
-0.000555401
-0.000539685
-0.000541676
-0.000539317
-0.000534775
-0.000546957
-0.000648403
-0.000746508
-0.000804464
-0.000719033
-0.000719245
-0.000701732
-0.000679975
-0.00066299
-0.000696039
-0.000752081
-0.000785671
-0.000779321
-0.000769033
-0.000754435
-0.000725229
-0.000702244
-0.000701826
-0.000731679
-0.000751855
-0.000808231
-0.000922458
-0.00105634
-0.00120884
-0.000972941
-0.00094579
-0.000912275
-0.000868276
-0.000838141
-0.000839183
-0.000872465
-0.00092609
-0.000945929
-0.000956879
-0.000915467
-0.000876808
-0.000857682
-0.000877725
-0.000913554
-0.000980136
-0.00108423
-0.00121168
-0.00131975
-0.00131312
-0.00159875
-0.00137603
-0.00122252
-0.00112421
-0.00106242
-0.00104035
-0.00104969
-0.00107605
-0.00109754
-0.001118
-0.00109796
-0.00104314
-0.00101826
-0.00102765
-0.00108237
-0.00118088
-0.00131229
-0.0014333
-0.00149891
-0.00137832
-0.00168732
-0.00166614
-0.00149343
-0.00137003
-0.00128841
-0.00124383
-0.00122755
-0.0012283
-0.00123693
-0.00125471
-0.00124627
-0.0011907
-0.00115295
-0.00116131
-0.00122399
-0.0013342
-0.00147326
-0.00158
-0.00161801
-0.0013992
-0.00166137
-0.00185006
-0.00171329
-0.00159229
-0.00151286
-0.00147581
-0.00146822
-0.00147021
-0.0014661
-0.00146488
-0.00146548
-0.00145009
-0.00140216
-0.00136568
-0.0013856
-0.0014697
-0.00159681
-0.00169774
-0.00172668
-0.00135934
-0.00153801
-0.0020062
-0.00178155
-0.00169245
-0.00163852
-0.0016174
-0.00161267
-0.0016076
-0.00161258
-0.0016682
-0.00164345
-0.00154533
-0.00150449
-0.00148863
-0.00149421
-0.00154638
-0.00164563
-0.00169744
-0.0017554
-0.00121145
-0.00121062
-0.00216958
-0.00232094
-0.00232551
-0.00247218
-0.00271023
-0.00296028
-0.00316307
-0.00328809
-0.00343132
-0.00327525
-0.00314078
-0.00304388
-0.00284196
-0.00255654
-0.00230014
-0.00217304
-0.00216762
-0.00185058
-0.000858447
-0.000352546
-0.0012633
-0.00186722
-0.00239969
-0.00295816
-0.00356204
-0.00419089
-0.00482385
-0.00541973
-0.00594526
-0.0053022
-0.00482334
-0.00430132
-0.00372221
-0.00312621
-0.00255104
-0.00203047
-0.00151916
-0.000916256
-1.72991e-05
-0.000174822
-0.000182714
-0.000189315
-0.000200652
-0.000226751
-0.000241999
-0.000252432
-0.000257407
-0.000263931
-0.000335815
-0.00036986
-0.000336094
-0.000318309
-0.000315247
-0.000303046
-0.000310671
-0.000319542
-0.000314267
-0.000325216
-0.000304869
-0.000573007
-0.000560763
-0.000556304
-0.000555229
-0.000553023
-0.000568237
-0.000573303
-0.000581303
-0.00059563
-0.000623306
-0.00063276
-0.000612581
-0.000599807
-0.000597498
-0.000600895
-0.000607324
-0.000613642
-0.000634212
-0.000671756
-0.000727402
-0.00075274
-0.000746512
-0.000740988
-0.000735425
-0.000737047
-0.000763042
-0.000785671
-0.000793177
-0.000787583
-0.000834404
-0.000819938
-0.000794319
-0.000786981
-0.000793598
-0.000807194
-0.000809668
-0.000836204
-0.000913807
-0.00104647
-0.00123513
-0.000926635
-0.000924499
-0.000905974
-0.000884727
-0.000878872
-0.00089458
-0.00092609
-0.000952379
-0.000957385
-0.00102604
-0.00100912
-0.000944584
-0.000935234
-0.000949037
-0.00096348
-0.000999073
-0.00107435
-0.00119094
-0.00132068
-0.00135689
-0.001472
-0.00129086
-0.00117154
-0.00110171
-0.00106608
-0.00106
-0.00107605
-0.00109978
-0.00111883
-0.00122232
-0.00120173
-0.00110522
-0.00108415
-0.00108941
-0.00111817
-0.00117973
-0.00128271
-0.00140821
-0.00151187
-0.00143081
-0.00173664
-0.00162746
-0.0014399
-0.0013296
-0.0012667
-0.00123615
-0.0012283
-0.00123527
-0.00126321
-0.00141588
-0.00138766
-0.00122948
-0.00119545
-0.00120747
-0.00125095
-0.00132722
-0.00144037
-0.001559
-0.00163901
-0.00146213
-0.00172301
-0.0018483
-0.00167612
-0.00156083
-0.00149757
-0.00147345
-0.00147021
-0.00146994
-0.00148436
-0.00166574
-0.00164526
-0.0014657
-0.00142668
-0.00140894
-0.0014215
-0.0014756
-0.00157494
-0.00168346
-0.00176333
-0.00143489
-0.00162509
-0.00196824
-0.00174692
-0.00166335
-0.00162123
-0.00160822
-0.0016076
-0.00162083
-0.00172594
-0.00212931
-0.00206888
-0.00164699
-0.00152922
-0.00150829
-0.00151387
-0.00154999
-0.00162704
-0.00169173
-0.00180336
-0.00130661
-0.00132788
-0.00230205
-0.00237577
-0.00241544
-0.00260778
-0.00288096
-0.00316307
-0.00342856
-0.00380872
-0.00463995
-0.00427427
-0.00358358
-0.00326621
-0.00299988
-0.00269789
-0.00242015
-0.00225781
-0.00223838
-0.00198527
-0.000974487
-0.000458659
-0.00143103
-0.00209129
-0.00268909
-0.00333525
-0.00404928
-0.00482385
-0.00561757
-0.00634729
-0.00713978
-0.00621744
-0.00563532
-0.00499114
-0.0042576
-0.00353738
-0.00287152
-0.00227823
-0.00171556
-0.00106452
-0.000118072
-0.000186329
-0.000192937
-0.000200662
-0.000210581
-0.000217161
-0.000224288
-0.000237807
-0.000263931
-0.000300684
-0.000482961
-0.00050527
-0.000351754
-0.000292461
-0.000274244
-0.000287546
-0.000305146
-0.000325408
-0.000346202
-0.000355782
-0.000330611
-0.00056631
-0.000561082
-0.000556843
-0.000552918
-0.000550868
-0.000561356
-0.000575896
-0.00059563
-0.000639006
-0.00085533
-0.000846833
-0.000639688
-0.000575923
-0.000570373
-0.000576863
-0.000592178
-0.000618237
-0.000652339
-0.000686951
-0.000726699
-0.000781928
-0.000785743
-0.000782805
-0.000775198
-0.000769218
-0.000772991
-0.000779321
-0.000787583
-0.00083405
-0.00125121
-0.00120081
-0.000861675
-0.000796747
-0.000798835
-0.000814119
-0.00083501
-0.000858345
-0.000924337
-0.00104309
-0.00121037
-0.000897947
-0.000922448
-0.000924608
-0.000920178
-0.000924209
-0.000934603
-0.000945929
-0.000957385
-0.00104836
-0.00171363
-0.00161031
-0.00106183
-0.000969956
-0.000970451
-0.000978811
-0.00100147
-0.00106062
-0.00117152
-0.00130983
-0.00138072
-0.00138935
-0.00121192
-0.00112537
-0.00109116
-0.0010801
-0.00108446
-0.00109754
-0.00111883
-0.00128627
-0.00223959
-0.00219211
-0.00125451
-0.00112029
-0.00111445
-0.00112442
-0.00116213
-0.00124834
-0.00137687
-0.00150592
-0.00145649
-0.00176005
-0.00157059
-0.00137356
-0.00128798
-0.00125017
-0.00123607
-0.00123693
-0.00126321
-0.00153607
-0.00280383
-0.0027752
-0.00143762
-0.00123598
-0.00123143
-0.00125415
-0.00130492
-0.00140141
-0.00152879
-0.00163985
-0.00149287
-0.00176098
-0.00182838
-0.00162566
-0.00152424
-0.00148114
-0.0014681
-0.0014661
-0.00148436
-0.0018487
-0.00347092
-0.00344587
-0.00170046
-0.00144699
-0.00142976
-0.00143607
-0.00146859
-0.00154802
-0.00166311
-0.00177944
-0.00147521
-0.00168256
-0.00187671
-0.00169235
-0.00162406
-0.00159532
-0.00159211
-0.00161258
-0.00172594
-0.00239827
-0.00494528
-0.00463071
-0.00210527
-0.00160533
-0.00152782
-0.00151983
-0.00154274
-0.0016035
-0.00167861
-0.00182391
-0.00136438
-0.00141273
-0.00240389
-0.00238005
-0.00244922
-0.00266299
-0.0029474
-0.00328809
-0.00380872
-0.0048785
-0.00739645
-0.00648023
-0.00439721
-0.00350396
-0.00305676
-0.00273376
-0.00245941
-0.00228576
-0.00225807
-0.0020737
-0.00105224
-0.000531538
-0.00154397
-0.00225122
-0.00290871
-0.00364238
-0.00448024
-0.00541973
-0.00634729
-0.00706129
-0.00814154
-0.00686966
-0.0063673
-0.00567811
-0.00476718
-0.00389324
-0.00312326
-0.00245865
-0.00185311
-0.00116307
-0.000186482
-0.000181872
-0.000194504
-0.000206853
-0.000220182
-0.000232132
-0.000249001
-0.000278581
-0.000335815
-0.000482961
-0.00353764
-0.00351403
-0.000545299
-0.000368497
-0.000334383
-0.000336602
-0.000347406
-0.000355964
-0.000360509
-0.000341578
-0.000308788
-0.000555896
-0.000549366
-0.000542945
-0.000533536
-0.000529541
-0.000545918
-0.000576137
-0.000623306
-0.00085533
-0.00573638
-0.00544472
-0.000832829
-0.000590907
-0.000564714
-0.000556709
-0.000564382
-0.000585745
-0.000628614
-0.00067563
-0.000714569
-0.000792397
-0.000797292
-0.000774578
-0.000747039
-0.000731177
-0.00074296
-0.000769033
-0.000834404
-0.00125121
-0.00801296
-0.00730743
-0.00114763
-0.000792306
-0.000775614
-0.000786916
-0.000813298
-0.000861982
-0.000939625
-0.00105067
-0.00119523
-0.000904403
-0.000947526
-0.000954559
-0.000942075
-0.000929109
-0.000934431
-0.000956879
-0.00102604
-0.00171363
-0.00990379
-0.00871682
-0.00149434
-0.00097231
-0.000953588
-0.000968279
-0.000998794
-0.00106021
-0.00116787
-0.00130653
-0.00138683
-0.00137812
-0.00119865
-0.00112585
-0.00110784
-0.00109992
-0.00110313
-0.001118
-0.00122232
-0.00223959
-0.01158
-0.00983951
-0.00187417
-0.00114958
-0.0011091
-0.00111952
-0.00115234
-0.00123063
-0.00135887
-0.00149783
-0.00145693
-0.00175643
-0.00155131
-0.00134856
-0.00127468
-0.00125036
-0.00124418
-0.00125471
-0.00141588
-0.00280383
-0.0131057
-0.0107794
-0.00226649
-0.00131099
-0.00123871
-0.00124748
-0.00128426
-0.00137089
-0.00150331
-0.00163131
-0.00148792
-0.00175842
-0.00182538
-0.00160329
-0.00150422
-0.00147141
-0.00146136
-0.00146488
-0.00166574
-0.00347092
-0.0145132
-0.0116105
-0.00269667
-0.00152443
-0.00143374
-0.00143326
-0.00145292
-0.00151926
-0.00164049
-0.00177506
-0.0014657
-0.00168602
-0.00179881
-0.00165252
-0.00158997
-0.00156955
-0.00158348
-0.0016682
-0.00212931
-0.00494528
-0.0155368
-0.0123719
-0.00337176
-0.00180501
-0.00155739
-0.00151207
-0.00152082
-0.0015707
-0.00165502
-0.00182311
-0.00135539
-0.00143059
-0.00247423
-0.00235551
-0.00243191
-0.00263289
-0.00291208
-0.00343132
-0.00463995
-0.00739645
-0.015287
-0.0122519
-0.0061792
-0.00396084
-0.00307582
-0.00269488
-0.0024386
-0.00227102
-0.00224552
-0.00211331
-0.00105047
-0.000529229
-0.00155955
-0.00230105
-0.00300854
-0.00382677
-0.00480029
-0.00594526
-0.00713978
-0.00814154
-0.0105584
-0.00865036
-0.0075174
-0.00643815
-0.00522784
-0.004159
-0.00327054
-0.00253378
-0.00188924
-0.00116843
-0.000174318
-0.000192758
-0.000212413
-0.000227266
-0.000237147
-0.000242309
-0.000261066
-0.000299956
-0.00036986
-0.00050527
-0.00351403
-0.00336891
-0.000629265
-0.000462733
-0.000434255
-0.000437382
-0.000446658
-0.000450276
-0.000439214
-0.000400377
-0.000315914
-0.000558329
-0.000548251
-0.000526849
-0.000503692
-0.000493996
-0.000521056
-0.000574346
-0.00063276
-0.000846833
-0.00544472
-0.00447006
-0.000773787
-0.000606882
-0.000585785
-0.000584768
-0.00058841
-0.000590989
-0.000593823
-0.000609989
-0.000722306
-0.000822595
-0.000791062
-0.000739804
-0.000700152
-0.000680136
-0.00070366
-0.000754435
-0.000819938
-0.00120081
-0.00730743
-0.00539306
-0.000985022
-0.000770403
-0.000762795
-0.000768074
-0.000781723
-0.000816063
-0.000904056
-0.00105183
-0.00121328
-0.000906398
-0.000967358
-0.000957377
-0.000897592
-0.000863524
-0.000875494
-0.000915467
-0.00100912
-0.00161031
-0.00871682
-0.00593011
-0.00121323
-0.000930057
-0.000929314
-0.000945299
-0.000976093
-0.00104281
-0.00116152
-0.00130922
-0.00138388
-0.00146905
-0.00126255
-0.00116885
-0.00111618
-0.00107618
-0.00107251
-0.00109796
-0.00120173
-0.00219211
-0.00983951
-0.00632424
-0.00146245
-0.00108588
-0.00107776
-0.00109563
-0.00113372
-0.00121621
-0.00134922
-0.00149303
-0.0014472
-0.00173263
-0.00158098
-0.00138303
-0.00129304
-0.00124865
-0.00123537
-0.00124627
-0.00138766
-0.0027752
-0.0107794
-0.00667357
-0.00172778
-0.00123161
-0.00120701
-0.00122205
-0.00126063
-0.00134627
-0.00148358
-0.00162006
-0.00147201
-0.00172162
-0.00183263
-0.00162394
-0.00152033
-0.00148181
-0.0014664
-0.00146548
-0.00164526
-0.00344587
-0.0116105
-0.00706167
-0.00206255
-0.00145606
-0.00141619
-0.001418
-0.00143283
-0.00149072
-0.00161641
-0.00175856
-0.00144418
-0.00163825
-0.00180677
-0.00164746
-0.00157598
-0.00154936
-0.00155983
-0.00164345
-0.00206888
-0.00463071
-0.0123719
-0.00765066
-0.00259793
-0.00169411
-0.00152263
-0.00148216
-0.00148712
-0.00153071
-0.00161926
-0.00180754
-0.00132655
-0.00136805
-0.00240817
-0.00234448
-0.00241316
-0.00259048
-0.00283354
-0.00327525
-0.00427427
-0.00648023
-0.0122519
-0.00805686
-0.00492099
-0.0035654
-0.0029453
-0.00262729
-0.00239838
-0.00224227
-0.00222173
-0.00206746
-0.00100977
-0.000464444
-0.00145425
-0.002153
-0.00280229
-0.00352559
-0.00435866
-0.0053022
-0.00621744
-0.00686966
-0.00865036
-0.00656129
-0.00622485
-0.00555489
-0.00464555
-0.00378599
-0.0030348
-0.00238194
-0.00178168
-0.00109967
-0.000132298
-0.000207372
-0.000230415
-0.000230229
-0.00021662
-0.000216519
-0.000242293
-0.000287452
-0.000336094
-0.000351754
-0.000545299
-0.000629265
-0.000530676
-0.000517493
-0.000529211
-0.00054952
-0.00056787
-0.000576753
-0.000567907
-0.000532893
-0.000477839
-0.00055936
-0.000529077
-0.000489264
-0.000463078
-0.000446371
-0.000478772
-0.000555401
-0.000612581
-0.000639688
-0.000832829
-0.000773787
-0.000655558
-0.00065779
-0.000679583
-0.0007025
-0.000716962
-0.000717188
-0.0006978
-0.00065543
-0.000626898
-0.000837386
-0.00075504
-0.000687523
-0.000640381
-0.000616774
-0.00064922
-0.000725229
-0.000794319
-0.000861675
-0.00114763
-0.000985022
-0.000796955
-0.000799345
-0.000824016
-0.000843515
-0.000852643
-0.00085806
-0.000887139
-0.000999717
-0.00121681
-0.000909948
-0.000967338
-0.000905386
-0.000825866
-0.000792059
-0.000813835
-0.000876808
-0.000944584
-0.00106183
-0.00149434
-0.00121323
-0.000943592
-0.000932363
-0.00095513
-0.000975489
-0.000994502
-0.00103534
-0.00114082
-0.00129618
-0.00137362
-0.00155912
-0.00134444
-0.00119732
-0.00106335
-0.000997891
-0.00100192
-0.00104314
-0.00110522
-0.00125451
-0.00187417
-0.00146245
-0.00109515
-0.00105951
-0.00107477
-0.00109678
-0.00112942
-0.00120174
-0.00133704
-0.0014854
-0.00143311
-0.00170789
-0.00162045
-0.00142275
-0.0012803
-0.00119496
-0.00117531
-0.0011907
-0.00122948
-0.00143762
-0.00226649
-0.00172778
-0.00124282
-0.00117763
-0.0011829
-0.00120352
-0.0012413
-0.00132427
-0.00146465
-0.00160584
-0.00145252
-0.00168992
-0.00183797
-0.00165291
-0.00153452
-0.00147129
-0.00145099
-0.00145009
-0.0014657
-0.00170046
-0.00269667
-0.00206255
-0.00147875
-0.0013925
-0.00138285
-0.00138903
-0.00140845
-0.00146499
-0.00159215
-0.00173809
-0.00141973
-0.00159547
-0.00185154
-0.00165735
-0.00157413
-0.00153204
-0.001522
-0.00154533
-0.00164699
-0.00210527
-0.00337176
-0.00259793
-0.00174082
-0.00151948
-0.00146279
-0.00145147
-0.00146137
-0.00150066
-0.00158446
-0.00178613
-0.00129395
-0.00131131
-0.00233181
-0.00237105
-0.00244417
-0.00262481
-0.00285384
-0.00314078
-0.00358358
-0.00439721
-0.0061792
-0.00492099
-0.00383965
-0.00327006
-0.00290876
-0.00263499
-0.00240923
-0.00225105
-0.00222243
-0.00200965
-0.000965125
-0.000416266
-0.00137483
-0.00203809
-0.00264823
-0.00330116
-0.00402526
-0.00482334
-0.00563532
-0.0063673
-0.0075174
-0.00622485
-0.00567178
-0.00498653
-0.00422148
-0.0034986
-0.00284493
-0.0022539
-0.00168286
-0.00103177
-8.73063e-05
-0.000224153
-0.000220764
-0.000242656
-0.000268363
-0.000263941
-0.000233372
-0.000284113
-0.000318309
-0.000292461
-0.000368497
-0.000462733
-0.000517493
-0.000568314
-0.000616904
-0.000659723
-0.000692833
-0.000713082
-0.00071504
-0.00069715
-0.000698316
-0.000564287
-0.00049327
-0.000451841
-0.000430649
-0.000408087
-0.000444373
-0.000539685
-0.000599807
-0.000575923
-0.000590907
-0.000606882
-0.00065779
-0.000726781
-0.000792835
-0.00084602
-0.000882322
-0.000900328
-0.000894215
-0.000853559
-0.000769683
-0.000787079
-0.000696929
-0.000621677
-0.000591293
-0.000568755
-0.000610172
-0.000702244
-0.000786981
-0.000796747
-0.000792306
-0.000770403
-0.000799345
-0.000868309
-0.000937409
-0.00098732
-0.00101573
-0.0010282
-0.00103759
-0.00108094
-0.00123001
-0.00102607
-0.000945879
-0.000823259
-0.000758724
-0.00073614
-0.000776451
-0.000857682
-0.000935234
-0.000969956
-0.00097231
-0.000930057
-0.000932363
-0.00098388
-0.00104422
-0.00108675
-0.00111365
-0.00114135
-0.00120065
-0.00131065
-0.00135908
-0.00158551
-0.00138198
-0.00114377
-0.000976344
-0.000921498
-0.000947245
-0.00101826
-0.00108415
-0.00112029
-0.00114958
-0.00108588
-0.00105951
-0.00108381
-0.00112873
-0.00116611
-0.00119942
-0.00125189
-0.00135484
-0.00147899
-0.00141101
-0.00167487
-0.00163594
-0.00141123
-0.00121589
-0.00112146
-0.00111529
-0.00115295
-0.00119545
-0.00123598
-0.00131099
-0.00123161
-0.00117763
-0.0011763
-0.00120358
-0.00123526
-0.00127265
-0.00134009
-0.00146086
-0.00158938
-0.00142265
-0.00164942
-0.00182873
-0.00165078
-0.00148895
-0.00139504
-0.00137895
-0.00140216
-0.00142668
-0.00144699
-0.00152443
-0.00145606
-0.0013925
-0.00136355
-0.00135951
-0.00137123
-0.00139669
-0.00145603
-0.00157659
-0.0017134
-0.00138131
-0.0015388
-0.00189007
-0.00166215
-0.00156296
-0.00151006
-0.00149601
-0.00150449
-0.00152922
-0.00160533
-0.00180501
-0.00169411
-0.00151948
-0.00145677
-0.00144172
-0.00144422
-0.00145769
-0.00149483
-0.00156448
-0.00175919
-0.00124215
-0.00123489
-0.00223823
-0.00236427
-0.00242256
-0.00258808
-0.0028078
-0.00304388
-0.00326621
-0.00350396
-0.00396084
-0.0035654
-0.00327006
-0.0030467
-0.00280356
-0.00256872
-0.00236685
-0.00222981
-0.00220889
-0.00193262
-0.000896236
-0.00034756
-0.00125873
-0.00187606
-0.00243783
-0.0030175
-0.00363865
-0.00430132
-0.00499114
-0.00567811
-0.00643815
-0.00555489
-0.00498653
-0.00438572
-0.00376413
-0.00316467
-0.00260232
-0.00207596
-0.00154153
-0.000926072
-1.65834e-05
-0.000251476
-0.000332243
-0.000385294
-0.00039318
-0.000351289
-0.000270843
-0.000296502
-0.000315247
-0.000274244
-0.000334383
-0.000434255
-0.000529211
-0.000616904
-0.000693618
-0.000754118
-0.000796955
-0.000823546
-0.000833774
-0.000832706
-0.000866148
-0.000414618
-0.000482272
-0.00053268
-0.000538243
-0.000490259
-0.000454237
-0.000541676
-0.000597498
-0.000570373
-0.000564714
-0.000585785
-0.000679583
-0.000792835
-0.000893541
-0.000968674
-0.00101871
-0.0010508
-0.00106787
-0.00107227
-0.00108971
-0.000704479
-0.000621184
-0.000659417
-0.00068068
-0.000641354
-0.000614951
-0.000701826
-0.000793598
-0.000798835
-0.000775614
-0.000762795
-0.000824016
-0.000937409
-0.00104301
-0.00111582
-0.00115918
-0.00118648
-0.00120529
-0.00121702
-0.0012667
-0.00115974
-0.000857085
-0.000793814
-0.000807137
-0.000789486
-0.000785256
-0.000877725
-0.000949037
-0.000970451
-0.000953588
-0.000929314
-0.00095513
-0.00104422
-0.00113582
-0.00119523
-0.00123206
-0.00126262
-0.00129492
-0.00134219
-0.00133643
-0.00157009
-0.00132897
-0.00105457
-0.000960496
-0.000940032
-0.000952355
-0.00102765
-0.00108941
-0.00111445
-0.0011091
-0.00107776
-0.00107477
-0.00112873
-0.00120127
-0.00125381
-0.0012932
-0.00133671
-0.00139558
-0.00147309
-0.00137519
-0.00162811
-0.00161148
-0.00134412
-0.0011632
-0.00110463
-0.00111096
-0.00116131
-0.00120747
-0.00123143
-0.00123871
-0.00120701
-0.0011829
-0.00120358
-0.00125378
-0.00129924
-0.00134041
-0.00139425
-0.00147375
-0.00156943
-0.00137567
-0.00159232
-0.00180213
-0.0016105
-0.00141603
-0.00132553
-0.00132262
-0.00136568
-0.00140894
-0.00142976
-0.00143374
-0.00141619
-0.00138285
-0.00135951
-0.00136675
-0.00139033
-0.00142307
-0.00147897
-0.00157582
-0.00168173
-0.00132044
-0.00146048
-0.001906
-0.00165433
-0.00153574
-0.00147694
-0.00147018
-0.00148863
-0.00150829
-0.00152782
-0.00155739
-0.00152263
-0.00146279
-0.00144172
-0.00144214
-0.00145277
-0.00147061
-0.00150623
-0.00155532
-0.0017207
-0.00116266
-0.00113197
-0.00211629
-0.00230531
-0.00231613
-0.00242971
-0.00262679
-0.00284196
-0.00299988
-0.00305676
-0.00307582
-0.0029453
-0.00290876
-0.00280356
-0.00261907
-0.00242732
-0.00226534
-0.00216553
-0.00215902
-0.00182185
-0.000795142
-0.000251343
-0.00109629
-0.0016556
-0.00215619
-0.00265657
-0.00318234
-0.00372221
-0.0042576
-0.00476718
-0.00522784
-0.00464555
-0.00422148
-0.00376413
-0.00327407
-0.00278173
-0.00230432
-0.00184368
-0.00135027
-0.000774857
8.37399e-05
-0.00051681
-0.000530771
-0.00054673
-0.000524852
-0.000451363
-0.000327917
-0.000295563
-0.000303046
-0.000287546
-0.000336602
-0.000437382
-0.00054952
-0.000659723
-0.000754118
-0.000821058
-0.000860184
-0.000877179
-0.000876452
-0.000868705
-0.000903212
-0.000671112
-0.000710743
-0.000731388
-0.000707274
-0.000621595
-0.000495751
-0.000539317
-0.000600895
-0.000576863
-0.000556709
-0.000584768
-0.0007025
-0.00084602
-0.000968674
-0.00104967
-0.00109224
-0.00111114
-0.00111938
-0.0011217
-0.00113602
-0.000718825
-0.000790542
-0.000857207
-0.000869453
-0.000797966
-0.000678244
-0.000731679
-0.000807194
-0.000814119
-0.000786916
-0.000768074
-0.000843515
-0.00098732
-0.00111582
-0.00119071
-0.00122149
-0.00123614
-0.00124721
-0.00125181
-0.00124435
-0.000937508
-0.000879965
-0.000940212
-0.00098953
-0.000955027
-0.000870139
-0.000913554
-0.00096348
-0.000978811
-0.000968279
-0.000945299
-0.000975489
-0.00108675
-0.00119523
-0.00125209
-0.00127863
-0.00129846
-0.0013212
-0.00133826
-0.00129467
-0.00154892
-0.00128106
-0.00110787
-0.00109786
-0.00108804
-0.0010471
-0.00108237
-0.00111817
-0.00112442
-0.00111952
-0.00109563
-0.00109678
-0.00116611
-0.00125381
-0.00130813
-0.00134186
-0.00137166
-0.00140545
-0.00144343
-0.00131786
-0.00156611
-0.001577
-0.0013485
-0.00123672
-0.00121089
-0.00119594
-0.00122399
-0.00125095
-0.00125415
-0.00124748
-0.00122205
-0.00120352
-0.00123526
-0.00129924
-0.00134976
-0.00138792
-0.00142862
-0.00147617
-0.00153661
-0.00130333
-0.00151255
-0.00177094
-0.00159496
-0.00142487
-0.00135921
-0.00135218
-0.0013856
-0.0014215
-0.00143607
-0.00143326
-0.001418
-0.00138903
-0.00137123
-0.00139033
-0.00142443
-0.00146186
-0.00151038
-0.00157911
-0.00163417
-0.00122834
-0.00135429
-0.00189013
-0.00166206
-0.00154132
-0.00148108
-0.00147404
-0.00149421
-0.00151387
-0.00151983
-0.00151207
-0.00148216
-0.00145147
-0.00144422
-0.00145277
-0.00146942
-0.00148886
-0.00151666
-0.00154014
-0.00165687
-0.00104688
-0.000998251
-0.00196377
-0.00220472
-0.00215254
-0.00220652
-0.00236607
-0.00255654
-0.00269789
-0.00273376
-0.00269488
-0.00262729
-0.00263499
-0.00256872
-0.00242732
-0.00227988
-0.00215909
-0.00209239
-0.00206156
-0.00166651
-0.000654879
-0.000125228
-0.000894022
-0.00139265
-0.00182581
-0.00224442
-0.00268463
-0.00312621
-0.00353738
-0.00389324
-0.004159
-0.00378599
-0.0034986
-0.00316467
-0.00278173
-0.00238027
-0.00197843
-0.0015751
-0.00112153
-0.000580881
0.000217345
-0.000725967
-0.000714721
-0.000704024
-0.000659284
-0.000569335
-0.00041329
-0.000299318
-0.000310671
-0.000305146
-0.000347406
-0.000446658
-0.00056787
-0.000692833
-0.000796955
-0.000860184
-0.000880618
-0.000863827
-0.000824958
-0.000783437
-0.000795506
-0.000942814
-0.000947936
-0.0009367
-0.000884681
-0.000776856
-0.000596568
-0.000534775
-0.000607324
-0.000592178
-0.000564382
-0.00058841
-0.000716962
-0.000882322
-0.00101871
-0.00109224
-0.00111073
-0.00110113
-0.00107899
-0.00105668
-0.00105432
-0.000946889
-0.00103105
-0.00108352
-0.00106922
-0.000978281
-0.000802469
-0.000751855
-0.000809668
-0.00083501
-0.000813298
-0.000781723
-0.000852643
-0.00101573
-0.00115918
-0.00122149
-0.00122255
-0.0012125
-0.00119847
-0.00118754
-0.00116556
-0.0011434
-0.00111439
-0.00116816
-0.0012021
-0.00115327
-0.00101762
-0.000980136
-0.000999073
-0.00100147
-0.000998794
-0.000976093
-0.000994502
-0.00111365
-0.00123206
-0.00127863
-0.00128925
-0.00128774
-0.0012855
-0.00128524
-0.00121481
-0.00151008
-0.00138502
-0.00131075
-0.00130809
-0.00128985
-0.0012081
-0.00118088
-0.00117973
-0.00116213
-0.00115234
-0.00113372
-0.00112942
-0.00119942
-0.0012932
-0.00134186
-0.00136181
-0.00136822
-0.0013772
-0.00138215
-0.00122556
-0.00148417
-0.00158197
-0.00147343
-0.00142123
-0.00139755
-0.00135231
-0.0013342
-0.00132722
-0.00130492
-0.00128426
-0.00126063
-0.0012413
-0.00127265
-0.00134041
-0.00138792
-0.00141485
-0.00143483
-0.00145529
-0.0014726
-0.00119188
-0.00139975
-0.00174325
-0.00165514
-0.001561
-0.00150458
-0.00147333
-0.0014697
-0.0014756
-0.00146859
-0.00145292
-0.00143283
-0.00140845
-0.00139669
-0.00142307
-0.00146186
-0.00149853
-0.00153214
-0.00155839
-0.00155048
-0.00109018
-0.00120619
-0.00183047
-0.00169874
-0.00162636
-0.0015775
-0.00154917
-0.00154638
-0.00154999
-0.00154274
-0.00152082
-0.00148712
-0.00146137
-0.00145769
-0.00147061
-0.00148886
-0.00150162
-0.00151253
-0.00153933
-0.00154526
-0.000878929
-0.000821685
-0.00177397
-0.00210956
-0.00203754
-0.00205134
-0.00215348
-0.00230014
-0.00242015
-0.00245941
-0.0024386
-0.00239838
-0.00240923
-0.00236685
-0.00226534
-0.00215909
-0.00207334
-0.00202569
-0.00190991
-0.00145141
-0.000460805
3.72684e-05
-0.000654757
-0.00110677
-0.0014872
-0.00183112
-0.00219156
-0.00255104
-0.00287152
-0.00312326
-0.00327054
-0.0030348
-0.00284493
-0.00260232
-0.00230432
-0.00197843
-0.00163865
-0.00127538
-0.000852255
-0.000341735
0.000392677
-0.00084087
-0.000813477
-0.000796452
-0.000755671
-0.000672448
-0.000533838
-0.000347861
-0.000319542
-0.000325408
-0.000355964
-0.000450276
-0.000576753
-0.000713082
-0.000823546
-0.000877179
-0.000863827
-0.00079317
-0.000687484
-0.000584343
-0.000559783
-0.00113335
-0.00110826
-0.0010755
-0.00101829
-0.000917743
-0.000743445
-0.000546957
-0.000613642
-0.000618237
-0.000585745
-0.000590989
-0.000717188
-0.000900328
-0.0010508
-0.00111114
-0.00110113
-0.00104739
-0.000972013
-0.000904598
-0.000875352
-0.00117582
-0.00122612
-0.00124418
-0.00121102
-0.00112843
-0.000964737
-0.000808231
-0.000836204
-0.000858345
-0.000861982
-0.000816063
-0.00085806
-0.0010282
-0.00118648
-0.00123614
-0.0012125
-0.00116477
-0.00110462
-0.00105773
-0.00101721
-0.00131514
-0.00130222
-0.00134023
-0.0013489
-0.00130597
-0.00118718
-0.00108423
-0.00107435
-0.00106062
-0.00106021
-0.00104281
-0.00103534
-0.00114135
-0.00126262
-0.00129846
-0.00128774
-0.00125311
-0.00120568
-0.00117157
-0.00108236
-0.00142825
-0.00147379
-0.00146647
-0.00146916
-0.00145012
-0.0013792
-0.00131229
-0.00128271
-0.00124834
-0.00123063
-0.00121621
-0.00120174
-0.00125189
-0.00133671
-0.00137166
-0.00136822
-0.00133975
-0.00130001
-0.00126776
-0.00108162
-0.00135966
-0.00156815
-0.00157299
-0.00157524
-0.00156093
-0.00151873
-0.00147326
-0.00144037
-0.00140141
-0.00137089
-0.00134627
-0.00132427
-0.00134009
-0.00139425
-0.00142862
-0.00143483
-0.00142572
-0.0013936
-0.00134245
-0.00102298
-0.00123146
-0.00166234
-0.00170159
-0.00168702
-0.00166674
-0.0016282
-0.00159681
-0.00157494
-0.00154802
-0.00151926
-0.00149072
-0.00146499
-0.00145603
-0.00147897
-0.00151038
-0.00153214
-0.0015213
-0.00147551
-0.0013859
-0.000886401
-0.000989886
-0.00169177
-0.00169881
-0.00170145
-0.00168749
-0.0016668
-0.00164563
-0.00162704
-0.0016035
-0.0015707
-0.00153071
-0.00150066
-0.00149483
-0.00150623
-0.00151666
-0.00151253
-0.00150361
-0.00150612
-0.0013428
-0.00063357
-0.00057511
-0.00150229
-0.00195759
-0.00199395
-0.00200645
-0.00207437
-0.00217304
-0.00225781
-0.00228576
-0.00227102
-0.00224227
-0.00225105
-0.00222981
-0.00216553
-0.00209239
-0.00202569
-0.00192981
-0.00167553
-0.001147
-0.000190371
0.000252704
-0.000364803
-0.000795016
-0.00114956
-0.00144947
-0.00174435
-0.00203047
-0.00227823
-0.00245865
-0.00253378
-0.00238194
-0.0022539
-0.00207596
-0.00184368
-0.0015751
-0.00127538
-0.000935586
-0.000533125
-4.77478e-05
0.000623186
-0.000751095
-0.000732355
-0.000744926
-0.000753395
-0.000721484
-0.00062501
-0.000461452
-0.000314267
-0.000346202
-0.000360509
-0.000439214
-0.000567907
-0.00071504
-0.000833774
-0.000876452
-0.000824958
-0.000687484
-0.000488812
-0.000289826
-0.000206041
-0.00109607
-0.00106815
-0.00105471
-0.00104284
-0.000998943
-0.000865324
-0.000648403
-0.000634212
-0.000652339
-0.000628614
-0.000593823
-0.0006978
-0.000894215
-0.00106787
-0.00111938
-0.00107899
-0.000972013
-0.000822115
-0.000680942
-0.000608491
-0.00123604
-0.00123515
-0.0012287
-0.00121821
-0.00119104
-0.00109158
-0.000922458
-0.000913807
-0.000924337
-0.000939625
-0.000904056
-0.000887139
-0.00103759
-0.00120529
-0.00124721
-0.00119847
-0.00110462
-0.000975875
-0.000861727
-0.000789795
-0.00127662
-0.00132296
-0.00134733
-0.00135217
-0.00134504
-0.00129839
-0.00121168
-0.00119094
-0.00117152
-0.00116787
-0.00116152
-0.00114082
-0.00120065
-0.00129492
-0.0013212
-0.0012855
-0.00120568
-0.00108455
-0.000974137
-0.000867624
-0.0012601
-0.00139281
-0.00144695
-0.0014764
-0.00148564
-0.00146966
-0.0014333
-0.00140821
-0.00137687
-0.00135887
-0.00134922
-0.00133704
-0.00135484
-0.00139558
-0.00140545
-0.0013772
-0.00130001
-0.00117268
-0.00104627
-0.000852892
-0.00114938
-0.00142363
-0.00152041
-0.00156855
-0.00159351
-0.00159478
-0.00158
-0.001559
-0.00152879
-0.00150331
-0.00148358
-0.00146465
-0.00146086
-0.00147375
-0.00147617
-0.00145529
-0.0013936
-0.00125229
-0.00109371
-0.000762907
-0.00096876
-0.00143769
-0.00159369
-0.00167707
-0.00170434
-0.00170809
-0.00169774
-0.00168346
-0.00166311
-0.00164049
-0.00161641
-0.00159215
-0.00157659
-0.00157582
-0.00157911
-0.00155839
-0.00147551
-0.00131613
-0.00109188
-0.000581955
-0.000669485
-0.00137009
-0.00158876
-0.00165196
-0.00168362
-0.00169635
-0.00169744
-0.00169173
-0.00167861
-0.00165502
-0.00161926
-0.00158446
-0.00156448
-0.00155532
-0.00154014
-0.00153933
-0.00150612
-0.0013451
-0.000993002
-0.000279569
-0.000216827
-0.00106946
-0.00159076
-0.00183343
-0.00196422
-0.00207267
-0.00216762
-0.00223838
-0.00225807
-0.00224552
-0.00222173
-0.00222243
-0.00220889
-0.00215902
-0.00206156
-0.00190991
-0.00167553
-0.00129792
-0.000709471
0.000185402
0.000547083
5.8884e-06
-0.000405682
-0.00074682
-0.0010265
-0.00128274
-0.00151916
-0.00171556
-0.00185311
-0.00188924
-0.00178168
-0.00168286
-0.00154153
-0.00135027
-0.00112153
-0.000852255
-0.000533125
-0.000144986
0.000318803
0.00092674
-0.000407827
-0.000427627
-0.000518875
-0.000635107
-0.000703607
-0.000671233
-0.000535643
-0.000325216
-0.000355782
-0.000341578
-0.000400377
-0.000532893
-0.00069715
-0.000832706
-0.000868705
-0.000783437
-0.000584343
-0.000289826
2.91455e-05
0.000205371
-0.000844259
-0.000847565
-0.000890501
-0.000957034
-0.00100158
-0.000944981
-0.000746508
-0.000671756
-0.000686951
-0.00067563
-0.000609989
-0.00065543
-0.000853559
-0.00107227
-0.0011217
-0.00105668
-0.000904598
-0.000680942
-0.00044449
-0.000297491
-0.00101582
-0.00102946
-0.00106316
-0.00111864
-0.00116414
-0.00116154
-0.00105634
-0.00104647
-0.00104309
-0.00105067
-0.00105183
-0.000999717
-0.00108094
-0.00121702
-0.00125181
-0.00118754
-0.00105773
-0.000861727
-0.000653877
-0.000511634
-0.00104616
-0.00110867
-0.00116318
-0.00123574
-0.00129276
-0.00132956
-0.00131975
-0.00132068
-0.00130983
-0.00130653
-0.00130922
-0.00129618
-0.00131065
-0.00134219
-0.00133826
-0.00128524
-0.00117157
-0.000974137
-0.000753628
-0.00058387
-0.000970794
-0.00112114
-0.00122246
-0.00132976
-0.00140966
-0.00146418
-0.00149891
-0.00151187
-0.00150592
-0.00149783
-0.00149303
-0.0014854
-0.00147899
-0.00147309
-0.00144343
-0.00138215
-0.00126776
-0.00104627
-0.00078273
-0.000548215
-0.000816096
-0.00108058
-0.00126015
-0.00141237
-0.0015149
-0.00157893
-0.00161801
-0.00163901
-0.00163985
-0.00163131
-0.00162006
-0.00160584
-0.00158938
-0.00156943
-0.00153661
-0.0014726
-0.00134245
-0.00109371
-0.000768358
-0.000414956
-0.000574995
-0.000988493
-0.00125909
-0.00146754
-0.00159138
-0.00167039
-0.00172668
-0.00176333
-0.00177944
-0.00177506
-0.00175856
-0.00173809
-0.0017134
-0.00168173
-0.00163417
-0.00155048
-0.0013859
-0.00109188
-0.000700083
-0.000177228
-0.000206777
-0.000797448
-0.00117459
-0.00144271
-0.00159256
-0.00168795
-0.0017554
-0.00180336
-0.00182391
-0.00182311
-0.00180754
-0.00178613
-0.00175919
-0.0017207
-0.00165687
-0.00154526
-0.0013428
-0.000993002
-0.000499409
0.000185298
0.000285529
-0.000418324
-0.000929506
-0.001278
-0.00151371
-0.00169582
-0.00185058
-0.00198527
-0.0020737
-0.00211331
-0.00206746
-0.00200965
-0.00193262
-0.00182185
-0.00166651
-0.00145141
-0.001147
-0.000709471
-0.00011309
0.000678633
0.000934391
0.000469973
8.27643e-05
-0.000243149
-0.000504996
-0.000727417
-0.000916256
-0.00106452
-0.00116307
-0.00116843
-0.00109967
-0.00103177
-0.000926072
-0.000774857
-0.000580881
-0.000341735
-4.77478e-05
0.000318803
0.000758417
0.00130487
-5.54728e-05
-0.000135586
-0.000322009
-0.000541886
-0.000697105
-0.000709894
-0.000562139
-0.000304869
-0.000330611
-0.000308788
-0.000315914
-0.000477839
-0.000698316
-0.000866148
-0.000903212
-0.000795506
-0.000559783
-0.000206041
0.000205371
0.000483948
-0.000501018
-0.000561218
-0.000693881
-0.000852666
-0.000971291
-0.00100229
-0.000804464
-0.000727402
-0.000726699
-0.000714569
-0.000722306
-0.000626898
-0.000769683
-0.00108971
-0.00113602
-0.00105432
-0.000875352
-0.000608491
-0.000297491
-5.53091e-05
-0.000647742
-0.000709829
-0.000837964
-0.000988595
-0.00110038
-0.00117051
-0.00120884
-0.00123513
-0.00121037
-0.00119523
-0.00121328
-0.00121681
-0.00123001
-0.0012667
-0.00124435
-0.00116556
-0.00101721
-0.000789795
-0.000511634
-0.00026143
-0.000635226
-0.000719683
-0.000882471
-0.00106045
-0.00118057
-0.00125808
-0.00131312
-0.00135689
-0.00138072
-0.00138683
-0.00138388
-0.00137362
-0.00135908
-0.00133643
-0.00129467
-0.00121481
-0.00108236
-0.000867624
-0.00058387
-0.000285975
-0.000505853
-0.000643891
-0.000860756
-0.00108036
-0.00121769
-0.00130958
-0.00137832
-0.00143081
-0.00145649
-0.00145693
-0.0014472
-0.00143311
-0.00141101
-0.00137519
-0.00131786
-0.00122556
-0.00108162
-0.000852892
-0.000548215
-0.000186682
-0.000290106
-0.000512384
-0.000789526
-0.00104236
-0.00120517
-0.00131713
-0.0013992
-0.00146213
-0.00149287
-0.00148792
-0.00147201
-0.00145252
-0.00142265
-0.00137567
-0.00130333
-0.00119188
-0.00102298
-0.000762907
-0.000414956
1.06411e-05
2.47237e-05
-0.00031223
-0.000647835
-0.000933501
-0.00112603
-0.00126024
-0.00135934
-0.00143489
-0.00147521
-0.0014657
-0.00144418
-0.00141973
-0.00138131
-0.00132044
-0.00122834
-0.00109018
-0.000886401
-0.000581955
-0.000177228
0.000324697
0.000467265
5.51268e-06
-0.000387618
-0.000708133
-0.000930161
-0.00108939
-0.00121145
-0.00130661
-0.00136438
-0.00135539
-0.00132655
-0.00129395
-0.00124215
-0.00116266
-0.00104688
-0.000878929
-0.00063357
-0.000279569
0.000185298
0.000777853
0.0009828
0.000470418
4.1634e-05
-0.0002927
-0.000533247
-0.000714215
-0.000858447
-0.000974487
-0.00105224
-0.00105047
-0.00100977
-0.000965125
-0.000896236
-0.000795142
-0.000654879
-0.000460805
-0.000190371
0.000185402
0.000678633
0.00131035
0.00145324
0.00107559
0.000746073
0.000476383
0.000271971
0.000111459
-1.72991e-05
-0.000118072
-0.000186482
-0.000174318
-0.000132298
-8.73063e-05
-1.65834e-05
8.37399e-05
0.000217345
0.000392677
0.000623186
0.00092674
0.00130487
0.00177396
)
;

boundaryField
{
    floor
    {
        type            fixedFluxPressure;
        gradient        uniform 0;
        value           nonuniform List<scalar> 
400
(
-6.07429e-06
-0.000264371
-0.000569239
-0.000661146
-0.000522337
-0.000198396
-0.000201034
-0.000174822
-0.000186329
-0.000181872
-0.000192758
-0.000207372
-0.000224153
-0.000251476
-0.00051681
-0.000725967
-0.00084087
-0.000751095
-0.000407827
-5.54728e-05
-0.000264371
-0.000396822
-0.000587275
-0.000624257
-0.000491215
-0.000231664
-0.00020876
-0.000182714
-0.000192937
-0.000194504
-0.000212413
-0.000230415
-0.000220764
-0.000332243
-0.000530771
-0.000714721
-0.000813477
-0.000732355
-0.000427627
-0.000135586
-0.000569239
-0.000587275
-0.000632092
-0.00059563
-0.000456241
-0.000218014
-0.000229984
-0.000189315
-0.000200662
-0.000206853
-0.000227266
-0.000230229
-0.000242656
-0.000385294
-0.00054673
-0.000704024
-0.000796452
-0.000744926
-0.000518875
-0.000322009
-0.000661146
-0.000624257
-0.00059563
-0.000518496
-0.000385459
-0.00020702
-0.000255946
-0.000200652
-0.000210581
-0.000220182
-0.000237147
-0.00021662
-0.000268363
-0.00039318
-0.000524852
-0.000659284
-0.000755671
-0.000753395
-0.000635107
-0.000541886
-0.000522337
-0.000491215
-0.000456241
-0.000385459
-0.000294976
-0.000215413
-0.000265362
-0.000226751
-0.000217161
-0.000232132
-0.000242309
-0.000216519
-0.000263941
-0.000351289
-0.000451363
-0.000569335
-0.000672448
-0.000721484
-0.000703607
-0.000697105
-0.000198396
-0.000231664
-0.000218014
-0.00020702
-0.000215413
-0.000242284
-0.000267726
-0.000241999
-0.000224288
-0.000249001
-0.000261066
-0.000242293
-0.000233372
-0.000270843
-0.000327917
-0.00041329
-0.000533838
-0.00062501
-0.000671233
-0.000709894
-0.000201034
-0.00020876
-0.000229984
-0.000255946
-0.000265362
-0.000267726
-0.000268774
-0.000252432
-0.000237807
-0.000278581
-0.000299956
-0.000287452
-0.000284113
-0.000296502
-0.000295563
-0.000299318
-0.000347861
-0.000461452
-0.000535643
-0.000562139
-0.000174822
-0.000182714
-0.000189315
-0.000200652
-0.000226751
-0.000241999
-0.000252432
-0.000257407
-0.000263931
-0.000335815
-0.00036986
-0.000336094
-0.000318309
-0.000315247
-0.000303046
-0.000310671
-0.000319542
-0.000314267
-0.000325216
-0.000304869
-0.000186329
-0.000192937
-0.000200662
-0.000210581
-0.000217161
-0.000224288
-0.000237807
-0.000263931
-0.000300684
-0.000482961
-0.00050527
-0.000351754
-0.000292461
-0.000274244
-0.000287546
-0.000305146
-0.000325408
-0.000346202
-0.000355782
-0.000330611
-0.000181872
-0.000194504
-0.000206853
-0.000220182
-0.000232132
-0.000249001
-0.000278581
-0.000335815
-0.000482961
-0.00353764
-0.00351403
-0.000545299
-0.000368497
-0.000334383
-0.000336602
-0.000347406
-0.000355964
-0.000360509
-0.000341578
-0.000308788
-0.000192758
-0.000212413
-0.000227266
-0.000237147
-0.000242309
-0.000261066
-0.000299956
-0.00036986
-0.00050527
-0.00351403
-0.00336891
-0.000629265
-0.000462733
-0.000434255
-0.000437382
-0.000446658
-0.000450276
-0.000439214
-0.000400377
-0.000315914
-0.000207372
-0.000230415
-0.000230229
-0.00021662
-0.000216519
-0.000242293
-0.000287452
-0.000336094
-0.000351754
-0.000545299
-0.000629265
-0.000530676
-0.000517493
-0.000529211
-0.00054952
-0.00056787
-0.000576753
-0.000567907
-0.000532893
-0.000477839
-0.000224153
-0.000220764
-0.000242656
-0.000268363
-0.000263941
-0.000233372
-0.000284113
-0.000318309
-0.000292461
-0.000368497
-0.000462733
-0.000517493
-0.000568314
-0.000616904
-0.000659723
-0.000692833
-0.000713082
-0.00071504
-0.00069715
-0.000698316
-0.000251476
-0.000332243
-0.000385294
-0.00039318
-0.000351289
-0.000270843
-0.000296502
-0.000315247
-0.000274244
-0.000334383
-0.000434255
-0.000529211
-0.000616904
-0.000693618
-0.000754118
-0.000796955
-0.000823546
-0.000833774
-0.000832706
-0.000866148
-0.00051681
-0.000530771
-0.00054673
-0.000524852
-0.000451363
-0.000327917
-0.000295563
-0.000303046
-0.000287546
-0.000336602
-0.000437382
-0.00054952
-0.000659723
-0.000754118
-0.000821058
-0.000860184
-0.000877179
-0.000876452
-0.000868705
-0.000903212
-0.000725967
-0.000714721
-0.000704024
-0.000659284
-0.000569335
-0.00041329
-0.000299318
-0.000310671
-0.000305146
-0.000347406
-0.000446658
-0.00056787
-0.000692833
-0.000796955
-0.000860184
-0.000880618
-0.000863827
-0.000824958
-0.000783437
-0.000795506
-0.00084087
-0.000813477
-0.000796452
-0.000755671
-0.000672448
-0.000533838
-0.000347861
-0.000319542
-0.000325408
-0.000355964
-0.000450276
-0.000576753
-0.000713082
-0.000823546
-0.000877179
-0.000863827
-0.00079317
-0.000687484
-0.000584343
-0.000559783
-0.000751095
-0.000732355
-0.000744926
-0.000753395
-0.000721484
-0.00062501
-0.000461452
-0.000314267
-0.000346202
-0.000360509
-0.000439214
-0.000567907
-0.00071504
-0.000833774
-0.000876452
-0.000824958
-0.000687484
-0.000488812
-0.000289826
-0.000206041
-0.000407827
-0.000427627
-0.000518875
-0.000635107
-0.000703607
-0.000671233
-0.000535643
-0.000325216
-0.000355782
-0.000341578
-0.000400377
-0.000532893
-0.00069715
-0.000832706
-0.000868705
-0.000783437
-0.000584343
-0.000289826
2.91455e-05
0.000205371
-5.54728e-05
-0.000135586
-0.000322009
-0.000541886
-0.000697105
-0.000709894
-0.000562139
-0.000304869
-0.000330611
-0.000308788
-0.000315914
-0.000477839
-0.000698316
-0.000866148
-0.000903212
-0.000795506
-0.000559783
-0.000206041
0.000205371
0.000483948
)
;
    }
    ceiling
    {
        type            fixedFluxPressure;
        gradient        nonuniform List<scalar> 
400
(
0.218162
0.219591
0.221009
0.222261
0.223354
0.224299
0.225084
0.225672
0.225997
0.225903
0.225606
0.225398
0.225001
0.224406
0.223643
0.222737
0.221687
0.220465
0.219034
0.217432
0.219591
0.221207
0.222814
0.224266
0.225582
0.226769
0.2278
0.228611
0.229107
0.229124
0.228652
0.22831
0.227728
0.226905
0.225895
0.224749
0.223476
0.222034
0.220376
0.218559
0.221009
0.222814
0.224539
0.226114
0.227584
0.228977
0.230243
0.231285
0.231974
0.23213
0.23147
0.230989
0.230213
0.229157
0.227907
0.22656
0.225134
0.223554
0.221767
0.219795
0.222261
0.224266
0.226114
0.227818
0.229449
0.231073
0.232629
0.233971
0.234935
0.235296
0.23435
0.23368
0.232657
0.231321
0.229793
0.22822
0.226642
0.224917
0.223021
0.220902
0.223354
0.225582
0.227584
0.229449
0.231336
0.233316
0.23527
0.237035
0.238415
0.239133
0.237738
0.236745
0.235353
0.233637
0.231744
0.229843
0.228033
0.226164
0.224147
0.221864
0.224299
0.226769
0.228977
0.231073
0.233316
0.235721
0.238164
0.240494
0.242495
0.24385
0.24179
0.240263
0.238332
0.236125
0.233803
0.231521
0.229408
0.227348
0.225168
0.222695
0.225084
0.2278
0.230243
0.232629
0.23527
0.238164
0.241221
0.244341
0.247333
0.249934
0.246861
0.244363
0.241598
0.238719
0.235872
0.233169
0.230716
0.228432
0.226057
0.22338
0.225672
0.228611
0.231285
0.233971
0.237035
0.240494
0.244341
0.248589
0.253256
0.258538
0.253769
0.249297
0.245149
0.241312
0.237804
0.23463
0.231828
0.229312
0.226743
0.22388
0.225997
0.229107
0.231974
0.234935
0.238415
0.242495
0.247333
0.253256
0.260945
0.27216
0.264231
0.255506
0.248956
0.243742
0.239418
0.235733
0.232594
0.229878
0.227144
0.224134
0.225903
0.229124
0.23213
0.235296
0.239133
0.24385
0.249934
0.258538
0.27216
0.297634
0.283092
0.264364
0.253209
0.245907
0.240571
0.236345
0.232896
0.230012
0.227134
0.223999
0.225606
0.228652
0.23147
0.23435
0.237738
0.24179
0.246861
0.253769
0.264231
0.283092
0.266993
0.256024
0.248623
0.243179
0.238871
0.235275
0.232217
0.229556
0.226847
0.22386
0.225398
0.22831
0.230989
0.23368
0.236745
0.240263
0.244363
0.249297
0.255506
0.264364
0.256024
0.250184
0.245316
0.241165
0.23757
0.234412
0.23163
0.229122
0.226552
0.223696
0.225001
0.227728
0.230213
0.232657
0.235353
0.238332
0.241598
0.245149
0.248956
0.253209
0.248623
0.245316
0.242036
0.23888
0.235935
0.233226
0.230758
0.228448
0.226046
0.223349
0.224406
0.226905
0.229157
0.231321
0.233637
0.236125
0.238719
0.241312
0.243742
0.245907
0.243179
0.241165
0.23888
0.236465
0.234072
0.231785
0.229636
0.227535
0.22532
0.222812
0.223643
0.225895
0.227907
0.229793
0.231744
0.233803
0.235872
0.237804
0.239418
0.240571
0.238871
0.23757
0.235935
0.234072
0.232135
0.230217
0.228354
0.226453
0.224414
0.222104
0.222737
0.224749
0.22656
0.22822
0.229843
0.231521
0.233169
0.23463
0.235733
0.236345
0.235275
0.234412
0.233226
0.231785
0.230217
0.228606
0.226967
0.22524
0.223358
0.221241
0.221687
0.223476
0.225134
0.226642
0.228033
0.229408
0.230716
0.231828
0.232594
0.232896
0.232217
0.23163
0.230758
0.229636
0.228354
0.226967
0.225488
0.223909
0.22216
0.220227
0.220465
0.222034
0.223554
0.224917
0.226164
0.227348
0.228432
0.229312
0.229878
0.230012
0.229556
0.229122
0.228448
0.227535
0.226453
0.22524
0.223909
0.222443
0.220805
0.219043
0.219034
0.220376
0.221767
0.223021
0.224147
0.225168
0.226057
0.226743
0.227144
0.227134
0.226847
0.226552
0.226046
0.22532
0.224414
0.223358
0.22216
0.220805
0.219273
0.217674
0.217432
0.218559
0.219795
0.220902
0.221864
0.222695
0.22338
0.22388
0.224134
0.223999
0.22386
0.223696
0.223349
0.222812
0.222104
0.221241
0.220227
0.219043
0.217674
0.216243
)
;
        value           nonuniform List<scalar> 
400
(
0.0558659
0.0557631
0.0557411
0.0557531
0.0557984
0.0558593
0.0559185
0.0559593
0.0559677
0.0559465
0.0559369
0.0559333
0.0559026
0.0558501
0.0557856
0.0557215
0.0556744
0.0556634
0.0556928
0.0558113
0.0557631
0.0556243
0.0555803
0.0555697
0.0555958
0.05564
0.0556868
0.0557217
0.0557328
0.0557215
0.0557086
0.0557026
0.0556733
0.05563
0.0555798
0.0555326
0.0555041
0.0555144
0.0555641
0.0557152
0.0557411
0.0555803
0.0555404
0.0555431
0.0555888
0.0556439
0.0556935
0.05573
0.0557423
0.0557315
0.0557146
0.0557093
0.0556773
0.0556336
0.0555842
0.0555333
0.0554885
0.0554828
0.0555246
0.0556949
0.0557531
0.0555697
0.0555431
0.0555711
0.0556337
0.0556993
0.0557576
0.0558037
0.055825
0.0558155
0.0557853
0.0557718
0.0557264
0.055674
0.0556225
0.0555679
0.0555111
0.0554825
0.055512
0.0557018
0.0557984
0.0555958
0.0555888
0.0556337
0.0557109
0.0557871
0.0558595
0.0559236
0.0559613
0.0559564
0.0559089
0.0558851
0.0558207
0.0557528
0.0556917
0.0556295
0.0555589
0.0555146
0.0555317
0.055738
0.0558593
0.05564
0.0556439
0.0556993
0.0557871
0.0558806
0.055979
0.0560743
0.0561436
0.0561622
0.0560888
0.0560404
0.0559444
0.055849
0.0557661
0.0556887
0.0556075
0.0555542
0.0555646
0.0557853
0.0559185
0.0556868
0.0556935
0.0557576
0.0558595
0.055979
0.0561144
0.0562613
0.0564136
0.0565383
0.056413
0.0562673
0.0560982
0.0559576
0.0558418
0.0557413
0.0556486
0.0555889
0.0555979
0.0558278
0.0559593
0.0557217
0.05573
0.0558037
0.0559236
0.0560743
0.0562613
0.0565297
0.0569667
0.0574948
0.0572247
0.056689
0.0562962
0.0560703
0.0559137
0.0557861
0.0556788
0.0556123
0.0556212
0.0558518
0.0559677
0.0557328
0.0557423
0.055825
0.0559613
0.0561436
0.0564136
0.0569667
0.0581749
0.0598984
0.059188
0.0575092
0.056561
0.0561683
0.0559613
0.0558099
0.0556898
0.0556163
0.0556229
0.0558469
0.0559465
0.0557215
0.0557315
0.0558155
0.0559564
0.0561622
0.0565383
0.0574948
0.0598984
0.0638501
0.0621225
0.0585735
0.056864
0.0562488
0.0559839
0.0558158
0.0556902
0.0556138
0.0556151
0.0558255
0.0559369
0.0557086
0.0557146
0.0557853
0.0559089
0.0560888
0.056413
0.0572247
0.059188
0.0621225
0.0601869
0.0577812
0.0566009
0.0561491
0.0559318
0.0557841
0.0556722
0.0556072
0.055612
0.0558328
0.0559333
0.0557026
0.0557093
0.0557718
0.0558851
0.0560404
0.0562673
0.056689
0.0575092
0.0585735
0.0577812
0.0568742
0.0563425
0.0560697
0.0558939
0.0557581
0.0556536
0.0555977
0.0556061
0.0558366
0.0559026
0.0556733
0.0556773
0.0557264
0.0558207
0.0559444
0.0560982
0.0562962
0.056561
0.056864
0.0566009
0.0563425
0.0561233
0.0559559
0.055819
0.0557041
0.0556136
0.0555704
0.0555853
0.0558208
0.0558501
0.05563
0.0556336
0.055674
0.0557528
0.055849
0.0559576
0.0560703
0.0561683
0.0562488
0.0561491
0.0560697
0.0559559
0.0558421
0.0557364
0.0556419
0.0555654
0.0555334
0.0555552
0.0557868
0.0557856
0.0555798
0.0555842
0.0556225
0.0556917
0.0557661
0.0558418
0.0559137
0.0559613
0.0559839
0.0559318
0.0558939
0.055819
0.0557364
0.0556535
0.0555759
0.0555134
0.0554916
0.0555226
0.0557432
0.0557215
0.0555326
0.0555333
0.0555679
0.0556295
0.0556887
0.0557413
0.0557861
0.0558099
0.0558158
0.0557841
0.0557581
0.0557041
0.0556419
0.0555759
0.0555128
0.0554663
0.0554578
0.0554978
0.055703
0.0556744
0.0555041
0.0554885
0.0555111
0.0555589
0.0556075
0.0556486
0.0556788
0.0556898
0.0556902
0.0556722
0.0556536
0.0556136
0.0555654
0.0555134
0.0554663
0.0554364
0.055444
0.0554923
0.0556799
0.0556634
0.0555144
0.0554828
0.0554825
0.0555146
0.0555542
0.0555889
0.0556123
0.0556163
0.0556138
0.0556072
0.0555977
0.0555704
0.0555334
0.0554916
0.0554578
0.055444
0.0554657
0.05552
0.0556874
0.0556928
0.0555641
0.0555246
0.055512
0.0555317
0.0555646
0.0555979
0.0556212
0.0556229
0.0556151
0.055612
0.0556061
0.0555853
0.0555552
0.0555226
0.0554978
0.0554923
0.05552
0.0555766
0.0557235
0.0558113
0.0557152
0.0556949
0.0557018
0.055738
0.0557853
0.0558278
0.0558518
0.0558469
0.0558255
0.0558328
0.0558366
0.0558208
0.0557868
0.0557432
0.055703
0.0556799
0.0556874
0.0557235
0.0558347
)
;
    }
    fixedWalls
    {
        type            fixedFluxPressure;
        gradient        uniform 0;
        value           nonuniform List<scalar> 
800
(
-6.07429e-06
-0.00045575
-0.000610165
-0.00060638
-0.000505687
-0.00032882
-5.26715e-05
0.000357315
0.000858745
0.00132537
-0.000264371
-0.000677378
-0.000839463
-0.000887447
-0.000850862
-0.000736856
-0.000535553
-0.000205923
0.000252135
0.000865494
-0.000569239
-0.000917802
-0.00108336
-0.00115991
-0.00115649
-0.00108442
-0.000934887
-0.000660674
-0.00023273
0.000488923
-0.000661146
-0.000982886
-0.00118087
-0.00134156
-0.00138006
-0.00133727
-0.0012314
-0.00100532
-0.000601328
0.000187881
-0.000522337
-0.000773249
-0.000936955
-0.00111544
-0.00151568
-0.00149799
-0.00142969
-0.00124561
-0.00086601
-4.02154e-05
-0.000198396
-0.000498782
-0.000728505
-0.00102653
-0.00158319
-0.00160964
-0.00156699
-0.00141574
-0.00106084
-0.000215562
-0.000201034
-0.000591764
-0.000719033
-0.000972941
-0.00159875
-0.00168732
-0.00166137
-0.00153801
-0.00121062
-0.000352546
-0.000174822
-0.000573007
-0.00075274
-0.000926635
-0.001472
-0.00173664
-0.00172301
-0.00162509
-0.00132788
-0.000458659
-0.000186329
-0.00056631
-0.000781928
-0.000897947
-0.00138935
-0.00176005
-0.00176098
-0.00168256
-0.00141273
-0.000531538
-0.000181872
-0.000555896
-0.000792397
-0.000904403
-0.00137812
-0.00175643
-0.00175842
-0.00168602
-0.00143059
-0.000529229
-0.000192758
-0.000558329
-0.000822595
-0.000906398
-0.00146905
-0.00173263
-0.00172162
-0.00163825
-0.00136805
-0.000464444
-0.000207372
-0.00055936
-0.000837386
-0.000909948
-0.00155912
-0.00170789
-0.00168992
-0.00159547
-0.00131131
-0.000416266
-0.000224153
-0.000564287
-0.000787079
-0.00102607
-0.00158551
-0.00167487
-0.00164942
-0.0015388
-0.00123489
-0.00034756
-0.000251476
-0.000414618
-0.000704479
-0.00115974
-0.00157009
-0.00162811
-0.00159232
-0.00146048
-0.00113197
-0.000251343
-0.00051681
-0.000671112
-0.000718825
-0.000937508
-0.00154892
-0.00156611
-0.00151255
-0.00135429
-0.000998251
-0.000125228
-0.000725967
-0.000942814
-0.000946889
-0.0011434
-0.00151008
-0.00148417
-0.00139975
-0.00120619
-0.000821685
3.72684e-05
-0.00084087
-0.00113335
-0.00117582
-0.00131514
-0.00142825
-0.00135966
-0.00123146
-0.000989886
-0.00057511
0.000252704
-0.000751095
-0.00109607
-0.00123604
-0.00127662
-0.0012601
-0.00114938
-0.00096876
-0.000669485
-0.000216827
0.000547083
-0.000407827
-0.000844259
-0.00101582
-0.00104616
-0.000970794
-0.000816096
-0.000574995
-0.000206777
0.000285529
0.000934391
-5.54728e-05
-0.000501018
-0.000647742
-0.000635226
-0.000505853
-0.000290106
2.47237e-05
0.000467265
0.0009828
0.00145324
-5.54728e-05
-0.000501018
-0.000647742
-0.000635226
-0.000505853
-0.000290106
2.47237e-05
0.000467265
0.0009828
0.00145324
-0.000135586
-0.000561218
-0.000709829
-0.000719683
-0.000643891
-0.000512384
-0.00031223
5.51268e-06
0.000470418
0.00107559
-0.000322009
-0.000693881
-0.000837964
-0.000882471
-0.000860756
-0.000789526
-0.000647835
-0.000387618
4.1634e-05
0.000746073
-0.000541886
-0.000852666
-0.000988595
-0.00106045
-0.00108036
-0.00104236
-0.000933501
-0.000708133
-0.0002927
0.000476383
-0.000697105
-0.000971291
-0.00110038
-0.00118057
-0.00121769
-0.00120517
-0.00112603
-0.000930161
-0.000533247
0.000271971
-0.000709894
-0.00100229
-0.00117051
-0.00125808
-0.00130958
-0.00131713
-0.00126024
-0.00108939
-0.000714215
0.000111459
-0.000562139
-0.000804464
-0.00120884
-0.00131312
-0.00137832
-0.0013992
-0.00135934
-0.00121145
-0.000858447
-1.72991e-05
-0.000304869
-0.000727402
-0.00123513
-0.00135689
-0.00143081
-0.00146213
-0.00143489
-0.00130661
-0.000974487
-0.000118072
-0.000330611
-0.000726699
-0.00121037
-0.00138072
-0.00145649
-0.00149287
-0.00147521
-0.00136438
-0.00105224
-0.000186482
-0.000308788
-0.000714569
-0.00119523
-0.00138683
-0.00145693
-0.00148792
-0.0014657
-0.00135539
-0.00105047
-0.000174318
-0.000315914
-0.000722306
-0.00121328
-0.00138388
-0.0014472
-0.00147201
-0.00144418
-0.00132655
-0.00100977
-0.000132298
-0.000477839
-0.000626898
-0.00121681
-0.00137362
-0.00143311
-0.00145252
-0.00141973
-0.00129395
-0.000965125
-8.73063e-05
-0.000698316
-0.000769683
-0.00123001
-0.00135908
-0.00141101
-0.00142265
-0.00138131
-0.00124215
-0.000896236
-1.65834e-05
-0.000866148
-0.00108971
-0.0012667
-0.00133643
-0.00137519
-0.00137567
-0.00132044
-0.00116266
-0.000795142
8.37399e-05
-0.000903212
-0.00113602
-0.00124435
-0.00129467
-0.00131786
-0.00130333
-0.00122834
-0.00104688
-0.000654879
0.000217345
-0.000795506
-0.00105432
-0.00116556
-0.00121481
-0.00122556
-0.00119188
-0.00109018
-0.000878929
-0.000460805
0.000392677
-0.000559783
-0.000875352
-0.00101721
-0.00108236
-0.00108162
-0.00102298
-0.000886401
-0.00063357
-0.000190371
0.000623186
-0.000206041
-0.000608491
-0.000789795
-0.000867624
-0.000852892
-0.000762907
-0.000581955
-0.000279569
0.000185402
0.00092674
0.000205371
-0.000297491
-0.000511634
-0.00058387
-0.000548215
-0.000414956
-0.000177228
0.000185298
0.000678633
0.00130487
0.000483948
-5.53091e-05
-0.00026143
-0.000285975
-0.000186682
1.06411e-05
0.000324697
0.000777853
0.00131035
0.00177396
-6.07429e-06
-0.00045575
-0.000610165
-0.00060638
-0.000505687
-0.00032882
-5.26715e-05
0.000357315
0.000858745
0.00132537
-0.000264371
-0.000677378
-0.000839463
-0.000887447
-0.000850862
-0.000736856
-0.000535553
-0.000205923
0.000252135
0.000865494
-0.000569239
-0.000917802
-0.00108336
-0.00115991
-0.00115649
-0.00108442
-0.000934887
-0.000660674
-0.00023273
0.000488923
-0.000661146
-0.000982886
-0.00118087
-0.00134156
-0.00138006
-0.00133727
-0.0012314
-0.00100532
-0.000601328
0.000187881
-0.000522337
-0.000773249
-0.000936955
-0.00111544
-0.00151568
-0.00149799
-0.00142969
-0.00124561
-0.00086601
-4.02154e-05
-0.000198396
-0.000498782
-0.000728505
-0.00102653
-0.00158319
-0.00160964
-0.00156699
-0.00141574
-0.00106084
-0.000215562
-0.000201034
-0.000591764
-0.000719033
-0.000972941
-0.00159875
-0.00168732
-0.00166137
-0.00153801
-0.00121062
-0.000352546
-0.000174822
-0.000573007
-0.00075274
-0.000926635
-0.001472
-0.00173664
-0.00172301
-0.00162509
-0.00132788
-0.000458659
-0.000186329
-0.00056631
-0.000781928
-0.000897947
-0.00138935
-0.00176005
-0.00176098
-0.00168256
-0.00141273
-0.000531538
-0.000181872
-0.000555896
-0.000792397
-0.000904403
-0.00137812
-0.00175643
-0.00175842
-0.00168602
-0.00143059
-0.000529229
-0.000192758
-0.000558329
-0.000822595
-0.000906398
-0.00146905
-0.00173263
-0.00172162
-0.00163825
-0.00136805
-0.000464444
-0.000207372
-0.00055936
-0.000837386
-0.000909948
-0.00155912
-0.00170789
-0.00168992
-0.00159547
-0.00131131
-0.000416266
-0.000224153
-0.000564287
-0.000787079
-0.00102607
-0.00158551
-0.00167487
-0.00164942
-0.0015388
-0.00123489
-0.00034756
-0.000251476
-0.000414618
-0.000704479
-0.00115974
-0.00157009
-0.00162811
-0.00159232
-0.00146048
-0.00113197
-0.000251343
-0.00051681
-0.000671112
-0.000718825
-0.000937508
-0.00154892
-0.00156611
-0.00151255
-0.00135429
-0.000998251
-0.000125228
-0.000725967
-0.000942814
-0.000946889
-0.0011434
-0.00151008
-0.00148417
-0.00139975
-0.00120619
-0.000821685
3.72684e-05
-0.00084087
-0.00113335
-0.00117582
-0.00131514
-0.00142825
-0.00135966
-0.00123146
-0.000989886
-0.00057511
0.000252704
-0.000751095
-0.00109607
-0.00123604
-0.00127662
-0.0012601
-0.00114938
-0.00096876
-0.000669485
-0.000216827
0.000547083
-0.000407827
-0.000844259
-0.00101582
-0.00104616
-0.000970794
-0.000816096
-0.000574995
-0.000206777
0.000285529
0.000934391
-5.54728e-05
-0.000501018
-0.000647742
-0.000635226
-0.000505853
-0.000290106
2.47237e-05
0.000467265
0.0009828
0.00145324
-5.54728e-05
-0.000501018
-0.000647742
-0.000635226
-0.000505853
-0.000290106
2.47237e-05
0.000467265
0.0009828
0.00145324
-0.000135586
-0.000561218
-0.000709829
-0.000719683
-0.000643891
-0.000512384
-0.00031223
5.51268e-06
0.000470418
0.00107559
-0.000322009
-0.000693881
-0.000837964
-0.000882471
-0.000860756
-0.000789526
-0.000647835
-0.000387618
4.1634e-05
0.000746073
-0.000541886
-0.000852666
-0.000988595
-0.00106045
-0.00108036
-0.00104236
-0.000933501
-0.000708133
-0.0002927
0.000476383
-0.000697105
-0.000971291
-0.00110038
-0.00118057
-0.00121769
-0.00120517
-0.00112603
-0.000930161
-0.000533247
0.000271971
-0.000709894
-0.00100229
-0.00117051
-0.00125808
-0.00130958
-0.00131713
-0.00126024
-0.00108939
-0.000714215
0.000111459
-0.000562139
-0.000804464
-0.00120884
-0.00131312
-0.00137832
-0.0013992
-0.00135934
-0.00121145
-0.000858447
-1.72991e-05
-0.000304869
-0.000727402
-0.00123513
-0.00135689
-0.00143081
-0.00146213
-0.00143489
-0.00130661
-0.000974487
-0.000118072
-0.000330611
-0.000726699
-0.00121037
-0.00138072
-0.00145649
-0.00149287
-0.00147521
-0.00136438
-0.00105224
-0.000186482
-0.000308788
-0.000714569
-0.00119523
-0.00138683
-0.00145693
-0.00148792
-0.0014657
-0.00135539
-0.00105047
-0.000174318
-0.000315914
-0.000722306
-0.00121328
-0.00138388
-0.0014472
-0.00147201
-0.00144418
-0.00132655
-0.00100977
-0.000132298
-0.000477839
-0.000626898
-0.00121681
-0.00137362
-0.00143311
-0.00145252
-0.00141973
-0.00129395
-0.000965125
-8.73063e-05
-0.000698316
-0.000769683
-0.00123001
-0.00135908
-0.00141101
-0.00142265
-0.00138131
-0.00124215
-0.000896236
-1.65834e-05
-0.000866148
-0.00108971
-0.0012667
-0.00133643
-0.00137519
-0.00137567
-0.00132044
-0.00116266
-0.000795142
8.37399e-05
-0.000903212
-0.00113602
-0.00124435
-0.00129467
-0.00131786
-0.00130333
-0.00122834
-0.00104688
-0.000654879
0.000217345
-0.000795506
-0.00105432
-0.00116556
-0.00121481
-0.00122556
-0.00119188
-0.00109018
-0.000878929
-0.000460805
0.000392677
-0.000559783
-0.000875352
-0.00101721
-0.00108236
-0.00108162
-0.00102298
-0.000886401
-0.00063357
-0.000190371
0.000623186
-0.000206041
-0.000608491
-0.000789795
-0.000867624
-0.000852892
-0.000762907
-0.000581955
-0.000279569
0.000185402
0.00092674
0.000205371
-0.000297491
-0.000511634
-0.00058387
-0.000548215
-0.000414956
-0.000177228
0.000185298
0.000678633
0.00130487
0.000483948
-5.53091e-05
-0.00026143
-0.000285975
-0.000186682
1.06411e-05
0.000324697
0.000777853
0.00131035
0.00177396
)
;
    }
}


// ************************************************************************* //
