/*--------------------------------*- C++ -*----------------------------------*\
  =========                 |
  \\      /  F ield         | OpenFOAM: The Open Source CFD Toolbox
   \\    /   O peration     | Website:  https://openfoam.org
    \\  /    A nd           | Version:  8
     \\/     M anipulation  |
\*---------------------------------------------------------------------------*/
FoamFile
{
    version     2.0;
    format      ascii;
    class       volScalarField;
    location    "1600";
    object      T;
}
// * * * * * * * * * * * * * * * * * * * * * * * * * * * * * * * * * * * * * //

dimensions      [0 0 0 1 0 0 0];

internalField   nonuniform List<scalar> 
4000
(
300.376
300.378
300.378
300.376
300.372
300.345
300.342
300.341
300.342
300.342
300.342
300.343
300.344
300.349
300.369
300.374
300.376
300.378
300.378
300.377
300.377
300.38
300.383
300.382
300.376
300.365
300.369
300.368
300.368
300.368
300.367
300.367
300.367
300.361
300.372
300.378
300.382
300.383
300.381
300.377
300.377
300.381
300.385
300.386
300.379
300.374
300.373
300.374
300.375
300.375
300.376
300.376
300.375
300.372
300.373
300.378
300.383
300.386
300.383
300.377
300.376
300.381
300.385
300.388
300.383
300.381
300.379
300.379
300.378
300.378
300.378
300.378
300.38
300.383
300.379
300.383
300.386
300.386
300.383
300.376
300.376
300.381
300.385
300.387
300.389
300.39
300.39
300.388
300.386
300.386
300.387
300.389
300.389
300.389
300.389
300.389
300.388
300.386
300.382
300.376
300.376
300.38
300.384
300.386
300.388
300.389
300.39
300.391
300.391
300.391
300.39
300.39
300.39
300.389
300.389
300.388
300.386
300.384
300.381
300.375
300.375
300.379
300.383
300.385
300.387
300.388
300.389
300.39
300.39
300.39
300.39
300.389
300.389
300.388
300.387
300.386
300.385
300.383
300.379
300.374
300.374
300.378
300.381
300.384
300.386
300.387
300.388
300.389
300.389
300.389
300.388
300.388
300.388
300.387
300.386
300.385
300.383
300.381
300.378
300.373
300.373
300.376
300.38
300.382
300.384
300.385
300.386
300.387
300.388
300.388
300.387
300.387
300.386
300.385
300.384
300.383
300.381
300.379
300.376
300.372
300.371
300.373
300.375
300.378
300.379
300.381
300.382
300.383
300.384
300.384
300.383
300.383
300.382
300.381
300.38
300.378
300.377
300.375
300.372
300.369
300.378
300.378
300.378
300.375
300.37
300.348
300.343
300.342
300.342
300.343
300.344
300.346
300.344
300.357
300.369
300.373
300.376
300.378
300.378
300.377
300.38
300.382
300.383
300.381
300.376
300.365
300.366
300.368
300.368
300.367
300.367
300.366
300.364
300.365
300.374
300.379
300.382
300.383
300.381
300.378
300.381
300.383
300.385
300.385
300.38
300.374
300.373
300.374
300.375
300.375
300.375
300.374
300.372
300.37
300.375
300.38
300.385
300.386
300.383
300.378
300.381
300.383
300.385
300.387
300.383
300.38
300.379
300.378
300.378
300.379
300.379
300.379
300.378
300.377
300.378
300.382
300.385
300.386
300.383
300.377
300.381
300.383
300.386
300.388
300.387
300.386
300.386
300.384
300.383
300.383
300.384
300.385
300.386
300.385
300.384
300.386
300.388
300.387
300.383
300.377
300.38
300.382
300.386
300.388
300.389
300.389
300.389
300.388
300.387
300.387
300.388
300.388
300.388
300.388
300.388
300.388
300.388
300.387
300.383
300.377
300.379
300.382
300.386
300.389
300.39
300.39
300.39
300.39
300.39
300.389
300.39
300.39
300.39
300.389
300.389
300.389
300.388
300.387
300.382
300.377
300.378
300.382
300.386
300.389
300.39
300.391
300.391
300.391
300.39
300.389
300.389
300.39
300.39
300.39
300.39
300.39
300.389
300.386
300.382
300.376
300.376
300.381
300.385
300.387
300.389
300.391
300.392
300.393
300.394
300.394
300.394
300.393
300.393
300.392
300.39
300.389
300.387
300.384
300.38
300.375
300.373
300.376
300.379
300.381
300.383
300.385
300.387
300.388
300.389
300.389
300.388
300.388
300.387
300.385
300.384
300.382
300.38
300.377
300.374
300.371
300.378
300.378
300.376
300.374
300.368
300.346
300.346
300.342
300.343
300.344
300.346
300.346
300.347
300.361
300.369
300.373
300.375
300.377
300.378
300.378
300.383
300.383
300.383
300.379
300.373
300.364
300.366
300.368
300.368
300.367
300.366
300.364
300.363
300.367
300.374
300.379
300.382
300.383
300.382
300.38
300.385
300.385
300.386
300.384
300.378
300.373
300.373
300.374
300.375
300.375
300.374
300.372
300.37
300.372
300.377
300.382
300.385
300.385
300.383
300.38
300.385
300.385
300.386
300.386
300.382
300.379
300.378
300.378
300.379
300.379
300.379
300.378
300.376
300.376
300.379
300.383
300.386
300.386
300.384
300.38
300.385
300.386
300.387
300.388
300.386
300.384
300.383
300.383
300.382
300.382
300.382
300.383
300.382
300.381
300.382
300.385
300.387
300.387
300.384
300.38
300.384
300.386
300.387
300.388
300.388
300.387
300.387
300.386
300.385
300.385
300.385
300.386
300.386
300.385
300.385
300.387
300.388
300.388
300.385
300.38
300.383
300.386
300.388
300.389
300.39
300.389
300.389
300.388
300.388
300.388
300.388
300.388
300.388
300.388
300.388
300.388
300.389
300.388
300.385
300.379
300.381
300.386
300.388
300.389
300.39
300.39
300.389
300.389
300.389
300.388
300.388
300.388
300.388
300.388
300.388
300.389
300.389
300.388
300.384
300.379
300.38
300.385
300.388
300.391
300.392
300.393
300.393
300.394
300.394
300.393
300.393
300.394
300.394
300.393
300.392
300.392
300.39
300.388
300.383
300.377
300.375
300.379
300.381
300.384
300.387
300.389
300.391
300.393
300.394
300.394
300.393
300.392
300.391
300.389
300.387
300.385
300.382
300.38
300.377
300.373
300.376
300.375
300.374
300.37
300.362
300.344
300.348
300.344
300.344
300.346
300.348
300.345
300.35
300.362
300.368
300.372
300.374
300.377
300.378
300.379
300.382
300.381
300.379
300.376
300.369
300.364
300.366
300.368
300.368
300.367
300.366
300.363
300.362
300.368
300.374
300.378
300.381
300.383
300.383
300.382
300.386
300.385
300.384
300.38
300.375
300.372
300.372
300.374
300.375
300.374
300.373
300.371
300.37
300.373
300.378
300.382
300.385
300.385
300.384
300.382
300.388
300.387
300.386
300.384
300.38
300.378
300.377
300.378
300.379
300.379
300.378
300.376
300.375
300.376
300.38
300.383
300.386
300.386
300.385
300.382
300.387
300.388
300.388
300.387
300.384
300.383
300.382
300.382
300.381
300.382
300.382
300.381
300.379
300.379
300.382
300.385
300.387
300.387
300.385
300.382
300.386
300.388
300.388
300.388
300.387
300.386
300.385
300.385
300.384
300.384
300.384
300.384
300.383
300.383
300.384
300.386
300.388
300.388
300.386
300.382
300.385
300.389
300.389
300.389
300.389
300.388
300.388
300.387
300.387
300.386
300.387
300.387
300.386
300.386
300.386
300.387
300.389
300.389
300.386
300.382
300.384
300.389
300.389
300.389
300.389
300.389
300.389
300.388
300.388
300.387
300.387
300.387
300.387
300.387
300.387
300.388
300.389
300.388
300.386
300.381
300.382
300.387
300.391
300.392
300.392
300.393
300.394
300.394
300.394
300.394
300.394
300.394
300.394
300.393
300.392
300.391
300.391
300.389
300.386
300.379
300.378
300.381
300.384
300.387
300.39
300.393
300.395
300.398
300.399
300.4
300.398
300.397
300.395
300.393
300.39
300.388
300.385
300.382
300.379
300.375
300.372
300.37
300.368
300.362
300.354
300.346
300.35
300.346
300.345
300.347
300.348
300.345
300.35
300.357
300.364
300.369
300.373
300.375
300.377
300.379
300.376
300.376
300.373
300.369
300.363
300.363
300.366
300.368
300.368
300.367
300.365
300.363
300.362
300.366
300.371
300.375
300.379
300.382
300.383
300.383
300.379
300.38
300.378
300.375
300.371
300.371
300.372
300.374
300.375
300.374
300.373
300.371
300.369
300.371
300.376
300.38
300.383
300.385
300.385
300.384
300.383
300.383
300.382
300.38
300.377
300.376
300.377
300.378
300.379
300.379
300.377
300.376
300.375
300.376
300.379
300.382
300.385
300.386
300.386
300.384
300.389
300.387
300.386
300.384
300.382
300.381
300.381
300.381
300.381
300.382
300.381
300.38
300.379
300.379
300.381
300.384
300.386
300.387
300.386
300.384
300.388
300.389
300.388
300.387
300.386
300.385
300.384
300.384
300.384
300.384
300.384
300.383
300.382
300.382
300.383
300.385
300.387
300.388
300.387
300.384
300.387
300.39
300.39
300.389
300.388
300.387
300.387
300.386
300.386
300.386
300.386
300.386
300.385
300.385
300.385
300.387
300.388
300.389
300.387
300.383
300.386
300.39
300.39
300.389
300.389
300.388
300.388
300.388
300.388
300.387
300.387
300.387
300.387
300.386
300.387
300.388
300.388
300.388
300.387
300.383
300.384
300.389
300.392
300.392
300.392
300.393
300.395
300.396
300.396
300.396
300.395
300.396
300.395
300.394
300.392
300.391
300.391
300.39
300.387
300.381
300.379
300.383
300.387
300.39
300.393
300.396
300.4
300.403
300.405
300.406
300.404
300.402
300.4
300.397
300.394
300.39
300.387
300.384
300.381
300.377
300.345
300.348
300.346
300.344
300.346
300.349
300.35
300.347
300.345
300.348
300.349
300.347
300.345
300.348
300.352
300.359
300.367
300.372
300.374
300.376
300.365
300.365
300.364
300.364
300.363
300.365
300.368
300.369
300.369
300.368
300.367
300.364
300.363
300.363
300.364
300.368
300.374
300.378
300.38
300.383
300.374
300.374
300.373
300.372
300.371
300.371
300.373
300.375
300.376
300.375
300.373
300.372
300.37
300.37
300.372
300.375
300.379
300.383
300.385
300.386
300.381
300.38
300.379
300.378
300.376
300.376
300.377
300.378
300.379
300.379
300.378
300.376
300.375
300.375
300.377
300.38
300.383
300.385
300.386
300.386
300.39
300.386
300.384
300.383
300.381
300.381
300.381
300.381
300.381
300.382
300.381
300.38
300.379
300.379
300.38
300.383
300.385
300.387
300.387
300.385
300.389
300.389
300.387
300.386
300.385
300.384
300.384
300.384
300.384
300.384
300.383
300.383
300.382
300.382
300.383
300.385
300.387
300.388
300.387
300.385
300.388
300.39
300.389
300.388
300.387
300.387
300.386
300.386
300.386
300.386
300.386
300.386
300.385
300.384
300.385
300.386
300.388
300.389
300.388
300.385
300.387
300.391
300.39
300.389
300.388
300.388
300.388
300.388
300.387
300.387
300.387
300.387
300.387
300.386
300.386
300.387
300.388
300.388
300.388
300.384
300.385
300.391
300.393
300.393
300.393
300.395
300.396
300.398
300.398
300.398
300.397
300.397
300.397
300.396
300.394
300.392
300.391
300.391
300.388
300.382
300.381
300.385
300.389
300.393
300.396
300.4
300.405
300.409
300.412
300.414
300.411
300.408
300.405
300.401
300.397
300.393
300.39
300.386
300.383
300.378
300.342
300.343
300.346
300.348
300.35
300.35
300.35
300.347
300.345
300.349
300.351
300.35
300.349
300.349
300.348
300.346
300.351
300.361
300.365
300.365
300.369
300.366
300.366
300.366
300.366
300.368
300.369
300.369
300.369
300.369
300.368
300.367
300.367
300.366
300.365
300.364
300.365
300.369
300.372
300.374
300.373
300.373
300.373
300.372
300.372
300.373
300.375
300.376
300.376
300.375
300.375
300.374
300.373
300.372
300.373
300.373
300.374
300.378
300.382
300.386
300.379
300.379
300.378
300.377
300.377
300.377
300.378
300.379
300.379
300.379
300.378
300.377
300.377
300.377
300.378
300.379
300.381
300.383
300.386
300.387
300.39
300.386
300.383
300.382
300.381
300.381
300.381
300.381
300.382
300.382
300.382
300.381
300.38
300.38
300.381
300.382
300.384
300.386
300.387
300.386
300.39
300.389
300.387
300.385
300.384
300.384
300.383
300.383
300.384
300.384
300.384
300.383
300.382
300.382
300.383
300.384
300.386
300.388
300.388
300.386
300.389
300.39
300.389
300.388
300.387
300.386
300.386
300.386
300.386
300.386
300.386
300.386
300.385
300.385
300.385
300.386
300.387
300.388
300.389
300.386
300.388
300.391
300.389
300.389
300.388
300.388
300.388
300.388
300.387
300.388
300.388
300.387
300.386
300.386
300.387
300.387
300.388
300.388
300.389
300.385
300.386
300.392
300.393
300.394
300.395
300.396
300.398
300.4
300.401
300.402
300.401
300.399
300.399
300.397
300.395
300.393
300.392
300.392
300.39
300.383
300.382
300.387
300.391
300.395
300.4
300.405
300.41
300.415
300.42
300.425
300.419
300.415
300.41
300.406
300.401
300.396
300.392
300.388
300.384
300.38
300.341
300.342
300.342
300.344
300.346
300.347
300.347
300.346
300.346
300.349
300.352
300.351
300.351
300.35
300.348
300.347
300.346
300.344
300.344
300.34
300.368
300.368
300.368
300.368
300.368
300.369
300.369
300.369
300.369
300.37
300.37
300.369
300.369
300.369
300.368
300.368
300.367
300.367
300.368
300.369
300.374
300.374
300.374
300.374
300.374
300.375
300.376
300.376
300.376
300.377
300.376
300.375
300.375
300.375
300.375
300.375
300.375
300.377
300.381
300.386
300.379
300.378
300.378
300.378
300.378
300.378
300.379
300.379
300.379
300.381
300.38
300.379
300.379
300.379
300.379
300.379
300.38
300.383
300.385
300.387
300.388
300.384
300.383
300.382
300.381
300.381
300.381
300.382
300.382
300.384
300.383
300.382
300.381
300.381
300.382
300.382
300.384
300.386
300.387
300.387
300.391
300.388
300.386
300.385
300.384
300.384
300.383
300.384
300.384
300.386
300.385
300.383
300.383
300.383
300.383
300.384
300.386
300.387
300.388
300.387
300.39
300.39
300.388
300.387
300.386
300.386
300.386
300.386
300.386
300.388
300.388
300.386
300.385
300.385
300.385
300.386
300.387
300.388
300.389
300.386
300.389
300.391
300.389
300.388
300.388
300.388
300.388
300.388
300.388
300.392
300.391
300.387
300.387
300.386
300.387
300.387
300.388
300.388
300.389
300.386
300.387
300.393
300.394
300.394
300.396
300.398
300.4
300.402
300.405
300.412
300.409
300.403
300.4
300.398
300.396
300.394
300.393
300.392
300.39
300.384
300.383
300.388
300.393
300.398
300.403
300.409
300.415
300.422
300.43
300.439
300.431
300.424
300.416
300.41
300.404
300.399
300.394
300.39
300.385
300.38
300.342
300.342
300.343
300.344
300.345
300.345
300.345
300.346
300.346
300.354
300.357
300.35
300.348
300.346
300.346
300.346
300.346
300.346
300.344
300.341
300.368
300.368
300.368
300.368
300.368
300.369
300.369
300.369
300.371
300.378
300.378
300.37
300.367
300.367
300.367
300.366
300.367
300.368
300.368
300.369
300.375
300.375
300.375
300.375
300.375
300.376
300.376
300.376
300.377
300.387
300.386
300.377
300.375
300.375
300.375
300.375
300.376
300.377
300.38
300.385
300.378
300.378
300.379
300.379
300.379
300.379
300.379
300.379
300.381
300.393
300.391
300.381
300.379
300.379
300.379
300.379
300.38
300.382
300.385
300.387
300.386
300.383
300.382
300.381
300.381
300.381
300.382
300.382
300.384
300.399
300.398
300.384
300.382
300.382
300.382
300.382
300.383
300.385
300.387
300.387
300.391
300.387
300.385
300.384
300.384
300.384
300.384
300.384
300.387
300.403
300.402
300.386
300.383
300.383
300.383
300.384
300.385
300.387
300.388
300.387
300.39
300.39
300.388
300.387
300.386
300.386
300.386
300.386
300.39
300.406
300.406
300.388
300.386
300.385
300.386
300.386
300.387
300.388
300.389
300.387
300.389
300.39
300.389
300.388
300.388
300.387
300.387
300.388
300.394
300.418
300.415
300.391
300.387
300.386
300.387
300.387
300.387
300.388
300.389
300.386
300.388
300.394
300.394
300.394
300.396
300.398
300.401
300.405
300.415
300.439
300.431
300.41
300.402
300.398
300.396
300.394
300.393
300.393
300.391
300.385
300.384
300.389
300.394
300.399
300.405
300.412
300.42
300.43
300.443
300.462
300.449
300.434
300.423
300.414
300.407
300.4
300.395
300.391
300.386
300.381
300.342
300.343
300.344
300.346
300.347
300.348
300.349
300.349
300.354
300.681
300.676
300.356
300.349
300.349
300.349
300.349
300.348
300.347
300.344
300.34
300.368
300.367
300.367
300.367
300.367
300.368
300.369
300.37
300.378
300.608
300.593
300.376
300.367
300.366
300.365
300.365
300.365
300.366
300.367
300.368
300.375
300.375
300.375
300.374
300.374
300.375
300.375
300.377
300.387
300.575
300.555
300.383
300.375
300.374
300.374
300.375
300.375
300.377
300.38
300.384
300.378
300.379
300.379
300.379
300.379
300.379
300.379
300.381
300.393
300.556
300.532
300.388
300.379
300.378
300.379
300.379
300.38
300.382
300.385
300.387
300.386
300.383
300.382
300.382
300.382
300.382
300.382
300.384
300.399
300.542
300.516
300.392
300.382
300.381
300.381
300.382
300.383
300.385
300.387
300.387
300.391
300.387
300.385
300.384
300.384
300.384
300.384
300.386
300.403
300.532
300.503
300.396
300.384
300.383
300.383
300.384
300.385
300.387
300.388
300.387
300.39
300.389
300.388
300.386
300.386
300.386
300.386
300.388
300.406
300.525
300.494
300.398
300.386
300.385
300.385
300.386
300.386
300.388
300.389
300.386
300.389
300.389
300.388
300.387
300.387
300.387
300.388
300.392
300.418
300.519
300.489
300.402
300.389
300.387
300.386
300.387
300.387
300.388
300.389
300.386
300.388
300.394
300.393
300.394
300.396
300.398
300.402
300.412
300.439
300.514
300.486
300.426
300.406
300.399
300.396
300.394
300.393
300.392
300.391
300.385
300.384
300.389
300.394
300.4
300.406
300.414
300.425
300.439
300.462
300.506
300.481
300.449
300.43
300.418
300.409
300.402
300.396
300.391
300.386
300.381
300.342
300.344
300.346
300.348
300.348
300.349
300.351
300.352
300.357
300.676
300.655
300.36
300.355
300.356
300.357
300.357
300.357
300.354
300.35
300.339
300.367
300.367
300.366
300.366
300.365
300.367
300.368
300.37
300.378
300.593
300.55
300.373
300.367
300.367
300.367
300.366
300.365
300.364
300.364
300.368
300.376
300.375
300.374
300.373
300.373
300.373
300.375
300.376
300.386
300.555
300.503
300.379
300.374
300.374
300.374
300.374
300.374
300.376
300.38
300.385
300.378
300.379
300.379
300.378
300.377
300.378
300.378
300.38
300.391
300.532
300.477
300.383
300.378
300.378
300.378
300.379
300.38
300.382
300.385
300.387
300.387
300.384
300.382
300.382
300.381
300.381
300.382
300.383
300.398
300.516
300.462
300.386
300.381
300.381
300.381
300.382
300.383
300.385
300.387
300.387
300.39
300.388
300.385
300.384
300.384
300.383
300.384
300.385
300.402
300.503
300.452
300.389
300.383
300.383
300.383
300.384
300.385
300.386
300.388
300.387
300.39
300.39
300.388
300.387
300.386
300.386
300.386
300.388
300.406
300.494
300.445
300.392
300.386
300.385
300.385
300.386
300.386
300.388
300.389
300.386
300.388
300.389
300.388
300.387
300.387
300.387
300.388
300.391
300.415
300.489
300.444
300.396
300.388
300.386
300.386
300.386
300.387
300.388
300.389
300.386
300.387
300.394
300.393
300.394
300.395
300.397
300.401
300.409
300.431
300.486
300.447
300.415
300.403
300.398
300.395
300.393
300.392
300.392
300.391
300.384
300.383
300.388
300.393
300.398
300.404
300.411
300.419
300.431
300.449
300.481
300.454
300.435
300.422
300.413
300.406
300.4
300.395
300.39
300.385
300.38
300.343
300.346
300.346
300.345
300.345
300.347
300.35
300.351
300.35
300.356
300.36
300.357
300.359
300.361
300.362
300.363
300.364
300.364
300.362
300.357
300.367
300.366
300.364
300.363
300.363
300.364
300.367
300.369
300.37
300.376
300.373
300.369
300.369
300.37
300.371
300.371
300.37
300.369
300.366
300.364
300.376
300.374
300.372
300.371
300.371
300.372
300.374
300.375
300.377
300.383
300.379
300.374
300.375
300.375
300.376
300.376
300.375
300.376
300.379
300.385
300.378
300.379
300.378
300.376
300.376
300.376
300.377
300.379
300.381
300.388
300.383
300.378
300.378
300.379
300.379
300.379
300.38
300.382
300.385
300.387
300.389
300.385
300.383
300.381
300.38
300.38
300.381
300.382
300.384
300.392
300.386
300.381
300.381
300.381
300.381
300.382
300.383
300.385
300.387
300.387
300.39
300.388
300.386
300.384
300.383
300.383
300.383
300.383
300.386
300.396
300.389
300.383
300.382
300.383
300.383
300.383
300.384
300.386
300.387
300.386
300.389
300.39
300.388
300.387
300.386
300.386
300.386
300.386
300.388
300.398
300.392
300.385
300.385
300.385
300.385
300.385
300.386
300.387
300.388
300.386
300.388
300.39
300.388
300.387
300.387
300.387
300.387
300.387
300.391
300.402
300.396
300.388
300.386
300.386
300.386
300.386
300.386
300.387
300.389
300.385
300.387
300.393
300.394
300.394
300.396
300.397
300.399
300.403
300.41
300.426
300.415
300.405
300.4
300.397
300.395
300.394
300.392
300.392
300.39
300.384
300.383
300.388
300.392
300.397
300.402
300.408
300.415
300.424
300.434
300.449
300.435
300.425
300.417
300.41
300.404
300.398
300.394
300.389
300.385
300.38
300.344
300.344
300.347
300.35
300.35
300.345
300.349
300.351
300.348
300.349
300.355
300.359
300.362
300.364
300.366
300.367
300.368
300.369
300.37
300.37
300.367
300.364
300.363
300.362
300.362
300.363
300.367
300.369
300.367
300.367
300.367
300.369
300.372
300.374
300.375
300.376
300.376
300.375
300.373
300.369
300.375
300.372
300.37
300.37
300.369
300.37
300.373
300.375
300.375
300.375
300.374
300.375
300.377
300.378
300.379
300.38
300.38
300.38
300.381
300.385
300.38
300.378
300.376
300.375
300.375
300.375
300.377
300.379
300.379
300.379
300.378
300.378
300.379
300.38
300.381
300.381
300.382
300.383
300.385
300.387
300.389
300.386
300.382
300.379
300.379
300.379
300.38
300.381
300.382
300.382
300.381
300.381
300.381
300.382
300.382
300.383
300.384
300.385
300.387
300.387
300.39
300.388
300.386
300.383
300.382
300.382
300.382
300.383
300.383
300.384
300.383
300.382
300.383
300.383
300.383
300.384
300.385
300.386
300.387
300.386
300.389
300.39
300.388
300.386
300.385
300.385
300.385
300.385
300.386
300.386
300.386
300.385
300.385
300.385
300.385
300.385
300.386
300.387
300.388
300.386
300.388
300.39
300.388
300.387
300.387
300.387
300.386
300.387
300.387
300.389
300.388
300.386
300.386
300.386
300.386
300.386
300.386
300.387
300.389
300.385
300.386
300.393
300.394
300.394
300.395
300.397
300.399
300.4
300.402
300.406
300.403
300.4
300.398
300.397
300.395
300.393
300.392
300.392
300.39
300.384
300.382
300.387
300.391
300.395
300.4
300.405
300.41
300.416
300.423
300.43
300.422
300.417
300.411
300.406
300.401
300.396
300.392
300.388
300.384
300.379
300.349
300.357
300.361
300.362
300.357
300.348
300.349
300.35
300.346
300.349
300.356
300.361
300.364
300.366
300.368
300.37
300.371
300.372
300.373
300.374
300.361
300.365
300.367
300.368
300.366
300.363
300.366
300.369
300.367
300.366
300.367
300.37
300.374
300.376
300.378
300.379
300.38
300.38
300.38
300.38
300.372
300.37
300.372
300.373
300.371
300.37
300.372
300.375
300.375
300.374
300.374
300.375
300.378
300.381
300.382
300.383
300.383
300.384
300.384
300.386
300.383
300.377
300.376
300.376
300.376
300.375
300.377
300.379
300.379
300.378
300.378
300.379
300.38
300.382
300.383
300.384
300.384
300.385
300.386
300.387
300.389
300.385
300.381
300.379
300.379
300.379
300.38
300.381
300.382
300.381
300.381
300.381
300.382
300.383
300.384
300.384
300.385
300.386
300.387
300.386
300.389
300.388
300.385
300.383
300.382
300.382
300.382
300.383
300.383
300.383
300.383
300.383
300.383
300.384
300.384
300.385
300.385
300.386
300.387
300.386
300.388
300.389
300.388
300.386
300.385
300.384
300.385
300.385
300.385
300.385
300.385
300.385
300.385
300.385
300.385
300.386
300.386
300.387
300.388
300.385
300.387
300.39
300.388
300.387
300.386
300.386
300.386
300.386
300.386
300.387
300.386
300.386
300.386
300.386
300.386
300.386
300.387
300.387
300.388
300.384
300.385
300.392
300.393
300.393
300.394
300.396
300.397
300.398
300.398
300.399
300.398
300.397
300.397
300.395
300.394
300.393
300.392
300.392
300.389
300.383
300.381
300.385
300.389
300.393
300.397
300.401
300.406
300.41
300.414
300.418
300.413
300.41
300.406
300.402
300.398
300.394
300.39
300.387
300.383
300.379
300.369
300.369
300.369
300.368
300.364
300.352
300.348
300.348
300.346
300.349
300.357
300.362
300.366
300.368
300.37
300.371
300.373
300.373
300.374
300.376
300.372
300.374
300.374
300.374
300.371
300.364
300.365
300.368
300.367
300.365
300.367
300.371
300.375
300.378
300.38
300.381
300.381
300.382
300.382
300.383
300.373
300.375
300.377
300.378
300.376
300.372
300.373
300.375
300.375
300.374
300.374
300.376
300.379
300.382
300.384
300.384
300.385
300.385
300.385
300.386
300.379
300.378
300.379
300.38
300.379
300.377
300.378
300.379
300.379
300.379
300.378
300.379
300.381
300.383
300.384
300.384
300.385
300.385
300.386
300.386
300.389
300.384
300.382
300.382
300.381
300.38
300.381
300.382
300.382
300.381
300.381
300.381
300.382
300.384
300.385
300.385
300.385
300.386
300.386
300.386
300.389
300.388
300.385
300.384
300.383
300.383
300.383
300.383
300.383
300.383
300.383
300.383
300.383
300.384
300.385
300.385
300.386
300.386
300.387
300.385
300.387
300.389
300.388
300.386
300.385
300.385
300.385
300.385
300.386
300.385
300.385
300.385
300.385
300.385
300.386
300.386
300.387
300.387
300.388
300.384
300.386
300.39
300.388
300.387
300.387
300.386
300.387
300.387
300.387
300.386
300.386
300.386
300.386
300.386
300.386
300.386
300.387
300.387
300.388
300.383
300.384
300.39
300.392
300.392
300.392
300.394
300.395
300.396
300.396
300.396
300.395
300.395
300.395
300.394
300.393
300.392
300.391
300.391
300.388
300.382
300.38
300.384
300.387
300.39
300.394
300.397
300.401
300.404
300.407
300.409
300.406
300.404
300.401
300.398
300.394
300.391
300.388
300.385
300.381
300.377
300.374
300.373
300.373
300.372
300.369
300.359
300.346
300.347
300.346
300.349
300.357
300.363
300.367
300.37
300.371
300.373
300.374
300.375
300.375
300.376
300.378
300.379
300.379
300.378
300.375
300.368
300.364
300.368
300.366
300.365
300.366
300.371
300.376
300.379
300.381
300.382
300.382
300.382
300.382
300.383
300.378
300.38
300.382
300.382
300.38
300.375
300.373
300.375
300.375
300.375
300.374
300.376
300.38
300.383
300.384
300.384
300.384
300.384
300.385
300.385
300.383
300.382
300.383
300.383
300.382
300.38
300.379
300.379
300.379
300.379
300.379
300.379
300.381
300.384
300.384
300.385
300.385
300.385
300.385
300.385
300.389
300.386
300.385
300.385
300.384
300.383
300.382
300.382
300.382
300.382
300.382
300.382
300.383
300.384
300.385
300.385
300.386
300.386
300.386
300.385
300.388
300.388
300.387
300.386
300.385
300.385
300.384
300.384
300.384
300.384
300.384
300.383
300.384
300.385
300.385
300.386
300.386
300.386
300.386
300.384
300.386
300.389
300.388
300.387
300.387
300.386
300.386
300.386
300.386
300.386
300.386
300.385
300.385
300.386
300.386
300.386
300.387
300.387
300.387
300.383
300.385
300.39
300.389
300.388
300.388
300.387
300.387
300.387
300.387
300.387
300.386
300.386
300.386
300.386
300.386
300.387
300.387
300.387
300.387
300.382
300.383
300.389
300.392
300.391
300.391
300.392
300.393
300.394
300.394
300.394
300.393
300.394
300.393
300.393
300.392
300.391
300.391
300.39
300.387
300.38
300.378
300.382
300.385
300.388
300.39
300.393
300.396
300.399
300.4
300.402
300.4
300.398
300.396
300.394
300.391
300.388
300.386
300.383
300.379
300.376
300.376
300.376
300.375
300.374
300.373
300.367
300.351
300.346
300.346
300.348
300.357
300.364
300.368
300.371
300.373
300.374
300.375
300.375
300.375
300.376
300.382
300.382
300.382
300.381
300.379
300.374
300.365
300.367
300.367
300.365
300.365
300.37
300.376
300.38
300.381
300.382
300.382
300.381
300.381
300.381
300.383
300.385
300.385
300.385
300.383
300.379
300.374
300.375
300.376
300.375
300.374
300.375
300.38
300.383
300.385
300.384
300.384
300.383
300.383
300.383
300.386
300.385
300.386
300.386
300.385
300.383
300.381
300.38
300.38
300.38
300.38
300.38
300.382
300.384
300.385
300.385
300.385
300.384
300.384
300.383
300.388
300.388
300.387
300.387
300.386
300.385
300.384
300.384
300.383
300.383
300.383
300.383
300.384
300.385
300.385
300.386
300.385
300.385
300.385
300.383
300.386
300.388
300.388
300.388
300.387
300.387
300.386
300.386
300.385
300.385
300.385
300.384
300.385
300.385
300.386
300.386
300.386
300.386
300.385
300.382
300.385
300.388
300.389
300.389
300.388
300.388
300.387
300.387
300.387
300.386
300.386
300.386
300.386
300.386
300.387
300.387
300.387
300.386
300.386
300.382
300.383
300.389
300.389
300.389
300.388
300.388
300.388
300.388
300.387
300.387
300.387
300.386
300.386
300.387
300.387
300.387
300.387
300.387
300.386
300.38
300.381
300.387
300.39
300.391
300.391
300.391
300.392
300.393
300.393
300.393
300.392
300.392
300.392
300.392
300.391
300.391
300.39
300.388
300.385
300.379
300.377
300.38
300.382
300.385
300.387
300.39
300.392
300.394
300.395
300.396
300.395
300.394
300.392
300.39
300.388
300.386
300.383
300.38
300.377
300.374
300.378
300.378
300.377
300.377
300.375
300.372
300.361
300.344
300.346
300.347
300.354
300.364
300.369
300.372
300.373
300.375
300.375
300.375
300.375
300.375
300.383
300.383
300.383
300.383
300.382
300.378
300.369
300.367
300.368
300.366
300.364
300.369
300.375
300.38
300.382
300.382
300.381
300.38
300.379
300.379
300.386
300.386
300.385
300.385
300.385
300.383
300.378
300.377
300.377
300.377
300.376
300.376
300.38
300.384
300.385
300.384
300.383
300.382
300.381
300.38
300.386
300.386
300.386
300.386
300.386
300.385
300.383
300.383
300.382
300.382
300.382
300.382
300.383
300.385
300.385
300.385
300.384
300.383
300.382
300.381
300.386
300.387
300.387
300.387
300.387
300.387
300.386
300.386
300.385
300.385
300.385
300.385
300.385
300.386
300.386
300.386
300.385
300.384
300.382
300.38
300.384
300.387
300.388
300.388
300.388
300.388
300.388
300.387
300.387
300.387
300.386
300.386
300.386
300.386
300.386
300.386
300.386
300.385
300.383
300.38
300.383
300.387
300.388
300.389
300.389
300.389
300.388
300.388
300.388
300.388
300.388
300.387
300.387
300.387
300.387
300.387
300.386
300.385
300.383
300.379
300.381
300.386
300.388
300.388
300.388
300.388
300.388
300.388
300.388
300.388
300.388
300.387
300.387
300.387
300.387
300.387
300.387
300.386
300.383
300.378
300.379
300.384
300.388
300.389
300.39
300.391
300.392
300.392
300.393
300.392
300.392
300.392
300.392
300.392
300.391
300.39
300.388
300.386
300.382
300.376
300.375
300.377
300.38
300.382
300.384
300.386
300.388
300.39
300.391
300.391
300.39
300.389
300.388
300.387
300.385
300.383
300.38
300.378
300.375
300.372
300.378
300.378
300.378
300.378
300.377
300.374
300.365
300.344
300.344
300.344
300.35
300.362
300.37
300.373
300.374
300.375
300.375
300.375
300.375
300.374
300.381
300.381
300.382
300.383
300.383
300.38
300.372
300.368
300.368
300.367
300.364
300.366
300.373
300.38
300.382
300.382
300.381
300.379
300.378
300.376
300.383
300.383
300.383
300.384
300.385
300.385
300.382
300.381
300.38
300.38
300.38
300.379
300.381
300.384
300.385
300.385
300.383
300.381
300.378
300.377
300.383
300.383
300.384
300.385
300.386
300.386
300.386
300.385
300.385
300.385
300.385
300.385
300.385
300.386
300.386
300.385
300.384
300.382
300.379
300.377
300.382
300.383
300.384
300.385
300.386
300.387
300.387
300.387
300.387
300.387
300.387
300.387
300.387
300.387
300.386
300.386
300.385
300.382
300.379
300.377
300.381
300.383
300.385
300.386
300.387
300.387
300.388
300.388
300.388
300.388
300.388
300.387
300.387
300.387
300.387
300.386
300.385
300.383
300.379
300.376
300.379
300.382
300.385
300.386
300.387
300.388
300.389
300.389
300.389
300.389
300.389
300.388
300.388
300.388
300.388
300.387
300.386
300.383
300.38
300.376
300.378
300.382
300.384
300.386
300.387
300.388
300.389
300.389
300.389
300.389
300.389
300.389
300.389
300.388
300.388
300.387
300.386
300.383
300.379
300.375
300.376
300.38
300.383
300.386
300.387
300.388
300.39
300.39
300.391
300.391
300.391
300.39
300.39
300.389
300.388
300.387
300.385
300.382
300.378
300.373
300.372
300.374
300.377
300.379
300.381
300.383
300.384
300.385
300.386
300.386
300.385
300.385
300.384
300.383
300.381
300.379
300.377
300.375
300.373
300.37
300.377
300.377
300.378
300.379
300.379
300.376
300.365
300.34
300.341
300.34
300.339
300.357
300.37
300.374
300.376
300.376
300.376
300.375
300.374
300.373
300.377
300.378
300.38
300.382
300.383
300.383
300.374
300.369
300.369
300.368
300.368
300.364
300.369
300.38
300.383
300.383
300.381
300.379
300.376
300.373
300.377
300.378
300.38
300.382
300.384
300.386
300.386
300.386
300.385
300.384
300.385
300.385
300.385
300.386
300.386
300.385
300.383
300.38
300.377
300.373
300.376
300.377
300.38
300.382
300.384
300.386
300.387
300.387
300.387
300.387
300.387
300.387
300.387
300.387
300.386
300.385
300.383
300.381
300.377
300.372
300.376
300.377
300.38
300.382
300.384
300.385
300.386
300.387
300.387
300.387
300.387
300.387
300.387
300.386
300.386
300.385
300.383
300.38
300.377
300.372
300.375
300.377
300.38
300.382
300.384
300.385
300.386
300.387
300.387
300.387
300.387
300.386
300.386
300.386
300.385
300.384
300.382
300.38
300.376
300.372
300.374
300.377
300.379
300.382
300.383
300.385
300.386
300.386
300.387
300.386
300.386
300.386
300.386
300.385
300.384
300.383
300.382
300.379
300.376
300.371
300.373
300.376
300.379
300.381
300.383
300.384
300.385
300.386
300.386
300.386
300.386
300.385
300.385
300.384
300.383
300.382
300.38
300.378
300.375
300.371
300.372
300.375
300.377
300.379
300.381
300.382
300.383
300.384
300.385
300.385
300.384
300.384
300.384
300.383
300.382
300.38
300.379
300.376
300.373
300.37
300.369
300.371
300.373
300.375
300.377
300.378
300.38
300.38
300.381
300.381
300.38
300.38
300.379
300.379
300.377
300.376
300.374
300.372
300.37
300.367
)
;

boundaryField
{
    floor
    {
        type            fixedValue;
        value           nonuniform List<scalar> 
400
(
300
300
300
300
300
300
300
300
300
300
300
300
300
300
300
300
300
300
300
300
300
300
300
300
300
300
300
300
300
300
300
300
300
300
300
300
300
300
300
300
300
300
300
300
300
300
300
300
300
300
300
300
300
300
300
300
300
300
300
300
300
300
300
300
300
300
300
300
300
300
300
300
300
300
300
300
300
300
300
300
300
300
300
300
300
300
300
300
300
300
300
300
300
300
300
300
300
300
300
300
300
300
300
300
300
300
300
300
300
300
300
300
300
300
300
300
300
300
300
300
300
300
300
300
300
300
300
300
300
300
300
300
300
300
300
300
300
300
300
300
300
300
300
300
300
300
300
300
300
300
300
300
300
300
300
300
300
300
300
300
300
300
300
300
300
300
300
300
300
300
300
300
300
300
300
300
300
300
300
300
300
300
300
300
300
300
300
300
300
600
600
300
300
300
300
300
300
300
300
300
300
300
300
300
300
300
300
300
300
600
600
300
300
300
300
300
300
300
300
300
300
300
300
300
300
300
300
300
300
300
300
300
300
300
300
300
300
300
300
300
300
300
300
300
300
300
300
300
300
300
300
300
300
300
300
300
300
300
300
300
300
300
300
300
300
300
300
300
300
300
300
300
300
300
300
300
300
300
300
300
300
300
300
300
300
300
300
300
300
300
300
300
300
300
300
300
300
300
300
300
300
300
300
300
300
300
300
300
300
300
300
300
300
300
300
300
300
300
300
300
300
300
300
300
300
300
300
300
300
300
300
300
300
300
300
300
300
300
300
300
300
300
300
300
300
300
300
300
300
300
300
300
300
300
300
300
300
300
300
300
300
300
300
300
300
300
300
300
300
300
300
300
300
300
300
300
300
300
300
300
300
300
300
300
300
300
300
300
300
300
300
300
300
300
300
300
300
300
300
300
)
;
    }
    ceiling
    {
        type            fixedValue;
        value           uniform 300;
    }
    fixedWalls
    {
        type            zeroGradient;
    }
}


// ************************************************************************* //
