/*--------------------------------*- C++ -*----------------------------------*\
  =========                 |
  \\      /  F ield         | OpenFOAM: The Open Source CFD Toolbox
   \\    /   O peration     | Website:  https://openfoam.org
    \\  /    A nd           | Version:  8
     \\/     M anipulation  |
\*---------------------------------------------------------------------------*/
FoamFile
{
    version     2.0;
    format      ascii;
    class       volScalarField;
    location    "400";
    object      alphat;
}
// * * * * * * * * * * * * * * * * * * * * * * * * * * * * * * * * * * * * * //

dimensions      [1 -1 -1 0 0 0 0];

internalField   nonuniform List<scalar> 
4000
(
0.00038627
0.000379943
0.000357433
0.000329158
0.000299786
0.000316156
0.000348993
0.000363454
0.000368804
0.000368581
0.000363912
0.000353558
0.000340709
0.000329679
0.000320968
0.000314523
0.000311267
0.000312192
0.00031765
0.000326387
0.000411959
0.00041199
0.000375089
0.000330718
0.000304083
0.000323931
0.000357697
0.000378427
0.000394476
0.000406489
0.000411728
0.000403576
0.000383465
0.000364525
0.000351663
0.000342316
0.000336533
0.000335818
0.000341051
0.000347377
0.00043406
0.000443541
0.000407157
0.000354037
0.000324444
0.000330722
0.000354031
0.000371858
0.000387207
0.000417122
0.000446822
0.000455192
0.00043516
0.000403184
0.000381427
0.00036743
0.000358744
0.000356169
0.000360118
0.000360002
0.000456051
0.000471086
0.000445253
0.000401283
0.000360658
0.000352384
0.000362038
0.000374859
0.000392387
0.000432667
0.00047517
0.000503522
0.000501195
0.000464174
0.000426371
0.00040039
0.000384351
0.000376741
0.000377154
0.000370431
0.000480361
0.000501054
0.00049118
0.000466282
0.000446239
0.000430019
0.000425627
0.000441194
0.000476095
0.000510827
0.000540104
0.000559318
0.000562421
0.000544301
0.000507611
0.000465416
0.000431299
0.000409135
0.000398749
0.000383466
0.000507241
0.000536682
0.000545934
0.000547016
0.000551477
0.000559099
0.000565545
0.000577074
0.000594036
0.000610396
0.000622325
0.000627951
0.000625447
0.000612304
0.000587006
0.000550316
0.000507071
0.000465811
0.000433779
0.000402112
0.000535567
0.000576546
0.000603791
0.000625108
0.000644667
0.000661373
0.000671379
0.000678277
0.000686435
0.000692076
0.000693579
0.000690834
0.000683573
0.000670546
0.000649951
0.00062047
0.000581063
0.000533162
0.000481734
0.000426942
0.000564372
0.00061698
0.000657583
0.000690709
0.000718757
0.000740834
0.000755191
0.000760076
0.000761431
0.000759447
0.000754185
0.000746195
0.000735295
0.000720336
0.000699596
0.000672813
0.000637239
0.00059017
0.000530009
0.000455072
0.00059335
0.000657223
0.000707193
0.000745998
0.000775965
0.000797604
0.000812888
0.000815988
0.0008118
0.000805214
0.000796508
0.000786178
0.000774072
0.000759225
0.000739815
0.000713628
0.000678591
0.000632218
0.000570111
0.00048267
0.000621721
0.000687701
0.000733482
0.000764239
0.000786053
0.000801563
0.000812539
0.000818614
0.000816366
0.000810866
0.000802735
0.000792561
0.000780603
0.000766657
0.000749919
0.000728908
0.000701174
0.000662298
0.000603151
0.000508756
0.000379943
0.000395129
0.000363629
0.00033033
0.000304954
0.000329824
0.000378539
0.00039822
0.000405505
0.000405884
0.000402638
0.000392559
0.000378578
0.0003651
0.000353017
0.000342075
0.000332748
0.000326498
0.000323963
0.000316539
0.00041199
0.000787201
0.00071747
0.000598345
0.000552342
0.000600941
0.00073687
0.000832759
0.000902061
0.000956737
0.000982377
0.000994396
0.000993076
0.00097027
0.000921556
0.000854484
0.000773671
0.000682747
0.000575038
0.000350152
0.000443541
0.00111898
0.00115697
0.000957306
0.000842066
0.000830232
0.000927775
0.00105789
0.0011176
0.00111548
0.00112047
0.00114041
0.00118008
0.00123646
0.00124705
0.00119533
0.0010979
0.000968854
0.000795635
0.000380005
0.000471086
0.00118884
0.00136846
0.00129419
0.00114932
0.00108477
0.00110843
0.00118817
0.00124461
0.00123745
0.00120717
0.00119363
0.00118326
0.00123769
0.00132862
0.0013588
0.00130325
0.00116915
0.000951672
0.000401328
0.000501054
0.00106646
0.0013097
0.00138346
0.0013367
0.00127759
0.00126116
0.00127439
0.00128141
0.00128356
0.00131021
0.00132264
0.00125345
0.00118385
0.00122336
0.00129126
0.00129513
0.00119828
0.00099454
0.000417541
0.000536682
0.000921095
0.00113622
0.00128832
0.001373
0.00139781
0.0014042
0.00141229
0.00142095
0.00143926
0.00148467
0.00151994
0.00146855
0.00132031
0.00119662
0.00115756
0.00113831
0.00106729
0.000910534
0.000434761
0.000576546
0.000870942
0.00105556
0.00125165
0.00145977
0.00163074
0.00171898
0.00178286
0.00184804
0.00191004
0.00193498
0.00190715
0.00180582
0.00162073
0.00139804
0.0012022
0.00105679
0.000936941
0.000800724
0.000455174
0.00061698
0.000915004
0.00113739
0.00141129
0.00174786
0.00207613
0.00228302
0.00237748
0.00238234
0.00232499
0.00223748
0.00213609
0.00201315
0.00185165
0.00165377
0.00138678
0.00113205
0.000927179
0.000758191
0.000481192
0.000657223
0.000964439
0.0012393
0.00153834
0.00181582
0.00204073
0.002252
0.00233719
0.00224846
0.00213226
0.00202395
0.00192846
0.00183661
0.00172958
0.00158185
0.0013835
0.00115524
0.000944634
0.000756292
0.000512667
0.000687701
0.000750758
0.000797762
0.000831316
0.000856609
0.000875546
0.000889593
0.0008974
0.000894942
0.000886224
0.000873685
0.000858874
0.000842518
0.000824462
0.000803655
0.00077834
0.000746004
0.000702911
0.000640539
0.000543568
0.000357433
0.000363629
0.000341859
0.000319229
0.00030687
0.000337479
0.000398815
0.000422737
0.00043015
0.000428042
0.000419949
0.000408724
0.000395173
0.000382176
0.000369875
0.000357479
0.000344772
0.0003322
0.000320118
0.000305769
0.000375089
0.00071747
0.000708354
0.000684872
0.000675761
0.000716426
0.00090863
0.00108302
0.00120852
0.00129708
0.00134644
0.00134541
0.00129773
0.00120945
0.00111372
0.00102383
0.000924195
0.000792447
0.000608412
0.000330123
0.000407157
0.00115697
0.0012328
0.00115296
0.00109895
0.00108323
0.00122805
0.00148292
0.00162275
0.001649
0.00165716
0.00169324
0.00175149
0.00177627
0.00170726
0.00156154
0.00136463
0.00111949
0.000810048
0.000354734
0.000445253
0.00136846
0.00168129
0.00164883
0.00156862
0.00150881
0.00155419
0.00173031
0.00188537
0.00188998
0.00180667
0.00175839
0.0017961
0.00191519
0.00198874
0.00192018
0.00171806
0.00141296
0.00100907
0.000384305
0.00049118
0.0013097
0.00178184
0.00194692
0.00193538
0.00189716
0.0018968
0.00196891
0.00204859
0.00207005
0.00203872
0.00190789
0.00176993
0.00177995
0.0019081
0.00196591
0.00185514
0.00157247
0.00113379
0.000414424
0.000545934
0.00113622
0.00161072
0.00192983
0.00206817
0.00213095
0.00216729
0.00220479
0.0022357
0.00224599
0.00224168
0.00218759
0.00200284
0.00176188
0.00169819
0.0017353
0.00169026
0.00148372
0.00111031
0.000442689
0.000603791
0.00105556
0.00145212
0.00183591
0.002166
0.0023932
0.00251855
0.002586
0.00262435
0.0026406
0.00263201
0.0025759
0.00241973
0.00213285
0.00181531
0.00160502
0.0014563
0.00126913
0.00098998
0.000473355
0.000657583
0.00113739
0.00157373
0.00208804
0.00259832
0.00286455
0.00299064
0.00305423
0.00308473
0.00307758
0.00303665
0.00296364
0.00283825
0.00263035
0.00228709
0.00187905
0.00150516
0.00119422
0.00091344
0.000509007
0.000707193
0.0012393
0.00177872
0.00230241
0.00265088
0.00280659
0.00289523
0.0029198
0.00290974
0.00287361
0.00282001
0.00275996
0.00268758
0.00257985
0.00237207
0.0020503
0.00164789
0.00124778
0.000908314
0.000549644
0.000733482
0.000797762
0.000845709
0.000880896
0.000908761
0.000930597
0.000947502
0.000957991
0.000956976
0.000945844
0.000929889
0.000911797
0.000892652
0.000872151
0.000848947
0.000821185
0.000786059
0.000740734
0.000678082
0.000582781
0.000329158
0.00033033
0.000319229
0.000309551
0.000309551
0.000340932
0.000411713
0.000441391
0.000451037
0.00045061
0.000444892
0.000436924
0.000428816
0.000420999
0.000412294
0.0003994
0.000382468
0.000362571
0.000341437
0.000321527
0.000330718
0.000598345
0.000684872
0.000726761
0.000730967
0.000764625
0.000991029
0.001223
0.00137955
0.00147294
0.00151025
0.00148286
0.00139649
0.00128503
0.00118718
0.00110659
0.00101474
0.000883726
0.000679023
0.000341603
0.000354037
0.000957306
0.00115296
0.00121181
0.00120478
0.00119775
0.00140272
0.00175616
0.00197299
0.00204066
0.00206058
0.00208783
0.00209935
0.00204639
0.00191484
0.00173181
0.00150695
0.0012244
0.000857162
0.000349238
0.000401283
0.00129419
0.00164883
0.00175019
0.00174418
0.00170106
0.00180317
0.00209854
0.00235986
0.00239096
0.00230888
0.00226661
0.00231297
0.00238463
0.00236417
0.0022017
0.00191521
0.00153097
0.00102909
0.000368766
0.000466282
0.00138346
0.00194692
0.00217757
0.00223837
0.00221827
0.0022518
0.00242784
0.00262836
0.00268944
0.00257679
0.00238883
0.0022888
0.00234094
0.0024299
0.00239054
0.00215648
0.00173792
0.00116524
0.000401631
0.000547016
0.00128832
0.00192983
0.00234013
0.00255333
0.00263348
0.00267435
0.00277401
0.00289633
0.00294387
0.00288074
0.0027111
0.00243213
0.00224077
0.00222549
0.00222737
0.00206049
0.00169204
0.0011619
0.00043945
0.000625108
0.00125165
0.00183591
0.00240673
0.00280667
0.00299869
0.00306675
0.00314515
0.00323386
0.00327512
0.00324301
0.0031244
0.00289158
0.00254935
0.00221727
0.00199665
0.00179339
0.00148411
0.00106595
0.000481274
0.000690709
0.00141129
0.00208804
0.00273085
0.00313312
0.00330181
0.00334666
0.00341223
0.00349778
0.00354419
0.00353157
0.00346139
0.00331889
0.00306451
0.00270448
0.00227989
0.00183613
0.00142545
0.00102586
0.000530277
0.000745998
0.00153834
0.00230241
0.00274231
0.0029742
0.00309227
0.00314946
0.00319047
0.00322242
0.00322024
0.00318951
0.003147
0.00308449
0.00297376
0.00279365
0.00253961
0.00210452
0.00155417
0.00105461
0.000582137
0.000764239
0.000831316
0.000880896
0.00091893
0.000948483
0.000971888
0.00099159
0.00100669
0.00101014
0.00099706
0.000977747
0.000956711
0.000935474
0.000913465
0.000888612
0.00085788
0.000819299
0.000771685
0.0007082
0.000614196
0.000299786
0.000304954
0.00030687
0.000309551
0.000316882
0.000347697
0.000420357
0.000457679
0.000471172
0.000475185
0.000475607
0.000475015
0.000474125
0.000468783
0.000457278
0.000442276
0.000424183
0.000402946
0.000378462
0.000351309
0.000304083
0.000552342
0.000675761
0.000730967
0.000735989
0.00078543
0.00104412
0.00131989
0.0014988
0.00158965
0.00161777
0.00159088
0.00152315
0.00144451
0.00137245
0.00127994
0.00115826
0.0009899
0.000741299
0.000362298
0.000324444
0.000842066
0.00109895
0.00120478
0.00121176
0.00124002
0.00153203
0.00195579
0.00223495
0.00234098
0.00236433
0.00236689
0.0023385
0.00225384
0.00211366
0.00192601
0.00168404
0.00135981
0.000925574
0.000358378
0.000360658
0.00114932
0.00156862
0.00174418
0.00176248
0.00174513
0.0019569
0.00239651
0.00272607
0.00280756
0.00274635
0.00269811
0.00270715
0.00270603
0.00261353
0.00240251
0.00207771
0.00164059
0.00108006
0.000367332
0.000446239
0.0013367
0.00193538
0.00223837
0.00231786
0.00228404
0.0024027
0.00274396
0.00306952
0.0031614
0.00302429
0.00283813
0.00275746
0.0027788
0.00277775
0.00263938
0.00232631
0.00184086
0.00119205
0.000397065
0.000551477
0.001373
0.00206817
0.00255333
0.00276403
0.00277042
0.00282371
0.00307515
0.00334312
0.00344765
0.00334108
0.00308869
0.00283099
0.0026908
0.00264831
0.00255356
0.00227702
0.00179238
0.00117737
0.000440194
0.000644667
0.00145977
0.002166
0.00280667
0.00312458
0.00315406
0.00316206
0.00335038
0.00358808
0.00370444
0.00366555
0.00349603
0.00322308
0.00288543
0.00258303
0.00233708
0.0020279
0.00160252
0.00109858
0.00049221
0.000718757
0.00174786
0.00259832
0.00313312
0.00338638
0.00342008
0.00342343
0.00356125
0.00375737
0.00386963
0.00387286
0.00379145
0.00362177
0.00334776
0.00298949
0.00257065
0.00209999
0.00160441
0.00111024
0.000551463
0.000775965
0.00181582
0.00265088
0.0029742
0.00314808
0.00322484
0.00328549
0.00337904
0.00347343
0.00348744
0.00345117
0.00340611
0.00334032
0.00322318
0.0030364
0.00277871
0.00241856
0.00180269
0.0011855
0.000611894
0.000786053
0.000856609
0.000908761
0.000948483
0.000979446
0.00100639
0.00103204
0.00105463
0.0010649
0.00104741
0.00102145
0.00099473
0.000969241
0.000944247
0.000917465
0.000885476
0.000843862
0.000794764
0.000731015
0.000639338
0.000316156
0.000329824
0.000337479
0.000340932
0.000347697
0.000371619
0.000434696
0.000477193
0.000496498
0.000506615
0.000513587
0.000517999
0.000514544
0.000503871
0.000489754
0.000473538
0.000454835
0.000432447
0.000404671
0.000369433
0.000323931
0.000600941
0.000716426
0.000764625
0.00078543
0.000846128
0.00109342
0.00141029
0.00164051
0.00175831
0.0018054
0.00180748
0.00178134
0.00173375
0.00163629
0.00150315
0.00133409
0.00111379
0.000805652
0.000373974
0.000330722
0.000830232
0.00108323
0.00119775
0.00124002
0.00131795
0.00164106
0.00210966
0.00246414
0.00263211
0.00267184
0.00265765
0.00261528
0.00252979
0.00238688
0.00218141
0.00188908
0.00149978
0.000997324
0.000365433
0.000352384
0.00108477
0.00150881
0.00170106
0.00174513
0.00178648
0.00209916
0.00262328
0.0030251
0.00319223
0.0031745
0.00310114
0.00305197
0.00298953
0.00285181
0.00260949
0.00225087
0.00176781
0.00114361
0.000372618
0.000430019
0.00127759
0.00189716
0.00221827
0.00228404
0.00226694
0.00250645
0.00300701
0.00342987
0.00357802
0.00348581
0.00329711
0.00317631
0.00312283
0.0030327
0.00281965
0.00245077
0.0019152
0.00121485
0.000401729
0.000559099
0.00139781
0.00213095
0.00263348
0.00277042
0.00271678
0.00286571
0.00329445
0.00371297
0.00386514
0.00375639
0.00348634
0.00322763
0.00306951
0.00295494
0.00275989
0.00239565
0.0018348
0.00117669
0.000448311
0.000661373
0.00163074
0.0023932
0.00299869
0.00315406
0.00308848
0.00316591
0.00349558
0.00389232
0.00407607
0.00401984
0.00380604
0.00349685
0.00317275
0.00288176
0.00258078
0.00217716
0.00166493
0.00111718
0.00050697
0.000740834
0.00207613
0.00286455
0.00330181
0.00342008
0.0033993
0.00345704
0.00368357
0.00401308
0.00417066
0.00414491
0.00402636
0.00381971
0.00353397
0.00318326
0.00277243
0.00229391
0.00173588
0.00117775
0.000572006
0.000797604
0.00204073
0.00280659
0.00309227
0.00322484
0.00330792
0.00341986
0.00357683
0.00375539
0.00376164
0.00366152
0.00357233
0.00348284
0.00335494
0.0031643
0.00290409
0.0025683
0.00197092
0.001289
0.000635443
0.000801563
0.000875546
0.000930597
0.000971888
0.00100639
0.00104033
0.00107507
0.00110661
0.00112686
0.0011026
0.00106504
0.00102843
0.000995538
0.000965289
0.000935111
0.00090133
0.000859448
0.000808923
0.000745461
0.000656818
0.000348993
0.000378539
0.000398815
0.000411713
0.000420357
0.000434696
0.000461358
0.000506489
0.000534394
0.000549863
0.000557746
0.000558167
0.000547266
0.000531477
0.000515163
0.000498628
0.000480048
0.000456819
0.00042594
0.000380027
0.000357697
0.00073687
0.00090863
0.000991029
0.00104412
0.00109342
0.0011311
0.00143211
0.00178892
0.00201683
0.00215189
0.00220174
0.00217803
0.00206432
0.00190627
0.00172418
0.00151482
0.00125438
0.000883721
0.000381941
0.000354031
0.000927775
0.00122805
0.00140272
0.00153203
0.00164106
0.00170793
0.00209802
0.00263095
0.00293181
0.00305488
0.00306057
0.00299937
0.00288039
0.00269729
0.00242593
0.0020701
0.00162569
0.00106225
0.000375131
0.000362038
0.00110843
0.00155419
0.00180317
0.0019569
0.00209916
0.00219786
0.00260106
0.00320303
0.00354844
0.00361031
0.00353877
0.0034263
0.00329425
0.00310062
0.00280906
0.00240486
0.00187244
0.00119023
0.000383658
0.000425627
0.00126116
0.0018968
0.0022518
0.0024027
0.00250645
0.00261268
0.00299088
0.00361669
0.00397189
0.00395676
0.00377962
0.00358632
0.00343109
0.00324841
0.00296406
0.00254016
0.00195104
0.00122069
0.000413557
0.000565545
0.0014042
0.00216729
0.00267435
0.00282371
0.00286571
0.00295364
0.00328076
0.00389311
0.00425831
0.00419603
0.00393839
0.00363727
0.00339866
0.00318457
0.00289288
0.00245181
0.0018405
0.00116597
0.000461821
0.000671379
0.00171898
0.00251855
0.00306675
0.00316206
0.00316591
0.00323858
0.00350107
0.00405741
0.00443532
0.00438834
0.00414341
0.00379503
0.00344168
0.00311119
0.00274394
0.00226703
0.001699
0.00113253
0.000522259
0.000755191
0.00228302
0.00299064
0.00334666
0.00342343
0.00345704
0.00354834
0.00375163
0.0042033
0.00452179
0.00443646
0.00424002
0.00398098
0.00366713
0.00330947
0.00289835
0.00241565
0.00182702
0.00123201
0.000587718
0.000812888
0.002252
0.00289523
0.00314946
0.00328549
0.00341986
0.00358808
0.00377391
0.00405655
0.00411751
0.00389896
0.00370274
0.00355371
0.00339805
0.0031958
0.0029318
0.00260447
0.00205963
0.0013556
0.000649092
0.000812539
0.000889593
0.000947502
0.00099159
0.00103204
0.00107507
0.00111992
0.00115966
0.0011934
0.0011658
0.00111204
0.00106079
0.00101702
0.000978954
0.000943409
0.000906605
0.000864044
0.000812961
0.000750713
0.000665765
0.000363454
0.00039822
0.000422737
0.000441391
0.000457679
0.000477193
0.000506489
0.000535467
0.000572825
0.000593211
0.000598474
0.000591615
0.000575058
0.000554635
0.000537132
0.000521421
0.000503888
0.000480195
0.000444504
0.000387126
0.000378427
0.000832759
0.00108302
0.001223
0.00131989
0.00141029
0.00143211
0.00123422
0.00151158
0.00193417
0.00232567
0.00258096
0.00247854
0.00229179
0.00208044
0.00186554
0.00163188
0.00134246
0.000946916
0.000393119
0.000371858
0.00105789
0.00148292
0.00175616
0.00195579
0.00210966
0.00209802
0.00179144
0.00214264
0.00279857
0.00330971
0.00348938
0.00340119
0.00319535
0.00290577
0.00254708
0.00214156
0.00167322
0.00109962
0.000391863
0.000374859
0.00118817
0.00173031
0.00209854
0.00239651
0.00262328
0.00260106
0.00227996
0.00267085
0.00347495
0.00395704
0.00396734
0.00381319
0.00359143
0.00330527
0.002936
0.00246433
0.00189281
0.00120003
0.000401463
0.000441194
0.00127439
0.00196891
0.00242784
0.00274396
0.00300701
0.00299088
0.00270138
0.00311898
0.00400007
0.0043841
0.00422643
0.00398117
0.00371971
0.0034302
0.00306152
0.00257252
0.00194319
0.00120969
0.000430631
0.000577074
0.00141229
0.00220479
0.00277401
0.00307515
0.00329445
0.00328076
0.00305351
0.00348443
0.00437221
0.00464233
0.00437042
0.00403477
0.0036987
0.00337041
0.00298166
0.00247301
0.00182971
0.00115723
0.000477068
0.000678277
0.00178286
0.002586
0.00314515
0.00335038
0.00349558
0.00350107
0.00336347
0.00378539
0.00460678
0.00477966
0.00448554
0.00411396
0.00370229
0.00329927
0.00286008
0.00232679
0.001726
0.0011527
0.000533873
0.000760076
0.00237748
0.00305423
0.00341223
0.00356125
0.00368357
0.00375163
0.00373557
0.00411476
0.00477152
0.00476584
0.00446378
0.00414549
0.00378679
0.00340058
0.00297377
0.00248414
0.00188721
0.00127321
0.000594553
0.000815988
0.00233719
0.0029198
0.00319047
0.00337904
0.00357683
0.00377391
0.00391099
0.00420127
0.00446353
0.00417885
0.00384414
0.00360512
0.00339688
0.00316888
0.00289691
0.00257242
0.00208878
0.00138289
0.000649333
0.000818614
0.0008974
0.000957991
0.00100669
0.00105463
0.00110661
0.00115966
0.00120356
0.00124287
0.00122812
0.0011595
0.00109132
0.00103455
0.000987036
0.000944682
0.000903423
0.000858811
0.000806325
0.000744367
0.000661841
0.000368804
0.000405505
0.00043015
0.000451037
0.000471172
0.000496498
0.000534394
0.000572825
0.00060538
0.000623313
0.00062608
0.000619028
0.000597991
0.000574785
0.000556631
0.000541051
0.000523481
0.000498766
0.00045988
0.000393718
0.000394476
0.000902061
0.00120852
0.00137955
0.0014988
0.00164051
0.00178892
0.00151158
0.00114507
0.00140396
0.00205526
0.0026281
0.00254464
0.00235845
0.00215095
0.00194042
0.00170646
0.00141108
0.0010013
0.000408521
0.000387207
0.0011176
0.00162275
0.00197299
0.00223495
0.00246414
0.00263095
0.00214264
0.00164866
0.00217627
0.00328024
0.00371332
0.00356268
0.00326311
0.00291438
0.00253527
0.00212584
0.00166454
0.00110838
0.000414023
0.000392387
0.00124461
0.00188537
0.00235986
0.00272607
0.0030251
0.00320303
0.00267085
0.00217648
0.00295719
0.00414053
0.0042727
0.00406082
0.00374748
0.00335245
0.00289763
0.00239292
0.00182936
0.00117757
0.000424873
0.000476095
0.00128141
0.00204859
0.00262836
0.00306952
0.00342987
0.00361669
0.00311898
0.00271511
0.00366656
0.00468597
0.00456809
0.00426905
0.00392585
0.00353722
0.00308263
0.00253716
0.00190015
0.00119729
0.000450994
0.000594036
0.00142095
0.0022357
0.00289633
0.00334312
0.00371297
0.00389311
0.00348443
0.00322361
0.0042302
0.00498216
0.00470737
0.00433614
0.00393505
0.00351117
0.00303834
0.00247774
0.00182406
0.00116775
0.000491853
0.000686435
0.00184804
0.00262435
0.00323386
0.00358808
0.00389232
0.00405741
0.00378539
0.00368182
0.00462202
0.00508959
0.00476147
0.00437343
0.00392795
0.00345885
0.00295472
0.0023827
0.00176305
0.00118737
0.000541572
0.000761431
0.00238234
0.00308473
0.00349778
0.00375737
0.00401308
0.0042033
0.00411476
0.00415239
0.00490183
0.00503645
0.00466194
0.0042973
0.00390431
0.00348397
0.00302982
0.00252562
0.00192667
0.0013044
0.000595432
0.0008118
0.00224846
0.00290974
0.00322242
0.00347343
0.00375539
0.00405655
0.00420127
0.00431483
0.00466926
0.00439106
0.00395805
0.00364155
0.00338874
0.00313616
0.00285098
0.00252075
0.00206941
0.00137816
0.000642396
0.000816366
0.000894942
0.000956976
0.00101014
0.0010649
0.00112686
0.0011934
0.00124287
0.00125501
0.00125897
0.00118639
0.00110626
0.00103837
0.000981864
0.000932919
0.000887486
0.000841112
0.000788945
0.000729376
0.000651486
0.000368581
0.000405884
0.000428042
0.00045061
0.000475185
0.000506615
0.000549863
0.000593211
0.000623313
0.000643729
0.000637268
0.000627446
0.000605685
0.000584155
0.00056775
0.000553391
0.000536475
0.000511703
0.000471336
0.000398642
0.000406489
0.000956737
0.00129708
0.00147294
0.00158965
0.00175831
0.00201683
0.00193417
0.00140396
0.00126602
0.00181931
0.00259539
0.00255169
0.00238206
0.00219309
0.00199619
0.0017682
0.00147149
0.00105348
0.000424254
0.000417122
0.00111548
0.001649
0.00204066
0.00234098
0.00263211
0.00293181
0.00279857
0.00217627
0.00211719
0.00319248
0.00369802
0.00347526
0.00317933
0.0028452
0.00248567
0.0020954
0.00165329
0.00112419
0.000437302
0.000432667
0.00123745
0.00188998
0.00239096
0.00280756
0.00319223
0.00354844
0.00347495
0.00295719
0.00309426
0.00417377
0.00427721
0.00399242
0.0036195
0.00319983
0.00274715
0.00226591
0.00174535
0.00116395
0.000450593
0.000510827
0.00128356
0.00207005
0.00268944
0.0031614
0.00357802
0.00397189
0.00400007
0.00366656
0.00396566
0.00477732
0.00463431
0.00430158
0.00392151
0.00348082
0.00298313
0.00243503
0.00183715
0.00120325
0.000472084
0.000610396
0.00143926
0.00224599
0.00294387
0.00344765
0.00386514
0.00425831
0.00437221
0.0042302
0.00460428
0.00509376
0.00480867
0.00443094
0.00401323
0.00355056
0.00303801
0.00245963
0.0018297
0.00120892
0.000505234
0.000692076
0.00191004
0.0026406
0.00327512
0.00370444
0.00407607
0.00443532
0.00460678
0.00462202
0.00498826
0.00519558
0.00485423
0.0044711
0.00403577
0.00354987
0.00301688
0.00243286
0.00181257
0.00123693
0.000547275
0.000759447
0.00232499
0.00307758
0.00354419
0.00386963
0.00417066
0.00452179
0.00477152
0.00490183
0.00518594
0.00511665
0.00472595
0.00435758
0.00396712
0.00353859
0.00306811
0.00255123
0.00195292
0.00133017
0.000593883
0.000805214
0.00213226
0.00287361
0.00322024
0.00348744
0.00376164
0.00411751
0.00446353
0.00466926
0.00475175
0.0043792
0.00395714
0.00364831
0.00338922
0.00312423
0.00282531
0.00248231
0.00203623
0.00136289
0.000634791
0.000810866
0.000886224
0.000945844
0.00099706
0.00104741
0.0011026
0.0011658
0.00122812
0.00125897
0.00123492
0.00115883
0.00108354
0.00101993
0.00096572
0.000917557
0.00087218
0.000825926
0.000774945
0.000717403
0.000643056
0.000363912
0.000402638
0.000419949
0.000444892
0.000475607
0.000513587
0.000557746
0.000598474
0.00062608
0.000637268
0.00062913
0.000619323
0.000599273
0.000581172
0.000567165
0.000553899
0.000537229
0.00051238
0.00047162
0.000394407
0.000411728
0.000982377
0.00134644
0.00151025
0.00161777
0.0018054
0.00215189
0.00232567
0.00205526
0.00181931
0.00213564
0.00258518
0.00253062
0.00238748
0.00222732
0.002051
0.00183592
0.00154483
0.00111929
0.000430758
0.000446822
0.00112047
0.00165716
0.00206058
0.00236433
0.00267184
0.00305488
0.00330971
0.00328024
0.00319248
0.00343127
0.00352112
0.0033336
0.0030882
0.00280764
0.00249343
0.0021357
0.001713
0.0011895
0.000450394
0.00047517
0.00120717
0.00180667
0.00230888
0.00274635
0.0031745
0.00361031
0.00395704
0.00414053
0.00417377
0.00418851
0.00402087
0.00371323
0.00338191
0.00302076
0.00262743
0.00220004
0.00172887
0.00119527
0.000467922
0.000540104
0.00131021
0.00203872
0.00257679
0.00302429
0.00348581
0.00395676
0.0043841
0.00468597
0.00477732
0.00465818
0.00435418
0.00399507
0.0036176
0.00320449
0.00275494
0.00227473
0.00176303
0.00121898
0.000487274
0.000622325
0.00148467
0.00224168
0.00288074
0.00334108
0.00375639
0.00419603
0.00464233
0.00498216
0.00509376
0.00492327
0.00457682
0.00420887
0.00383033
0.00340067
0.00291067
0.00237428
0.00180938
0.00124752
0.000513713
0.000693579
0.00193498
0.00263201
0.00324301
0.00366555
0.00401984
0.00438834
0.00477966
0.00508959
0.00519558
0.00501432
0.00468323
0.00433227
0.00394448
0.00349514
0.00298566
0.00242594
0.00183448
0.00127035
0.000548732
0.000754185
0.00223748
0.00303665
0.00353157
0.00387286
0.00414491
0.00443646
0.00476584
0.00503645
0.00511665
0.00489918
0.00457937
0.0042601
0.00391207
0.00351038
0.0030512
0.00253863
0.00195163
0.00133864
0.000588212
0.000796508
0.00202395
0.00282001
0.00318951
0.00345117
0.00366152
0.00389896
0.00417885
0.00439106
0.0043792
0.0040989
0.00381365
0.00357867
0.00334941
0.00309209
0.00279025
0.00243916
0.00199918
0.00133684
0.000624366
0.000802735
0.000873685
0.000929889
0.000977747
0.00102145
0.00106504
0.00111204
0.0011595
0.00118639
0.00115883
0.00110069
0.00104267
0.000990381
0.000942912
0.000898606
0.000855307
0.000810122
0.000760064
0.000704096
0.000632912
0.000353558
0.000392559
0.000408724
0.000436924
0.000475015
0.000517999
0.000558167
0.000591615
0.000619028
0.000627446
0.000619323
0.000602132
0.000581502
0.000563603
0.000548277
0.000531481
0.000509111
0.000477706
0.000433451
0.000363071
0.000403576
0.000994396
0.00134541
0.00148286
0.00159088
0.00180748
0.00220174
0.00258096
0.0026281
0.00259539
0.00258518
0.00257595
0.00249949
0.00238399
0.00224666
0.0020859
0.001883
0.00159898
0.00116161
0.000412315
0.000455192
0.00114041
0.00169324
0.00208783
0.00236689
0.00265765
0.00306057
0.00348938
0.00371332
0.00369802
0.00352112
0.0033845
0.00324376
0.00307211
0.00285843
0.0025964
0.00227262
0.0018577
0.00129698
0.000438618
0.000503522
0.00119363
0.00175839
0.00226661
0.00269811
0.00310114
0.00353877
0.00396734
0.0042727
0.00427721
0.00402087
0.00373331
0.00349241
0.00325658
0.00298965
0.0026742
0.00229719
0.00184031
0.00127706
0.000458297
0.000559318
0.00132264
0.00190789
0.00238883
0.00283813
0.00329711
0.00377962
0.00422643
0.00456809
0.00463431
0.00435418
0.00397647
0.0036385
0.00332845
0.00300444
0.00264236
0.00222981
0.00175872
0.00122964
0.000480305
0.000627951
0.00151994
0.00218759
0.0027111
0.00308869
0.00348634
0.00393839
0.00437042
0.00470737
0.00480867
0.00457682
0.00418686
0.00381018
0.0034516
0.00307349
0.00265536
0.00219872
0.00171229
0.00121189
0.000506129
0.000690834
0.00190715
0.0025759
0.0031244
0.00349603
0.00380604
0.00414341
0.00448554
0.00476147
0.00485423
0.00468323
0.00435561
0.0040124
0.00365963
0.0032543
0.00279068
0.00227603
0.00174803
0.0012315
0.000538232
0.000746195
0.00213609
0.00296364
0.00346139
0.00379145
0.00402636
0.00424002
0.00446378
0.00466194
0.00472595
0.00457937
0.00432264
0.00404356
0.00373351
0.00336454
0.00292967
0.00243306
0.00186321
0.00128401
0.00057499
0.000786178
0.00192846
0.00275996
0.003147
0.00340611
0.00357233
0.00370274
0.00384414
0.00395805
0.00395714
0.00381365
0.00363529
0.00345581
0.00325589
0.00301425
0.00271923
0.00236863
0.00192038
0.00127896
0.000609723
0.000792561
0.000858874
0.000911797
0.000956711
0.00099473
0.00102843
0.00106079
0.00109132
0.00110626
0.00108354
0.00104267
0.000999091
0.000956829
0.000916278
0.000876738
0.000836505
0.000793017
0.000743964
0.000689074
0.000620319
0.000340709
0.000378578
0.000395173
0.000428816
0.000474125
0.000514544
0.000547266
0.000575058
0.000597991
0.000605685
0.000599273
0.000581502
0.000557334
0.000533062
0.00051004
0.00048383
0.000451946
0.000413812
0.000374565
0.000336032
0.000383465
0.000993076
0.00129773
0.00139649
0.00152315
0.00178134
0.00217803
0.00247854
0.00254464
0.00255169
0.00253062
0.00249949
0.00243973
0.0023344
0.00218617
0.00200807
0.00179112
0.00151074
0.00109655
0.000373351
0.00043516
0.00118008
0.00175149
0.00209935
0.0023385
0.00261528
0.00299937
0.00340119
0.00356268
0.00347526
0.0033336
0.00324376
0.00317894
0.00307784
0.00291427
0.00268676
0.00238988
0.00199048
0.00140172
0.000403076
0.000501195
0.00118326
0.0017961
0.00231297
0.00270715
0.00305197
0.0034263
0.00381319
0.00406082
0.00399242
0.00371323
0.00349241
0.00336356
0.00324436
0.00307618
0.00283334
0.00249826
0.00203862
0.00139225
0.000415882
0.000562421
0.00125345
0.00176993
0.0022888
0.00275746
0.00317631
0.00358632
0.00398117
0.00426905
0.00430158
0.00399507
0.0036385
0.00338716
0.00319371
0.00298729
0.00272148
0.0023653
0.00188941
0.00126583
0.000431807
0.000625447
0.00146855
0.00200284
0.00243213
0.00283099
0.00322763
0.00363727
0.00403477
0.00433614
0.00443094
0.00420887
0.00381018
0.00345226
0.00314982
0.00285782
0.00253368
0.0021486
0.00168307
0.00113875
0.000463619
0.000683573
0.00180582
0.00241973
0.00289158
0.00322308
0.00349685
0.00379503
0.00411396
0.00437343
0.0044711
0.00433227
0.0040124
0.00363831
0.00327194
0.00289324
0.00247857
0.00202662
0.00155489
0.00108325
0.000503209
0.000735295
0.00201315
0.00283825
0.00331889
0.00362177
0.00381971
0.00398098
0.00414549
0.0042973
0.00435758
0.0042601
0.00404356
0.00377462
0.00347167
0.00311504
0.00268946
0.00218734
0.00163705
0.00112444
0.000546187
0.000774072
0.00183661
0.00268758
0.00308449
0.00334032
0.00348284
0.00355371
0.00360512
0.00364155
0.00364831
0.00357867
0.00345581
0.00330108
0.00311481
0.00288322
0.0025947
0.00224797
0.00175554
0.00116117
0.000587051
0.000780603
0.000842518
0.000892652
0.000935474
0.000969241
0.000995538
0.00101702
0.00103455
0.00103837
0.00101993
0.000990381
0.000956829
0.000922237
0.000887625
0.000852603
0.000815442
0.000773672
0.000725891
0.000671412
0.000603579
0.000329679
0.0003651
0.000382176
0.000420999
0.000468783
0.000503871
0.000531477
0.000554635
0.000574785
0.000584155
0.000581172
0.000563603
0.000533062
0.000500374
0.000473259
0.000445136
0.000413511
0.000380321
0.000351322
0.000323648
0.000364525
0.00097027
0.00120945
0.00128503
0.00144451
0.00173375
0.00206432
0.00229179
0.00235845
0.00238206
0.00238748
0.00238399
0.0023344
0.00219465
0.00196084
0.00170929
0.00146418
0.00121873
0.000915147
0.000352857
0.000403184
0.00123646
0.00177627
0.00204639
0.00225384
0.00252979
0.00288039
0.00319535
0.00326311
0.00317933
0.0030882
0.00307211
0.00307784
0.00301516
0.00284851
0.00260192
0.00230022
0.0019193
0.00134647
0.000379477
0.000464174
0.00123769
0.00191519
0.00238463
0.00270603
0.00298953
0.00329425
0.00359143
0.00374748
0.0036195
0.00338191
0.00325658
0.00324436
0.00323027
0.00313764
0.00294491
0.00264454
0.00219718
0.0015018
0.000395846
0.000544301
0.00118385
0.00177995
0.00234094
0.0027788
0.00312283
0.00343109
0.00371971
0.00392585
0.00392151
0.0036176
0.00332845
0.00319371
0.00313374
0.00304847
0.00287951
0.00259187
0.00213986
0.0014439
0.000403501
0.000612304
0.00132031
0.00176188
0.00224077
0.0026908
0.00306951
0.00339866
0.0036987
0.00393505
0.00401323
0.00383033
0.0034516
0.00314982
0.00294911
0.00278078
0.00257609
0.00228569
0.00186689
0.00126877
0.000417178
0.000670546
0.00162073
0.00213285
0.00254935
0.00288543
0.00317275
0.00344168
0.00370229
0.00392795
0.00403577
0.00394448
0.00365963
0.00327194
0.00292389
0.00260261
0.0022783
0.0019295
0.00153525
0.00107372
0.000450271
0.000720336
0.00185165
0.00263035
0.00306451
0.00334776
0.00353397
0.00366713
0.00378679
0.00390431
0.00396712
0.00391207
0.00373351
0.00347167
0.00315975
0.00278834
0.00234863
0.00186266
0.00139575
0.000977006
0.000496912
0.000759225
0.00172958
0.00257985
0.00297376
0.00322318
0.00335494
0.00339805
0.00339688
0.00338874
0.00338922
0.00334941
0.00325589
0.00311481
0.00293328
0.00270291
0.00241548
0.0020457
0.00150468
0.000995735
0.000548979
0.000766657
0.000824462
0.000872151
0.000913465
0.000944247
0.000965289
0.000978954
0.000987036
0.000981864
0.00096572
0.000942912
0.000916278
0.000887625
0.000857892
0.00082653
0.00079162
0.000750142
0.000703596
0.000648329
0.000578323
0.000320968
0.000353017
0.000369875
0.000412294
0.000457278
0.000489754
0.000515163
0.000537132
0.000556631
0.00056775
0.000567165
0.000548277
0.00051004
0.000473259
0.000442886
0.000413376
0.000383527
0.000356995
0.000337864
0.000312718
0.000351663
0.000921556
0.00111372
0.00118718
0.00137245
0.00163629
0.00190627
0.00208044
0.00215095
0.00219309
0.00222732
0.00224666
0.00218617
0.00196084
0.00167325
0.00141559
0.00120801
0.00103635
0.000809765
0.000338634
0.000381427
0.00124705
0.00170726
0.00191484
0.00211366
0.00238688
0.00269729
0.00290577
0.00291438
0.0028452
0.00280764
0.00285843
0.00291427
0.00284851
0.00262932
0.00235104
0.00205556
0.00172518
0.00123306
0.000362466
0.000426371
0.00132862
0.00198874
0.00236417
0.00261353
0.00285181
0.00310062
0.00330527
0.00335245
0.00319983
0.00302076
0.00298965
0.00307618
0.00313764
0.00308156
0.00290166
0.00261707
0.00219373
0.00152017
0.000380079
0.000507611
0.00122336
0.0019081
0.0024299
0.00277775
0.0030327
0.00324841
0.0034302
0.00353722
0.00348082
0.00320449
0.00300444
0.00298729
0.00304847
0.00306306
0.00296705
0.00273401
0.00231837
0.00159906
0.000390171
0.000587006
0.00119662
0.00169819
0.00222549
0.00264831
0.00295494
0.00318457
0.00337041
0.00351117
0.00355056
0.00340067
0.00307349
0.00285782
0.00278078
0.00274306
0.00265319
0.00245953
0.00210987
0.00148101
0.000394073
0.000649951
0.00139804
0.00181531
0.00221727
0.00258303
0.00288176
0.00311119
0.00329927
0.00345885
0.00354987
0.00349514
0.0032543
0.00289324
0.00260261
0.00238419
0.00218902
0.00196798
0.0016817
0.00122701
0.000405569
0.000699596
0.00165377
0.00228709
0.00270448
0.00298949
0.00318326
0.00330947
0.00340058
0.00348397
0.00353859
0.00351038
0.00336454
0.00311504
0.00278834
0.00240319
0.00200242
0.00163324
0.00131047
0.000971675
0.000439701
0.000739815
0.00158185
0.00237207
0.00279365
0.0030364
0.0031643
0.0031958
0.00316888
0.00313616
0.00312423
0.00309209
0.00301425
0.00288322
0.00270291
0.00247066
0.00216147
0.00170666
0.00123442
0.000863677
0.000493546
0.000749919
0.000803655
0.000848947
0.000888612
0.000917465
0.000935111
0.000943409
0.000944682
0.000932919
0.000917557
0.000898606
0.000876738
0.000852603
0.00082653
0.000797527
0.000762788
0.00072204
0.000675236
0.000616571
0.000539123
0.000314523
0.000342075
0.000357479
0.0003994
0.000442276
0.000473538
0.000498628
0.000521421
0.000541051
0.000553391
0.000553899
0.000531481
0.00048383
0.000445136
0.000413376
0.000384338
0.00035958
0.000343873
0.000329037
0.000305091
0.000342316
0.000854484
0.00102383
0.00110659
0.00127994
0.00150315
0.00172418
0.00186554
0.00194042
0.00199619
0.002051
0.0020859
0.00200807
0.00170929
0.00141559
0.00119612
0.00105542
0.000947937
0.000755028
0.000328858
0.00036743
0.00119533
0.00156154
0.00173181
0.00192601
0.00218141
0.00242593
0.00254708
0.00253527
0.00248567
0.00249343
0.0025964
0.00268676
0.00260192
0.00235104
0.00207271
0.00182028
0.00154797
0.00113039
0.000350875
0.00040039
0.0013588
0.00192018
0.0022017
0.00240251
0.00260949
0.00280906
0.002936
0.00289763
0.00274715
0.00262743
0.0026742
0.00283334
0.00294491
0.00290166
0.00272381
0.0024525
0.00206832
0.00145995
0.000368114
0.000465416
0.00129126
0.00196591
0.00239054
0.00263938
0.00281965
0.00296406
0.00306152
0.00308263
0.00298313
0.00275494
0.00264236
0.00272148
0.00287951
0.00296705
0.002915
0.00271271
0.00233127
0.00164706
0.00037923
0.000550316
0.00115756
0.0017353
0.00222737
0.00255356
0.00275989
0.00289288
0.00298166
0.00303834
0.00303801
0.00291067
0.00265536
0.00253368
0.00257609
0.00265319
0.0026519
0.00252577
0.00223209
0.00161997
0.000383333
0.00062047
0.0012022
0.00160502
0.00199665
0.00233708
0.00258078
0.00274394
0.00286008
0.00295472
0.00301688
0.00298566
0.00279068
0.00247857
0.0022783
0.00218902
0.00211827
0.00200612
0.00181045
0.00137905
0.000383879
0.000672813
0.00138678
0.00187905
0.00227989
0.00257065
0.00277243
0.00289835
0.00297377
0.00302982
0.00306811
0.0030512
0.00292967
0.00268946
0.00234863
0.00200242
0.00172542
0.00150015
0.0013075
0.00104633
0.000395031
0.000713628
0.0013835
0.0020503
0.00253961
0.00277871
0.00290409
0.0029318
0.00289691
0.00285098
0.00282531
0.00279025
0.00271923
0.0025947
0.00241548
0.00216147
0.00177072
0.00135328
0.0010343
0.000804807
0.000432491
0.000728908
0.00077834
0.000821185
0.00085788
0.000885476
0.00090133
0.000906605
0.000903423
0.000887486
0.00087218
0.000855307
0.000836505
0.000815442
0.00079162
0.000762788
0.000728264
0.000688005
0.000639068
0.000573698
0.000484746
0.000311267
0.000332748
0.000344772
0.000382468
0.000424183
0.000454835
0.000480048
0.000503888
0.000523481
0.000536475
0.000537229
0.000509111
0.000451946
0.000413511
0.000383527
0.00035958
0.000345733
0.000336252
0.000324856
0.000304096
0.000336533
0.000773671
0.000924195
0.00101474
0.00115826
0.00133409
0.00151482
0.00163188
0.00170646
0.0017682
0.00183592
0.001883
0.00179112
0.00146418
0.00120801
0.00105542
0.000979559
0.00090118
0.000719343
0.000325741
0.000358744
0.0010979
0.00136463
0.00150695
0.00168404
0.00188908
0.0020701
0.00214156
0.00212584
0.0020954
0.0021357
0.00227262
0.00238988
0.00230022
0.00205556
0.00182028
0.00162262
0.00141158
0.00105577
0.000345949
0.000384351
0.00130325
0.00171806
0.00191521
0.00207771
0.00225087
0.00240486
0.00246433
0.00239292
0.00226591
0.00220004
0.00229719
0.00249826
0.00264454
0.00261707
0.0024525
0.00221388
0.00189368
0.00137447
0.000362147
0.000431299
0.00129513
0.00185514
0.00215648
0.00232631
0.00245077
0.00254016
0.00257252
0.00253716
0.00243503
0.00227473
0.00222981
0.0023653
0.00259187
0.00273401
0.00271271
0.00253593
0.00219755
0.00159109
0.000373674
0.000507071
0.00113831
0.00169026
0.00206049
0.00227702
0.00239565
0.00245181
0.00247301
0.00247774
0.00245963
0.00237428
0.00219872
0.0021486
0.00228569
0.00245953
0.00252577
0.00243995
0.00217504
0.00161051
0.000379467
0.000581063
0.00105679
0.0014563
0.00179339
0.0020279
0.00217716
0.00226703
0.00232679
0.0023827
0.00243286
0.00242594
0.00227603
0.00202662
0.0019295
0.00196798
0.00200612
0.00196743
0.0018075
0.00141752
0.000378423
0.000637239
0.00113205
0.00150516
0.00183613
0.00209999
0.00229391
0.00241565
0.00248414
0.00252562
0.00255123
0.00253863
0.00243306
0.00218734
0.00186266
0.00163324
0.00150015
0.00139891
0.00128968
0.00109467
0.000376272
0.000678591
0.00115524
0.00164789
0.00210452
0.00241856
0.0025683
0.00260447
0.00257242
0.00252075
0.00248231
0.00243916
0.00236863
0.00224797
0.0020457
0.00170666
0.00135328
0.0010825
0.000911429
0.000780554
0.00038963
0.000701174
0.000746004
0.000786059
0.000819299
0.000843862
0.000859448
0.000864044
0.000858811
0.000841112
0.000825926
0.000810122
0.000793017
0.000773672
0.000750142
0.00072204
0.000688005
0.000646318
0.000592995
0.000520287
0.000424919
0.000312192
0.000326498
0.0003322
0.000362571
0.000402946
0.000432447
0.000456819
0.000480195
0.000498766
0.000511703
0.00051238
0.000477706
0.000413812
0.000380321
0.000356995
0.000343873
0.000336252
0.000331316
0.000326328
0.000311169
0.000335818
0.000682747
0.000792447
0.000883726
0.0009899
0.00111379
0.00125438
0.00134246
0.00141108
0.00147149
0.00154483
0.00159898
0.00151074
0.00121873
0.00103635
0.000947937
0.00090118
0.000834549
0.000683277
0.000332392
0.000356169
0.000968854
0.00111949
0.0012244
0.00135981
0.00149978
0.00162569
0.00167322
0.00166454
0.00165329
0.001713
0.0018577
0.00199048
0.0019193
0.00172518
0.00154797
0.00141158
0.0012647
0.000994548
0.000351471
0.000376741
0.00116915
0.00141296
0.00153097
0.00164059
0.00176781
0.00187244
0.00189281
0.00182936
0.00174535
0.00172887
0.00184031
0.00203862
0.00219718
0.00219373
0.00206832
0.00189368
0.00166846
0.00128087
0.00036617
0.000409135
0.00119828
0.00157247
0.00173792
0.00184086
0.0019152
0.00195104
0.00194319
0.00190015
0.00183715
0.00176303
0.00175872
0.00188941
0.00213986
0.00231837
0.00233127
0.00219755
0.00193398
0.0014688
0.000377053
0.000465811
0.00106729
0.00148372
0.00169204
0.00179238
0.0018348
0.0018405
0.00182971
0.00182406
0.0018297
0.00180938
0.00171229
0.00168307
0.00186689
0.00210987
0.00223209
0.00217504
0.00193132
0.00146835
0.000383897
0.000533162
0.000936941
0.00126913
0.00148411
0.00160252
0.00166493
0.001699
0.001726
0.00176305
0.00181257
0.00183448
0.00174803
0.00155489
0.00153525
0.0016817
0.00181045
0.0018075
0.00165026
0.00131579
0.000382126
0.00059017
0.000927179
0.00119422
0.00142545
0.00160441
0.00173588
0.00182702
0.00188721
0.00192667
0.00195292
0.00195163
0.00186321
0.00163705
0.00139575
0.00131047
0.0013075
0.00128968
0.00121849
0.00104814
0.000375119
0.000632218
0.000944634
0.00124778
0.00155417
0.00180269
0.00197092
0.00205963
0.00208878
0.00206941
0.00203623
0.00199918
0.00192038
0.00175554
0.00150468
0.00123442
0.0010343
0.000911429
0.000832532
0.000747099
0.000370456
0.000662298
0.000702911
0.000740734
0.000771685
0.000794764
0.000808923
0.000812961
0.000806325
0.000788945
0.000774945
0.000760064
0.000743964
0.000725891
0.000703596
0.000675236
0.000639068
0.000592995
0.000534503
0.00046214
0.000376644
0.00031765
0.000323963
0.000320118
0.000341437
0.000378462
0.000404671
0.00042594
0.000444504
0.00045988
0.000471336
0.00047162
0.000433451
0.000374565
0.000351322
0.000337864
0.000329037
0.000324856
0.000326328
0.00033103
0.000323195
0.000341051
0.000575038
0.000608412
0.000679023
0.000741299
0.000805652
0.000883721
0.000946916
0.0010013
0.00105348
0.00111929
0.00116161
0.00109655
0.000915147
0.000809765
0.000755028
0.000719343
0.000683277
0.000615738
0.000346893
0.000360118
0.000795635
0.000810048
0.000857162
0.000925574
0.000997324
0.00106225
0.00109962
0.00110838
0.00112419
0.0011895
0.00129698
0.00140172
0.00134647
0.00123306
0.00113039
0.00105577
0.000994548
0.000880333
0.000366372
0.000377154
0.000951672
0.00100907
0.00102909
0.00108006
0.00114361
0.00119023
0.00120003
0.00117757
0.00116395
0.00119527
0.00127706
0.00139225
0.0015018
0.00152017
0.00145995
0.00137447
0.00128087
0.00110454
0.000379087
0.000398749
0.00099454
0.00113379
0.00116524
0.00119205
0.00121485
0.00122069
0.00120969
0.00119729
0.00120325
0.00121898
0.00122964
0.00126583
0.0014439
0.00159906
0.00164706
0.00159109
0.0014688
0.00121581
0.000385511
0.000433779
0.000910534
0.00111031
0.0011619
0.00117737
0.00117669
0.00116597
0.00115723
0.00116775
0.00120892
0.00124752
0.00121189
0.00113875
0.00126877
0.00148101
0.00161997
0.00161051
0.00146835
0.00119519
0.000385356
0.000481734
0.000800724
0.00098998
0.00106595
0.00109858
0.00111718
0.00113253
0.0011527
0.00118737
0.00123693
0.00127035
0.0012315
0.00108325
0.00107372
0.00122701
0.00137905
0.00141752
0.00131579
0.00108441
0.000379378
0.000530009
0.000758191
0.00091344
0.00102586
0.00111024
0.00117775
0.00123201
0.00127321
0.0013044
0.00133017
0.00133864
0.00128401
0.00112444
0.000977006
0.000971675
0.00104633
0.00109467
0.00104814
0.000901818
0.00036969
0.000570111
0.000756292
0.000908314
0.00105461
0.0011855
0.001289
0.0013556
0.00138289
0.00137816
0.00136289
0.00133684
0.00127896
0.00116117
0.000995735
0.000863677
0.000804807
0.000780554
0.000747099
0.000674117
0.000358194
0.000603151
0.000640539
0.000678082
0.0007082
0.000731015
0.000745461
0.000750713
0.000744367
0.000729376
0.000717403
0.000704096
0.000689074
0.000671412
0.000648329
0.000616571
0.000573698
0.000520287
0.00046214
0.000406033
0.000346462
0.000326387
0.000316539
0.000305769
0.000321527
0.000351309
0.000369433
0.000380027
0.000387126
0.000393718
0.000398642
0.000394407
0.000363071
0.000336032
0.000323648
0.000312718
0.000305091
0.000304096
0.000311169
0.000323195
0.000331755
0.000347377
0.000350152
0.000330123
0.000341603
0.000362298
0.000373974
0.000381941
0.000393119
0.000408521
0.000424254
0.000430758
0.000412315
0.000373351
0.000352857
0.000338634
0.000328858
0.000325741
0.000332392
0.000346893
0.000347441
0.000360002
0.000380005
0.000354734
0.000349238
0.000358378
0.000365433
0.000375131
0.000391863
0.000414023
0.000437302
0.000450394
0.000438618
0.000403076
0.000379477
0.000362466
0.000350875
0.000345949
0.000351471
0.000366372
0.000353925
0.000370431
0.000401328
0.000384305
0.000368766
0.000367332
0.000372618
0.000383658
0.000401463
0.000424873
0.000450593
0.000467922
0.000458297
0.000415882
0.000395846
0.000380079
0.000368114
0.000362147
0.00036617
0.000379087
0.000355411
0.000383466
0.000417541
0.000414424
0.000401631
0.000397065
0.000401729
0.000413557
0.000430631
0.000450994
0.000472084
0.000487274
0.000480305
0.000431807
0.000403501
0.000390171
0.00037923
0.000373674
0.000377053
0.000385511
0.000354561
0.000402112
0.000434761
0.000442689
0.00043945
0.000440194
0.000448311
0.000461821
0.000477068
0.000491853
0.000505234
0.000513713
0.000506129
0.000463619
0.000417178
0.000394073
0.000383333
0.000379467
0.000383897
0.000385356
0.000351326
0.000426942
0.000455174
0.000473355
0.000481274
0.00049221
0.00050697
0.000522259
0.000533873
0.000541572
0.000547275
0.000548732
0.000538232
0.000503209
0.000450271
0.000405569
0.000383879
0.000378423
0.000382126
0.000379378
0.000345631
0.000455072
0.000481192
0.000509007
0.000530277
0.000551463
0.000572006
0.000587718
0.000594553
0.000595432
0.000593883
0.000588212
0.00057499
0.000546187
0.000496912
0.000439701
0.000395031
0.000376272
0.000375119
0.00036969
0.000338087
0.00048267
0.000512667
0.000549644
0.000582137
0.000611894
0.000635443
0.000649092
0.000649333
0.000642396
0.000634791
0.000624366
0.000609723
0.000587051
0.000548979
0.000493546
0.000432491
0.00038963
0.000370456
0.000358194
0.00032953
0.000508756
0.000543568
0.000582781
0.000614196
0.000639338
0.000656818
0.000665765
0.000661841
0.000651486
0.000643056
0.000632912
0.000620319
0.000603579
0.000578323
0.000539123
0.000484746
0.000424919
0.000376644
0.000346462
0.000320957
)
;

boundaryField
{
    floor
    {
        type            compressible::alphatWallFunction;
        Prt             0.85;
        value           nonuniform List<scalar> 
400
(
5.40536e-05
5.32045e-05
5.00175e-05
4.59487e-05
4.19899e-05
4.54626e-05
5.02314e-05
5.23705e-05
5.31871e-05
5.32204e-05
5.25085e-05
5.08775e-05
4.88685e-05
4.71775e-05
4.58029e-05
4.46999e-05
4.39966e-05
4.3866e-05
4.44252e-05
4.55621e-05
5.32045e-05
5.51522e-05
5.07139e-05
4.6164e-05
4.30023e-05
4.76819e-05
5.47975e-05
5.77646e-05
5.89397e-05
5.90868e-05
5.85809e-05
5.6875e-05
5.45757e-05
5.24772e-05
5.06617e-05
4.90037e-05
4.74903e-05
4.62717e-05
4.54661e-05
4.4096e-05
5.00175e-05
5.07139e-05
4.77923e-05
4.48748e-05
4.36103e-05
4.89532e-05
5.79177e-05
6.15382e-05
6.27786e-05
6.25901e-05
6.13942e-05
5.955e-05
5.73427e-05
5.54047e-05
5.36074e-05
5.17343e-05
4.97358e-05
4.77041e-05
4.56872e-05
4.33215e-05
4.59487e-05
4.6164e-05
4.48748e-05
4.38479e-05
4.42499e-05
4.95156e-05
5.99666e-05
6.43553e-05
6.59091e-05
6.59478e-05
6.5113e-05
6.38634e-05
6.26322e-05
6.15517e-05
6.03196e-05
5.84365e-05
5.5915e-05
5.29018e-05
4.96347e-05
4.64788e-05
4.19899e-05
4.30023e-05
4.36103e-05
4.42499e-05
4.55469e-05
5.05642e-05
6.13878e-05
6.67706e-05
6.88268e-05
6.94591e-05
6.95045e-05
6.93784e-05
6.92511e-05
6.84735e-05
6.68024e-05
6.4594e-05
6.18983e-05
5.86932e-05
5.49484e-05
5.07347e-05
4.54626e-05
4.76819e-05
4.89532e-05
4.95156e-05
5.05642e-05
5.42737e-05
6.3579e-05
6.96238e-05
7.24396e-05
7.38987e-05
7.48974e-05
7.55618e-05
7.50994e-05
7.35622e-05
7.15035e-05
6.91184e-05
6.63493e-05
6.30026e-05
5.87872e-05
5.33355e-05
5.02314e-05
5.47975e-05
5.79177e-05
5.99666e-05
6.13878e-05
6.3579e-05
6.75355e-05
7.38659e-05
7.78634e-05
8.00697e-05
8.12294e-05
8.13526e-05
7.98115e-05
7.75287e-05
7.51438e-05
7.27213e-05
6.9996e-05
6.65708e-05
6.19085e-05
5.48215e-05
5.23705e-05
5.77646e-05
6.15382e-05
6.43553e-05
6.67706e-05
6.96238e-05
7.38659e-05
7.81355e-05
8.32812e-05
8.62293e-05
8.70854e-05
8.61575e-05
8.38358e-05
8.08671e-05
7.83089e-05
7.60148e-05
7.34563e-05
6.99725e-05
6.4623e-05
5.57409e-05
5.31871e-05
5.89397e-05
6.27786e-05
6.59091e-05
6.88268e-05
7.24396e-05
7.78634e-05
8.32812e-05
8.80734e-05
9.04879e-05
9.09043e-05
9.00296e-05
8.70179e-05
8.36911e-05
8.10764e-05
7.88398e-05
7.63184e-05
7.27219e-05
6.69008e-05
5.65558e-05
5.32204e-05
5.90868e-05
6.25901e-05
6.59478e-05
6.94591e-05
7.38987e-05
8.00697e-05
8.62293e-05
9.04879e-05
3.54003e-06
3.42546e-06
9.12251e-05
8.81554e-05
8.51025e-05
8.27704e-05
8.07408e-05
7.83424e-05
7.47504e-05
6.86759e-05
5.71738e-05
5.25085e-05
5.85809e-05
6.13942e-05
6.5113e-05
6.95045e-05
7.48974e-05
8.12294e-05
8.70854e-05
9.09043e-05
3.42546e-06
3.28243e-06
9.02043e-05
8.7434e-05
8.49212e-05
8.29849e-05
8.11623e-05
7.88363e-05
7.52311e-05
6.9019e-05
5.66253e-05
5.08775e-05
5.6875e-05
5.955e-05
6.38634e-05
6.93784e-05
7.55618e-05
8.13526e-05
8.61575e-05
9.00296e-05
9.12251e-05
9.02043e-05
8.79341e-05
8.51749e-05
8.27866e-05
8.07718e-05
7.85548e-05
7.54713e-05
7.08446e-05
6.38494e-05
5.23329e-05
4.88685e-05
5.45757e-05
5.73427e-05
6.26322e-05
6.92511e-05
7.50994e-05
7.98115e-05
8.38358e-05
8.70179e-05
8.81554e-05
8.7434e-05
8.51749e-05
8.19999e-05
7.8764e-05
7.56629e-05
7.20259e-05
6.72847e-05
6.1334e-05
5.48543e-05
4.85808e-05
4.71775e-05
5.24772e-05
5.54047e-05
6.15517e-05
6.84735e-05
7.35622e-05
7.75287e-05
8.08671e-05
8.36911e-05
8.51025e-05
8.49212e-05
8.27866e-05
7.8764e-05
7.41614e-05
7.01463e-05
6.60684e-05
6.13438e-05
5.60888e-05
5.10821e-05
4.65963e-05
4.58029e-05
5.06617e-05
5.36074e-05
6.03196e-05
6.68024e-05
7.15035e-05
7.51438e-05
7.83089e-05
8.10764e-05
8.27704e-05
8.29849e-05
8.07718e-05
7.56629e-05
7.01463e-05
6.56524e-05
6.13144e-05
5.6689e-05
5.21902e-05
4.8646e-05
4.47554e-05
4.46999e-05
4.90037e-05
5.17343e-05
5.84365e-05
6.4594e-05
6.91184e-05
7.27213e-05
7.60148e-05
7.88398e-05
8.07408e-05
8.11623e-05
7.85548e-05
7.20259e-05
6.60684e-05
6.13144e-05
5.68367e-05
5.26452e-05
4.95117e-05
4.69866e-05
4.33229e-05
4.39966e-05
4.74903e-05
4.97358e-05
5.5915e-05
6.18983e-05
6.63493e-05
6.9996e-05
7.34563e-05
7.63184e-05
7.83424e-05
7.88363e-05
7.54713e-05
6.72847e-05
6.13438e-05
5.6689e-05
5.26452e-05
4.97722e-05
4.79396e-05
4.60538e-05
4.28026e-05
4.3866e-05
4.62717e-05
4.77041e-05
5.29018e-05
5.86932e-05
6.30026e-05
6.65708e-05
6.99725e-05
7.27219e-05
7.47504e-05
7.52311e-05
7.08446e-05
6.1334e-05
5.60888e-05
5.21902e-05
4.95117e-05
4.79396e-05
4.69292e-05
4.59234e-05
4.35094e-05
4.44252e-05
4.54661e-05
4.56872e-05
4.96347e-05
5.49484e-05
5.87872e-05
6.19085e-05
6.4623e-05
6.69008e-05
6.86759e-05
6.9019e-05
6.38494e-05
5.48543e-05
5.10821e-05
4.8646e-05
4.69866e-05
4.60538e-05
4.59234e-05
4.63127e-05
4.51147e-05
4.55621e-05
4.4096e-05
4.33215e-05
4.64788e-05
5.07347e-05
5.33355e-05
5.48215e-05
5.57409e-05
5.65558e-05
5.71738e-05
5.66253e-05
5.23329e-05
4.85808e-05
4.65963e-05
4.47554e-05
4.33229e-05
4.28026e-05
4.35094e-05
4.51147e-05
4.64551e-05
)
;
    }
    ceiling
    {
        type            compressible::alphatWallFunction;
        Prt             0.85;
        value           nonuniform List<scalar> 
400
(
8.72701e-05
9.73516e-05
0.000104217
0.000108801
0.000112029
0.000114302
0.000115886
0.00011674
0.000116362
0.000115543
0.000114365
0.000112903
0.000111181
0.000109149
0.000106665
0.000103474
9.91555e-05
9.29996e-05
8.37412e-05
6.96674e-05
9.73516e-05
0.000106684
0.00011348
0.000118302
0.000121912
0.000124584
0.000126533
0.000127551
0.000127089
0.000125814
0.000124039
0.000121963
0.00011967
0.000117114
0.000114122
0.00011041
0.00010559
9.90715e-05
8.9616e-05
7.52188e-05
0.000104217
0.00011348
0.000120277
0.000125235
0.000129134
0.000132149
0.000134442
0.000135767
0.000135439
0.000133822
0.000131591
0.00012909
0.000126449
0.000123598
0.000120336
0.00011635
0.000111256
0.000104621
9.53452e-05
8.1112e-05
0.000108801
0.000118302
0.000125235
0.00013051
0.000134575
0.000137747
0.000140358
0.000142259
0.00014247
0.00014059
0.000137926
0.000135059
0.000132172
0.000129164
0.000125721
0.000121383
0.000115909
0.000109084
9.98606e-05
8.58259e-05
0.000112029
0.000121912
0.000129134
0.000134575
0.000138766
0.000142347
0.000145686
0.000148546
0.000149601
0.000147138
0.000143619
0.000140031
0.000136616
0.000133256
0.000129613
0.00012519
0.000119368
0.000112425
0.000103298
8.97366e-05
0.000114302
0.000124584
0.000132149
0.000137747
0.000142347
0.000146791
0.000151259
0.000155247
0.000157574
0.000154213
0.000149208
0.000144356
0.000140001
0.000135986
0.000131945
0.000127351
0.000121544
0.000114495
0.000105527
9.25936e-05
0.000115886
0.000126533
0.000134442
0.000140358
0.000145686
0.000151259
0.00015696
0.000161926
0.000166039
0.000162197
0.000155137
0.000148429
0.000142686
0.000137676
0.000132967
0.000128031
0.000122222
0.000115166
0.000106449
9.41946e-05
0.00011674
0.000127551
0.000135767
0.000142259
0.000148546
0.000155247
0.000161926
0.000167259
0.000172253
0.000169927
0.000161018
0.000152193
0.000144804
0.00013858
0.000133
0.000127515
0.000121498
0.000114314
0.000105698
9.38853e-05
0.000116362
0.000127089
0.000135439
0.00014247
0.000149601
0.000157574
0.000166039
0.000172253
0.000173812
0.0001736
0.000164116
0.000153792
0.000144995
0.000137628
0.000131212
0.000125208
0.000119003
0.000111914
0.000103675
9.2583e-05
0.000115543
0.000125814
0.000133822
0.00014059
0.000147138
0.000154213
0.000162197
0.000169927
0.0001736
0.000170079
0.000160307
0.000150674
0.000142457
0.00013539
0.000129065
0.000123056
0.000116867
0.000109949
0.000102009
9.14655e-05
0.000114365
0.000124039
0.000131591
0.000137926
0.000143619
0.000149208
0.000155137
0.000161018
0.000164116
0.000160307
0.00015282
0.00014534
0.000138542
0.000132323
0.00012648
0.00012072
0.00011465
0.000107841
0.000100116
9.00393e-05
0.000112903
0.000121963
0.00012909
0.000135059
0.000140031
0.000144356
0.000148429
0.000152193
0.000153792
0.000150674
0.00014534
0.000139652
0.000134111
0.000128769
0.000123525
0.000118136
0.00011225
0.000105537
9.79258e-05
8.81623e-05
0.000111181
0.00011967
0.000126449
0.000132172
0.000136616
0.000140001
0.000142686
0.000144804
0.000144995
0.000142457
0.000138542
0.000134111
0.000129537
0.000124945
0.00012026
0.000115227
0.000109494
0.000102893
9.52475e-05
8.5456e-05
0.000109149
0.000117114
0.000123598
0.000129164
0.000133256
0.000135986
0.000137676
0.00013858
0.000137628
0.00013539
0.000132323
0.000128769
0.000124945
0.000120955
0.000116697
0.000111874
0.000106081
9.95491e-05
9.15812e-05
8.10838e-05
0.000106665
0.000114122
0.000120336
0.000125721
0.000129613
0.000131945
0.000132967
0.000133
0.000131212
0.000129065
0.00012648
0.000123525
0.00012026
0.000116697
0.000112655
0.000107734
0.000101988
9.52174e-05
8.63993e-05
7.43381e-05
0.000103474
0.00011041
0.00011635
0.000121383
0.00012519
0.000127351
0.000128031
0.000127515
0.000125208
0.000123056
0.00012072
0.000118136
0.000115227
0.000111874
0.000107734
0.00010281
9.69571e-05
8.96093e-05
7.95148e-05
6.57716e-05
9.91555e-05
0.00010559
0.000111256
0.000115909
0.000119368
0.000121544
0.000122222
0.000121498
0.000119003
0.000116867
0.00011465
0.00011225
0.000109494
0.000106081
0.000101988
9.69571e-05
9.06602e-05
8.2467e-05
7.1491e-05
5.75468e-05
9.29996e-05
9.90715e-05
0.000104621
0.000109084
0.000112425
0.000114495
0.000115166
0.000114314
0.000111914
0.000109949
0.000107841
0.000105537
0.000102893
9.95491e-05
9.52174e-05
8.96093e-05
8.2467e-05
7.37135e-05
6.35515e-05
5.17741e-05
8.37412e-05
8.9616e-05
9.53452e-05
9.98606e-05
0.000103298
0.000105527
0.000106449
0.000105698
0.000103675
0.000102009
0.000100116
9.79258e-05
9.52475e-05
9.15812e-05
8.63993e-05
7.95148e-05
7.1491e-05
6.35515e-05
5.63945e-05
4.84591e-05
6.96674e-05
7.52188e-05
8.1112e-05
8.58259e-05
8.97366e-05
9.25936e-05
9.41946e-05
9.38853e-05
9.2583e-05
9.14655e-05
9.00393e-05
8.81623e-05
8.5456e-05
8.10838e-05
7.43381e-05
6.57716e-05
5.75468e-05
5.17741e-05
4.84591e-05
4.52309e-05
)
;
    }
    fixedWalls
    {
        type            compressible::alphatWallFunction;
        Prt             0.85;
        value           nonuniform List<scalar> 
800
(
5.39882e-05
5.72252e-05
5.99253e-05
6.26209e-05
6.57458e-05
6.942e-05
7.35331e-05
7.79456e-05
8.2552e-05
8.71697e-05
5.31393e-05
5.75626e-05
6.18536e-05
6.53926e-05
6.91755e-05
7.39405e-05
7.96927e-05
8.58598e-05
9.21687e-05
9.72387e-05
4.99557e-05
5.24962e-05
5.70182e-05
6.21059e-05
6.79734e-05
7.53007e-05
8.36768e-05
9.18824e-05
9.95935e-05
0.000104095
4.58922e-05
4.63999e-05
4.98946e-05
5.65298e-05
6.49981e-05
7.56741e-05
8.6946e-05
9.6898e-05
0.000105423
0.000108673
4.19393e-05
4.30219e-05
4.61717e-05
5.14293e-05
6.27138e-05
7.68537e-05
9.02e-05
0.000101274
0.000109987
0.000111897
4.541e-05
4.67302e-05
4.76055e-05
5.07113e-05
6.10203e-05
7.85697e-05
9.32012e-05
0.000104796
0.000113287
0.000114167
5.01739e-05
5.16309e-05
5.11154e-05
5.2288e-05
6.09675e-05
8.00248e-05
9.50638e-05
0.000107169
0.000115613
0.000115748
5.23104e-05
5.46662e-05
5.36815e-05
5.414e-05
6.3572e-05
8.20301e-05
9.63674e-05
0.000108064
0.000116135
0.000116601
5.31261e-05
5.70164e-05
5.60438e-05
5.69848e-05
6.85846e-05
8.46548e-05
9.77021e-05
0.000108352
0.000115559
0.000116224
5.31592e-05
5.8795e-05
6.05606e-05
6.28708e-05
7.34928e-05
8.71091e-05
9.85817e-05
0.000108094
0.000114603
0.000115405
5.24482e-05
5.96136e-05
6.47711e-05
6.89671e-05
7.76745e-05
8.88742e-05
9.88129e-05
0.000107334
0.000113337
0.000114229
5.08191e-05
5.8328e-05
6.57537e-05
7.27512e-05
8.03355e-05
8.96622e-05
9.83885e-05
0.000106153
0.000111831
0.000112769
4.88123e-05
5.52013e-05
6.24789e-05
7.16625e-05
8.04104e-05
8.91219e-05
9.72308e-05
0.000104507
0.000110049
0.000111049
4.7123e-05
5.23642e-05
5.77413e-05
6.5792e-05
7.70129e-05
8.67677e-05
9.5083e-05
0.000102184
0.000107817
0.00010902
4.57494e-05
5.04205e-05
5.46154e-05
6.03136e-05
7.09433e-05
8.23606e-05
9.16183e-05
9.88943e-05
0.000104825
0.000106539
4.46471e-05
4.89193e-05
5.25174e-05
5.66716e-05
6.46605e-05
7.62595e-05
8.6634e-05
9.45654e-05
0.000100717
0.000103352
4.39439e-05
4.78497e-05
5.10743e-05
5.43545e-05
5.99173e-05
6.95755e-05
8.01325e-05
8.8734e-05
9.51752e-05
9.90398e-05
4.38128e-05
4.74534e-05
5.04391e-05
5.31499e-05
5.69192e-05
6.36896e-05
7.26881e-05
8.11885e-05
8.78664e-05
9.28917e-05
4.43708e-05
4.79335e-05
5.0744e-05
5.30615e-05
5.55411e-05
5.94688e-05
6.53891e-05
7.21164e-05
7.82823e-05
8.36448e-05
4.55063e-05
4.86614e-05
5.04374e-05
5.17121e-05
5.31533e-05
5.52141e-05
5.81127e-05
6.1714e-05
6.56167e-05
6.95877e-05
4.55063e-05
4.86614e-05
5.04374e-05
5.17121e-05
5.31533e-05
5.52141e-05
5.81127e-05
6.1714e-05
6.56167e-05
6.95877e-05
4.40427e-05
4.87166e-05
5.29476e-05
5.61107e-05
5.84563e-05
6.07165e-05
6.32559e-05
6.64621e-05
7.06308e-05
7.5133e-05
4.32709e-05
4.67774e-05
4.98644e-05
5.34753e-05
5.74276e-05
6.13008e-05
6.54785e-05
7.03762e-05
7.59964e-05
8.10194e-05
4.64268e-05
4.94053e-05
5.02282e-05
5.21065e-05
5.58648e-05
6.06184e-05
6.61776e-05
7.2975e-05
8.04955e-05
8.57277e-05
5.06782e-05
5.24494e-05
5.19159e-05
5.24863e-05
5.56729e-05
6.0801e-05
6.75457e-05
7.57996e-05
8.47952e-05
8.96336e-05
5.32752e-05
5.41178e-05
5.28573e-05
5.3299e-05
5.65169e-05
6.20422e-05
6.96771e-05
7.88383e-05
8.84083e-05
9.2487e-05
5.47584e-05
5.51414e-05
5.40377e-05
5.47265e-05
5.81466e-05
6.40194e-05
7.20484e-05
8.13963e-05
9.07191e-05
9.40859e-05
5.56758e-05
5.65365e-05
5.61833e-05
5.70986e-05
6.04884e-05
6.63128e-05
7.40366e-05
8.28029e-05
9.1155e-05
9.37768e-05
5.64894e-05
5.8525e-05
5.91124e-05
6.03115e-05
6.34125e-05
6.86703e-05
7.55431e-05
8.33595e-05
9.0509e-05
9.2476e-05
5.71069e-05
6.06141e-05
6.22452e-05
6.39421e-05
6.65995e-05
7.09322e-05
7.67404e-05
8.35014e-05
8.96526e-05
9.13598e-05
5.65595e-05
6.15645e-05
6.40623e-05
6.63444e-05
6.89589e-05
7.24867e-05
7.7303e-05
8.29473e-05
8.82803e-05
8.99352e-05
5.22738e-05
5.91809e-05
6.25408e-05
6.49683e-05
6.78293e-05
7.13592e-05
7.58167e-05
8.1058e-05
8.61312e-05
8.80605e-05
4.85267e-05
5.39808e-05
5.82221e-05
5.97711e-05
6.11469e-05
6.4776e-05
7.01105e-05
7.62914e-05
8.24209e-05
8.53576e-05
4.65442e-05
5.08898e-05
5.47747e-05
5.71053e-05
5.79671e-05
5.9015e-05
6.24814e-05
6.84941e-05
7.59876e-05
8.09908e-05
4.47048e-05
4.86092e-05
5.21176e-05
5.46638e-05
5.61215e-05
5.64865e-05
5.71944e-05
6.05289e-05
6.72491e-05
7.42531e-05
4.3273e-05
4.69021e-05
5.01821e-05
5.27083e-05
5.43505e-05
5.5009e-05
5.48905e-05
5.54387e-05
5.90723e-05
6.56965e-05
4.27523e-05
4.61103e-05
4.91605e-05
5.15788e-05
5.3347e-05
5.44256e-05
5.44862e-05
5.38748e-05
5.43996e-05
5.74808e-05
4.34574e-05
4.67539e-05
4.9657e-05
5.19039e-05
5.3632e-05
5.49088e-05
5.48973e-05
5.3855e-05
5.24826e-05
5.17146e-05
4.50604e-05
4.86848e-05
5.16687e-05
5.37186e-05
5.48841e-05
5.50862e-05
5.43399e-05
5.29033e-05
5.09286e-05
4.84034e-05
4.63994e-05
4.89264e-05
5.00146e-05
5.03358e-05
5.03011e-05
4.99124e-05
4.9131e-05
4.80246e-05
4.66806e-05
4.51787e-05
5.39882e-05
5.72252e-05
5.99253e-05
6.26209e-05
6.57458e-05
6.942e-05
7.35331e-05
7.79456e-05
8.2552e-05
8.71697e-05
5.31393e-05
5.75626e-05
6.18536e-05
6.53926e-05
6.91755e-05
7.39405e-05
7.96927e-05
8.58598e-05
9.21687e-05
9.72387e-05
4.99557e-05
5.24962e-05
5.70182e-05
6.21059e-05
6.79734e-05
7.53007e-05
8.36768e-05
9.18824e-05
9.95935e-05
0.000104095
4.58922e-05
4.63999e-05
4.98946e-05
5.65298e-05
6.49981e-05
7.56741e-05
8.6946e-05
9.6898e-05
0.000105423
0.000108673
4.19393e-05
4.30219e-05
4.61717e-05
5.14293e-05
6.27138e-05
7.68537e-05
9.02e-05
0.000101274
0.000109987
0.000111897
4.541e-05
4.67302e-05
4.76055e-05
5.07113e-05
6.10203e-05
7.85697e-05
9.32012e-05
0.000104796
0.000113287
0.000114167
5.01739e-05
5.16309e-05
5.11154e-05
5.2288e-05
6.09675e-05
8.00248e-05
9.50638e-05
0.000107169
0.000115613
0.000115748
5.23104e-05
5.46662e-05
5.36815e-05
5.414e-05
6.3572e-05
8.20301e-05
9.63674e-05
0.000108064
0.000116135
0.000116601
5.31261e-05
5.70164e-05
5.60438e-05
5.69848e-05
6.85846e-05
8.46548e-05
9.77021e-05
0.000108352
0.000115559
0.000116224
5.31592e-05
5.8795e-05
6.05606e-05
6.28708e-05
7.34928e-05
8.71091e-05
9.85817e-05
0.000108094
0.000114603
0.000115405
5.24482e-05
5.96136e-05
6.47711e-05
6.89671e-05
7.76745e-05
8.88742e-05
9.88129e-05
0.000107334
0.000113337
0.000114229
5.08191e-05
5.8328e-05
6.57537e-05
7.27512e-05
8.03355e-05
8.96622e-05
9.83885e-05
0.000106153
0.000111831
0.000112769
4.88123e-05
5.52013e-05
6.24789e-05
7.16625e-05
8.04104e-05
8.91219e-05
9.72308e-05
0.000104507
0.000110049
0.000111049
4.7123e-05
5.23642e-05
5.77413e-05
6.5792e-05
7.70129e-05
8.67677e-05
9.5083e-05
0.000102184
0.000107817
0.00010902
4.57494e-05
5.04205e-05
5.46154e-05
6.03136e-05
7.09433e-05
8.23606e-05
9.16183e-05
9.88943e-05
0.000104825
0.000106539
4.46471e-05
4.89193e-05
5.25174e-05
5.66716e-05
6.46605e-05
7.62595e-05
8.6634e-05
9.45654e-05
0.000100717
0.000103352
4.39439e-05
4.78497e-05
5.10743e-05
5.43545e-05
5.99173e-05
6.95755e-05
8.01325e-05
8.8734e-05
9.51752e-05
9.90398e-05
4.38128e-05
4.74534e-05
5.04391e-05
5.31499e-05
5.69192e-05
6.36896e-05
7.26881e-05
8.11885e-05
8.78664e-05
9.28917e-05
4.43708e-05
4.79335e-05
5.0744e-05
5.30615e-05
5.55411e-05
5.94688e-05
6.53891e-05
7.21164e-05
7.82823e-05
8.36448e-05
4.55063e-05
4.86614e-05
5.04374e-05
5.17121e-05
5.31533e-05
5.52141e-05
5.81127e-05
6.1714e-05
6.56167e-05
6.95877e-05
4.55063e-05
4.86614e-05
5.04374e-05
5.17121e-05
5.31533e-05
5.52141e-05
5.81127e-05
6.1714e-05
6.56167e-05
6.95877e-05
4.40427e-05
4.87166e-05
5.29476e-05
5.61107e-05
5.84563e-05
6.07165e-05
6.32559e-05
6.64621e-05
7.06308e-05
7.5133e-05
4.32709e-05
4.67774e-05
4.98644e-05
5.34753e-05
5.74276e-05
6.13008e-05
6.54785e-05
7.03762e-05
7.59964e-05
8.10194e-05
4.64268e-05
4.94053e-05
5.02282e-05
5.21065e-05
5.58648e-05
6.06184e-05
6.61776e-05
7.2975e-05
8.04955e-05
8.57277e-05
5.06782e-05
5.24494e-05
5.19159e-05
5.24863e-05
5.56729e-05
6.0801e-05
6.75457e-05
7.57996e-05
8.47952e-05
8.96336e-05
5.32752e-05
5.41178e-05
5.28573e-05
5.3299e-05
5.65169e-05
6.20422e-05
6.96771e-05
7.88383e-05
8.84083e-05
9.2487e-05
5.47584e-05
5.51414e-05
5.40377e-05
5.47265e-05
5.81466e-05
6.40194e-05
7.20484e-05
8.13963e-05
9.07191e-05
9.40859e-05
5.56758e-05
5.65365e-05
5.61833e-05
5.70986e-05
6.04884e-05
6.63128e-05
7.40366e-05
8.28029e-05
9.1155e-05
9.37768e-05
5.64894e-05
5.8525e-05
5.91124e-05
6.03115e-05
6.34125e-05
6.86703e-05
7.55431e-05
8.33595e-05
9.0509e-05
9.2476e-05
5.71069e-05
6.06141e-05
6.22452e-05
6.39421e-05
6.65995e-05
7.09322e-05
7.67404e-05
8.35014e-05
8.96526e-05
9.13598e-05
5.65595e-05
6.15645e-05
6.40623e-05
6.63444e-05
6.89589e-05
7.24867e-05
7.7303e-05
8.29473e-05
8.82803e-05
8.99352e-05
5.22738e-05
5.91809e-05
6.25408e-05
6.49683e-05
6.78293e-05
7.13592e-05
7.58167e-05
8.1058e-05
8.61312e-05
8.80605e-05
4.85267e-05
5.39808e-05
5.82221e-05
5.97711e-05
6.11469e-05
6.4776e-05
7.01105e-05
7.62914e-05
8.24209e-05
8.53576e-05
4.65442e-05
5.08898e-05
5.47747e-05
5.71053e-05
5.79671e-05
5.9015e-05
6.24814e-05
6.84941e-05
7.59876e-05
8.09908e-05
4.47048e-05
4.86092e-05
5.21176e-05
5.46638e-05
5.61215e-05
5.64865e-05
5.71944e-05
6.05289e-05
6.72491e-05
7.42531e-05
4.3273e-05
4.69021e-05
5.01821e-05
5.27083e-05
5.43505e-05
5.5009e-05
5.48905e-05
5.54387e-05
5.90723e-05
6.56965e-05
4.27523e-05
4.61103e-05
4.91605e-05
5.15788e-05
5.3347e-05
5.44256e-05
5.44862e-05
5.38748e-05
5.43996e-05
5.74808e-05
4.34574e-05
4.67539e-05
4.9657e-05
5.19039e-05
5.3632e-05
5.49088e-05
5.48973e-05
5.3855e-05
5.24826e-05
5.17146e-05
4.50604e-05
4.86848e-05
5.16687e-05
5.37186e-05
5.48841e-05
5.50862e-05
5.43399e-05
5.29033e-05
5.09286e-05
4.84034e-05
4.63994e-05
4.89264e-05
5.00146e-05
5.03358e-05
5.03011e-05
4.99124e-05
4.9131e-05
4.80246e-05
4.66806e-05
4.51787e-05
)
;
    }
}


// ************************************************************************* //
