/*--------------------------------*- C++ -*----------------------------------*\
  =========                 |
  \\      /  F ield         | OpenFOAM: The Open Source CFD Toolbox
   \\    /   O peration     | Website:  https://openfoam.org
    \\  /    A nd           | Version:  8
     \\/     M anipulation  |
\*---------------------------------------------------------------------------*/
FoamFile
{
    version     2.0;
    format      ascii;
    class       volScalarField;
    location    "400";
    object      nut;
}
// * * * * * * * * * * * * * * * * * * * * * * * * * * * * * * * * * * * * * //

dimensions      [0 2 -1 0 0 0 0];

internalField   nonuniform List<scalar> 
4000
(
0.000386977
0.000380391
0.000357854
0.000329537
0.000300119
0.000316498
0.000349374
0.000363853
0.000369211
0.000368988
0.000364313
0.000353945
0.000341081
0.000330038
0.000321319
0.00031487
0.000311614
0.000312545
0.000318013
0.000326762
0.00041244
0.00041248
0.00037554
0.000331111
0.000304434
0.000324301
0.000358111
0.000378872
0.000394946
0.000406974
0.000412217
0.000404051
0.000383912
0.000364947
0.00035207
0.000342713
0.000336924
0.000336209
0.000341449
0.000347779
0.000434565
0.00044407
0.000407651
0.000354465
0.000324829
0.000331111
0.000354451
0.000372306
0.000387679
0.000417632
0.000447367
0.000455744
0.000435681
0.000403662
0.000381877
0.000367863
0.000359167
0.000356589
0.000360541
0.000360418
0.000456582
0.000471646
0.000445794
0.000401774
0.000361096
0.000352808
0.000362474
0.000375314
0.000392867
0.000433199
0.000475756
0.000504142
0.000501808
0.000464736
0.000426882
0.000400867
0.000384808
0.000377188
0.000377599
0.000370859
0.00048092
0.000501649
0.000491776
0.000466854
0.000446789
0.000430547
0.00042615
0.000441738
0.000476685
0.000511461
0.000540774
0.000560012
0.000563117
0.00054497
0.00050823
0.000465978
0.000431817
0.000409624
0.000399221
0.000383909
0.000507832
0.00053732
0.000546595
0.000547686
0.000552157
0.000559791
0.000566247
0.000577793
0.000594777
0.000611159
0.000623104
0.000628736
0.000626227
0.000613065
0.00058773
0.00055099
0.000507686
0.000466372
0.000434294
0.000402577
0.000536193
0.000577233
0.000604523
0.000625875
0.000645464
0.000662195
0.000672217
0.000679128
0.000687297
0.000692946
0.000694451
0.000691702
0.00068443
0.000671384
0.000650758
0.000621235
0.000581772
0.000533806
0.000482308
0.000427436
0.000565033
0.000617718
0.000658382
0.000691558
0.000719648
0.000741758
0.000756137
0.000761033
0.000762391
0.000760405
0.000755136
0.000747135
0.000736219
0.000721238
0.000700468
0.000673645
0.000638019
0.000590884
0.000530639
0.000455597
0.000594048
0.000658011
0.000708054
0.000746917
0.000776928
0.000798599
0.000813908
0.000817017
0.000812824
0.000806229
0.000797511
0.000787167
0.000775042
0.000760173
0.000740735
0.000714509
0.000679421
0.000632981
0.000570786
0.000483225
0.000622452
0.000688524
0.00073437
0.000765173
0.00078702
0.000802554
0.000813548
0.000819636
0.000817386
0.000811877
0.000803734
0.000793545
0.000781569
0.000767601
0.000750837
0.000729796
0.00070202
0.000663088
0.000603858
0.000509337
0.000380391
0.000395595
0.000364054
0.000330707
0.000305291
0.000330183
0.000378954
0.000398659
0.000405951
0.000406329
0.000403077
0.000392984
0.000378985
0.000365491
0.000353396
0.000342443
0.000333109
0.000326857
0.000324324
0.000316896
0.00041248
0.000788146
0.00071833
0.00059905
0.000552978
0.000601627
0.000737723
0.000833735
0.000903127
0.00095787
0.000983534
0.000995556
0.000994224
0.000971385
0.000922612
0.000855464
0.000774561
0.000683536
0.000575705
0.000350559
0.00044407
0.00112033
0.00115838
0.000958458
0.000843064
0.000831207
0.000928872
0.00105916
0.00111896
0.00111683
0.00112182
0.00114177
0.00118149
0.00123792
0.00124851
0.00119673
0.00109919
0.000969991
0.000796568
0.000380447
0.000471646
0.00119028
0.00137012
0.00129577
0.00115071
0.00108608
0.00110977
0.00118961
0.00124613
0.00123897
0.00120865
0.00119509
0.00118469
0.00123917
0.0013302
0.00136041
0.00130479
0.00117053
0.000952795
0.000401794
0.000501649
0.00106774
0.0013113
0.00138516
0.00133834
0.00127915
0.0012627
0.00127595
0.00128298
0.00128514
0.00131183
0.00132427
0.00125499
0.00118529
0.00122484
0.00129281
0.00129668
0.00119971
0.000995718
0.000418024
0.00053732
0.000922202
0.00113761
0.0012899
0.00137469
0.00139953
0.00140594
0.00141404
0.00142271
0.00144105
0.00148651
0.00152183
0.00147037
0.00132194
0.00119809
0.00115896
0.00113968
0.00106857
0.000911614
0.000435264
0.000577233
0.000871992
0.00105685
0.00125319
0.00146158
0.00163276
0.00172112
0.00178509
0.00185035
0.00191243
0.0019374
0.00190954
0.00180808
0.00162275
0.00139977
0.00120367
0.00105807
0.000938071
0.000801675
0.000455699
0.000617718
0.000916114
0.00113879
0.00141304
0.00175004
0.00207873
0.00228588
0.00238048
0.00238535
0.00232793
0.00224031
0.0021388
0.00201569
0.00185398
0.00165584
0.00138851
0.00113344
0.000928303
0.000759093
0.000481748
0.000658011
0.000965615
0.00124083
0.00154026
0.00181811
0.0020433
0.00225486
0.00234017
0.00225133
0.00213499
0.00202653
0.00193091
0.00183894
0.00173177
0.00158384
0.00138523
0.00115667
0.000945782
0.000757191
0.000513257
0.000688524
0.000751669
0.000798741
0.000832344
0.000857675
0.000876642
0.000890712
0.000898536
0.000896075
0.000887344
0.000874786
0.000859952
0.000843569
0.000825486
0.000804647
0.000779294
0.000746911
0.000703756
0.000641295
0.000544192
0.000357854
0.000364054
0.000342252
0.000319588
0.000307206
0.000337847
0.000399255
0.000423204
0.000430624
0.00042851
0.000420405
0.000409164
0.000395595
0.000382583
0.000370268
0.000357858
0.000345138
0.000332554
0.000320461
0.0003061
0.00037554
0.00071833
0.000709193
0.000685671
0.000676536
0.000717242
0.00090968
0.00108429
0.00120994
0.00129861
0.00134802
0.00134697
0.00129922
0.00121083
0.00111498
0.001025
0.000925245
0.00079335
0.000609108
0.000330503
0.000407651
0.00115838
0.00123429
0.00115433
0.00110024
0.0010845
0.0012295
0.00148469
0.00162471
0.00165098
0.00165915
0.00169526
0.00175356
0.00177835
0.00170925
0.00156336
0.00136622
0.0011208
0.000810995
0.000355149
0.000445794
0.00137012
0.00168334
0.00165084
0.00157051
0.00151061
0.00155605
0.0017324
0.00188766
0.00189229
0.00180887
0.00176052
0.00179826
0.00191748
0.0019911
0.00192245
0.00172009
0.00141463
0.00101026
0.000384757
0.000491776
0.0013113
0.00178402
0.00194931
0.00193775
0.00189947
0.00189911
0.00197131
0.00205111
0.0020726
0.00204123
0.00191023
0.00177209
0.00178211
0.00191039
0.00196827
0.00185736
0.00157434
0.00113513
0.000414909
0.000546595
0.00113761
0.00161269
0.0019322
0.00207072
0.00213357
0.00216996
0.00220751
0.00223846
0.00224877
0.00224446
0.0021903
0.00200531
0.00176404
0.00170026
0.0017374
0.0016923
0.0014855
0.00111163
0.000443205
0.000604523
0.00105685
0.0014539
0.00183818
0.00216867
0.00239616
0.00252167
0.00258921
0.00262761
0.00264389
0.0026353
0.00257911
0.00242274
0.0021355
0.00181755
0.00160698
0.00145807
0.00127066
0.000991158
0.000473905
0.000658382
0.00113879
0.00157568
0.00209063
0.00260156
0.00286812
0.00299438
0.00305806
0.00308861
0.00308145
0.00304047
0.00296737
0.00284182
0.00263365
0.00228995
0.00188139
0.00150701
0.00119567
0.00091453
0.000509597
0.000708054
0.00124083
0.00178095
0.00230531
0.00265423
0.00281015
0.00289891
0.00292352
0.00291346
0.00287728
0.00282361
0.00276349
0.00269101
0.00258313
0.00237507
0.00205288
0.00164993
0.00124931
0.000909402
0.000550282
0.00073437
0.000798741
0.000846756
0.000881995
0.000909903
0.000931773
0.000948706
0.000959216
0.000958201
0.000947051
0.000931071
0.00091295
0.000893774
0.000873241
0.000850001
0.000822197
0.00078702
0.000741629
0.000678889
0.000583456
0.000329537
0.000330707
0.000319588
0.000309892
0.000309888
0.000341303
0.000412169
0.00044188
0.000451535
0.000451104
0.000445377
0.000437397
0.000429279
0.000421454
0.000412738
0.000399829
0.000382877
0.000362956
0.000341798
0.000321865
0.000331111
0.00059905
0.000685671
0.000727599
0.0007318
0.000765495
0.000992172
0.00122442
0.00138117
0.00147466
0.00151201
0.00148457
0.00139809
0.00128649
0.00118853
0.00110785
0.00101589
0.000884728
0.000679794
0.000341992
0.000354465
0.000958458
0.00115433
0.00121324
0.00120619
0.00119914
0.00140437
0.00175825
0.00197535
0.00204311
0.00206304
0.0020903
0.00210183
0.00204879
0.00191707
0.00173383
0.0015087
0.00122582
0.000858161
0.000349646
0.000401774
0.00129577
0.00165084
0.00175231
0.00174627
0.00170309
0.00180533
0.00210107
0.00236273
0.00239387
0.00231168
0.00226935
0.00231574
0.00238747
0.00236697
0.00220431
0.00191747
0.00153278
0.00103031
0.000369202
0.000466854
0.00138516
0.00194931
0.00218023
0.00224109
0.00222096
0.00225453
0.00243079
0.00263157
0.00269274
0.00257995
0.00239174
0.00229158
0.00234376
0.00243281
0.0023934
0.00215905
0.00174
0.00116663
0.000402106
0.000547686
0.0012899
0.0019322
0.00234301
0.00255646
0.00263671
0.00267762
0.00277742
0.0028999
0.00294751
0.0028843
0.00271444
0.00243512
0.0022435
0.00222818
0.00223006
0.00206297
0.00169407
0.00116329
0.000439968
0.000625875
0.00125319
0.00183818
0.0024097
0.00281014
0.00300239
0.00307054
0.00314905
0.00323789
0.0032792
0.00324705
0.00312829
0.00289517
0.0025525
0.00221999
0.00199908
0.00179557
0.0014859
0.00106722
0.000481838
0.000691558
0.00141304
0.00209063
0.00273425
0.00313703
0.00330594
0.00335086
0.00341653
0.00350219
0.00354866
0.00353602
0.00346575
0.00332306
0.00306835
0.00270785
0.00228271
0.00183838
0.00142718
0.00102708
0.000530896
0.000746917
0.00154026
0.00230531
0.00274577
0.00297797
0.0030962
0.00315348
0.00319457
0.00322657
0.00322438
0.00319359
0.00315102
0.00308841
0.00297753
0.00279718
0.0025428
0.00210715
0.00155608
0.00105588
0.000582818
0.000765173
0.000832344
0.000881995
0.000920085
0.000949684
0.000973127
0.000992863
0.00100799
0.00101145
0.000998346
0.000979001
0.00095793
0.000936657
0.000914613
0.00088972
0.000858941
0.000820304
0.000772623
0.000709049
0.000614913
0.000300119
0.000305291
0.000307206
0.000309888
0.000317225
0.000348075
0.000420821
0.000458187
0.000471694
0.000475709
0.000476129
0.000475536
0.000474645
0.000469298
0.00045778
0.00044276
0.000424645
0.000403382
0.000378869
0.000351682
0.000304434
0.000552978
0.000676536
0.0007318
0.000736824
0.000786321
0.00104532
0.00132143
0.00150055
0.00159151
0.00161965
0.00159272
0.00152491
0.00144617
0.00137402
0.00128141
0.00115959
0.000991034
0.000742148
0.000362713
0.000324829
0.000843064
0.00110024
0.00120619
0.00121317
0.00124146
0.00153383
0.00195812
0.00223763
0.00234378
0.00236715
0.0023697
0.00234125
0.00225648
0.00211614
0.00192826
0.00168601
0.0013614
0.000926658
0.000358799
0.000361096
0.00115071
0.00157051
0.00174627
0.00176457
0.0017472
0.00195923
0.0023994
0.00272937
0.00281097
0.00274967
0.00270136
0.00271038
0.00270926
0.00261664
0.00240536
0.00208017
0.00164253
0.00108134
0.000367767
0.000446789
0.00133834
0.00193775
0.00224109
0.00232066
0.00228679
0.0024056
0.0027473
0.00307328
0.00316527
0.00302798
0.00284158
0.0027608
0.00278214
0.00278108
0.00264254
0.00232908
0.00184306
0.00119347
0.000397537
0.000552157
0.00137469
0.00207072
0.00255646
0.00276741
0.00277379
0.00282717
0.00307894
0.00334725
0.00345192
0.0033452
0.00309249
0.00283445
0.00269408
0.00265152
0.00255664
0.00227976
0.00179453
0.00117878
0.000440715
0.000645464
0.00146158
0.00216867
0.00281014
0.00312844
0.00315796
0.00316599
0.00335456
0.00359257
0.00370906
0.00367012
0.00350037
0.00322707
0.00288898
0.00258619
0.00233993
0.00203036
0.00160445
0.0010999
0.00049279
0.000719648
0.00175004
0.00260156
0.00313703
0.00339061
0.00342436
0.00342775
0.00356578
0.00376216
0.00387454
0.00387776
0.00379622
0.00362631
0.00335194
0.00299321
0.00257383
0.00210257
0.00160636
0.00111157
0.000552111
0.000776928
0.00181811
0.00265423
0.00297797
0.00315208
0.00322896
0.00328973
0.00338344
0.00347796
0.00349196
0.00345561
0.00341047
0.00334458
0.00322727
0.00304023
0.00278221
0.00242158
0.00180492
0.00118694
0.000612615
0.00078702
0.000857675
0.000909903
0.000949684
0.000980696
0.00100769
0.00103338
0.00105602
0.0010663
0.00104878
0.00102277
0.000996006
0.000970474
0.000945438
0.000918613
0.000886575
0.000844901
0.000795733
0.000731895
0.00064009
0.000316498
0.000330183
0.000337847
0.000341303
0.000348075
0.000372024
0.000435176
0.000477723
0.000497048
0.000507176
0.000514156
0.000518574
0.000515116
0.000504431
0.000490299
0.000474063
0.000455338
0.000432923
0.000405113
0.000369835
0.000324301
0.000601627
0.000717242
0.000765495
0.000786321
0.000847089
0.00109467
0.00141193
0.00164243
0.00176037
0.00180751
0.00180958
0.00178341
0.00173576
0.00163819
0.00150489
0.00133564
0.00111508
0.000806587
0.000374409
0.000331111
0.000831207
0.0010845
0.00119914
0.00124146
0.00131949
0.00164299
0.00211218
0.0024671
0.00263526
0.00267502
0.0026608
0.00261838
0.00253278
0.0023897
0.00218398
0.00189131
0.00150155
0.000998502
0.000365865
0.000352808
0.00108608
0.00151061
0.00170309
0.0017472
0.0017886
0.00210168
0.00262646
0.00302878
0.00319611
0.00317834
0.00310487
0.00305563
0.0029931
0.0028552
0.00261259
0.00225355
0.00176992
0.00114497
0.000373062
0.000430547
0.00127915
0.00189947
0.00222096
0.00228679
0.00226967
0.00250951
0.00301072
0.00343411
0.00358242
0.00349007
0.00330112
0.00318015
0.00312659
0.00303634
0.00282302
0.00245371
0.00191749
0.00121631
0.000402208
0.000559791
0.00139953
0.00213357
0.00263671
0.00277379
0.0027201
0.00286926
0.00329858
0.00371762
0.00386994
0.00376103
0.00349061
0.00323157
0.00307324
0.00295851
0.00276322
0.00239854
0.001837
0.0011781
0.000448844
0.000662195
0.00163276
0.00239616
0.00300239
0.00315796
0.00309232
0.00316991
0.00350004
0.00389729
0.00408121
0.00402486
0.00381076
0.00350116
0.00317665
0.00288528
0.00258392
0.0021798
0.00166695
0.00111852
0.00050757
0.000741758
0.00207873
0.00286812
0.00330594
0.00342436
0.0034036
0.00346148
0.00368837
0.0040183
0.00417602
0.00415018
0.00403143
0.00382449
0.00353838
0.00318721
0.00277585
0.00229673
0.001738
0.00117918
0.000572683
0.000798599
0.0020433
0.00281015
0.0030962
0.00322896
0.00331219
0.00342434
0.00358158
0.00376039
0.00376658
0.00366627
0.00357692
0.00348729
0.0033592
0.00316829
0.00290774
0.00257151
0.00197336
0.00129057
0.000636198
0.000802554
0.000876642
0.000931773
0.000973127
0.00100769
0.00104168
0.00107649
0.00110808
0.00112837
0.00110406
0.00106644
0.00102976
0.000996811
0.000966511
0.000936285
0.000902451
0.000860508
0.000809911
0.000746361
0.000657596
0.000349374
0.000378954
0.000399255
0.000412169
0.000420821
0.000435176
0.000461871
0.000507056
0.000534992
0.00055048
0.000558373
0.000558796
0.000547882
0.000532074
0.000515741
0.000499187
0.000480585
0.00045733
0.000426415
0.00038045
0.000358111
0.000737723
0.00090968
0.000992172
0.00104532
0.00109467
0.00113241
0.00143379
0.00179104
0.00201922
0.00215444
0.00220433
0.00218059
0.00206674
0.0019085
0.0017262
0.0015166
0.00125585
0.000884757
0.00038239
0.000354451
0.000928872
0.0012295
0.00140437
0.00153383
0.00164299
0.00170997
0.00210058
0.00263418
0.00293538
0.00305856
0.00306423
0.00300294
0.00288382
0.0027005
0.00242881
0.00207256
0.00162762
0.00106351
0.000375577
0.000362474
0.00110977
0.00155605
0.00180533
0.00195923
0.00210168
0.00220056
0.00260433
0.00320708
0.00355285
0.00361472
0.00354304
0.00343042
0.0032982
0.00310433
0.00281241
0.00240773
0.00187468
0.00119165
0.000384117
0.00042615
0.0012627
0.00189911
0.00225453
0.0024056
0.00250951
0.00261595
0.00299474
0.00362136
0.00397689
0.00396163
0.00378422
0.00359066
0.00343522
0.00325232
0.00296762
0.00254321
0.00195338
0.00122215
0.000414051
0.000566247
0.00140594
0.00216996
0.00267762
0.00282717
0.00286926
0.00295741
0.00328506
0.00389823
0.00426374
0.00420125
0.00394323
0.00364171
0.00340278
0.00318843
0.00289637
0.00245477
0.00184272
0.00116737
0.000462372
0.000672217
0.00172112
0.00252167
0.00307054
0.00316599
0.00316991
0.00324278
0.00350574
0.00406283
0.00444107
0.00439387
0.00414856
0.00379971
0.00344591
0.00311499
0.00274728
0.00226978
0.00170105
0.00113389
0.00052288
0.000756137
0.00228588
0.00299438
0.00335086
0.00342775
0.00346148
0.00355302
0.0037567
0.00420899
0.00452775
0.00444215
0.00424538
0.00398596
0.00367169
0.00331357
0.00290193
0.00241862
0.00182926
0.0012335
0.000588417
0.000813908
0.00225486
0.00289891
0.00315348
0.00328973
0.00342434
0.00359289
0.00377907
0.00406212
0.00412304
0.00390408
0.00370753
0.00355825
0.00340236
0.00319983
0.00293548
0.00260773
0.00206218
0.00135726
0.000649866
0.000813548
0.000890712
0.000948706
0.000992863
0.00103338
0.00107649
0.00112142
0.00116123
0.00119503
0.00116737
0.00111351
0.00106217
0.00101833
0.000980198
0.000944595
0.000907734
0.000865111
0.000813956
0.000751621
0.000666557
0.000363853
0.000398659
0.000423204
0.00044188
0.000458187
0.000477723
0.000507056
0.000536094
0.000573503
0.00059391
0.000599172
0.00059229
0.000575711
0.000555264
0.000537741
0.000522011
0.000504458
0.000480738
0.000445007
0.000387564
0.000378872
0.000833735
0.00108429
0.00122442
0.00132143
0.00141193
0.00143379
0.00123577
0.00151358
0.00193669
0.00232855
0.00258405
0.00248148
0.0022945
0.0020829
0.00186774
0.0016338
0.00134405
0.000948032
0.000393582
0.000372306
0.00105916
0.00148469
0.00175825
0.00195812
0.00211218
0.00210058
0.00179379
0.00214562
0.00280235
0.00331387
0.00349361
0.00340527
0.00319917
0.00290924
0.00255012
0.00214411
0.00167521
0.00110093
0.000392329
0.000375314
0.00118961
0.0017324
0.00210107
0.0023994
0.00262646
0.00260433
0.00228305
0.00267465
0.0034797
0.00396203
0.00397218
0.00381779
0.00359575
0.00330923
0.00293952
0.00246728
0.00189507
0.00120146
0.000401942
0.000441738
0.00127595
0.00197131
0.00243079
0.0027473
0.00301072
0.00299474
0.00270511
0.00312346
0.00400555
0.00438966
0.00423161
0.00398601
0.0037242
0.00343434
0.0030652
0.00257561
0.00194552
0.00121114
0.000431145
0.000577793
0.00141404
0.00220751
0.00277742
0.00307894
0.00329858
0.00328506
0.00305777
0.00348943
0.00437819
0.00464825
0.00437583
0.0040397
0.0037032
0.0033745
0.00298527
0.002476
0.00183192
0.00115862
0.000477636
0.000679128
0.00178509
0.00258921
0.00314905
0.00335456
0.00350004
0.00350574
0.0033682
0.00379082
0.00461308
0.0047858
0.00449114
0.00411904
0.00370684
0.0033033
0.00286357
0.00232962
0.0017281
0.00115409
0.000534508
0.000761033
0.00238048
0.00305806
0.00341653
0.00356578
0.00368837
0.0037567
0.00374084
0.00412065
0.00477807
0.00477205
0.00446945
0.00415068
0.0037915
0.00340479
0.00297744
0.0024872
0.00188953
0.00127475
0.000595262
0.000817017
0.00234017
0.00292352
0.00319457
0.00338344
0.00358158
0.00377907
0.0039165
0.00420727
0.00446968
0.0041844
0.00384913
0.00360973
0.00340118
0.00317287
0.00290054
0.00257564
0.00209137
0.00138458
0.00065011
0.000819636
0.000898536
0.000959216
0.00100799
0.00105602
0.00110808
0.00116123
0.00120523
0.00124462
0.0012298
0.00116105
0.00109276
0.00103589
0.000988292
0.00094587
0.000904548
0.000859871
0.000807311
0.000745267
0.000662628
0.000369211
0.000405951
0.000430624
0.000451535
0.000471694
0.000497048
0.000534992
0.000573503
0.000606369
0.000624387
0.000626972
0.000619748
0.000598675
0.000575441
0.000557265
0.000541668
0.000524077
0.000499334
0.000460404
0.000394166
0.000394946
0.000903127
0.00120994
0.00138117
0.00150055
0.00164243
0.00179104
0.00151358
0.001147
0.00140639
0.00205812
0.0026313
0.00254767
0.00236124
0.00215349
0.00194272
0.00170848
0.00141275
0.00100248
0.000409001
0.000387679
0.00111896
0.00162471
0.00197535
0.00223763
0.0024671
0.00263418
0.00214562
0.00165141
0.00217988
0.00328467
0.00371789
0.00356697
0.00326702
0.00291786
0.0025383
0.00212838
0.00166652
0.0011097
0.000414513
0.000392867
0.00124613
0.00188766
0.00236273
0.00272937
0.00302878
0.00320708
0.00267465
0.00218003
0.00296188
0.00414604
0.00427798
0.00406574
0.00375199
0.00335648
0.0029011
0.00239579
0.00183155
0.00117897
0.000425377
0.000476685
0.00128298
0.00205111
0.00263157
0.00307328
0.00343411
0.00362136
0.00312346
0.00271943
0.00367214
0.00469214
0.00457376
0.00427425
0.00393061
0.00354149
0.00308635
0.00254022
0.00190243
0.00119873
0.000451531
0.000594777
0.00142271
0.00223846
0.0028999
0.00334725
0.00371762
0.00389823
0.00348943
0.0032286
0.00423643
0.00498869
0.00471324
0.00434146
0.00393984
0.00351543
0.00304202
0.00248074
0.00182626
0.00116916
0.000492438
0.000687297
0.00185035
0.00262761
0.00323789
0.00359257
0.00389729
0.00406283
0.00379082
0.0036874
0.00462867
0.00509627
0.00476746
0.00437883
0.00393278
0.00346309
0.00295833
0.0023856
0.00176519
0.0011888
0.000542217
0.000762391
0.00238535
0.00308861
0.00350219
0.00376216
0.0040183
0.00420899
0.00412065
0.00415857
0.00490879
0.00504311
0.00466788
0.00430269
0.00390917
0.00348829
0.00303356
0.00252873
0.00192904
0.00130599
0.000596143
0.000812824
0.00225133
0.00291346
0.00322657
0.00347796
0.00376039
0.00406212
0.00420727
0.00432115
0.00467585
0.00439695
0.0039632
0.0036462
0.00339303
0.0031401
0.00285455
0.00252389
0.00207198
0.00137985
0.000643165
0.000817386
0.000896075
0.000958201
0.00101145
0.0010663
0.00112837
0.00119503
0.00124462
0.00125681
0.00126072
0.00118799
0.00110772
0.00103971
0.000983111
0.00093409
0.000888588
0.000842148
0.000789907
0.000730256
0.000652261
0.000368988
0.000406329
0.00042851
0.000451104
0.000475709
0.000507176
0.00055048
0.00059391
0.000624387
0.000645618
0.0006387
0.000628184
0.000606379
0.000584823
0.000568399
0.000554023
0.000537087
0.000512286
0.000471873
0.000399096
0.000406974
0.00095787
0.00129861
0.00147466
0.00159151
0.00176037
0.00201922
0.00193669
0.00140639
0.00126887
0.00182223
0.00259857
0.00255473
0.00238489
0.00219568
0.00199855
0.00177028
0.00147322
0.00105472
0.000424751
0.000417632
0.00111683
0.00165098
0.00204311
0.00234378
0.00263526
0.00293538
0.00280235
0.00217988
0.00212117
0.00319698
0.00370257
0.00347945
0.00318313
0.0028486
0.00248864
0.0020979
0.00165525
0.00112552
0.000437816
0.000433199
0.00123897
0.00189229
0.00239387
0.00281097
0.00319611
0.00355285
0.0034797
0.00296188
0.00309941
0.00417936
0.00428249
0.00399726
0.00362386
0.00320367
0.00275045
0.00226863
0.00174743
0.00116533
0.000451125
0.000511461
0.00128514
0.0020726
0.00269274
0.00316527
0.00358242
0.00397689
0.00400555
0.00367214
0.00397174
0.0047836
0.00464005
0.00430682
0.00392626
0.00348503
0.00298673
0.00243796
0.00183935
0.00120468
0.000472643
0.000611159
0.00144105
0.00224877
0.00294751
0.00345192
0.00386994
0.00426374
0.00437819
0.00423643
0.00461098
0.0051004
0.00481465
0.00443638
0.00401812
0.00355487
0.00304169
0.0024626
0.00183191
0.00121037
0.000505833
0.000692946
0.00191243
0.00264389
0.0032792
0.00370906
0.00408121
0.00444107
0.00461308
0.00462867
0.00499529
0.00520234
0.00486032
0.00447662
0.00404073
0.00355422
0.00302057
0.00243582
0.00181478
0.00123843
0.000547926
0.000760405
0.00232793
0.00308145
0.00354866
0.00387454
0.00417602
0.00452775
0.00477807
0.00490879
0.00519315
0.00512334
0.00473195
0.00436303
0.00397205
0.00354297
0.0030719
0.00255437
0.00195532
0.00133179
0.000594593
0.000806229
0.00213499
0.00287728
0.00322438
0.00349196
0.00376658
0.00412304
0.00446968
0.00467585
0.00475831
0.00438501
0.00396226
0.00365296
0.0033935
0.00312815
0.00282885
0.00248541
0.00203875
0.00136456
0.000635551
0.000811877
0.000887344
0.000947051
0.000998346
0.00104878
0.00110406
0.00116737
0.0012298
0.00126072
0.0012366
0.00116038
0.00108495
0.00102124
0.000966941
0.000918704
0.00087326
0.000826941
0.000775888
0.000718267
0.000643819
0.000364313
0.000403077
0.000420405
0.000445377
0.000476129
0.000514156
0.000558373
0.000599172
0.000626972
0.0006387
0.000630364
0.000620042
0.000599957
0.000581835
0.000567812
0.00055453
0.000537839
0.00051296
0.000472152
0.000394851
0.000412217
0.000983534
0.00134802
0.00151201
0.00161965
0.00180751
0.00215444
0.00232855
0.00205812
0.00182223
0.00213856
0.00258829
0.00253363
0.0023903
0.00222995
0.00205342
0.00183808
0.00154664
0.0011206
0.00043126
0.000447367
0.00112182
0.00165915
0.00206304
0.00236715
0.00267502
0.00305856
0.00331387
0.00328467
0.00319698
0.00343564
0.00352539
0.0033376
0.00309189
0.00281099
0.00249639
0.00213824
0.00171503
0.0011909
0.000450921
0.000475756
0.00120865
0.00180887
0.00231168
0.00274967
0.00317834
0.00361472
0.00396203
0.00414604
0.00417936
0.00419376
0.00402576
0.0037177
0.00338597
0.00302438
0.00263057
0.00220267
0.00173092
0.00119669
0.000468471
0.000540774
0.00131183
0.00204123
0.00257995
0.00302798
0.00349007
0.00396163
0.00438966
0.00469214
0.0047836
0.00466402
0.00435951
0.00399992
0.00362196
0.00320835
0.00275826
0.00227746
0.00176514
0.00122043
0.000487847
0.000623104
0.00148651
0.00224446
0.0028843
0.0033452
0.00376103
0.00420125
0.00464825
0.00498869
0.0051004
0.00492946
0.00458246
0.00421401
0.00383499
0.0034048
0.00291419
0.00237715
0.00181156
0.00124902
0.00051432
0.000694451
0.0019374
0.0026353
0.00324705
0.00367012
0.00402486
0.00439387
0.0047858
0.00509627
0.00520234
0.00502066
0.00468905
0.0043376
0.00394932
0.00349941
0.0029893
0.00242889
0.00183671
0.00127188
0.000549384
0.000755136
0.00224031
0.00304047
0.00353602
0.00387776
0.00415018
0.00444215
0.00477205
0.00504311
0.00512334
0.00490544
0.00458513
0.00426541
0.00391692
0.00351472
0.00305496
0.00254176
0.00195403
0.00134027
0.000588914
0.000797511
0.00202653
0.00282361
0.00319359
0.00345561
0.00366627
0.00390408
0.0041844
0.00439695
0.00438501
0.00410423
0.00381853
0.0035832
0.00335363
0.00309596
0.00279373
0.0024422
0.00200166
0.00133848
0.000625112
0.000803734
0.000874786
0.000931071
0.000979001
0.00102277
0.00106644
0.00111351
0.00116105
0.00118799
0.00116038
0.00110213
0.00104401
0.00099164
0.000944096
0.000899723
0.000856362
0.000811113
0.000760986
0.000704942
0.000633662
0.000353945
0.000392984
0.000409164
0.000437397
0.000475536
0.000518574
0.000558796
0.00059229
0.000619748
0.000628184
0.000620042
0.000602819
0.000582162
0.000564242
0.000548897
0.000532081
0.000509681
0.000478236
0.000433926
0.000363465
0.000404051
0.000995556
0.00134697
0.00148457
0.00159272
0.00180958
0.00220433
0.00258405
0.0026313
0.00259857
0.00258829
0.00257901
0.00250244
0.00238679
0.00224929
0.00208835
0.0018852
0.00160084
0.00116296
0.000412792
0.000455744
0.00114177
0.00169526
0.0020903
0.0023697
0.0026608
0.00306423
0.00349361
0.00371789
0.00370257
0.00352539
0.00338855
0.00324763
0.00307577
0.00286182
0.00259947
0.0022753
0.00185989
0.00129851
0.000439132
0.000504142
0.00119509
0.00176052
0.00226935
0.00270136
0.00310487
0.00354304
0.00397218
0.00427798
0.00428249
0.00402576
0.00373781
0.0034966
0.00326047
0.00299322
0.00267739
0.00229992
0.00184249
0.00127857
0.000458834
0.000560012
0.00132427
0.00191023
0.00239174
0.00284158
0.00330112
0.00378422
0.00423161
0.00457376
0.00464005
0.00435951
0.00398129
0.00364289
0.00333245
0.00300804
0.00264552
0.00223247
0.00176082
0.00123109
0.000480869
0.000628736
0.00152183
0.0021903
0.00271444
0.00309249
0.00349061
0.00394323
0.00437583
0.00471324
0.00481465
0.00458246
0.00419197
0.00381481
0.00345577
0.0030772
0.00265856
0.00220136
0.00171434
0.00121333
0.000506725
0.000691702
0.00190954
0.00257911
0.00312829
0.00350037
0.00381076
0.00414856
0.00449114
0.00476746
0.00486032
0.00468905
0.00436098
0.00401733
0.00366411
0.00325826
0.00279408
0.00227879
0.00175015
0.00123298
0.000538869
0.000747135
0.0021388
0.00296737
0.00346575
0.00379622
0.00403143
0.00424538
0.00446945
0.00466788
0.00473195
0.00458513
0.00432804
0.00404858
0.00373813
0.00336869
0.00293328
0.00243604
0.00186549
0.00128557
0.000575674
0.000787167
0.00193091
0.00276349
0.00315102
0.00341047
0.00357692
0.00370753
0.00384913
0.0039632
0.00396226
0.00381853
0.0036399
0.00346016
0.00325997
0.00301801
0.00272261
0.00237157
0.00192275
0.00128052
0.00061045
0.000793545
0.000859952
0.00091295
0.00095793
0.000996006
0.00102976
0.00106217
0.00109276
0.00110772
0.00108495
0.00104401
0.00100036
0.000958034
0.00091742
0.000877822
0.000837532
0.000793983
0.000744863
0.000689899
0.000621051
0.000341081
0.000378985
0.000395595
0.000429279
0.000474645
0.000515116
0.000547882
0.000575711
0.000598675
0.000606379
0.000599957
0.000582162
0.000557962
0.000533659
0.000510609
0.000484367
0.000452442
0.000414259
0.000374963
0.000336386
0.000383912
0.000994224
0.00129922
0.00139809
0.00152491
0.00178341
0.00218059
0.00248148
0.00254767
0.00255473
0.00253363
0.00250244
0.0024426
0.00233714
0.00218872
0.0020104
0.00179319
0.00151247
0.0010978
0.000373773
0.000435681
0.00118149
0.00175356
0.00210183
0.00234125
0.00261838
0.00300294
0.00340527
0.00356697
0.00347945
0.0033376
0.00324763
0.00318272
0.00308148
0.00291771
0.00268993
0.00239268
0.00199281
0.00140335
0.000403544
0.000501808
0.00118469
0.00179826
0.00231574
0.00271038
0.00305563
0.00343042
0.00381779
0.00406574
0.00399726
0.0037177
0.0034966
0.00336758
0.00324823
0.00307983
0.0028367
0.00250122
0.00204103
0.00139389
0.000416372
0.000563117
0.00125499
0.00177209
0.00229158
0.0027608
0.00318015
0.00359066
0.00398601
0.00427425
0.00430682
0.00399992
0.00364289
0.00339123
0.00319754
0.00299086
0.00272472
0.00236811
0.00189166
0.00126733
0.000432317
0.000626227
0.00147037
0.00200531
0.00243512
0.00283445
0.00323157
0.00364171
0.0040397
0.00434146
0.00443638
0.00421401
0.00381481
0.00345643
0.00315361
0.00286125
0.00253671
0.00215117
0.00168508
0.0011401
0.000464165
0.00068443
0.00180808
0.00242274
0.00289517
0.00322707
0.00350116
0.00379971
0.00411904
0.00437883
0.00447662
0.0043376
0.00401733
0.00364275
0.00327592
0.00289674
0.00248156
0.00202906
0.00155675
0.00108454
0.000503802
0.000736219
0.00201569
0.00284182
0.00332306
0.00362631
0.00382449
0.00398596
0.00415068
0.00430269
0.00436303
0.00426541
0.00404858
0.00377929
0.00347595
0.00311887
0.00269276
0.00219
0.00163904
0.0011258
0.000546832
0.000775042
0.00183894
0.00269101
0.00308841
0.00334458
0.00348729
0.00355825
0.00360973
0.0036462
0.00365296
0.0035832
0.00346016
0.00330521
0.00311869
0.0028868
0.00259792
0.00225075
0.0017577
0.00116257
0.000587746
0.000781569
0.000843569
0.000893774
0.000936657
0.000970474
0.000996811
0.00101833
0.00103589
0.00103971
0.00102124
0.00099164
0.000958034
0.000923388
0.000888724
0.000853651
0.000816438
0.00077461
0.000726765
0.000672212
0.000604288
0.000330038
0.000365491
0.000382583
0.000421454
0.000469298
0.000504431
0.000532074
0.000555264
0.000575441
0.000584823
0.000581835
0.000564242
0.000533659
0.00050093
0.000473781
0.000445622
0.000413958
0.000380726
0.000351692
0.000323988
0.000364947
0.000971385
0.00121083
0.00128649
0.00144617
0.00173576
0.00206674
0.0022945
0.00236124
0.00238489
0.0023903
0.00238679
0.00233714
0.00219721
0.00196311
0.00171126
0.00146585
0.0012201
0.000916175
0.000353253
0.000403662
0.00123792
0.00177835
0.00204879
0.00225648
0.00253278
0.00288382
0.00319917
0.00326702
0.00318313
0.00309189
0.00307577
0.00308148
0.00301872
0.00285186
0.00260496
0.0023029
0.00192152
0.00134802
0.000379914
0.000464736
0.00123917
0.00191748
0.00238747
0.00270926
0.0029931
0.0032982
0.00359575
0.00375199
0.00362386
0.00338597
0.00326047
0.00324823
0.00323411
0.00314136
0.00294838
0.00264766
0.00219977
0.00150356
0.000396309
0.00054497
0.00118529
0.00178211
0.00234376
0.00278214
0.00312659
0.00343522
0.0037242
0.00393061
0.00392626
0.00362196
0.00333245
0.00319754
0.00313748
0.0030521
0.00288293
0.00259494
0.00214239
0.0014456
0.000403977
0.000613065
0.00132194
0.00176404
0.0022435
0.00269408
0.00307324
0.00340278
0.0037032
0.00393984
0.00401812
0.00383499
0.00345577
0.00315361
0.00295265
0.0027841
0.00257916
0.00228841
0.0018691
0.00127028
0.000417671
0.000671384
0.00162275
0.0021355
0.0025525
0.00288898
0.00317665
0.00344591
0.00370684
0.00393278
0.00404073
0.00394932
0.00366411
0.00327592
0.00292743
0.00260574
0.00228104
0.0019318
0.00153707
0.001075
0.000450801
0.000721238
0.00185398
0.00263365
0.00306835
0.00335194
0.00353838
0.00367169
0.0037915
0.00390917
0.00397205
0.00391692
0.00373813
0.00347595
0.00316363
0.00279175
0.00235149
0.00186491
0.00139742
0.000978166
0.000497495
0.000760173
0.00173177
0.00258313
0.00297753
0.00322727
0.0033592
0.00340236
0.00340118
0.00339303
0.0033935
0.00335363
0.00325997
0.00311869
0.00293693
0.00270626
0.00241846
0.00204821
0.00150651
0.000996925
0.000549622
0.000767601
0.000825486
0.000873241
0.000914613
0.000945438
0.000966511
0.000980198
0.000988292
0.000983111
0.000966941
0.000944096
0.00091742
0.000888724
0.000858946
0.00082754
0.000792581
0.000751046
0.000704437
0.000649097
0.000578997
0.000321319
0.000353396
0.000370268
0.000412738
0.00045778
0.000490299
0.000515741
0.000537741
0.000557265
0.000568399
0.000567812
0.000548897
0.000510609
0.000473781
0.000443369
0.000413822
0.000383935
0.000357371
0.000338219
0.000313048
0.00035207
0.000922612
0.00111498
0.00118853
0.00137402
0.00163819
0.0019085
0.0020829
0.00215349
0.00219568
0.00222995
0.00224929
0.00218872
0.00196311
0.00167517
0.0014172
0.00120937
0.00103751
0.000810671
0.000339014
0.000381877
0.00124851
0.00170925
0.00191707
0.00211614
0.0023897
0.0027005
0.00290924
0.00291786
0.0028486
0.00281099
0.00286182
0.00291771
0.00285186
0.00263239
0.00235377
0.00205793
0.00172717
0.00123447
0.000362881
0.000426882
0.0013302
0.0019911
0.00236697
0.00261664
0.0028552
0.00310433
0.00330923
0.00335648
0.00320367
0.00302438
0.00299322
0.00307983
0.00314136
0.0030852
0.00290508
0.00262013
0.00219629
0.00152194
0.00038052
0.00050823
0.00122484
0.00191039
0.00243281
0.00278108
0.00303634
0.00325232
0.00343434
0.00354149
0.00348503
0.00320835
0.00300804
0.00299086
0.0030521
0.00306669
0.00297056
0.00273724
0.0023211
0.00160095
0.00039063
0.00058773
0.00119809
0.00170026
0.00222818
0.00265152
0.00295851
0.00318843
0.0033745
0.00351543
0.00355487
0.0034048
0.0030772
0.00286125
0.0027841
0.00274633
0.00265634
0.00246244
0.00211237
0.00148276
0.000394538
0.000650758
0.00139977
0.00181755
0.00221999
0.00258619
0.00288528
0.00311499
0.0033033
0.00346309
0.00355422
0.00349941
0.00325826
0.00289674
0.00260574
0.00238704
0.00219163
0.00197031
0.0016837
0.00122846
0.000406048
0.000700468
0.00165584
0.00228995
0.00270785
0.00299321
0.00318721
0.00331357
0.00340479
0.00348829
0.00354297
0.00351472
0.00336869
0.00311887
0.00279175
0.00240611
0.00200484
0.00163519
0.00131203
0.00097282
0.000440216
0.000740735
0.00158384
0.00237507
0.00279718
0.00304023
0.00316829
0.00319983
0.00317287
0.0031401
0.00312815
0.00309596
0.00301801
0.0028868
0.00270626
0.00247371
0.00216413
0.00170873
0.0012359
0.000864694
0.000494119
0.000750837
0.000804647
0.000850001
0.00088972
0.000918613
0.000936285
0.000944595
0.00094587
0.00093409
0.000918704
0.000899723
0.000877822
0.000853651
0.00082754
0.000798496
0.000763708
0.000722905
0.000676038
0.000617293
0.000539743
0.00031487
0.000342443
0.000357858
0.000399829
0.00044276
0.000474063
0.000499187
0.000522011
0.000541668
0.000554023
0.00055453
0.000532081
0.000484367
0.000445622
0.000413822
0.000384746
0.000359959
0.000344235
0.000329386
0.000305417
0.000342713
0.000855464
0.001025
0.00110785
0.00128141
0.00150489
0.0017262
0.00186774
0.00194272
0.00199855
0.00205342
0.00208835
0.0020104
0.00171126
0.0014172
0.00119747
0.0010566
0.000948996
0.000755874
0.000329228
0.000367863
0.00119673
0.00156336
0.00173383
0.00192826
0.00218398
0.00242881
0.00255012
0.0025383
0.00248864
0.00249639
0.00259947
0.00268993
0.00260496
0.00235377
0.00207511
0.00182237
0.00154974
0.00113168
0.000351277
0.000400867
0.00136041
0.00192245
0.00220431
0.00240536
0.00261259
0.00281241
0.00293952
0.0029011
0.00275045
0.00263057
0.00267739
0.0028367
0.00294838
0.00290508
0.002727
0.00245536
0.00207073
0.00146165
0.000368541
0.000465978
0.00129281
0.00196827
0.0023934
0.00264254
0.00282302
0.00296762
0.0030652
0.00308635
0.00298673
0.00275826
0.00264552
0.00272472
0.00288293
0.00297056
0.00291844
0.00271591
0.00233401
0.00164899
0.000379674
0.00055099
0.00115896
0.0017374
0.00223006
0.00255664
0.00276322
0.00289637
0.00298527
0.00304202
0.00304169
0.00291419
0.00265856
0.00253671
0.00257916
0.00265634
0.00265504
0.00252876
0.00223472
0.00162188
0.000383785
0.000621235
0.00120367
0.00160698
0.00199908
0.00233993
0.00258392
0.00274728
0.00286357
0.00295833
0.00302057
0.0029893
0.00279408
0.00248156
0.00228104
0.00219163
0.00212078
0.00200849
0.00181259
0.00138067
0.000384332
0.000673645
0.00138851
0.00188139
0.00228271
0.00257383
0.00277585
0.00290193
0.00297744
0.00303356
0.0030719
0.00305496
0.00293328
0.00269276
0.00235149
0.00200484
0.00172748
0.00150193
0.00130904
0.00104755
0.000395495
0.000714509
0.00138523
0.00205288
0.0025428
0.00278221
0.00290774
0.00293548
0.00290054
0.00285455
0.00282885
0.00279373
0.00272261
0.00259792
0.00241846
0.00216413
0.00177287
0.0013549
0.00103552
0.000805743
0.000432991
0.000729796
0.000779294
0.000822197
0.000858941
0.000886575
0.000902451
0.000907734
0.000904548
0.000888588
0.00087326
0.000856362
0.000837532
0.000816438
0.000792581
0.000763708
0.000729136
0.000688822
0.000639819
0.000574361
0.000485295
0.000311614
0.000333109
0.000345138
0.000382877
0.000424645
0.000455338
0.000480585
0.000504458
0.000524077
0.000537087
0.000537839
0.000509681
0.000452442
0.000413958
0.000383935
0.000359959
0.000346097
0.000336609
0.000325205
0.000304426
0.000336924
0.000774561
0.000925245
0.00101589
0.00115959
0.00133564
0.0015166
0.0016338
0.00170848
0.00177028
0.00183808
0.0018852
0.00179319
0.00146585
0.00120937
0.0010566
0.000980653
0.00090219
0.000720154
0.000326111
0.000359167
0.00109919
0.00136622
0.0015087
0.00168601
0.00189131
0.00207256
0.00214411
0.00212838
0.0020979
0.00213824
0.0022753
0.00239268
0.0023029
0.00205793
0.00182237
0.00162448
0.00141319
0.00105698
0.000346347
0.000384808
0.00130479
0.00172009
0.00191747
0.00208017
0.00225355
0.00240773
0.00246728
0.00239579
0.00226863
0.00220267
0.00229992
0.00250122
0.00264766
0.00262013
0.00245536
0.00221645
0.00189588
0.00137606
0.000362568
0.000431817
0.00129668
0.00185736
0.00215905
0.00232908
0.00245371
0.00254321
0.00257561
0.00254022
0.00243796
0.00227746
0.00223247
0.00236811
0.00259494
0.00273724
0.00271591
0.00253891
0.00220013
0.00159295
0.000374111
0.000507686
0.00113968
0.0016923
0.00206297
0.00227976
0.00239854
0.00245477
0.002476
0.00248074
0.0024626
0.00237715
0.00220136
0.00215117
0.00228841
0.00246244
0.00252876
0.00244283
0.0021776
0.00161241
0.000379913
0.000581772
0.00105807
0.00145807
0.00179557
0.00203036
0.0021798
0.00226978
0.00232962
0.0023856
0.00243582
0.00242889
0.00227879
0.00202906
0.0019318
0.00197031
0.00200849
0.00196975
0.00180962
0.00141918
0.000378868
0.000638019
0.00113344
0.00150701
0.00183838
0.00210257
0.00229673
0.00241862
0.0024872
0.00252873
0.00255437
0.00254176
0.00243604
0.00219
0.00186491
0.00163519
0.00150193
0.00140055
0.00129118
0.00109595
0.000376713
0.000679421
0.00115667
0.00164993
0.00210715
0.00242158
0.00257151
0.00260773
0.00257564
0.00252389
0.00248541
0.0024422
0.00237157
0.00225075
0.00204821
0.00170873
0.0013549
0.00108378
0.000912489
0.000781452
0.000390079
0.00070202
0.000746911
0.00078702
0.000820304
0.000844901
0.000860508
0.000865111
0.000859871
0.000842148
0.000826941
0.000811113
0.000793983
0.00077461
0.000751046
0.000722905
0.000688822
0.000647078
0.000593681
0.000520877
0.000425393
0.000312545
0.000326857
0.000332554
0.000362956
0.000403382
0.000432923
0.00045733
0.000480738
0.000499334
0.000512286
0.00051296
0.000478236
0.000414259
0.000380726
0.000357371
0.000344235
0.000336609
0.000331673
0.000326685
0.000311514
0.000336209
0.000683536
0.00079335
0.000884728
0.000991034
0.00111508
0.00125585
0.00134405
0.00141275
0.00147322
0.00154664
0.00160084
0.00151247
0.0012201
0.00103751
0.000948996
0.00090219
0.000835491
0.000684053
0.000332772
0.000356589
0.000969991
0.0011208
0.00122582
0.0013614
0.00150155
0.00162762
0.00167521
0.00166652
0.00165525
0.00171503
0.00185989
0.00199281
0.00192152
0.00172717
0.00154974
0.00141319
0.00126615
0.000995694
0.000351876
0.000377188
0.00117053
0.00141463
0.00153278
0.00164253
0.00176992
0.00187468
0.00189507
0.00183155
0.00174743
0.00173092
0.00184249
0.00204103
0.00219977
0.00219629
0.00207073
0.00189588
0.00167039
0.00128235
0.000366595
0.000409624
0.00119971
0.00157434
0.00174
0.00184306
0.00191749
0.00195338
0.00194552
0.00190243
0.00183935
0.00176514
0.00176082
0.00189166
0.00214239
0.0023211
0.00233401
0.00220013
0.00193624
0.00147051
0.000377493
0.000466372
0.00106857
0.0014855
0.00169407
0.00179453
0.001837
0.00184272
0.00183192
0.00182626
0.00183191
0.00181156
0.00171434
0.00168508
0.0018691
0.00211237
0.00223472
0.0021776
0.00193358
0.00147006
0.000384345
0.000533806
0.000938071
0.00127066
0.0014859
0.00160445
0.00166695
0.00170105
0.0017281
0.00176519
0.00181478
0.00183671
0.00175015
0.00155675
0.00153707
0.0016837
0.00181259
0.00180962
0.00165219
0.00131733
0.000382571
0.000590884
0.000928303
0.00119567
0.00142718
0.00160636
0.001738
0.00182926
0.00188953
0.00192904
0.00195532
0.00195403
0.00186549
0.00163904
0.00139742
0.00131203
0.00130904
0.00129118
0.00121991
0.00104935
0.000375553
0.000632981
0.000945782
0.00124931
0.00155608
0.00180492
0.00197336
0.00206218
0.00209137
0.00207198
0.00203875
0.00200166
0.00192275
0.0017577
0.00150651
0.0012359
0.00103552
0.000912489
0.000833488
0.000747949
0.000370878
0.000663088
0.000703756
0.000741629
0.000772623
0.000795733
0.000809911
0.000813956
0.000807311
0.000789907
0.000775888
0.000760986
0.000744863
0.000726765
0.000704437
0.000676038
0.000639819
0.000593681
0.00053511
0.000462655
0.000377058
0.000318013
0.000324324
0.000320461
0.000341798
0.000378869
0.000405113
0.000426415
0.000445007
0.000460404
0.000471873
0.000472152
0.000433926
0.000374963
0.000351692
0.000338219
0.000329386
0.000325205
0.000326685
0.000331398
0.000323558
0.000341449
0.000575705
0.000609108
0.000679794
0.000742148
0.000806587
0.000884757
0.000948032
0.00100248
0.00105472
0.0011206
0.00116296
0.0010978
0.000916175
0.000810671
0.000755874
0.000720154
0.000684053
0.000616442
0.00034729
0.000360541
0.000796568
0.000810995
0.000858161
0.000926658
0.000998502
0.00106351
0.00110093
0.0011097
0.00112552
0.0011909
0.00129851
0.00140335
0.00134802
0.00123447
0.00113168
0.00105698
0.000995694
0.000881348
0.000366793
0.000377599
0.000952795
0.00101026
0.00103031
0.00108134
0.00114497
0.00119165
0.00120146
0.00117897
0.00116533
0.00119669
0.00127857
0.00139389
0.00150356
0.00152194
0.00146165
0.00137606
0.00128235
0.00110582
0.000379523
0.000399221
0.000995718
0.00113513
0.00116663
0.00119347
0.00121631
0.00122215
0.00121114
0.00119873
0.00120468
0.00122043
0.00123109
0.00126733
0.0014456
0.00160095
0.00164899
0.00159295
0.00147051
0.00121723
0.000385954
0.000434294
0.000911614
0.00111163
0.00116329
0.00117878
0.0011781
0.00116737
0.00115862
0.00116916
0.00121037
0.00124902
0.00121333
0.0011401
0.00127028
0.00148276
0.00162188
0.00161241
0.00147006
0.00119658
0.000385799
0.000482308
0.000801675
0.000991158
0.00106722
0.0010999
0.00111852
0.00113389
0.00115409
0.0011888
0.00123843
0.00127188
0.00123298
0.00108454
0.001075
0.00122846
0.00138067
0.00141918
0.00131733
0.00108567
0.000379811
0.000530639
0.000759093
0.00091453
0.00102708
0.00111157
0.00117918
0.0012335
0.00127475
0.00130599
0.00133179
0.00134027
0.00128557
0.0011258
0.000978166
0.00097282
0.00104755
0.00109595
0.00104935
0.000902848
0.000370109
0.000570786
0.000757191
0.000909402
0.00105588
0.00118694
0.00129057
0.00135726
0.00138458
0.00137985
0.00136456
0.00133848
0.00128052
0.00116257
0.000996925
0.000864694
0.000805743
0.000781452
0.000747949
0.000674875
0.000358594
0.000603858
0.000641295
0.000678889
0.000709049
0.000731895
0.000746361
0.000751621
0.000745267
0.000730256
0.000718267
0.000704942
0.000689899
0.000672212
0.000649097
0.000617293
0.000574361
0.000520877
0.000462655
0.000406479
0.000346839
0.000326762
0.000316896
0.0003061
0.000321865
0.000351682
0.000369835
0.00038045
0.000387564
0.000394166
0.000399096
0.000394851
0.000363465
0.000336386
0.000323988
0.000313048
0.000305417
0.000304426
0.000311514
0.000323558
0.000332128
0.000347779
0.000350559
0.000330503
0.000341992
0.000362713
0.000374409
0.00038239
0.000393582
0.000409001
0.000424751
0.00043126
0.000412792
0.000373773
0.000353253
0.000339014
0.000329228
0.000326111
0.000332772
0.00034729
0.000347834
0.000360418
0.000380447
0.000355149
0.000349646
0.000358799
0.000365865
0.000375577
0.000392329
0.000414513
0.000437816
0.000450921
0.000439132
0.000403544
0.000379914
0.000362881
0.000351277
0.000346347
0.000351876
0.000366793
0.000354324
0.000370859
0.000401794
0.000384757
0.000369202
0.000367767
0.000373062
0.000384117
0.000401942
0.000425377
0.000451125
0.000468471
0.000458834
0.000416372
0.000396309
0.00038052
0.000368541
0.000362568
0.000366595
0.000379523
0.00035581
0.000383909
0.000418024
0.000414909
0.000402106
0.000397537
0.000402208
0.000414051
0.000431145
0.000451531
0.000472643
0.000487847
0.000480869
0.000432317
0.000403977
0.00039063
0.000379674
0.000374111
0.000377493
0.000385954
0.00035496
0.000402577
0.000435264
0.000443205
0.000439968
0.000440715
0.000448844
0.000462372
0.000477636
0.000492438
0.000505833
0.00051432
0.000506725
0.000464165
0.000417671
0.000394538
0.000383785
0.000379913
0.000384345
0.000385799
0.000351719
0.000427436
0.000455699
0.000473905
0.000481838
0.00049279
0.00050757
0.00052288
0.000534508
0.000542217
0.000547926
0.000549384
0.000538869
0.000503802
0.000450801
0.000406048
0.000384332
0.000378868
0.000382571
0.000379811
0.000346016
0.000455597
0.000481748
0.000509597
0.000530896
0.000552111
0.000572683
0.000588417
0.000595262
0.000596143
0.000594593
0.000588914
0.000575674
0.000546832
0.000497495
0.000440216
0.000395495
0.000376713
0.000375553
0.000370109
0.000338461
0.000483225
0.000513257
0.000550282
0.000582818
0.000612615
0.000636198
0.000649866
0.00065011
0.000643165
0.000635551
0.000625112
0.00061045
0.000587746
0.000549622
0.000494119
0.000432991
0.000390079
0.000370878
0.000358594
0.000329891
0.000509337
0.000544192
0.000583456
0.000614913
0.00064009
0.000657596
0.000666557
0.000662628
0.000652261
0.000643819
0.000633662
0.000621051
0.000604288
0.000578997
0.000539743
0.000485295
0.000425393
0.000377058
0.000346839
0.000321303
)
;

boundaryField
{
    floor
    {
        type            nutkWallFunction;
        Cmu             0.09;
        kappa           0.41;
        E               9.8;
        value           nonuniform List<scalar> 
400
(
4.59456e-05
4.52239e-05
4.25149e-05
3.90564e-05
3.56914e-05
3.86432e-05
4.26967e-05
4.45149e-05
4.5209e-05
4.52374e-05
4.46322e-05
4.32459e-05
4.15382e-05
4.01009e-05
3.89325e-05
3.79949e-05
3.73971e-05
3.72861e-05
3.77614e-05
3.87278e-05
4.52239e-05
4.68793e-05
4.31068e-05
3.92394e-05
3.65519e-05
4.05296e-05
4.65779e-05
4.90999e-05
5.00987e-05
5.02238e-05
4.97937e-05
4.83438e-05
4.63893e-05
4.46056e-05
4.30624e-05
4.16531e-05
4.03668e-05
3.93309e-05
3.86462e-05
3.74816e-05
4.25149e-05
4.31068e-05
4.06235e-05
3.81436e-05
3.70687e-05
4.16102e-05
4.92301e-05
5.23075e-05
5.33618e-05
5.32016e-05
5.21851e-05
5.06175e-05
4.87413e-05
4.7094e-05
4.55663e-05
4.39742e-05
4.22754e-05
4.05484e-05
3.88341e-05
3.68232e-05
3.90564e-05
3.92394e-05
3.81436e-05
3.72707e-05
3.76124e-05
4.20883e-05
5.09716e-05
5.4702e-05
5.60227e-05
5.60556e-05
5.5346e-05
5.42839e-05
5.32373e-05
5.2319e-05
5.12716e-05
4.9671e-05
4.75277e-05
4.49665e-05
4.21895e-05
3.9507e-05
3.56914e-05
3.65519e-05
3.70687e-05
3.76124e-05
3.87149e-05
4.29795e-05
5.21796e-05
5.6755e-05
5.85028e-05
5.90402e-05
5.90788e-05
5.89717e-05
5.88634e-05
5.82025e-05
5.6782e-05
5.49049e-05
5.26135e-05
4.98892e-05
4.67062e-05
4.31245e-05
3.86432e-05
4.05296e-05
4.16102e-05
4.20883e-05
4.29795e-05
4.61326e-05
5.40422e-05
5.91802e-05
6.15736e-05
6.28139e-05
6.36628e-05
6.42276e-05
6.38345e-05
6.25278e-05
6.0778e-05
5.87507e-05
5.63969e-05
5.35523e-05
4.99691e-05
4.53351e-05
4.26967e-05
4.65779e-05
4.92301e-05
5.09716e-05
5.21796e-05
5.40422e-05
5.74051e-05
6.2786e-05
6.61839e-05
6.80592e-05
6.9045e-05
6.91497e-05
6.78398e-05
6.58994e-05
6.38722e-05
6.18131e-05
5.94966e-05
5.65852e-05
5.26222e-05
4.65983e-05
4.45149e-05
4.90999e-05
5.23075e-05
5.4702e-05
5.6755e-05
5.91802e-05
6.2786e-05
6.64152e-05
7.0789e-05
7.32949e-05
7.40226e-05
7.32339e-05
7.12604e-05
6.8737e-05
6.65626e-05
6.46126e-05
6.24379e-05
5.94766e-05
5.49295e-05
4.73797e-05
4.5209e-05
5.00987e-05
5.33618e-05
5.60227e-05
5.85028e-05
6.15736e-05
6.61839e-05
7.0789e-05
7.48624e-05
7.69148e-05
7.72687e-05
7.65251e-05
7.39652e-05
7.11374e-05
6.89149e-05
6.70138e-05
6.48706e-05
6.18136e-05
5.68656e-05
4.80724e-05
4.52374e-05
5.02238e-05
5.32016e-05
5.60556e-05
5.90402e-05
6.28139e-05
6.80592e-05
7.32949e-05
7.69148e-05
3.00903e-05
2.91164e-05
7.75414e-05
7.49321e-05
7.23371e-05
7.03548e-05
6.86297e-05
6.65911e-05
6.35378e-05
5.83745e-05
4.85978e-05
4.46322e-05
4.97937e-05
5.21851e-05
5.5346e-05
5.90788e-05
6.36628e-05
6.9045e-05
7.40226e-05
7.72687e-05
2.91164e-05
2.79007e-05
7.66737e-05
7.43189e-05
7.2183e-05
7.05372e-05
6.89879e-05
6.70108e-05
6.39464e-05
5.86661e-05
4.81315e-05
4.32459e-05
4.83438e-05
5.06175e-05
5.42839e-05
5.89717e-05
6.42276e-05
6.91497e-05
7.32339e-05
7.65251e-05
7.75414e-05
7.66737e-05
7.4744e-05
7.23986e-05
7.03686e-05
6.8656e-05
6.67716e-05
6.41506e-05
6.02179e-05
5.4272e-05
4.4483e-05
4.15382e-05
4.63893e-05
4.87413e-05
5.32373e-05
5.88634e-05
6.38345e-05
6.78398e-05
7.12604e-05
7.39652e-05
7.49321e-05
7.43189e-05
7.23986e-05
6.96999e-05
6.69494e-05
6.43134e-05
6.1222e-05
5.7192e-05
5.21339e-05
4.66262e-05
4.12937e-05
4.01009e-05
4.46056e-05
4.7094e-05
5.2319e-05
5.82025e-05
6.25278e-05
6.58994e-05
6.8737e-05
7.11374e-05
7.23371e-05
7.2183e-05
7.03686e-05
6.69494e-05
6.30372e-05
5.96243e-05
5.61582e-05
5.21423e-05
4.76755e-05
4.34198e-05
3.96068e-05
3.89325e-05
4.30624e-05
4.55663e-05
5.12716e-05
5.6782e-05
6.0778e-05
6.38722e-05
6.65626e-05
6.89149e-05
7.03548e-05
7.05372e-05
6.8656e-05
6.43134e-05
5.96243e-05
5.58046e-05
5.21173e-05
4.81856e-05
4.43617e-05
4.13491e-05
3.80421e-05
3.79949e-05
4.16531e-05
4.39742e-05
4.9671e-05
5.49049e-05
5.87507e-05
6.18131e-05
6.46126e-05
6.70138e-05
6.86297e-05
6.89879e-05
6.67716e-05
6.1222e-05
5.61582e-05
5.21173e-05
4.83112e-05
4.47484e-05
4.20849e-05
3.99386e-05
3.68245e-05
3.73971e-05
4.03668e-05
4.22754e-05
4.75277e-05
5.26135e-05
5.63969e-05
5.94966e-05
6.24379e-05
6.48706e-05
6.65911e-05
6.70108e-05
6.41506e-05
5.7192e-05
5.21423e-05
4.81856e-05
4.47484e-05
4.23064e-05
4.07487e-05
3.91457e-05
3.63822e-05
3.72861e-05
3.93309e-05
4.05484e-05
4.49665e-05
4.98892e-05
5.35523e-05
5.65852e-05
5.94766e-05
6.18136e-05
6.35378e-05
6.39464e-05
6.02179e-05
5.21339e-05
4.76755e-05
4.43617e-05
4.20849e-05
4.07487e-05
3.98898e-05
3.90349e-05
3.6983e-05
3.77614e-05
3.86462e-05
3.88341e-05
4.21895e-05
4.67062e-05
4.99691e-05
5.26222e-05
5.49295e-05
5.68656e-05
5.83745e-05
5.86661e-05
5.4272e-05
4.66262e-05
4.34198e-05
4.13491e-05
3.99386e-05
3.91457e-05
3.90349e-05
3.93658e-05
3.83475e-05
3.87278e-05
3.74816e-05
3.68232e-05
3.9507e-05
4.31245e-05
4.53351e-05
4.65983e-05
4.73797e-05
4.80724e-05
4.85978e-05
4.81315e-05
4.4483e-05
4.12937e-05
3.96068e-05
3.80421e-05
3.68245e-05
3.63822e-05
3.6983e-05
3.83475e-05
3.94868e-05
)
;
    }
    ceiling
    {
        type            nutkWallFunction;
        Cmu             0.09;
        kappa           0.41;
        E               9.8;
        value           nonuniform List<scalar> 
400
(
7.41796e-05
8.27488e-05
8.85844e-05
9.24806e-05
9.52246e-05
9.71568e-05
9.85029e-05
9.92292e-05
9.89081e-05
9.82114e-05
9.72106e-05
9.5968e-05
9.45036e-05
9.27765e-05
9.06653e-05
8.79527e-05
8.42822e-05
7.90496e-05
7.118e-05
5.92173e-05
8.27488e-05
9.06813e-05
9.64578e-05
0.000100556
0.000103625
0.000105897
0.000107553
0.000108418
0.000108026
0.000106942
0.000105433
0.000103669
0.00010172
9.95471e-05
9.70038e-05
9.38485e-05
8.97517e-05
8.42108e-05
7.61736e-05
6.3936e-05
8.85844e-05
9.64578e-05
0.000102235
0.00010645
0.000109764
0.000112327
0.000114276
0.000115402
0.000115124
0.000113749
0.000111852
0.000109727
0.000107482
0.000105058
0.000102285
9.88979e-05
9.45678e-05
8.89275e-05
8.10434e-05
6.89452e-05
9.24806e-05
0.000100556
0.00010645
0.000110934
0.000114389
0.000117085
0.000119304
0.000120921
0.0001211
0.000119501
0.000117237
0.0001148
0.000112346
0.000109789
0.000106863
0.000103175
9.85227e-05
9.27212e-05
8.48815e-05
7.29521e-05
9.52246e-05
0.000103625
0.000109764
0.000114389
0.000117951
0.000120995
0.000123833
0.000126264
0.000127161
0.000125067
0.000122076
0.000119026
0.000116124
0.000113267
0.000110171
0.000106411
0.000101463
9.5561e-05
8.78032e-05
7.62762e-05
9.71568e-05
0.000105897
0.000112327
0.000117085
0.000120995
0.000124773
0.00012857
0.00013196
0.000133938
0.000131081
0.000126827
0.000122703
0.000119001
0.000115588
0.000112153
0.000108248
0.000103313
9.73209e-05
8.96981e-05
7.87046e-05
9.85029e-05
0.000107553
0.000114276
0.000119304
0.000123833
0.00012857
0.000133416
0.000137637
0.000141133
0.000137867
0.000131867
0.000126164
0.000121283
0.000117024
0.000113022
0.000108826
0.000103889
9.78914e-05
9.04816e-05
8.00654e-05
9.92292e-05
0.000108418
0.000115402
0.000120921
0.000126264
0.00013196
0.000137637
0.00014217
0.000146415
0.000144438
0.000136865
0.000129364
0.000123084
0.000117793
0.00011305
0.000108387
0.000103274
9.7167e-05
8.98437e-05
7.98025e-05
9.89081e-05
0.000108026
0.000115124
0.0001211
0.000127161
0.000133938
0.000141133
0.000146415
0.00014774
0.00014756
0.000139498
0.000130723
0.000123245
0.000116984
0.00011153
0.000106427
0.000101153
9.51268e-05
8.81237e-05
7.86956e-05
9.82114e-05
0.000106942
0.000113749
0.000119501
0.000125067
0.000131081
0.000137867
0.000144438
0.00014756
0.000144567
0.000136261
0.000128073
0.000121089
0.000115082
0.000109705
0.000104598
9.93369e-05
9.34564e-05
8.67076e-05
7.77457e-05
9.72106e-05
0.000105433
0.000111852
0.000117237
0.000122076
0.000126827
0.000131867
0.000136865
0.000139498
0.000136261
0.000129897
0.000123539
0.00011776
0.000112475
0.000107508
0.000102612
9.74522e-05
9.16648e-05
8.50982e-05
7.65334e-05
9.5968e-05
0.000103669
0.000109727
0.0001148
0.000119026
0.000122703
0.000126164
0.000129364
0.000130723
0.000128073
0.000123539
0.000118705
0.000113994
0.000109453
0.000104996
0.000100416
9.54123e-05
8.97069e-05
8.3237e-05
7.49379e-05
9.45036e-05
0.00010172
0.000107482
0.000112346
0.000116124
0.000119001
0.000121283
0.000123084
0.000123245
0.000121089
0.00011776
0.000113994
0.000110106
0.000106203
0.000102221
9.79433e-05
9.30697e-05
8.74589e-05
8.09604e-05
7.26376e-05
9.27765e-05
9.95471e-05
0.000105058
0.000109789
0.000113267
0.000115588
0.000117024
0.000117793
0.000116984
0.000115082
0.000112475
0.000109453
0.000106203
0.000102812
9.91925e-05
9.5093e-05
9.01686e-05
8.46167e-05
7.7844e-05
6.89212e-05
9.06653e-05
9.70038e-05
0.000102285
0.000106863
0.000110171
0.000112153
0.000113022
0.00011305
0.00011153
0.000109705
0.000107508
0.000104996
0.000102221
9.91925e-05
9.5757e-05
9.15735e-05
8.66902e-05
8.09348e-05
7.34394e-05
6.31874e-05
8.79527e-05
9.38485e-05
9.88979e-05
0.000103175
0.000106411
0.000108248
0.000108826
0.000108387
0.000106427
0.000104598
0.000102612
0.000100416
9.79433e-05
9.5093e-05
9.15735e-05
8.73887e-05
8.24135e-05
7.61679e-05
6.75875e-05
5.59059e-05
8.42822e-05
8.97517e-05
9.45678e-05
9.85227e-05
0.000101463
0.000103313
0.000103889
0.000103274
0.000101153
9.93369e-05
9.74522e-05
9.54123e-05
9.30697e-05
9.01686e-05
8.66902e-05
8.24135e-05
7.70612e-05
7.00969e-05
6.07674e-05
4.89148e-05
7.90496e-05
8.42108e-05
8.89275e-05
9.27212e-05
9.5561e-05
9.73209e-05
9.78914e-05
9.7167e-05
9.51268e-05
9.34564e-05
9.16648e-05
8.97069e-05
8.74589e-05
8.46167e-05
8.09348e-05
7.61679e-05
7.00969e-05
6.26565e-05
5.40188e-05
4.4008e-05
7.118e-05
7.61736e-05
8.10434e-05
8.48815e-05
8.78032e-05
8.96981e-05
9.04816e-05
8.98437e-05
8.81237e-05
8.67076e-05
8.50982e-05
8.3237e-05
8.09604e-05
7.7844e-05
7.34394e-05
6.75875e-05
6.07674e-05
5.40188e-05
4.79353e-05
4.11902e-05
5.92173e-05
6.3936e-05
6.89452e-05
7.29521e-05
7.62762e-05
7.87046e-05
8.00654e-05
7.98025e-05
7.86956e-05
7.77457e-05
7.65334e-05
7.49379e-05
7.26376e-05
6.89212e-05
6.31874e-05
5.59059e-05
4.89148e-05
4.4008e-05
4.11902e-05
3.84463e-05
)
;
    }
    fixedWalls
    {
        type            nutkWallFunction;
        Cmu             0.09;
        kappa           0.41;
        E               9.8;
        value           nonuniform List<scalar> 
800
(
4.59435e-05
4.86982e-05
5.09958e-05
5.32897e-05
5.59489e-05
5.90757e-05
6.25761e-05
6.63313e-05
7.02517e-05
7.41814e-05
4.52216e-05
4.89865e-05
5.26383e-05
5.56499e-05
5.8869e-05
6.29242e-05
6.78195e-05
7.30681e-05
7.84374e-05
8.27518e-05
4.25123e-05
4.46754e-05
4.85242e-05
5.28542e-05
5.78475e-05
6.40831e-05
7.12115e-05
7.81949e-05
8.47576e-05
8.85882e-05
3.90534e-05
3.94868e-05
4.24617e-05
4.81092e-05
5.53162e-05
6.44018e-05
7.39947e-05
8.24645e-05
8.97198e-05
9.2485e-05
3.56881e-05
3.66109e-05
3.92927e-05
4.3768e-05
5.33724e-05
6.54062e-05
7.67648e-05
8.61897e-05
9.36047e-05
9.52294e-05
3.86403e-05
3.9766e-05
4.05123e-05
4.31565e-05
5.1931e-05
6.6867e-05
7.93195e-05
8.91875e-05
9.64141e-05
9.71619e-05
4.26943e-05
4.39371e-05
4.34996e-05
4.44984e-05
5.1886e-05
6.81056e-05
8.09051e-05
9.12077e-05
9.83947e-05
9.85082e-05
4.45127e-05
4.65209e-05
4.56842e-05
4.60749e-05
5.41028e-05
6.98124e-05
8.20149e-05
9.19698e-05
9.88393e-05
9.92347e-05
4.5207e-05
4.85216e-05
4.76953e-05
4.84964e-05
5.83691e-05
7.20464e-05
8.31511e-05
9.22152e-05
9.83494e-05
9.89135e-05
4.52353e-05
5.00354e-05
5.15394e-05
5.3506e-05
6.25464e-05
7.41353e-05
8.38998e-05
9.1996e-05
9.75355e-05
9.82167e-05
4.46301e-05
5.07318e-05
5.51226e-05
5.86942e-05
6.61053e-05
7.56375e-05
8.40966e-05
9.13487e-05
9.64574e-05
9.72158e-05
4.32436e-05
4.96372e-05
5.59583e-05
6.19146e-05
6.83699e-05
7.63082e-05
8.37353e-05
9.03441e-05
9.51759e-05
9.59729e-05
4.15357e-05
4.69758e-05
5.31707e-05
6.09876e-05
6.84334e-05
7.58481e-05
8.27498e-05
8.89429e-05
9.36593e-05
9.45084e-05
4.00982e-05
4.45611e-05
4.91383e-05
5.59908e-05
6.55415e-05
7.38441e-05
8.09215e-05
8.69651e-05
9.17593e-05
9.27811e-05
3.89296e-05
4.29071e-05
4.64779e-05
5.1328e-05
6.03753e-05
7.00928e-05
7.79723e-05
8.41649e-05
8.92123e-05
9.06695e-05
3.79919e-05
4.16297e-05
4.46924e-05
4.82283e-05
5.50278e-05
6.48999e-05
7.37297e-05
8.048e-05
8.57151e-05
8.79565e-05
3.73939e-05
4.07196e-05
4.34644e-05
4.62563e-05
5.09908e-05
5.92109e-05
6.81958e-05
7.55163e-05
8.09978e-05
8.42854e-05
3.72829e-05
4.03824e-05
4.29238e-05
4.52311e-05
4.84391e-05
5.42013e-05
6.18595e-05
6.90937e-05
7.47765e-05
7.90522e-05
3.77582e-05
4.0791e-05
4.31831e-05
4.51555e-05
4.72659e-05
5.06086e-05
5.56469e-05
6.13718e-05
6.66188e-05
7.11814e-05
3.87247e-05
4.14101e-05
4.29214e-05
4.4006e-05
4.52326e-05
4.69863e-05
4.94529e-05
5.25175e-05
5.58384e-05
5.92171e-05
3.87247e-05
4.14101e-05
4.29214e-05
4.4006e-05
4.52326e-05
4.69863e-05
4.94529e-05
5.25175e-05
5.58384e-05
5.92171e-05
3.74784e-05
4.14572e-05
4.50579e-05
4.77495e-05
4.97454e-05
5.16687e-05
5.38297e-05
5.65579e-05
6.01053e-05
6.39364e-05
3.68201e-05
3.98064e-05
4.24343e-05
4.55074e-05
4.88707e-05
5.21664e-05
5.57213e-05
5.9889e-05
6.46719e-05
6.89463e-05
3.95043e-05
4.20423e-05
4.27439e-05
4.43429e-05
4.75413e-05
5.15863e-05
5.63167e-05
6.21011e-05
6.85012e-05
7.29537e-05
4.31223e-05
4.46331e-05
4.41803e-05
4.46662e-05
4.73782e-05
5.17421e-05
5.74815e-05
6.45054e-05
7.21609e-05
7.62782e-05
4.53331e-05
4.60536e-05
4.49819e-05
4.53581e-05
4.80967e-05
5.27986e-05
5.92957e-05
6.70919e-05
7.52363e-05
7.8707e-05
4.65964e-05
4.69252e-05
4.59867e-05
4.65731e-05
4.94837e-05
5.44814e-05
6.13139e-05
6.92692e-05
7.72032e-05
8.00681e-05
4.73779e-05
4.81127e-05
4.78126e-05
4.85917e-05
5.14766e-05
5.64331e-05
6.30061e-05
7.04664e-05
7.75744e-05
7.98051e-05
4.80707e-05
4.98047e-05
5.0305e-05
5.13257e-05
5.39648e-05
5.84392e-05
6.42881e-05
7.09402e-05
7.70247e-05
7.8698e-05
4.85961e-05
5.15823e-05
5.29706e-05
5.44149e-05
5.66766e-05
6.03639e-05
6.5307e-05
7.1061e-05
7.62959e-05
7.7748e-05
4.81298e-05
5.23909e-05
5.45167e-05
5.64588e-05
5.8684e-05
6.16866e-05
6.57857e-05
7.05893e-05
7.5128e-05
7.65355e-05
4.44808e-05
5.03619e-05
5.3222e-05
5.52878e-05
5.77226e-05
6.07268e-05
6.45205e-05
6.89813e-05
7.32987e-05
7.49398e-05
4.12912e-05
4.59356e-05
4.95463e-05
5.08653e-05
5.20363e-05
5.51245e-05
5.96641e-05
6.49243e-05
7.01407e-05
7.26392e-05
3.96041e-05
4.33049e-05
4.66121e-05
4.85962e-05
4.93302e-05
5.0222e-05
5.31717e-05
5.82883e-05
6.46651e-05
6.89223e-05
3.80392e-05
4.13641e-05
4.43507e-05
4.65183e-05
4.77594e-05
4.80703e-05
4.86726e-05
5.15099e-05
5.72281e-05
6.31877e-05
3.68214e-05
3.99116e-05
4.27036e-05
4.4854e-05
4.6252e-05
4.68127e-05
4.6712e-05
4.71782e-05
5.02695e-05
5.59052e-05
3.6379e-05
3.92382e-05
4.18345e-05
4.38928e-05
4.5398e-05
4.63161e-05
4.63678e-05
4.58472e-05
4.62929e-05
4.89132e-05
3.69798e-05
3.97862e-05
4.22572e-05
4.41696e-05
4.56404e-05
4.6727e-05
4.67171e-05
4.58297e-05
4.4661e-05
4.40058e-05
3.83444e-05
4.14294e-05
4.39689e-05
4.57134e-05
4.67051e-05
4.6877e-05
4.62416e-05
4.50187e-05
4.33376e-05
4.11876e-05
3.94839e-05
4.16345e-05
4.25603e-05
4.28336e-05
4.2804e-05
4.24731e-05
4.18079e-05
4.08661e-05
3.9722e-05
3.84434e-05
4.59435e-05
4.86982e-05
5.09958e-05
5.32897e-05
5.59489e-05
5.90757e-05
6.25761e-05
6.63313e-05
7.02517e-05
7.41814e-05
4.52216e-05
4.89865e-05
5.26383e-05
5.56499e-05
5.8869e-05
6.29242e-05
6.78195e-05
7.30681e-05
7.84374e-05
8.27518e-05
4.25123e-05
4.46754e-05
4.85242e-05
5.28542e-05
5.78475e-05
6.40831e-05
7.12115e-05
7.81949e-05
8.47576e-05
8.85882e-05
3.90534e-05
3.94868e-05
4.24617e-05
4.81092e-05
5.53162e-05
6.44018e-05
7.39947e-05
8.24645e-05
8.97198e-05
9.2485e-05
3.56881e-05
3.66109e-05
3.92927e-05
4.3768e-05
5.33724e-05
6.54062e-05
7.67648e-05
8.61897e-05
9.36047e-05
9.52294e-05
3.86403e-05
3.9766e-05
4.05123e-05
4.31565e-05
5.1931e-05
6.6867e-05
7.93195e-05
8.91875e-05
9.64141e-05
9.71619e-05
4.26943e-05
4.39371e-05
4.34996e-05
4.44984e-05
5.1886e-05
6.81056e-05
8.09051e-05
9.12077e-05
9.83947e-05
9.85082e-05
4.45127e-05
4.65209e-05
4.56842e-05
4.60749e-05
5.41028e-05
6.98124e-05
8.20149e-05
9.19698e-05
9.88393e-05
9.92347e-05
4.5207e-05
4.85216e-05
4.76953e-05
4.84964e-05
5.83691e-05
7.20464e-05
8.31511e-05
9.22152e-05
9.83494e-05
9.89135e-05
4.52353e-05
5.00354e-05
5.15394e-05
5.3506e-05
6.25464e-05
7.41353e-05
8.38998e-05
9.1996e-05
9.75355e-05
9.82167e-05
4.46301e-05
5.07318e-05
5.51226e-05
5.86942e-05
6.61053e-05
7.56375e-05
8.40966e-05
9.13487e-05
9.64574e-05
9.72158e-05
4.32436e-05
4.96372e-05
5.59583e-05
6.19146e-05
6.83699e-05
7.63082e-05
8.37353e-05
9.03441e-05
9.51759e-05
9.59729e-05
4.15357e-05
4.69758e-05
5.31707e-05
6.09876e-05
6.84334e-05
7.58481e-05
8.27498e-05
8.89429e-05
9.36593e-05
9.45084e-05
4.00982e-05
4.45611e-05
4.91383e-05
5.59908e-05
6.55415e-05
7.38441e-05
8.09215e-05
8.69651e-05
9.17593e-05
9.27811e-05
3.89296e-05
4.29071e-05
4.64779e-05
5.1328e-05
6.03753e-05
7.00928e-05
7.79723e-05
8.41649e-05
8.92123e-05
9.06695e-05
3.79919e-05
4.16297e-05
4.46924e-05
4.82283e-05
5.50278e-05
6.48999e-05
7.37297e-05
8.048e-05
8.57151e-05
8.79565e-05
3.73939e-05
4.07196e-05
4.34644e-05
4.62563e-05
5.09908e-05
5.92109e-05
6.81958e-05
7.55163e-05
8.09978e-05
8.42854e-05
3.72829e-05
4.03824e-05
4.29238e-05
4.52311e-05
4.84391e-05
5.42013e-05
6.18595e-05
6.90937e-05
7.47765e-05
7.90522e-05
3.77582e-05
4.0791e-05
4.31831e-05
4.51555e-05
4.72659e-05
5.06086e-05
5.56469e-05
6.13718e-05
6.66188e-05
7.11814e-05
3.87247e-05
4.14101e-05
4.29214e-05
4.4006e-05
4.52326e-05
4.69863e-05
4.94529e-05
5.25175e-05
5.58384e-05
5.92171e-05
3.87247e-05
4.14101e-05
4.29214e-05
4.4006e-05
4.52326e-05
4.69863e-05
4.94529e-05
5.25175e-05
5.58384e-05
5.92171e-05
3.74784e-05
4.14572e-05
4.50579e-05
4.77495e-05
4.97454e-05
5.16687e-05
5.38297e-05
5.65579e-05
6.01053e-05
6.39364e-05
3.68201e-05
3.98064e-05
4.24343e-05
4.55074e-05
4.88707e-05
5.21664e-05
5.57213e-05
5.9889e-05
6.46719e-05
6.89463e-05
3.95043e-05
4.20423e-05
4.27439e-05
4.43429e-05
4.75413e-05
5.15863e-05
5.63167e-05
6.21011e-05
6.85012e-05
7.29537e-05
4.31223e-05
4.46331e-05
4.41803e-05
4.46662e-05
4.73782e-05
5.17421e-05
5.74815e-05
6.45054e-05
7.21609e-05
7.62782e-05
4.53331e-05
4.60536e-05
4.49819e-05
4.53581e-05
4.80967e-05
5.27986e-05
5.92957e-05
6.70919e-05
7.52363e-05
7.8707e-05
4.65964e-05
4.69252e-05
4.59867e-05
4.65731e-05
4.94837e-05
5.44814e-05
6.13139e-05
6.92692e-05
7.72032e-05
8.00681e-05
4.73779e-05
4.81127e-05
4.78126e-05
4.85917e-05
5.14766e-05
5.64331e-05
6.30061e-05
7.04664e-05
7.75744e-05
7.98051e-05
4.80707e-05
4.98047e-05
5.0305e-05
5.13257e-05
5.39648e-05
5.84392e-05
6.42881e-05
7.09402e-05
7.70247e-05
7.8698e-05
4.85961e-05
5.15823e-05
5.29706e-05
5.44149e-05
5.66766e-05
6.03639e-05
6.5307e-05
7.1061e-05
7.62959e-05
7.7748e-05
4.81298e-05
5.23909e-05
5.45167e-05
5.64588e-05
5.8684e-05
6.16866e-05
6.57857e-05
7.05893e-05
7.5128e-05
7.65355e-05
4.44808e-05
5.03619e-05
5.3222e-05
5.52878e-05
5.77226e-05
6.07268e-05
6.45205e-05
6.89813e-05
7.32987e-05
7.49398e-05
4.12912e-05
4.59356e-05
4.95463e-05
5.08653e-05
5.20363e-05
5.51245e-05
5.96641e-05
6.49243e-05
7.01407e-05
7.26392e-05
3.96041e-05
4.33049e-05
4.66121e-05
4.85962e-05
4.93302e-05
5.0222e-05
5.31717e-05
5.82883e-05
6.46651e-05
6.89223e-05
3.80392e-05
4.13641e-05
4.43507e-05
4.65183e-05
4.77594e-05
4.80703e-05
4.86726e-05
5.15099e-05
5.72281e-05
6.31877e-05
3.68214e-05
3.99116e-05
4.27036e-05
4.4854e-05
4.6252e-05
4.68127e-05
4.6712e-05
4.71782e-05
5.02695e-05
5.59052e-05
3.6379e-05
3.92382e-05
4.18345e-05
4.38928e-05
4.5398e-05
4.63161e-05
4.63678e-05
4.58472e-05
4.62929e-05
4.89132e-05
3.69798e-05
3.97862e-05
4.22572e-05
4.41696e-05
4.56404e-05
4.6727e-05
4.67171e-05
4.58297e-05
4.4661e-05
4.40058e-05
3.83444e-05
4.14294e-05
4.39689e-05
4.57134e-05
4.67051e-05
4.6877e-05
4.62416e-05
4.50187e-05
4.33376e-05
4.11876e-05
3.94839e-05
4.16345e-05
4.25603e-05
4.28336e-05
4.2804e-05
4.24731e-05
4.18079e-05
4.08661e-05
3.9722e-05
3.84434e-05
)
;
    }
}


// ************************************************************************* //
