/*--------------------------------*- C++ -*----------------------------------*\
  =========                 |
  \\      /  F ield         | OpenFOAM: The Open Source CFD Toolbox
   \\    /   O peration     | Website:  https://openfoam.org
    \\  /    A nd           | Version:  8
     \\/     M anipulation  |
\*---------------------------------------------------------------------------*/
FoamFile
{
    version     2.0;
    format      ascii;
    class       volScalarField;
    location    "400";
    object      p;
}
// * * * * * * * * * * * * * * * * * * * * * * * * * * * * * * * * * * * * * //

dimensions      [1 -1 -2 0 0 0 0];

internalField   nonuniform List<scalar> 
4000
(
-2.44966
-2.45024
-2.45074
-2.45086
-2.45078
-2.45076
-2.45091
-2.45112
-2.4513
-2.45138
-2.45135
-2.45125
-2.45113
-2.45102
-2.45092
-2.45082
-2.4507
-2.45051
-2.45021
-2.44987
-7.34973
-7.35004
-7.3503
-7.35039
-7.35034
-7.35034
-7.35045
-7.35064
-7.35083
-7.35092
-7.35088
-7.35077
-7.35066
-7.35056
-7.35047
-7.35037
-7.35026
-7.35012
-7.34992
-7.34967
-12.2493
-12.2494
-12.2496
-12.2496
-12.2497
-12.2497
-12.2498
-12.2499
-12.2501
-12.2502
-12.2502
-12.2501
-12.2499
-12.2499
-12.2498
-12.2497
-12.2496
-12.2495
-12.2494
-12.2492
-17.1486
-17.1487
-17.1487
-17.1488
-17.1488
-17.1489
-17.149
-17.1491
-17.1492
-17.1493
-17.1493
-17.1492
-17.1491
-17.1491
-17.149
-17.149
-17.1489
-17.1488
-17.1487
-17.1486
-22.0477
-22.0478
-22.0479
-22.0479
-22.0479
-22.048
-22.048
-22.0481
-22.0482
-22.0483
-22.0484
-22.0483
-22.0483
-22.0482
-22.0482
-22.0481
-22.0481
-22.048
-22.048
-22.0478
-26.9468
-26.9469
-26.9469
-26.947
-26.947
-26.947
-26.9471
-26.9471
-26.9472
-26.9473
-26.9474
-26.9474
-26.9474
-26.9474
-26.9473
-26.9472
-26.9472
-26.9471
-26.947
-26.9469
-31.8456
-31.8458
-31.8459
-31.846
-31.8461
-31.8461
-31.8462
-31.8462
-31.8463
-31.8463
-31.8464
-31.8464
-31.8464
-31.8464
-31.8464
-31.8463
-31.8462
-31.8461
-31.846
-31.8458
-36.7442
-36.7445
-36.7447
-36.7448
-36.7449
-36.745
-36.745
-36.745
-36.745
-36.7451
-36.7451
-36.7452
-36.7453
-36.7453
-36.7453
-36.7453
-36.7452
-36.745
-36.7448
-36.7444
-41.6425
-41.643
-41.6432
-41.6434
-41.6434
-41.6434
-41.6434
-41.6434
-41.6434
-41.6434
-41.6435
-41.6437
-41.6438
-41.6439
-41.644
-41.644
-41.644
-41.6438
-41.6435
-41.6431
-46.5414
-46.5417
-46.5418
-46.5417
-46.5416
-46.5415
-46.5414
-46.5413
-46.5413
-46.5414
-46.5417
-46.5419
-46.5422
-46.5425
-46.5427
-46.5428
-46.5428
-46.5427
-46.5425
-46.5421
-2.45024
-2.45054
-2.45079
-2.45083
-2.45077
-2.45076
-2.45088
-2.45107
-2.45124
-2.45132
-2.45131
-2.45122
-2.45111
-2.451
-2.4509
-2.45079
-2.45067
-2.45051
-2.45029
-2.45011
-7.35004
-7.3502
-7.35032
-7.35035
-7.35032
-7.35032
-7.35041
-7.35058
-7.35075
-7.35084
-7.35083
-7.35075
-7.35066
-7.35056
-7.35047
-7.35037
-7.35026
-7.35012
-7.34995
-7.34979
-12.2494
-12.2495
-12.2496
-12.2496
-12.2496
-12.2497
-12.2497
-12.2499
-12.2501
-12.2501
-12.2501
-12.25
-12.2499
-12.2499
-12.2498
-12.2497
-12.2496
-12.2495
-12.2494
-12.2492
-17.1487
-17.1487
-17.1487
-17.1488
-17.1488
-17.1489
-17.149
-17.1491
-17.1492
-17.1493
-17.1493
-17.1492
-17.1492
-17.1491
-17.149
-17.149
-17.1489
-17.1488
-17.1487
-17.1486
-22.0478
-22.0478
-22.0479
-22.0479
-22.048
-22.048
-22.0481
-22.0482
-22.0483
-22.0484
-22.0484
-22.0484
-22.0484
-22.0483
-22.0482
-22.0482
-22.0481
-22.048
-22.048
-22.0478
-26.9469
-26.947
-26.947
-26.9471
-26.9471
-26.9472
-26.9472
-26.9473
-26.9474
-26.9475
-26.9475
-26.9476
-26.9475
-26.9475
-26.9474
-26.9473
-26.9473
-26.9472
-26.9471
-26.9469
-31.8458
-31.846
-31.8461
-31.8462
-31.8463
-31.8464
-31.8464
-31.8464
-31.8465
-31.8466
-31.8466
-31.8466
-31.8466
-31.8466
-31.8466
-31.8465
-31.8464
-31.8462
-31.8461
-31.8459
-36.7445
-36.7449
-36.7451
-36.7452
-36.7453
-36.7454
-36.7454
-36.7454
-36.7454
-36.7454
-36.7455
-36.7455
-36.7456
-36.7456
-36.7456
-36.7455
-36.7454
-36.7452
-36.745
-36.7446
-41.643
-41.6435
-41.6438
-41.644
-41.644
-41.644
-41.644
-41.644
-41.644
-41.644
-41.6441
-41.6442
-41.6443
-41.6444
-41.6444
-41.6444
-41.6443
-41.6441
-41.6438
-41.6433
-46.5417
-46.5421
-46.5423
-46.5424
-46.5423
-46.5422
-46.5421
-46.5421
-46.5421
-46.5422
-46.5424
-46.5426
-46.5428
-46.543
-46.5431
-46.5431
-46.5431
-46.543
-46.5427
-46.5423
-2.45074
-2.45079
-2.45084
-2.45083
-2.45078
-2.45077
-2.45087
-2.45104
-2.45119
-2.45128
-2.45127
-2.4512
-2.4511
-2.451
-2.45089
-2.45077
-2.45065
-2.45051
-2.45036
-2.4503
-7.3503
-7.35032
-7.35034
-7.35033
-7.35032
-7.35031
-7.35037
-7.35053
-7.35069
-7.35078
-7.35079
-7.35073
-7.35065
-7.35057
-7.35047
-7.35038
-7.35026
-7.35013
-7.34999
-7.34992
-12.2496
-12.2496
-12.2496
-12.2496
-12.2497
-12.2497
-12.2497
-12.2498
-12.25
-12.2501
-12.2501
-12.25
-12.25
-12.2499
-12.2498
-12.2497
-12.2496
-12.2495
-12.2494
-12.2493
-17.1487
-17.1487
-17.1488
-17.1488
-17.1489
-17.1489
-17.149
-17.1491
-17.1492
-17.1493
-17.1493
-17.1492
-17.1492
-17.1491
-17.1491
-17.149
-17.1489
-17.1488
-17.1487
-17.1486
-22.0479
-22.0479
-22.0479
-22.048
-22.048
-22.0481
-22.0481
-22.0482
-22.0483
-22.0484
-22.0484
-22.0484
-22.0484
-22.0483
-22.0483
-22.0482
-22.0481
-22.048
-22.0479
-22.0478
-26.9469
-26.947
-26.9471
-26.9471
-26.9472
-26.9472
-26.9472
-26.9473
-26.9474
-26.9475
-26.9475
-26.9475
-26.9475
-26.9475
-26.9475
-26.9474
-26.9473
-26.9472
-26.9471
-26.947
-31.8459
-31.8461
-31.8462
-31.8463
-31.8463
-31.8463
-31.8463
-31.8463
-31.8464
-31.8465
-31.8465
-31.8466
-31.8466
-31.8466
-31.8466
-31.8466
-31.8465
-31.8463
-31.8462
-31.846
-36.7447
-36.7451
-36.7452
-36.7453
-36.7453
-36.7453
-36.7453
-36.7453
-36.7453
-36.7454
-36.7454
-36.7455
-36.7456
-36.7456
-36.7456
-36.7456
-36.7455
-36.7454
-36.7452
-36.7448
-41.6432
-41.6438
-41.644
-41.6442
-41.6442
-41.6441
-41.644
-41.644
-41.644
-41.6441
-41.6442
-41.6443
-41.6444
-41.6445
-41.6445
-41.6445
-41.6444
-41.6443
-41.644
-41.6435
-46.5418
-46.5423
-46.5425
-46.5426
-46.5425
-46.5423
-46.5422
-46.5422
-46.5422
-46.5423
-46.5425
-46.5427
-46.5429
-46.5431
-46.5432
-46.5433
-46.5432
-46.5431
-46.5428
-46.5424
-2.45086
-2.45083
-2.45083
-2.45081
-2.45079
-2.45077
-2.45085
-2.45101
-2.45116
-2.45125
-2.45126
-2.4512
-2.45112
-2.45102
-2.45092
-2.45081
-2.45068
-2.45055
-2.45043
-2.45038
-7.35039
-7.35035
-7.35033
-7.35033
-7.35032
-7.3503
-7.35034
-7.35048
-7.35063
-7.35073
-7.35075
-7.35072
-7.35065
-7.35057
-7.35048
-7.35038
-7.35028
-7.35016
-7.35006
-7.35001
-12.2496
-12.2496
-12.2496
-12.2496
-12.2497
-12.2497
-12.2497
-12.2498
-12.2499
-12.25
-12.25
-12.25
-12.25
-12.2499
-12.2498
-12.2497
-12.2496
-12.2495
-12.2494
-12.2494
-17.1488
-17.1488
-17.1488
-17.1489
-17.1489
-17.1489
-17.1489
-17.149
-17.1492
-17.1492
-17.1493
-17.1492
-17.1492
-17.1491
-17.1491
-17.149
-17.1489
-17.1488
-17.1487
-17.1486
-22.0479
-22.0479
-22.048
-22.048
-22.0481
-22.0481
-22.0481
-22.0482
-22.0483
-22.0484
-22.0484
-22.0484
-22.0484
-22.0483
-22.0483
-22.0482
-22.0482
-22.048
-22.0479
-22.0478
-26.947
-26.9471
-26.9471
-26.9472
-26.9472
-26.9472
-26.9472
-26.9473
-26.9474
-26.9475
-26.9475
-26.9475
-26.9475
-26.9475
-26.9475
-26.9474
-26.9474
-26.9473
-26.9472
-26.947
-31.846
-31.8462
-31.8463
-31.8463
-31.8463
-31.8463
-31.8463
-31.8463
-31.8464
-31.8464
-31.8465
-31.8466
-31.8466
-31.8466
-31.8466
-31.8466
-31.8466
-31.8464
-31.8463
-31.8461
-36.7448
-36.7452
-36.7453
-36.7453
-36.7453
-36.7452
-36.7452
-36.7452
-36.7452
-36.7453
-36.7454
-36.7455
-36.7456
-36.7456
-36.7457
-36.7457
-36.7456
-36.7455
-36.7453
-36.745
-41.6434
-41.644
-41.6442
-41.6442
-41.6441
-41.6439
-41.6438
-41.6438
-41.6438
-41.6439
-41.6441
-41.6442
-41.6444
-41.6445
-41.6446
-41.6446
-41.6446
-41.6444
-41.6442
-41.6437
-46.5417
-46.5424
-46.5426
-46.5426
-46.5424
-46.5421
-46.5418
-46.5417
-46.5418
-46.542
-46.5423
-46.5426
-46.5429
-46.5431
-46.5433
-46.5434
-46.5434
-46.5432
-46.543
-46.5425
-2.45078
-2.45077
-2.45078
-2.45079
-2.45078
-2.45077
-2.45084
-2.45098
-2.45114
-2.45124
-2.45127
-2.45123
-2.45116
-2.45109
-2.451
-2.4509
-2.45079
-2.45067
-2.45058
-2.45054
-7.35034
-7.35032
-7.35032
-7.35032
-7.35031
-7.35029
-7.35032
-7.35044
-7.35059
-7.3507
-7.35073
-7.35071
-7.35065
-7.35059
-7.35051
-7.35043
-7.35034
-7.35025
-7.35017
-7.35015
-12.2497
-12.2496
-12.2497
-12.2497
-12.2497
-12.2497
-12.2497
-12.2498
-12.2499
-12.25
-12.25
-12.25
-12.25
-12.2499
-12.2498
-12.2498
-12.2497
-12.2496
-12.2495
-12.2495
-17.1488
-17.1488
-17.1489
-17.1489
-17.1489
-17.1489
-17.1489
-17.149
-17.1491
-17.1492
-17.1492
-17.1492
-17.1492
-17.1491
-17.1491
-17.149
-17.149
-17.1489
-17.1488
-17.1487
-22.0479
-22.048
-22.048
-22.0481
-22.0481
-22.0481
-22.0481
-22.0482
-22.0483
-22.0484
-22.0484
-22.0484
-22.0484
-22.0483
-22.0483
-22.0483
-22.0482
-22.0481
-22.048
-22.0479
-26.947
-26.9471
-26.9472
-26.9472
-26.9472
-26.9472
-26.9472
-26.9473
-26.9474
-26.9474
-26.9475
-26.9475
-26.9475
-26.9475
-26.9475
-26.9475
-26.9474
-26.9473
-26.9472
-26.9471
-31.8461
-31.8463
-31.8463
-31.8463
-31.8462
-31.8462
-31.8462
-31.8462
-31.8463
-31.8464
-31.8465
-31.8466
-31.8466
-31.8466
-31.8466
-31.8466
-31.8466
-31.8465
-31.8464
-31.8462
-36.7449
-36.7453
-36.7453
-36.7453
-36.7452
-36.745
-36.7449
-36.745
-36.7451
-36.7452
-36.7453
-36.7454
-36.7455
-36.7456
-36.7457
-36.7457
-36.7457
-36.7456
-36.7455
-36.7452
-41.6434
-41.644
-41.6442
-41.6441
-41.6439
-41.6436
-41.6434
-41.6434
-41.6435
-41.6437
-41.6439
-41.6442
-41.6443
-41.6445
-41.6446
-41.6447
-41.6447
-41.6446
-41.6443
-41.6438
-46.5416
-46.5423
-46.5425
-46.5424
-46.542
-46.5415
-46.5411
-46.5409
-46.5411
-46.5415
-46.542
-46.5424
-46.5428
-46.543
-46.5432
-46.5434
-46.5434
-46.5433
-46.5431
-46.5425
-2.45076
-2.45076
-2.45077
-2.45077
-2.45077
-2.45078
-2.45083
-2.45097
-2.45116
-2.45128
-2.45132
-2.45129
-2.45125
-2.45119
-2.45112
-2.45103
-2.45094
-2.45084
-2.45076
-2.45074
-7.35034
-7.35032
-7.35031
-7.3503
-7.35029
-7.35028
-7.35029
-7.35041
-7.35057
-7.35069
-7.35074
-7.35073
-7.35069
-7.35065
-7.35059
-7.35052
-7.35045
-7.35037
-7.35032
-7.35032
-12.2497
-12.2497
-12.2497
-12.2497
-12.2497
-12.2496
-12.2496
-12.2497
-12.2499
-12.2499
-12.25
-12.25
-12.25
-12.2499
-12.2499
-12.2498
-12.2498
-12.2497
-12.2497
-12.2496
-17.1489
-17.1489
-17.1489
-17.1489
-17.1489
-17.1489
-17.1489
-17.149
-17.1491
-17.1492
-17.1492
-17.1492
-17.1492
-17.1492
-17.1491
-17.1491
-17.149
-17.149
-17.1489
-17.1488
-22.048
-22.048
-22.0481
-22.0481
-22.0481
-22.0481
-22.0481
-22.0482
-22.0482
-22.0483
-22.0484
-22.0484
-22.0484
-22.0483
-22.0483
-22.0483
-22.0482
-22.0482
-22.0481
-22.048
-26.947
-26.9472
-26.9472
-26.9472
-26.9472
-26.9471
-26.9471
-26.9472
-26.9473
-26.9474
-26.9475
-26.9475
-26.9475
-26.9475
-26.9475
-26.9475
-26.9474
-26.9474
-26.9473
-26.9472
-31.8461
-31.8464
-31.8463
-31.8463
-31.8462
-31.8461
-31.846
-31.8461
-31.8462
-31.8464
-31.8465
-31.8465
-31.8466
-31.8466
-31.8466
-31.8466
-31.8466
-31.8466
-31.8465
-31.8463
-36.745
-36.7454
-36.7453
-36.7452
-36.745
-36.7448
-36.7446
-36.7446
-36.7448
-36.745
-36.7453
-36.7454
-36.7455
-36.7456
-36.7457
-36.7457
-36.7457
-36.7457
-36.7456
-36.7453
-41.6434
-41.644
-41.6441
-41.6439
-41.6436
-41.6432
-41.6428
-41.6427
-41.6429
-41.6433
-41.6437
-41.6441
-41.6443
-41.6444
-41.6446
-41.6447
-41.6447
-41.6446
-41.6444
-41.6439
-46.5415
-46.5422
-46.5423
-46.5421
-46.5415
-46.5408
-46.54
-46.5397
-46.54
-46.5407
-46.5415
-46.5422
-46.5426
-46.5429
-46.5432
-46.5434
-46.5435
-46.5434
-46.5431
-46.5426
-2.45091
-2.45088
-2.45087
-2.45085
-2.45084
-2.45083
-2.45082
-2.45094
-2.45121
-2.4514
-2.45145
-2.45141
-2.45137
-2.45131
-2.45124
-2.45116
-2.45107
-2.45097
-2.4509
-2.45088
-7.35045
-7.35041
-7.35037
-7.35034
-7.35032
-7.35029
-7.35025
-7.35035
-7.35057
-7.35073
-7.35079
-7.35079
-7.35076
-7.35072
-7.35067
-7.35061
-7.35055
-7.35049
-7.35044
-7.35044
-12.2498
-12.2497
-12.2497
-12.2497
-12.2497
-12.2496
-12.2496
-12.2497
-12.2498
-12.2499
-12.25
-12.25
-12.25
-12.25
-12.2499
-12.2499
-12.2499
-12.2498
-12.2498
-12.2498
-17.149
-17.149
-17.149
-17.1489
-17.1489
-17.1489
-17.1489
-17.1489
-17.149
-17.1491
-17.1491
-17.1492
-17.1492
-17.1492
-17.1492
-17.1491
-17.1491
-17.149
-17.149
-17.1489
-22.048
-22.0481
-22.0481
-22.0481
-22.0481
-22.0481
-22.048
-22.0481
-22.0482
-22.0483
-22.0483
-22.0483
-22.0483
-22.0483
-22.0483
-22.0483
-22.0483
-22.0482
-22.0482
-22.0481
-26.9471
-26.9472
-26.9472
-26.9472
-26.9472
-26.9471
-26.947
-26.9471
-26.9472
-26.9473
-26.9474
-26.9475
-26.9475
-26.9475
-26.9475
-26.9475
-26.9475
-26.9474
-26.9474
-26.9472
-31.8462
-31.8464
-31.8463
-31.8463
-31.8462
-31.846
-31.8459
-31.8458
-31.846
-31.8462
-31.8464
-31.8465
-31.8466
-31.8466
-31.8466
-31.8466
-31.8467
-31.8466
-31.8466
-31.8464
-36.745
-36.7454
-36.7453
-36.7452
-36.7449
-36.7446
-36.7443
-36.7442
-36.7444
-36.7448
-36.7452
-36.7454
-36.7455
-36.7456
-36.7456
-36.7457
-36.7458
-36.7457
-36.7456
-36.7453
-41.6434
-41.644
-41.644
-41.6438
-41.6434
-41.6428
-41.6422
-41.6419
-41.6421
-41.6428
-41.6435
-41.644
-41.6442
-41.6444
-41.6446
-41.6447
-41.6447
-41.6447
-41.6445
-41.644
-46.5414
-46.5421
-46.5422
-46.5418
-46.5411
-46.54
-46.5389
-46.5383
-46.5385
-46.5396
-46.5409
-46.5419
-46.5425
-46.5429
-46.5432
-46.5434
-46.5435
-46.5434
-46.5432
-46.5426
-2.45112
-2.45107
-2.45104
-2.45101
-2.45098
-2.45097
-2.45094
-2.45097
-2.45127
-2.45166
-2.4517
-2.45161
-2.45151
-2.45141
-2.45132
-2.45123
-2.45113
-2.45102
-2.45091
-2.45087
-7.35064
-7.35058
-7.35053
-7.35048
-7.35044
-7.35041
-7.35035
-7.35025
-7.35045
-7.35079
-7.35089
-7.35089
-7.35085
-7.35079
-7.35073
-7.35067
-7.3506
-7.35053
-7.35046
-7.35044
-12.2499
-12.2499
-12.2498
-12.2498
-12.2498
-12.2497
-12.2497
-12.2495
-12.2496
-12.2498
-12.25
-12.25
-12.25
-12.25
-12.25
-12.2499
-12.2499
-12.2498
-12.2498
-12.2498
-17.1491
-17.1491
-17.1491
-17.149
-17.149
-17.149
-17.1489
-17.1488
-17.1488
-17.149
-17.1491
-17.1492
-17.1492
-17.1492
-17.1492
-17.1492
-17.1491
-17.1491
-17.149
-17.149
-22.0481
-22.0482
-22.0482
-22.0482
-22.0482
-22.0482
-22.0481
-22.0479
-22.048
-22.0481
-22.0483
-22.0483
-22.0483
-22.0484
-22.0484
-22.0483
-22.0483
-22.0483
-22.0482
-22.0481
-26.9471
-26.9473
-26.9473
-26.9473
-26.9473
-26.9472
-26.9471
-26.9469
-26.947
-26.9472
-26.9474
-26.9474
-26.9475
-26.9475
-26.9475
-26.9475
-26.9475
-26.9475
-26.9474
-26.9473
-31.8462
-31.8464
-31.8463
-31.8463
-31.8462
-31.8461
-31.8458
-31.8456
-31.8457
-31.8461
-31.8463
-31.8465
-31.8465
-31.8466
-31.8466
-31.8466
-31.8467
-31.8467
-31.8466
-31.8464
-36.745
-36.7454
-36.7453
-36.7452
-36.745
-36.7446
-36.7442
-36.7439
-36.744
-36.7445
-36.745
-36.7453
-36.7455
-36.7456
-36.7456
-36.7457
-36.7457
-36.7457
-36.7457
-36.7454
-41.6434
-41.644
-41.644
-41.6438
-41.6434
-41.6427
-41.6419
-41.6413
-41.6414
-41.6423
-41.6433
-41.6439
-41.6442
-41.6444
-41.6445
-41.6447
-41.6447
-41.6447
-41.6445
-41.644
-46.5413
-46.5421
-46.5422
-46.5417
-46.5409
-46.5397
-46.5383
-46.5373
-46.5373
-46.5387
-46.5404
-46.5417
-46.5424
-46.5428
-46.5431
-46.5434
-46.5435
-46.5434
-46.5432
-46.5427
-2.4513
-2.45124
-2.45119
-2.45116
-2.45114
-2.45116
-2.45121
-2.45127
-2.45173
-2.45232
-2.45229
-2.45189
-2.45163
-2.45147
-2.45134
-2.45122
-2.4511
-2.45096
-2.45081
-2.45071
-7.35083
-7.35075
-7.35069
-7.35063
-7.35059
-7.35057
-7.35057
-7.35045
-7.35011
-7.35052
-7.35095
-7.35104
-7.35092
-7.35082
-7.35074
-7.35066
-7.35057
-7.35048
-7.35038
-7.35032
-12.2501
-12.2501
-12.25
-12.2499
-12.2499
-12.2499
-12.2498
-12.2496
-12.2494
-12.2496
-12.25
-12.2501
-12.2501
-12.25
-12.25
-12.2499
-12.2499
-12.2498
-12.2498
-12.2497
-17.1492
-17.1492
-17.1492
-17.1492
-17.1491
-17.1491
-17.149
-17.1488
-17.1486
-17.1488
-17.1491
-17.1492
-17.1492
-17.1492
-17.1492
-17.1492
-17.1491
-17.1491
-17.149
-17.149
-22.0482
-22.0483
-22.0483
-22.0483
-22.0483
-22.0482
-22.0482
-22.048
-22.0478
-22.048
-22.0482
-22.0483
-22.0483
-22.0483
-22.0483
-22.0483
-22.0483
-22.0483
-22.0482
-22.0482
-26.9472
-26.9474
-26.9474
-26.9474
-26.9474
-26.9473
-26.9472
-26.947
-26.9469
-26.9471
-26.9473
-26.9474
-26.9475
-26.9475
-26.9475
-26.9475
-26.9475
-26.9475
-26.9474
-26.9473
-31.8463
-31.8465
-31.8464
-31.8464
-31.8463
-31.8462
-31.846
-31.8457
-31.8457
-31.846
-31.8463
-31.8465
-31.8465
-31.8466
-31.8466
-31.8466
-31.8466
-31.8466
-31.8466
-31.8465
-36.745
-36.7454
-36.7453
-36.7452
-36.7451
-36.7448
-36.7444
-36.744
-36.744
-36.7445
-36.745
-36.7453
-36.7455
-36.7455
-36.7456
-36.7457
-36.7457
-36.7457
-36.7457
-36.7454
-41.6434
-41.644
-41.644
-41.6438
-41.6435
-41.6429
-41.6421
-41.6414
-41.6414
-41.6422
-41.6432
-41.6439
-41.6442
-41.6444
-41.6445
-41.6446
-41.6447
-41.6447
-41.6445
-41.6441
-46.5413
-46.5421
-46.5422
-46.5418
-46.5411
-46.54
-46.5385
-46.5373
-46.537
-46.5384
-46.5402
-46.5416
-46.5424
-46.5428
-46.5431
-46.5433
-46.5435
-46.5434
-46.5433
-46.5427
-2.45138
-2.45132
-2.45128
-2.45125
-2.45124
-2.45128
-2.4514
-2.45166
-2.45232
-2.45345
-2.45306
-2.45208
-2.45166
-2.45144
-2.4513
-2.45116
-2.45102
-2.45085
-2.45065
-2.45051
-7.35092
-7.35084
-7.35078
-7.35073
-7.3507
-7.35069
-7.35073
-7.35079
-7.35052
-7.35043
-7.35086
-7.35109
-7.35093
-7.3508
-7.3507
-7.3506
-7.3505
-7.35037
-7.35024
-7.35015
-12.2502
-12.2501
-12.2501
-12.25
-12.25
-12.2499
-12.2499
-12.2498
-12.2496
-12.2496
-12.2499
-12.2501
-12.2501
-12.25
-12.2499
-12.2499
-12.2498
-12.2497
-12.2496
-12.2496
-17.1493
-17.1493
-17.1493
-17.1492
-17.1492
-17.1492
-17.1491
-17.149
-17.1488
-17.1488
-17.1491
-17.1492
-17.1492
-17.1492
-17.1491
-17.1491
-17.1491
-17.149
-17.149
-17.1489
-22.0483
-22.0484
-22.0484
-22.0484
-22.0484
-22.0483
-22.0483
-22.0481
-22.048
-22.048
-22.0483
-22.0483
-22.0483
-22.0483
-22.0483
-22.0483
-22.0483
-22.0482
-22.0482
-22.0481
-26.9473
-26.9475
-26.9475
-26.9475
-26.9474
-26.9474
-26.9473
-26.9472
-26.9471
-26.9472
-26.9474
-26.9474
-26.9474
-26.9475
-26.9475
-26.9475
-26.9475
-26.9474
-26.9474
-26.9473
-31.8463
-31.8466
-31.8465
-31.8464
-31.8464
-31.8464
-31.8462
-31.8461
-31.846
-31.8461
-31.8464
-31.8465
-31.8465
-31.8465
-31.8466
-31.8466
-31.8466
-31.8466
-31.8466
-31.8465
-36.7451
-36.7454
-36.7454
-36.7453
-36.7452
-36.745
-36.7448
-36.7445
-36.7445
-36.7447
-36.7451
-36.7453
-36.7455
-36.7455
-36.7456
-36.7456
-36.7457
-36.7457
-36.7457
-36.7454
-41.6434
-41.644
-41.6441
-41.6439
-41.6437
-41.6433
-41.6428
-41.6423
-41.6422
-41.6427
-41.6434
-41.6439
-41.6442
-41.6444
-41.6445
-41.6446
-41.6447
-41.6447
-41.6445
-41.6441
-46.5414
-46.5422
-46.5423
-46.542
-46.5415
-46.5407
-46.5396
-46.5387
-46.5384
-46.5393
-46.5407
-46.5418
-46.5425
-46.5429
-46.5431
-46.5433
-46.5435
-46.5435
-46.5433
-46.5428
-2.45135
-2.45131
-2.45127
-2.45126
-2.45127
-2.45132
-2.45145
-2.4517
-2.45229
-2.45306
-2.45271
-2.45191
-2.45155
-2.45136
-2.45121
-2.45108
-2.45093
-2.45075
-2.45055
-2.4504
-7.35088
-7.35083
-7.35079
-7.35075
-7.35073
-7.35074
-7.35079
-7.35089
-7.35095
-7.35086
-7.35091
-7.351
-7.35086
-7.35073
-7.35062
-7.35052
-7.35041
-7.35028
-7.35013
-7.35002
-12.2502
-12.2501
-12.2501
-12.25
-12.25
-12.25
-12.25
-12.25
-12.25
-12.2499
-12.25
-12.2501
-12.25
-12.2499
-12.2499
-12.2498
-12.2497
-12.2496
-12.2495
-12.2495
-17.1493
-17.1493
-17.1493
-17.1493
-17.1492
-17.1492
-17.1491
-17.1491
-17.1491
-17.1491
-17.1492
-17.1492
-17.1492
-17.1491
-17.1491
-17.149
-17.149
-17.1489
-17.1489
-17.1488
-22.0484
-22.0484
-22.0484
-22.0484
-22.0484
-22.0484
-22.0483
-22.0483
-22.0482
-22.0483
-22.0484
-22.0484
-22.0483
-22.0483
-22.0483
-22.0482
-22.0482
-22.0482
-22.0481
-22.0481
-26.9474
-26.9475
-26.9475
-26.9475
-26.9475
-26.9475
-26.9474
-26.9474
-26.9473
-26.9474
-26.9475
-26.9475
-26.9474
-26.9474
-26.9474
-26.9474
-26.9474
-26.9474
-26.9474
-26.9473
-31.8464
-31.8466
-31.8465
-31.8465
-31.8465
-31.8465
-31.8464
-31.8463
-31.8463
-31.8464
-31.8465
-31.8465
-31.8465
-31.8465
-31.8465
-31.8466
-31.8466
-31.8466
-31.8466
-31.8464
-36.7451
-36.7455
-36.7454
-36.7454
-36.7453
-36.7453
-36.7452
-36.745
-36.745
-36.7451
-36.7453
-36.7454
-36.7455
-36.7455
-36.7456
-36.7456
-36.7457
-36.7457
-36.7456
-36.7454
-41.6435
-41.6441
-41.6442
-41.6441
-41.6439
-41.6437
-41.6435
-41.6433
-41.6432
-41.6434
-41.6438
-41.6441
-41.6443
-41.6444
-41.6445
-41.6446
-41.6447
-41.6447
-41.6446
-41.6441
-46.5417
-46.5424
-46.5425
-46.5423
-46.542
-46.5415
-46.5409
-46.5404
-46.5402
-46.5407
-46.5415
-46.5422
-46.5427
-46.543
-46.5432
-46.5434
-46.5435
-46.5435
-46.5433
-46.5429
-2.45125
-2.45122
-2.4512
-2.4512
-2.45123
-2.45129
-2.45141
-2.45161
-2.45189
-2.45208
-2.45191
-2.4516
-2.45139
-2.45124
-2.45111
-2.45098
-2.45084
-2.45067
-2.4505
-2.45038
-7.35077
-7.35075
-7.35073
-7.35072
-7.35071
-7.35073
-7.35079
-7.35089
-7.35104
-7.35109
-7.351
-7.35088
-7.35075
-7.35064
-7.35054
-7.35043
-7.35032
-7.35019
-7.35006
-7.34996
-12.2501
-12.25
-12.25
-12.25
-12.25
-12.25
-12.25
-12.25
-12.2501
-12.2501
-12.2501
-12.25
-12.25
-12.2499
-12.2498
-12.2497
-12.2496
-12.2496
-12.2495
-12.2494
-17.1492
-17.1492
-17.1492
-17.1492
-17.1492
-17.1492
-17.1492
-17.1492
-17.1492
-17.1492
-17.1492
-17.1492
-17.1491
-17.1491
-17.149
-17.149
-17.1489
-17.1489
-17.1488
-17.1487
-22.0483
-22.0484
-22.0484
-22.0484
-22.0484
-22.0484
-22.0483
-22.0483
-22.0483
-22.0483
-22.0484
-22.0483
-22.0483
-22.0483
-22.0482
-22.0482
-22.0482
-22.0481
-22.0481
-22.048
-26.9474
-26.9476
-26.9475
-26.9475
-26.9475
-26.9475
-26.9475
-26.9474
-26.9474
-26.9474
-26.9475
-26.9474
-26.9474
-26.9474
-26.9474
-26.9474
-26.9474
-26.9473
-26.9473
-26.9472
-31.8464
-31.8466
-31.8466
-31.8466
-31.8466
-31.8465
-31.8465
-31.8465
-31.8465
-31.8465
-31.8465
-31.8465
-31.8465
-31.8465
-31.8465
-31.8465
-31.8466
-31.8465
-31.8465
-31.8464
-36.7452
-36.7455
-36.7455
-36.7455
-36.7454
-36.7454
-36.7454
-36.7453
-36.7453
-36.7453
-36.7454
-36.7455
-36.7455
-36.7456
-36.7456
-36.7456
-36.7457
-36.7457
-36.7456
-36.7454
-41.6437
-41.6442
-41.6443
-41.6442
-41.6442
-41.6441
-41.644
-41.6439
-41.6439
-41.6439
-41.6441
-41.6443
-41.6444
-41.6445
-41.6446
-41.6446
-41.6447
-41.6447
-41.6446
-41.6442
-46.5419
-46.5426
-46.5427
-46.5426
-46.5424
-46.5422
-46.5419
-46.5417
-46.5416
-46.5418
-46.5422
-46.5426
-46.5429
-46.5431
-46.5433
-46.5435
-46.5436
-46.5435
-46.5434
-46.543
-2.45113
-2.45111
-2.4511
-2.45112
-2.45116
-2.45125
-2.45137
-2.45151
-2.45163
-2.45166
-2.45155
-2.45139
-2.45125
-2.45112
-2.45099
-2.45086
-2.45072
-2.45057
-2.45043
-2.45036
-7.35066
-7.35066
-7.35065
-7.35065
-7.35065
-7.35069
-7.35076
-7.35085
-7.35092
-7.35093
-7.35086
-7.35075
-7.35064
-7.35054
-7.35045
-7.35035
-7.35024
-7.35013
-7.35005
-7.35
-12.2499
-12.2499
-12.25
-12.25
-12.25
-12.25
-12.25
-12.25
-12.2501
-12.2501
-12.25
-12.25
-12.2499
-12.2498
-12.2497
-12.2497
-12.2496
-12.2495
-12.2494
-12.2494
-17.1491
-17.1492
-17.1492
-17.1492
-17.1492
-17.1492
-17.1492
-17.1492
-17.1492
-17.1492
-17.1492
-17.1491
-17.1491
-17.149
-17.149
-17.1489
-17.1489
-17.1488
-17.1487
-17.1486
-22.0483
-22.0484
-22.0484
-22.0484
-22.0484
-22.0484
-22.0483
-22.0483
-22.0483
-22.0483
-22.0483
-22.0483
-22.0483
-22.0482
-22.0482
-22.0482
-22.0481
-22.048
-22.048
-22.0479
-26.9474
-26.9475
-26.9475
-26.9475
-26.9475
-26.9475
-26.9475
-26.9475
-26.9475
-26.9474
-26.9474
-26.9474
-26.9474
-26.9474
-26.9474
-26.9474
-26.9473
-26.9473
-26.9472
-26.9471
-31.8464
-31.8466
-31.8466
-31.8466
-31.8466
-31.8466
-31.8466
-31.8465
-31.8465
-31.8465
-31.8465
-31.8465
-31.8465
-31.8465
-31.8465
-31.8466
-31.8466
-31.8465
-31.8465
-31.8463
-36.7453
-36.7456
-36.7456
-36.7456
-36.7455
-36.7455
-36.7455
-36.7455
-36.7455
-36.7455
-36.7455
-36.7455
-36.7456
-36.7456
-36.7456
-36.7457
-36.7457
-36.7457
-36.7456
-36.7454
-41.6438
-41.6443
-41.6444
-41.6444
-41.6443
-41.6443
-41.6442
-41.6442
-41.6442
-41.6442
-41.6443
-41.6444
-41.6445
-41.6445
-41.6446
-41.6447
-41.6447
-41.6447
-41.6446
-41.6443
-46.5422
-46.5428
-46.5429
-46.5429
-46.5428
-46.5426
-46.5425
-46.5424
-46.5424
-46.5425
-46.5427
-46.5429
-46.5431
-46.5433
-46.5434
-46.5436
-46.5436
-46.5436
-46.5435
-46.5431
-2.45102
-2.451
-2.451
-2.45102
-2.45109
-2.45119
-2.45131
-2.45141
-2.45147
-2.45144
-2.45136
-2.45124
-2.45112
-2.45099
-2.45087
-2.45073
-2.4506
-2.45047
-2.45036
-2.45032
-7.35056
-7.35056
-7.35057
-7.35057
-7.35059
-7.35065
-7.35072
-7.35079
-7.35082
-7.3508
-7.35073
-7.35064
-7.35054
-7.35045
-7.35035
-7.35026
-7.35017
-7.35008
-7.35001
-7.34998
-12.2499
-12.2499
-12.2499
-12.2499
-12.2499
-12.2499
-12.25
-12.25
-12.25
-12.25
-12.2499
-12.2499
-12.2498
-12.2497
-12.2497
-12.2496
-12.2495
-12.2495
-12.2494
-12.2494
-17.1491
-17.1491
-17.1491
-17.1491
-17.1491
-17.1492
-17.1492
-17.1492
-17.1492
-17.1492
-17.1491
-17.1491
-17.149
-17.149
-17.1489
-17.1489
-17.1488
-17.1487
-17.1487
-17.1487
-22.0482
-22.0483
-22.0483
-22.0483
-22.0483
-22.0483
-22.0483
-22.0484
-22.0483
-22.0483
-22.0483
-22.0483
-22.0482
-22.0482
-22.0482
-22.0481
-22.0481
-22.048
-22.0479
-22.0479
-26.9474
-26.9475
-26.9475
-26.9475
-26.9475
-26.9475
-26.9475
-26.9475
-26.9475
-26.9475
-26.9474
-26.9474
-26.9474
-26.9474
-26.9474
-26.9473
-26.9473
-26.9472
-26.9471
-26.947
-31.8464
-31.8466
-31.8466
-31.8466
-31.8466
-31.8466
-31.8466
-31.8466
-31.8466
-31.8465
-31.8465
-31.8465
-31.8465
-31.8466
-31.8466
-31.8466
-31.8465
-31.8465
-31.8464
-31.8462
-36.7453
-36.7456
-36.7456
-36.7456
-36.7456
-36.7456
-36.7456
-36.7456
-36.7455
-36.7455
-36.7455
-36.7456
-36.7456
-36.7456
-36.7457
-36.7457
-36.7457
-36.7456
-36.7456
-36.7453
-41.6439
-41.6444
-41.6445
-41.6445
-41.6445
-41.6444
-41.6444
-41.6444
-41.6444
-41.6444
-41.6444
-41.6445
-41.6445
-41.6446
-41.6447
-41.6448
-41.6448
-41.6447
-41.6446
-41.6443
-46.5425
-46.543
-46.5431
-46.5431
-46.543
-46.5429
-46.5429
-46.5428
-46.5428
-46.5429
-46.543
-46.5431
-46.5433
-46.5434
-46.5436
-46.5437
-46.5437
-46.5437
-46.5436
-46.5433
-2.45092
-2.4509
-2.45089
-2.45092
-2.451
-2.45112
-2.45124
-2.45132
-2.45134
-2.4513
-2.45121
-2.45111
-2.45099
-2.45087
-2.45074
-2.45061
-2.45049
-2.45038
-2.4503
-2.45026
-7.35047
-7.35047
-7.35047
-7.35048
-7.35051
-7.35059
-7.35067
-7.35073
-7.35074
-7.3507
-7.35062
-7.35054
-7.35045
-7.35035
-7.35026
-7.35018
-7.3501
-7.35003
-7.34997
-7.34994
-12.2498
-12.2498
-12.2498
-12.2498
-12.2498
-12.2499
-12.2499
-12.25
-12.25
-12.2499
-12.2499
-12.2498
-12.2497
-12.2497
-12.2496
-12.2495
-12.2495
-12.2494
-12.2494
-12.2494
-17.149
-17.149
-17.1491
-17.1491
-17.1491
-17.1491
-17.1492
-17.1492
-17.1492
-17.1491
-17.1491
-17.149
-17.149
-17.1489
-17.1489
-17.1488
-17.1488
-17.1487
-17.1487
-17.1487
-22.0482
-22.0482
-22.0483
-22.0483
-22.0483
-22.0483
-22.0483
-22.0484
-22.0483
-22.0483
-22.0483
-22.0482
-22.0482
-22.0482
-22.0481
-22.0481
-22.048
-22.048
-22.0479
-22.0479
-26.9473
-26.9474
-26.9475
-26.9475
-26.9475
-26.9475
-26.9475
-26.9475
-26.9475
-26.9475
-26.9474
-26.9474
-26.9474
-26.9474
-26.9473
-26.9473
-26.9472
-26.9472
-26.9471
-26.947
-31.8464
-31.8466
-31.8466
-31.8466
-31.8466
-31.8466
-31.8466
-31.8466
-31.8466
-31.8466
-31.8465
-31.8465
-31.8465
-31.8466
-31.8466
-31.8465
-31.8465
-31.8464
-31.8463
-31.8462
-36.7453
-36.7456
-36.7456
-36.7457
-36.7457
-36.7457
-36.7456
-36.7456
-36.7456
-36.7456
-36.7456
-36.7456
-36.7456
-36.7457
-36.7457
-36.7457
-36.7457
-36.7456
-36.7454
-36.7453
-41.644
-41.6444
-41.6445
-41.6446
-41.6446
-41.6446
-41.6446
-41.6445
-41.6445
-41.6445
-41.6445
-41.6446
-41.6446
-41.6447
-41.6448
-41.6448
-41.6448
-41.6447
-41.6446
-41.6443
-46.5427
-46.5431
-46.5432
-46.5433
-46.5432
-46.5432
-46.5432
-46.5431
-46.5431
-46.5431
-46.5432
-46.5433
-46.5434
-46.5436
-46.5437
-46.5438
-46.5438
-46.5438
-46.5436
-46.5434
-2.45082
-2.45079
-2.45077
-2.45081
-2.4509
-2.45103
-2.45116
-2.45123
-2.45122
-2.45116
-2.45108
-2.45098
-2.45086
-2.45073
-2.45061
-2.45049
-2.45039
-2.4503
-2.45023
-2.4502
-7.35037
-7.35037
-7.35038
-7.35038
-7.35043
-7.35052
-7.35061
-7.35067
-7.35066
-7.3506
-7.35052
-7.35043
-7.35035
-7.35026
-7.35018
-7.35011
-7.35004
-7.34997
-7.34991
-7.34988
-12.2497
-12.2497
-12.2497
-12.2497
-12.2498
-12.2498
-12.2499
-12.2499
-12.2499
-12.2499
-12.2498
-12.2497
-12.2497
-12.2496
-12.2495
-12.2495
-12.2494
-12.2494
-12.2493
-12.2493
-17.149
-17.149
-17.149
-17.149
-17.149
-17.1491
-17.1491
-17.1492
-17.1492
-17.1491
-17.149
-17.149
-17.1489
-17.1489
-17.1488
-17.1488
-17.1487
-17.1487
-17.1487
-17.1486
-22.0481
-22.0482
-22.0482
-22.0482
-22.0483
-22.0483
-22.0483
-22.0483
-22.0483
-22.0483
-22.0482
-22.0482
-22.0482
-22.0481
-22.0481
-22.048
-22.048
-22.0479
-22.0479
-22.0479
-26.9472
-26.9473
-26.9474
-26.9474
-26.9475
-26.9475
-26.9475
-26.9475
-26.9475
-26.9475
-26.9474
-26.9474
-26.9474
-26.9473
-26.9473
-26.9472
-26.9472
-26.9471
-26.9471
-26.947
-31.8463
-31.8465
-31.8466
-31.8466
-31.8466
-31.8466
-31.8466
-31.8466
-31.8466
-31.8466
-31.8466
-31.8465
-31.8466
-31.8466
-31.8465
-31.8465
-31.8464
-31.8463
-31.8462
-31.8461
-36.7453
-36.7455
-36.7456
-36.7457
-36.7457
-36.7457
-36.7457
-36.7457
-36.7457
-36.7456
-36.7456
-36.7456
-36.7457
-36.7457
-36.7457
-36.7457
-36.7456
-36.7455
-36.7454
-36.7452
-41.644
-41.6444
-41.6445
-41.6446
-41.6447
-41.6447
-41.6447
-41.6447
-41.6446
-41.6446
-41.6446
-41.6446
-41.6447
-41.6448
-41.6448
-41.6448
-41.6448
-41.6447
-41.6445
-41.6443
-46.5428
-46.5431
-46.5433
-46.5434
-46.5434
-46.5434
-46.5434
-46.5434
-46.5433
-46.5433
-46.5434
-46.5435
-46.5436
-46.5437
-46.5438
-46.5438
-46.5438
-46.5438
-46.5437
-46.5435
-2.4507
-2.45067
-2.45065
-2.45068
-2.45079
-2.45094
-2.45107
-2.45113
-2.4511
-2.45102
-2.45093
-2.45084
-2.45072
-2.4506
-2.45049
-2.45039
-2.4503
-2.45022
-2.45015
-2.45013
-7.35026
-7.35026
-7.35026
-7.35028
-7.35034
-7.35045
-7.35055
-7.3506
-7.35057
-7.3505
-7.35041
-7.35032
-7.35024
-7.35017
-7.3501
-7.35004
-7.34997
-7.3499
-7.34983
-7.34981
-12.2496
-12.2496
-12.2496
-12.2496
-12.2497
-12.2498
-12.2499
-12.2499
-12.2499
-12.2498
-12.2497
-12.2496
-12.2496
-12.2495
-12.2495
-12.2494
-12.2494
-12.2493
-12.2493
-12.2493
-17.1489
-17.1489
-17.1489
-17.1489
-17.149
-17.149
-17.1491
-17.1491
-17.1491
-17.1491
-17.149
-17.1489
-17.1489
-17.1488
-17.1488
-17.1487
-17.1487
-17.1486
-17.1486
-17.1486
-22.0481
-22.0481
-22.0481
-22.0482
-22.0482
-22.0482
-22.0483
-22.0483
-22.0483
-22.0483
-22.0482
-22.0482
-22.0481
-22.0481
-22.048
-22.048
-22.0479
-22.0479
-22.0478
-22.0478
-26.9472
-26.9473
-26.9473
-26.9474
-26.9474
-26.9474
-26.9475
-26.9475
-26.9475
-26.9475
-26.9474
-26.9474
-26.9473
-26.9473
-26.9472
-26.9472
-26.9471
-26.9471
-26.947
-26.947
-31.8462
-31.8464
-31.8465
-31.8466
-31.8466
-31.8466
-31.8467
-31.8467
-31.8466
-31.8466
-31.8466
-31.8466
-31.8466
-31.8465
-31.8465
-31.8464
-31.8463
-31.8462
-31.8462
-31.8461
-36.7452
-36.7454
-36.7455
-36.7456
-36.7457
-36.7457
-36.7458
-36.7457
-36.7457
-36.7457
-36.7457
-36.7457
-36.7457
-36.7457
-36.7457
-36.7456
-36.7455
-36.7454
-36.7453
-36.7452
-41.644
-41.6443
-41.6444
-41.6446
-41.6447
-41.6447
-41.6447
-41.6447
-41.6447
-41.6447
-41.6447
-41.6447
-41.6447
-41.6448
-41.6448
-41.6448
-41.6447
-41.6446
-41.6444
-41.6443
-46.5428
-46.5431
-46.5432
-46.5434
-46.5434
-46.5435
-46.5435
-46.5435
-46.5435
-46.5435
-46.5435
-46.5436
-46.5436
-46.5437
-46.5438
-46.5438
-46.5438
-46.5438
-46.5437
-46.5436
-2.45051
-2.45051
-2.45051
-2.45055
-2.45067
-2.45084
-2.45097
-2.45102
-2.45096
-2.45085
-2.45075
-2.45067
-2.45057
-2.45047
-2.45038
-2.4503
-2.45022
-2.45013
-2.45004
-2.44999
-7.35012
-7.35012
-7.35013
-7.35016
-7.35025
-7.35037
-7.35049
-7.35053
-7.35048
-7.35037
-7.35028
-7.35019
-7.35013
-7.35008
-7.35003
-7.34997
-7.3499
-7.34982
-7.34975
-7.34971
-12.2495
-12.2495
-12.2495
-12.2495
-12.2496
-12.2497
-12.2498
-12.2498
-12.2498
-12.2497
-12.2496
-12.2496
-12.2495
-12.2495
-12.2494
-12.2494
-12.2493
-12.2493
-12.2492
-12.2492
-17.1488
-17.1488
-17.1488
-17.1488
-17.1489
-17.149
-17.149
-17.1491
-17.1491
-17.149
-17.1489
-17.1489
-17.1488
-17.1487
-17.1487
-17.1487
-17.1486
-17.1486
-17.1486
-17.1485
-22.048
-22.048
-22.048
-22.048
-22.0481
-22.0482
-22.0482
-22.0483
-22.0483
-22.0482
-22.0482
-22.0481
-22.048
-22.048
-22.048
-22.0479
-22.0479
-22.0478
-22.0478
-22.0478
-26.9471
-26.9472
-26.9472
-26.9473
-26.9473
-26.9474
-26.9474
-26.9475
-26.9475
-26.9474
-26.9474
-26.9473
-26.9473
-26.9472
-26.9472
-26.9471
-26.9471
-26.947
-26.947
-26.947
-31.8461
-31.8462
-31.8463
-31.8464
-31.8465
-31.8466
-31.8466
-31.8467
-31.8466
-31.8466
-31.8466
-31.8465
-31.8465
-31.8465
-31.8464
-31.8463
-31.8462
-31.8462
-31.8461
-31.8461
-36.745
-36.7452
-36.7454
-36.7455
-36.7456
-36.7457
-36.7457
-36.7457
-36.7457
-36.7457
-36.7457
-36.7457
-36.7457
-36.7456
-36.7456
-36.7455
-36.7454
-36.7453
-36.7452
-36.7452
-41.6438
-41.6441
-41.6443
-41.6444
-41.6446
-41.6446
-41.6447
-41.6447
-41.6447
-41.6447
-41.6447
-41.6447
-41.6447
-41.6447
-41.6447
-41.6447
-41.6446
-41.6445
-41.6444
-41.6443
-46.5427
-46.543
-46.5431
-46.5432
-46.5433
-46.5434
-46.5434
-46.5434
-46.5434
-46.5435
-46.5435
-46.5435
-46.5436
-46.5437
-46.5438
-46.5438
-46.5438
-46.5438
-46.5437
-46.5437
-2.45021
-2.45029
-2.45036
-2.45043
-2.45058
-2.45076
-2.4509
-2.45091
-2.45081
-2.45065
-2.45055
-2.4505
-2.45043
-2.45036
-2.4503
-2.45023
-2.45015
-2.45004
-2.44987
-2.4497
-7.34992
-7.34995
-7.34999
-7.35006
-7.35017
-7.35032
-7.35044
-7.35046
-7.35038
-7.35024
-7.35013
-7.35006
-7.35005
-7.35001
-7.34997
-7.34991
-7.34983
-7.34975
-7.34964
-7.34954
-12.2494
-12.2494
-12.2494
-12.2494
-12.2495
-12.2497
-12.2498
-12.2498
-12.2498
-12.2496
-12.2495
-12.2495
-12.2494
-12.2494
-12.2494
-12.2493
-12.2493
-12.2492
-12.2491
-12.2491
-17.1487
-17.1487
-17.1487
-17.1487
-17.1488
-17.1489
-17.149
-17.149
-17.149
-17.149
-17.1489
-17.1488
-17.1487
-17.1487
-17.1487
-17.1487
-17.1486
-17.1486
-17.1485
-17.1485
-22.048
-22.048
-22.0479
-22.0479
-22.048
-22.0481
-22.0482
-22.0482
-22.0482
-22.0482
-22.0481
-22.0481
-22.048
-22.0479
-22.0479
-22.0479
-22.0478
-22.0478
-22.0478
-22.0477
-26.947
-26.9471
-26.9471
-26.9472
-26.9472
-26.9473
-26.9474
-26.9474
-26.9474
-26.9474
-26.9474
-26.9473
-26.9472
-26.9471
-26.9471
-26.9471
-26.947
-26.947
-26.9469
-26.9469
-31.846
-31.8461
-31.8462
-31.8463
-31.8464
-31.8465
-31.8466
-31.8466
-31.8466
-31.8466
-31.8466
-31.8465
-31.8465
-31.8464
-31.8463
-31.8462
-31.8462
-31.8461
-31.8461
-31.846
-36.7448
-36.745
-36.7452
-36.7453
-36.7455
-36.7456
-36.7456
-36.7457
-36.7457
-36.7457
-36.7456
-36.7456
-36.7456
-36.7456
-36.7454
-36.7454
-36.7453
-36.7452
-36.7452
-36.7451
-41.6435
-41.6438
-41.644
-41.6442
-41.6443
-41.6444
-41.6445
-41.6445
-41.6445
-41.6445
-41.6446
-41.6446
-41.6446
-41.6446
-41.6446
-41.6445
-41.6444
-41.6444
-41.6443
-41.6443
-46.5425
-46.5427
-46.5428
-46.543
-46.5431
-46.5431
-46.5432
-46.5432
-46.5433
-46.5433
-46.5433
-46.5434
-46.5435
-46.5436
-46.5436
-46.5437
-46.5437
-46.5437
-46.5437
-46.5437
-2.44987
-2.45011
-2.4503
-2.45038
-2.45054
-2.45074
-2.45088
-2.45087
-2.45071
-2.45051
-2.4504
-2.45038
-2.45036
-2.45032
-2.45026
-2.4502
-2.45013
-2.44999
-2.4497
-2.44935
-7.34967
-7.34979
-7.34992
-7.35001
-7.35015
-7.35032
-7.35044
-7.35044
-7.35032
-7.35015
-7.35002
-7.34996
-7.35
-7.34998
-7.34994
-7.34988
-7.34981
-7.34971
-7.34954
-7.34932
-12.2492
-12.2492
-12.2493
-12.2494
-12.2495
-12.2496
-12.2498
-12.2498
-12.2497
-12.2496
-12.2495
-12.2494
-12.2494
-12.2494
-12.2494
-12.2493
-12.2493
-12.2492
-12.2491
-12.249
-17.1486
-17.1486
-17.1486
-17.1486
-17.1487
-17.1488
-17.1489
-17.149
-17.149
-17.1489
-17.1488
-17.1487
-17.1486
-17.1487
-17.1487
-17.1486
-17.1486
-17.1485
-17.1485
-17.1484
-22.0478
-22.0478
-22.0478
-22.0478
-22.0479
-22.048
-22.0481
-22.0481
-22.0482
-22.0481
-22.0481
-22.048
-22.0479
-22.0479
-22.0479
-22.0479
-22.0478
-22.0478
-22.0477
-22.0477
-26.9469
-26.9469
-26.947
-26.947
-26.9471
-26.9472
-26.9472
-26.9473
-26.9473
-26.9473
-26.9473
-26.9472
-26.9471
-26.947
-26.947
-26.947
-26.947
-26.947
-26.9469
-26.9469
-31.8458
-31.8459
-31.846
-31.8461
-31.8462
-31.8463
-31.8464
-31.8464
-31.8465
-31.8465
-31.8464
-31.8464
-31.8463
-31.8462
-31.8462
-31.8461
-31.8461
-31.8461
-31.846
-31.846
-36.7444
-36.7446
-36.7448
-36.745
-36.7452
-36.7453
-36.7453
-36.7454
-36.7454
-36.7454
-36.7454
-36.7454
-36.7454
-36.7453
-36.7453
-36.7452
-36.7452
-36.7452
-36.7451
-36.745
-41.6431
-41.6433
-41.6435
-41.6437
-41.6438
-41.6439
-41.644
-41.644
-41.6441
-41.6441
-41.6441
-41.6442
-41.6443
-41.6443
-41.6443
-41.6443
-41.6443
-41.6443
-41.6443
-41.6442
-46.5421
-46.5423
-46.5424
-46.5425
-46.5425
-46.5426
-46.5426
-46.5427
-46.5427
-46.5428
-46.5429
-46.543
-46.5431
-46.5433
-46.5434
-46.5435
-46.5436
-46.5437
-46.5437
-46.5436
)
;

boundaryField
{
    floor
    {
        type            calculated;
        value           nonuniform List<scalar> 
400
(
-1.63054e-05
-0.000627524
-0.00112443
-0.00118663
-0.00100393
-0.00090989
-0.00107857
-0.00130845
-0.00150334
-0.00159104
-0.0015538
-0.00143315
-0.00130157
-0.00119305
-0.00110485
-0.00102489
-0.000929472
-0.000770895
-0.000499711
-0.000177952
-0.000627524
-0.000926437
-0.00114817
-0.00112818
-0.000974763
-0.000919462
-0.00106826
-0.0012689
-0.00143421
-0.00150747
-0.00147609
-0.00136865
-0.0012426
-0.00112777
-0.00102657
-0.000932724
-0.000831377
-0.00069618
-0.000513913
-0.000371282
-0.00112443
-0.00114817
-0.00115546
-0.0010778
-0.000964539
-0.000932223
-0.00106678
-0.00124432
-0.00139034
-0.00145544
-0.001429
-0.00133883
-0.00122193
-0.00110355
-0.000987471
-0.000870581
-0.000746564
-0.000612288
-0.000487333
-0.000447261
-0.00118663
-0.00112818
-0.0010778
-0.00101043
-0.00094627
-0.000936693
-0.00106048
-0.00122301
-0.00136402
-0.0014357
-0.00142678
-0.00136004
-0.0012662
-0.00116425
-0.00105685
-0.000936582
-0.000799344
-0.00065003
-0.000518212
-0.000463757
-0.00100393
-0.000974763
-0.000964539
-0.00094627
-0.000927423
-0.000938824
-0.0010496
-0.00120445
-0.00135437
-0.00144275
-0.00145544
-0.0014155
-0.00135264
-0.00127635
-0.00118584
-0.00107928
-0.000955667
-0.000822334
-0.000705324
-0.000647665
-0.00090989
-0.000919462
-0.000932223
-0.000936693
-0.000938824
-0.000952658
-0.00103647
-0.00118989
-0.00137257
-0.00149388
-0.00153028
-0.00151356
-0.00147405
-0.00141635
-0.00134097
-0.0012498
-0.00114476
-0.00103371
-0.000939062
-0.000898671
-0.00107857
-0.00106826
-0.00106678
-0.00106048
-0.0010496
-0.00103647
-0.00104479
-0.00118067
-0.00145498
-0.00164715
-0.00169698
-0.00167121
-0.001625
-0.00156363
-0.00148973
-0.00140477
-0.00130949
-0.00120827
-0.00112544
-0.00110205
-0.00130845
-0.0012689
-0.00124432
-0.00122301
-0.00120445
-0.00118989
-0.00118067
-0.00133378
-0.00166837
-0.00204303
-0.00205803
-0.00190268
-0.00178947
-0.00168946
-0.00159581
-0.00150131
-0.00139966
-0.00128878
-0.00118345
-0.00114155
-0.00150334
-0.00143421
-0.00139034
-0.00136402
-0.00135437
-0.00137257
-0.00145498
-0.00166837
-0.00322621
-0.00403351
-0.0032782
-0.00223288
-0.00193326
-0.00176083
-0.00163325
-0.00151574
-0.00138991
-0.00124582
-0.00109324
-0.00100373
-0.00159104
-0.00150747
-0.00145544
-0.0014357
-0.00144275
-0.00149388
-0.00164715
-0.00204303
-0.00403351
-0.00811991
-0.00606101
-0.00246363
-0.0019666
-0.00174419
-0.00159438
-0.0014591
-0.00131198
-0.00113745
-0.000940721
-0.000799421
-0.0015538
-0.00147609
-0.001429
-0.00142678
-0.00145544
-0.00153028
-0.00169698
-0.00205803
-0.0032782
-0.00606101
-0.00501753
-0.00225896
-0.00184916
-0.00164958
-0.0015048
-0.00136697
-0.00121235
-0.0010267
-0.000816455
-0.000656062
-0.00143315
-0.00136865
-0.00133883
-0.00136004
-0.0014155
-0.00151356
-0.00167121
-0.00190268
-0.00223288
-0.00246363
-0.00225896
-0.00189696
-0.00167278
-0.00151564
-0.00138184
-0.00124258
-0.0010805
-0.000888134
-0.000682358
-0.000529571
-0.00130157
-0.0012426
-0.00122193
-0.0012662
-0.00135264
-0.00147405
-0.001625
-0.00178947
-0.00193326
-0.0019666
-0.00184916
-0.00167278
-0.0015101
-0.00136644
-0.00122854
-0.0010774
-0.00090747
-0.00071796
-0.000543043
-0.000444452
-0.00119305
-0.00112777
-0.00110355
-0.00116425
-0.00127635
-0.00141635
-0.00156363
-0.00168946
-0.00176083
-0.00174419
-0.00164958
-0.00151564
-0.00136644
-0.00121396
-0.00106649
-0.000909768
-0.000742488
-0.000576511
-0.000443024
-0.000389538
-0.00110485
-0.00102657
-0.000987471
-0.00105685
-0.00118584
-0.00134097
-0.00148973
-0.00159581
-0.00163325
-0.00159438
-0.0015048
-0.00138184
-0.00122854
-0.00106649
-0.000907462
-0.000748489
-0.000593317
-0.000458467
-0.000367278
-0.000345972
-0.00102489
-0.000932724
-0.000870581
-0.000936582
-0.00107928
-0.0012498
-0.00140477
-0.00150131
-0.00151574
-0.0014591
-0.00136697
-0.00124258
-0.0010774
-0.000909768
-0.000748489
-0.000597586
-0.000468469
-0.000372964
-0.000317977
-0.000319897
-0.000929472
-0.000831377
-0.000746564
-0.000799344
-0.000955667
-0.00114476
-0.00130949
-0.00139966
-0.00138991
-0.00131198
-0.00121235
-0.0010805
-0.00090747
-0.000742488
-0.000593317
-0.000468469
-0.000377488
-0.000317835
-0.000281987
-0.000295889
-0.000770895
-0.00069618
-0.000612288
-0.00065003
-0.000822334
-0.00103371
-0.00120827
-0.00128878
-0.00124582
-0.00113745
-0.0010267
-0.000888134
-0.00071796
-0.000576511
-0.000458467
-0.000372964
-0.000317835
-0.000271483
-0.000221271
-0.000206861
-0.000499711
-0.000513913
-0.000487333
-0.000518212
-0.000705324
-0.000939062
-0.00112544
-0.00118345
-0.00109324
-0.000940721
-0.000816455
-0.000682358
-0.000543043
-0.000443024
-0.000367278
-0.000317977
-0.000281987
-0.000221271
-9.43989e-05
4.30911e-05
-0.000177952
-0.000371282
-0.000447261
-0.000463757
-0.000647665
-0.000898671
-0.00110205
-0.00114155
-0.00100373
-0.000799421
-0.000656062
-0.000529571
-0.000444452
-0.000389538
-0.000345972
-0.000319897
-0.000295889
-0.000206861
4.30911e-05
0.000392672
)
;
    }
    ceiling
    {
        type            calculated;
        value           nonuniform List<scalar> 
400
(
-48.991
-48.9912
-48.9913
-48.9912
-48.9911
-48.9909
-48.9908
-48.9907
-48.9908
-48.9909
-48.9911
-48.9914
-48.9917
-48.992
-48.9922
-48.9923
-48.9924
-48.9923
-48.9921
-48.9918
-48.9912
-48.9916
-48.9918
-48.9918
-48.9918
-48.9917
-48.9916
-48.9915
-48.9915
-48.9916
-48.9918
-48.992
-48.9922
-48.9924
-48.9926
-48.9926
-48.9926
-48.9925
-48.9923
-48.992
-48.9913
-48.9918
-48.992
-48.992
-48.9919
-48.9918
-48.9916
-48.9915
-48.9915
-48.9917
-48.9919
-48.9921
-48.9923
-48.9925
-48.9927
-48.9928
-48.9927
-48.9926
-48.9924
-48.9921
-48.9912
-48.9918
-48.992
-48.992
-48.9918
-48.9915
-48.9912
-48.9911
-48.9911
-48.9914
-48.9917
-48.992
-48.9923
-48.9925
-48.9927
-48.9928
-48.9929
-48.9928
-48.9925
-48.9921
-48.9911
-48.9918
-48.9919
-48.9918
-48.9914
-48.9909
-48.9904
-48.9902
-48.9904
-48.9908
-48.9913
-48.9918
-48.9922
-48.9924
-48.9927
-48.9928
-48.9929
-48.9928
-48.9926
-48.9922
-48.9909
-48.9917
-48.9918
-48.9915
-48.9909
-48.9901
-48.9893
-48.989
-48.9892
-48.9899
-48.9908
-48.9915
-48.992
-48.9923
-48.9926
-48.9928
-48.9929
-48.9929
-48.9927
-48.9922
-48.9908
-48.9916
-48.9916
-48.9912
-48.9904
-48.9893
-48.9881
-48.9874
-48.9877
-48.9888
-48.9902
-48.9912
-48.9918
-48.9923
-48.9926
-48.9928
-48.9929
-48.9929
-48.9927
-48.9922
-48.9907
-48.9915
-48.9915
-48.9911
-48.9902
-48.989
-48.9874
-48.9864
-48.9863
-48.9878
-48.9896
-48.991
-48.9917
-48.9922
-48.9926
-48.9928
-48.993
-48.9929
-48.9928
-48.9923
-48.9908
-48.9915
-48.9915
-48.9911
-48.9904
-48.9892
-48.9877
-48.9863
-48.986
-48.9875
-48.9894
-48.9909
-48.9917
-48.9922
-48.9926
-48.9928
-48.9929
-48.993
-48.9928
-48.9923
-48.9909
-48.9916
-48.9917
-48.9914
-48.9908
-48.9899
-48.9888
-48.9878
-48.9875
-48.9884
-48.99
-48.9911
-48.9918
-48.9923
-48.9926
-48.9928
-48.9929
-48.993
-48.9928
-48.9924
-48.9911
-48.9918
-48.9919
-48.9917
-48.9913
-48.9908
-48.9902
-48.9896
-48.9894
-48.99
-48.9908
-48.9916
-48.9921
-48.9924
-48.9927
-48.9929
-48.993
-48.993
-48.9929
-48.9925
-48.9914
-48.992
-48.9921
-48.992
-48.9918
-48.9915
-48.9912
-48.991
-48.9909
-48.9911
-48.9916
-48.992
-48.9923
-48.9926
-48.9928
-48.9929
-48.9931
-48.9931
-48.993
-48.9926
-48.9917
-48.9922
-48.9923
-48.9923
-48.9922
-48.992
-48.9918
-48.9917
-48.9917
-48.9918
-48.9921
-48.9923
-48.9926
-48.9928
-48.9929
-48.9931
-48.9932
-48.9932
-48.9931
-48.9927
-48.992
-48.9924
-48.9925
-48.9925
-48.9924
-48.9923
-48.9923
-48.9922
-48.9922
-48.9923
-48.9924
-48.9926
-48.9928
-48.9929
-48.9931
-48.9932
-48.9933
-48.9933
-48.9932
-48.9929
-48.9922
-48.9926
-48.9927
-48.9927
-48.9927
-48.9926
-48.9926
-48.9926
-48.9926
-48.9926
-48.9927
-48.9928
-48.9929
-48.9931
-48.9932
-48.9933
-48.9934
-48.9934
-48.9933
-48.9931
-48.9923
-48.9926
-48.9928
-48.9928
-48.9928
-48.9928
-48.9928
-48.9928
-48.9928
-48.9928
-48.9929
-48.9929
-48.9931
-48.9932
-48.9933
-48.9934
-48.9934
-48.9934
-48.9934
-48.9933
-48.9924
-48.9926
-48.9927
-48.9929
-48.9929
-48.9929
-48.9929
-48.993
-48.9929
-48.9929
-48.993
-48.9931
-48.9932
-48.9933
-48.9934
-48.9934
-48.9934
-48.9934
-48.9934
-48.9934
-48.9923
-48.9925
-48.9926
-48.9928
-48.9928
-48.9929
-48.9929
-48.9929
-48.993
-48.993
-48.993
-48.9931
-48.9932
-48.9933
-48.9934
-48.9934
-48.9934
-48.9935
-48.9935
-48.9935
-48.9921
-48.9923
-48.9924
-48.9925
-48.9926
-48.9927
-48.9927
-48.9928
-48.9928
-48.9928
-48.9929
-48.993
-48.9931
-48.9932
-48.9933
-48.9934
-48.9934
-48.9935
-48.9935
-48.9935
-48.9918
-48.992
-48.9921
-48.9921
-48.9922
-48.9922
-48.9922
-48.9923
-48.9923
-48.9924
-48.9925
-48.9926
-48.9927
-48.9929
-48.9931
-48.9933
-48.9934
-48.9935
-48.9935
-48.9935
)
;
    }
    fixedWalls
    {
        type            calculated;
        value           nonuniform List<scalar> 
800
(
-2.44966
-7.34973
-12.2493
-17.1486
-22.0477
-26.9468
-31.8456
-36.7442
-41.6425
-46.5414
-2.45024
-7.35004
-12.2494
-17.1487
-22.0478
-26.9469
-31.8458
-36.7445
-41.643
-46.5417
-2.45074
-7.3503
-12.2496
-17.1487
-22.0479
-26.9469
-31.8459
-36.7447
-41.6432
-46.5418
-2.45086
-7.35039
-12.2496
-17.1488
-22.0479
-26.947
-31.846
-36.7448
-41.6434
-46.5417
-2.45078
-7.35034
-12.2497
-17.1488
-22.0479
-26.947
-31.8461
-36.7449
-41.6434
-46.5416
-2.45076
-7.35034
-12.2497
-17.1489
-22.048
-26.947
-31.8461
-36.745
-41.6434
-46.5415
-2.45091
-7.35045
-12.2498
-17.149
-22.048
-26.9471
-31.8462
-36.745
-41.6434
-46.5414
-2.45112
-7.35064
-12.2499
-17.1491
-22.0481
-26.9471
-31.8462
-36.745
-41.6434
-46.5413
-2.4513
-7.35083
-12.2501
-17.1492
-22.0482
-26.9472
-31.8463
-36.745
-41.6434
-46.5413
-2.45138
-7.35092
-12.2502
-17.1493
-22.0483
-26.9473
-31.8463
-36.7451
-41.6434
-46.5414
-2.45135
-7.35088
-12.2502
-17.1493
-22.0484
-26.9474
-31.8464
-36.7451
-41.6435
-46.5417
-2.45125
-7.35077
-12.2501
-17.1492
-22.0483
-26.9474
-31.8464
-36.7452
-41.6437
-46.5419
-2.45113
-7.35066
-12.2499
-17.1491
-22.0483
-26.9474
-31.8464
-36.7453
-41.6438
-46.5422
-2.45102
-7.35056
-12.2499
-17.1491
-22.0482
-26.9474
-31.8464
-36.7453
-41.6439
-46.5425
-2.45092
-7.35047
-12.2498
-17.149
-22.0482
-26.9473
-31.8464
-36.7453
-41.644
-46.5427
-2.45082
-7.35037
-12.2497
-17.149
-22.0481
-26.9472
-31.8463
-36.7453
-41.644
-46.5428
-2.4507
-7.35026
-12.2496
-17.1489
-22.0481
-26.9472
-31.8462
-36.7452
-41.644
-46.5428
-2.45051
-7.35012
-12.2495
-17.1488
-22.048
-26.9471
-31.8461
-36.745
-41.6438
-46.5427
-2.45021
-7.34992
-12.2494
-17.1487
-22.048
-26.947
-31.846
-36.7448
-41.6435
-46.5425
-2.44987
-7.34967
-12.2492
-17.1486
-22.0478
-26.9469
-31.8458
-36.7444
-41.6431
-46.5421
-2.44987
-7.34967
-12.2492
-17.1486
-22.0478
-26.9469
-31.8458
-36.7444
-41.6431
-46.5421
-2.45011
-7.34979
-12.2492
-17.1486
-22.0478
-26.9469
-31.8459
-36.7446
-41.6433
-46.5423
-2.4503
-7.34992
-12.2493
-17.1486
-22.0478
-26.947
-31.846
-36.7448
-41.6435
-46.5424
-2.45038
-7.35001
-12.2494
-17.1486
-22.0478
-26.947
-31.8461
-36.745
-41.6437
-46.5425
-2.45054
-7.35015
-12.2495
-17.1487
-22.0479
-26.9471
-31.8462
-36.7452
-41.6438
-46.5425
-2.45074
-7.35032
-12.2496
-17.1488
-22.048
-26.9472
-31.8463
-36.7453
-41.6439
-46.5426
-2.45088
-7.35044
-12.2498
-17.1489
-22.0481
-26.9472
-31.8464
-36.7453
-41.644
-46.5426
-2.45087
-7.35044
-12.2498
-17.149
-22.0481
-26.9473
-31.8464
-36.7454
-41.644
-46.5427
-2.45071
-7.35032
-12.2497
-17.149
-22.0482
-26.9473
-31.8465
-36.7454
-41.6441
-46.5427
-2.45051
-7.35015
-12.2496
-17.1489
-22.0481
-26.9473
-31.8465
-36.7454
-41.6441
-46.5428
-2.4504
-7.35002
-12.2495
-17.1488
-22.0481
-26.9473
-31.8464
-36.7454
-41.6441
-46.5429
-2.45038
-7.34996
-12.2494
-17.1487
-22.048
-26.9472
-31.8464
-36.7454
-41.6442
-46.543
-2.45036
-7.35
-12.2494
-17.1486
-22.0479
-26.9471
-31.8463
-36.7454
-41.6443
-46.5431
-2.45032
-7.34998
-12.2494
-17.1487
-22.0479
-26.947
-31.8462
-36.7453
-41.6443
-46.5433
-2.45026
-7.34994
-12.2494
-17.1487
-22.0479
-26.947
-31.8462
-36.7453
-41.6443
-46.5434
-2.4502
-7.34988
-12.2493
-17.1486
-22.0479
-26.947
-31.8461
-36.7452
-41.6443
-46.5435
-2.45013
-7.34981
-12.2493
-17.1486
-22.0478
-26.947
-31.8461
-36.7452
-41.6443
-46.5436
-2.44999
-7.34971
-12.2492
-17.1485
-22.0478
-26.947
-31.8461
-36.7452
-41.6443
-46.5437
-2.4497
-7.34954
-12.2491
-17.1485
-22.0477
-26.9469
-31.846
-36.7451
-41.6443
-46.5437
-2.44935
-7.34932
-12.249
-17.1484
-22.0477
-26.9469
-31.846
-36.745
-41.6442
-46.5436
-2.44966
-7.34973
-12.2493
-17.1486
-22.0477
-26.9468
-31.8456
-36.7442
-41.6425
-46.5414
-2.45024
-7.35004
-12.2494
-17.1487
-22.0478
-26.9469
-31.8458
-36.7445
-41.643
-46.5417
-2.45074
-7.3503
-12.2496
-17.1487
-22.0479
-26.9469
-31.8459
-36.7447
-41.6432
-46.5418
-2.45086
-7.35039
-12.2496
-17.1488
-22.0479
-26.947
-31.846
-36.7448
-41.6434
-46.5417
-2.45078
-7.35034
-12.2497
-17.1488
-22.0479
-26.947
-31.8461
-36.7449
-41.6434
-46.5416
-2.45076
-7.35034
-12.2497
-17.1489
-22.048
-26.947
-31.8461
-36.745
-41.6434
-46.5415
-2.45091
-7.35045
-12.2498
-17.149
-22.048
-26.9471
-31.8462
-36.745
-41.6434
-46.5414
-2.45112
-7.35064
-12.2499
-17.1491
-22.0481
-26.9471
-31.8462
-36.745
-41.6434
-46.5413
-2.4513
-7.35083
-12.2501
-17.1492
-22.0482
-26.9472
-31.8463
-36.745
-41.6434
-46.5413
-2.45138
-7.35092
-12.2502
-17.1493
-22.0483
-26.9473
-31.8463
-36.7451
-41.6434
-46.5414
-2.45135
-7.35088
-12.2502
-17.1493
-22.0484
-26.9474
-31.8464
-36.7451
-41.6435
-46.5417
-2.45125
-7.35077
-12.2501
-17.1492
-22.0483
-26.9474
-31.8464
-36.7452
-41.6437
-46.5419
-2.45113
-7.35066
-12.2499
-17.1491
-22.0483
-26.9474
-31.8464
-36.7453
-41.6438
-46.5422
-2.45102
-7.35056
-12.2499
-17.1491
-22.0482
-26.9474
-31.8464
-36.7453
-41.6439
-46.5425
-2.45092
-7.35047
-12.2498
-17.149
-22.0482
-26.9473
-31.8464
-36.7453
-41.644
-46.5427
-2.45082
-7.35037
-12.2497
-17.149
-22.0481
-26.9472
-31.8463
-36.7453
-41.644
-46.5428
-2.4507
-7.35026
-12.2496
-17.1489
-22.0481
-26.9472
-31.8462
-36.7452
-41.644
-46.5428
-2.45051
-7.35012
-12.2495
-17.1488
-22.048
-26.9471
-31.8461
-36.745
-41.6438
-46.5427
-2.45021
-7.34992
-12.2494
-17.1487
-22.048
-26.947
-31.846
-36.7448
-41.6435
-46.5425
-2.44987
-7.34967
-12.2492
-17.1486
-22.0478
-26.9469
-31.8458
-36.7444
-41.6431
-46.5421
-2.44987
-7.34967
-12.2492
-17.1486
-22.0478
-26.9469
-31.8458
-36.7444
-41.6431
-46.5421
-2.45011
-7.34979
-12.2492
-17.1486
-22.0478
-26.9469
-31.8459
-36.7446
-41.6433
-46.5423
-2.4503
-7.34992
-12.2493
-17.1486
-22.0478
-26.947
-31.846
-36.7448
-41.6435
-46.5424
-2.45038
-7.35001
-12.2494
-17.1486
-22.0478
-26.947
-31.8461
-36.745
-41.6437
-46.5425
-2.45054
-7.35015
-12.2495
-17.1487
-22.0479
-26.9471
-31.8462
-36.7452
-41.6438
-46.5425
-2.45074
-7.35032
-12.2496
-17.1488
-22.048
-26.9472
-31.8463
-36.7453
-41.6439
-46.5426
-2.45088
-7.35044
-12.2498
-17.1489
-22.0481
-26.9472
-31.8464
-36.7453
-41.644
-46.5426
-2.45087
-7.35044
-12.2498
-17.149
-22.0481
-26.9473
-31.8464
-36.7454
-41.644
-46.5427
-2.45071
-7.35032
-12.2497
-17.149
-22.0482
-26.9473
-31.8465
-36.7454
-41.6441
-46.5427
-2.45051
-7.35015
-12.2496
-17.1489
-22.0481
-26.9473
-31.8465
-36.7454
-41.6441
-46.5428
-2.4504
-7.35002
-12.2495
-17.1488
-22.0481
-26.9473
-31.8464
-36.7454
-41.6441
-46.5429
-2.45038
-7.34996
-12.2494
-17.1487
-22.048
-26.9472
-31.8464
-36.7454
-41.6442
-46.543
-2.45036
-7.35
-12.2494
-17.1486
-22.0479
-26.9471
-31.8463
-36.7454
-41.6443
-46.5431
-2.45032
-7.34998
-12.2494
-17.1487
-22.0479
-26.947
-31.8462
-36.7453
-41.6443
-46.5433
-2.45026
-7.34994
-12.2494
-17.1487
-22.0479
-26.947
-31.8462
-36.7453
-41.6443
-46.5434
-2.4502
-7.34988
-12.2493
-17.1486
-22.0479
-26.947
-31.8461
-36.7452
-41.6443
-46.5435
-2.45013
-7.34981
-12.2493
-17.1486
-22.0478
-26.947
-31.8461
-36.7452
-41.6443
-46.5436
-2.44999
-7.34971
-12.2492
-17.1485
-22.0478
-26.947
-31.8461
-36.7452
-41.6443
-46.5437
-2.4497
-7.34954
-12.2491
-17.1485
-22.0477
-26.9469
-31.846
-36.7451
-41.6443
-46.5437
-2.44935
-7.34932
-12.249
-17.1484
-22.0477
-26.9469
-31.846
-36.745
-41.6442
-46.5436
)
;
    }
}


// ************************************************************************* //
