/*--------------------------------*- C++ -*----------------------------------*\
  =========                 |
  \\      /  F ield         | OpenFOAM: The Open Source CFD Toolbox
   \\    /   O peration     | Website:  https://openfoam.org
    \\  /    A nd           | Version:  8
     \\/     M anipulation  |
\*---------------------------------------------------------------------------*/
FoamFile
{
    version     2.0;
    format      ascii;
    class       volScalarField;
    location    "400";
    object      p_rgh;
}
// * * * * * * * * * * * * * * * * * * * * * * * * * * * * * * * * * * * * * //

dimensions      [1 -1 -2 0 0 0 0];

internalField   nonuniform List<scalar> 
4000
(
-1.63054e-05
-0.000627524
-0.00112443
-0.00118663
-0.00100393
-0.00090989
-0.00107857
-0.00130845
-0.00150334
-0.00159104
-0.0015538
-0.00143315
-0.00130157
-0.00119305
-0.00110485
-0.00102489
-0.000929472
-0.000770895
-0.000499711
-0.000177952
-0.000795429
-0.00129236
-0.00162832
-0.00161677
-0.00133216
-0.00122734
-0.00146056
-0.00179325
-0.0020787
-0.00218367
-0.00210788
-0.00192207
-0.00172286
-0.00157741
-0.00148007
-0.00140088
-0.00131556
-0.00119226
-0.000995635
-0.000676473
-0.00103754
-0.00153533
-0.0019108
-0.00192945
-0.00171636
-0.00160383
-0.00179234
-0.00216634
-0.00254689
-0.00267284
-0.00259598
-0.0023886
-0.00211894
-0.00187874
-0.00173784
-0.0016475
-0.0015657
-0.00145761
-0.00127834
-0.000864848
-0.00101464
-0.00157805
-0.00207338
-0.00227893
-0.00214424
-0.00203725
-0.0021312
-0.00240425
-0.00272824
-0.0029232
-0.00294128
-0.00282297
-0.00260238
-0.0022971
-0.00204781
-0.00189897
-0.00179856
-0.00168567
-0.00148053
-0.000897931
-0.000865483
-0.00151739
-0.00209944
-0.00245452
-0.00257157
-0.00254955
-0.00258764
-0.00276172
-0.00298658
-0.00316162
-0.00323361
-0.00319437
-0.00305821
-0.00283389
-0.00253426
-0.00225006
-0.00205004
-0.00187705
-0.00158794
-0.000813239
-0.00064596
-0.00142114
-0.00205928
-0.00250061
-0.00275149
-0.00291394
-0.00305667
-0.00320805
-0.00337059
-0.0035183
-0.00360152
-0.00359662
-0.00350126
-0.00331808
-0.00304804
-0.00271049
-0.00236154
-0.0020233
-0.00156946
-0.000580422
-0.000283922
-0.00125578
-0.00201664
-0.00256346
-0.00292613
-0.00320784
-0.00344195
-0.00363498
-0.00376977
-0.00387422
-0.00393135
-0.00392799
-0.00385622
-0.00370162
-0.00344474
-0.00307891
-0.00261737
-0.00207946
-0.00138425
-0.000120752
0.000311937
-0.000917027
-0.00184036
-0.00251372
-0.00296815
-0.00328671
-0.00356088
-0.00378824
-0.00386663
-0.00392622
-0.00396473
-0.00396907
-0.00392408
-0.00380353
-0.00356989
-0.00320112
-0.00265841
-0.00193415
-0.000967745
0.000611546
0.00102891
-0.000410627
-0.00142602
-0.00211997
-0.00255639
-0.00284649
-0.00311195
-0.00338911
-0.00341533
-0.00344422
-0.00348608
-0.00351825
-0.00351516
-0.00344541
-0.00326483
-0.00291881
-0.00235107
-0.00151267
-0.000334309
0.00149984
0.00141206
0.000142594
-0.000633101
-0.00110018
-0.00135218
-0.00150352
-0.00167502
-0.00191994
-0.00195308
-0.00200542
-0.00210352
-0.00220239
-0.00226441
-0.00226133
-0.0021622
-0.00192417
-0.00148262
-0.000741256
0.000425406
0.00221708
-0.000627524
-0.000926437
-0.00114817
-0.00112818
-0.000974763
-0.000919462
-0.00106826
-0.0012689
-0.00143421
-0.00150747
-0.00147609
-0.00136865
-0.0012426
-0.00112777
-0.00102657
-0.000932724
-0.000831377
-0.00069618
-0.000513913
-0.000371282
-0.00129236
-0.00151823
-0.00162691
-0.00150834
-0.00128479
-0.00120309
-0.00140494
-0.00169795
-0.00194088
-0.0020414
-0.00198024
-0.00182258
-0.00164684
-0.00150341
-0.0013938
-0.00130234
-0.00121358
-0.00110849
-0.00097432
-0.000825022
-0.00153533
-0.00177456
-0.00191924
-0.00184793
-0.00166772
-0.00156671
-0.00172663
-0.00207726
-0.00238853
-0.00250972
-0.00243524
-0.00224209
-0.00200664
-0.00180476
-0.00167014
-0.00157281
-0.00148698
-0.00139016
-0.00125701
-0.00100936
-0.00157805
-0.00187621
-0.00212945
-0.00221429
-0.00210029
-0.00199855
-0.00207956
-0.00235215
-0.00265886
-0.00284336
-0.00283214
-0.00267676
-0.00243835
-0.00216423
-0.00196152
-0.00183614
-0.00174088
-0.00163144
-0.00145151
-0.00100914
-0.00151739
-0.00186856
-0.00222785
-0.00247217
-0.00250992
-0.0024676
-0.00250328
-0.00267843
-0.00291547
-0.00310135
-0.00316151
-0.00310071
-0.00293397
-0.00266184
-0.00236701
-0.00214615
-0.00199323
-0.00183101
-0.00155597
-0.000860821
-0.00142114
-0.00184813
-0.0022999
-0.00265553
-0.00284473
-0.00290944
-0.00298553
-0.00311697
-0.00329012
-0.00344742
-0.00353842
-0.00354035
-0.0034489
-0.00324994
-0.00294296
-0.00260269
-0.00230063
-0.0019979
-0.00155343
-0.00059402
-0.00125578
-0.00188643
-0.00246496
-0.00293415
-0.0032196
-0.0033853
-0.00348046
-0.00359174
-0.00373366
-0.003883
-0.00399085
-0.00402863
-0.00399148
-0.00385157
-0.00357596
-0.00316863
-0.00268727
-0.00214394
-0.0014331
-0.000173885
-0.000917027
-0.00193436
-0.00271371
-0.00330828
-0.00366474
-0.00385695
-0.00398295
-0.0041035
-0.00422453
-0.00433987
-0.00442969
-0.0044771
-0.00447096
-0.00438041
-0.00413611
-0.00369334
-0.00305947
-0.00224332
-0.0011822
0.000456964
-0.000410627
-0.0017876
-0.00278593
-0.00348317
-0.00389384
-0.00414492
-0.00438702
-0.0046037
-0.00466528
-0.00469772
-0.00472034
-0.00471824
-0.00467522
-0.00456376
-0.00432607
-0.0038962
-0.00320349
-0.002203
-0.000814588
0.00119975
0.000142594
-0.00107131
-0.00186342
-0.00241085
-0.00275406
-0.00298087
-0.00320114
-0.00347391
-0.00350928
-0.00350514
-0.00350347
-0.00347241
-0.00339467
-0.00325619
-0.00303335
-0.00268965
-0.00216812
-0.00137744
-0.000163077
0.00176137
-0.00112443
-0.00114817
-0.00115546
-0.0010778
-0.000964539
-0.000932223
-0.00106678
-0.00124432
-0.00139034
-0.00145544
-0.001429
-0.00133883
-0.00122193
-0.00110355
-0.000987471
-0.000870581
-0.000746564
-0.000612288
-0.000487333
-0.000447261
-0.00162832
-0.00162691
-0.00155044
-0.00140418
-0.00124779
-0.00118563
-0.00136126
-0.00161986
-0.001831
-0.0019232
-0.00188213
-0.00175014
-0.00159148
-0.0014468
-0.00132457
-0.00121624
-0.00111048
-0.000999319
-0.000896075
-0.000857102
-0.0019108
-0.00191924
-0.00187624
-0.00175958
-0.00160732
-0.00152089
-0.00166554
-0.00199054
-0.00225166
-0.00235552
-0.00229651
-0.00213317
-0.00193472
-0.00175726
-0.00162019
-0.00150891
-0.00140687
-0.00130173
-0.00119681
-0.00111471
-0.00207338
-0.00212945
-0.00219032
-0.00214701
-0.0020245
-0.00192547
-0.00200815
-0.00227938
-0.00256925
-0.00273664
-0.00270355
-0.0025352
-0.00231235
-0.00208727
-0.00191772
-0.00179525
-0.00168995
-0.00157675
-0.00143735
-0.00122558
-0.00209944
-0.00222785
-0.00238976
-0.00247968
-0.00244183
-0.00236967
-0.00240194
-0.0025889
-0.0028368
-0.00302417
-0.00306826
-0.00295819
-0.00274689
-0.00249536
-0.00226601
-0.00210003
-0.00196737
-0.00181286
-0.0015819
-0.00112645
-0.00205928
-0.0022999
-0.00254312
-0.00273967
-0.00280899
-0.00280275
-0.00283309
-0.00295952
-0.00314532
-0.00331299
-0.00339918
-0.00338385
-0.00326102
-0.00302438
-0.00273869
-0.00248868
-0.00226959
-0.00201297
-0.0016251
-0.000844443
-0.00201664
-0.00246496
-0.00279804
-0.0030464
-0.00317371
-0.00322541
-0.00327412
-0.00337589
-0.00351783
-0.00366219
-0.00376857
-0.00381319
-0.00378392
-0.00365087
-0.00339164
-0.00305024
-0.00267089
-0.00221731
-0.00158606
-0.00043591
-0.00184036
-0.00271371
-0.00320848
-0.00350418
-0.00360549
-0.00368592
-0.00378105
-0.00390454
-0.00402315
-0.00413395
-0.00422781
-0.00428788
-0.00429951
-0.00423484
-0.00406512
-0.00372512
-0.00319497
-0.002468
-0.00148286
8.97523e-05
-0.00142602
-0.00278593
-0.00361816
-0.0040918
-0.00427082
-0.00434363
-0.00448098
-0.00466887
-0.00477068
-0.00484062
-0.00489527
-0.00492164
-0.00491292
-0.00485848
-0.00469513
-0.00433165
-0.00369003
-0.00270897
-0.00133921
0.000692139
-0.000633101
-0.00186342
-0.00263287
-0.0031508
-0.00346302
-0.00367462
-0.00389721
-0.00419403
-0.0042473
-0.00421203
-0.00416944
-0.00408283
-0.00394372
-0.00375042
-0.00349318
-0.00313438
-0.00261762
-0.00186707
-0.000729677
0.00118074
-0.00118663
-0.00112818
-0.0010778
-0.00101043
-0.00094627
-0.000936693
-0.00106048
-0.00122301
-0.00136402
-0.0014357
-0.00142678
-0.00136004
-0.0012662
-0.00116425
-0.00105685
-0.000936582
-0.000799344
-0.00065003
-0.000518212
-0.000463757
-0.00161677
-0.00150834
-0.00140418
-0.0013019
-0.00120258
-0.00116227
-0.00131966
-0.00154963
-0.00173975
-0.00182827
-0.00180274
-0.00169868
-0.00156755
-0.00144219
-0.00132916
-0.001222
-0.00111032
-0.000995489
-0.000901979
-0.000879863
-0.00192945
-0.00184793
-0.00175958
-0.00164955
-0.00152528
-0.00146061
-0.00161137
-0.00190076
-0.00212774
-0.00222116
-0.00217896
-0.00204758
-0.00188462
-0.00173398
-0.0016083
-0.00149847
-0.00139282
-0.00128654
-0.00119778
-0.0011661
-0.00227893
-0.00221429
-0.00214701
-0.00204634
-0.00191186
-0.00182196
-0.00192814
-0.00220299
-0.00247873
-0.00260388
-0.00256485
-0.00241633
-0.00222475
-0.00204225
-0.00189705
-0.00178024
-0.00167418
-0.0015702
-0.00146034
-0.00136164
-0.00245452
-0.00247217
-0.00247968
-0.00243475
-0.00232652
-0.00223162
-0.00228873
-0.00251225
-0.00277399
-0.00293825
-0.00294899
-0.00281907
-0.00261247
-0.00239542
-0.00221553
-0.00208225
-0.00197287
-0.00184122
-0.00166141
-0.0013994
-0.00250061
-0.00265553
-0.00273967
-0.00277185
-0.00272209
-0.00265578
-0.00269575
-0.00286857
-0.00308482
-0.00324935
-0.00331239
-0.0032596
-0.00308769
-0.00284857
-0.00261531
-0.00243089
-0.00227964
-0.00207397
-0.00176047
-0.00121767
-0.00256346
-0.00293415
-0.0030464
-0.00311773
-0.00311296
-0.00308754
-0.00314786
-0.00330608
-0.00347442
-0.00361186
-0.00369309
-0.0037028
-0.00363351
-0.00346951
-0.00321251
-0.00293714
-0.00267622
-0.00232557
-0.00179944
-0.000866135
-0.00251372
-0.00330828
-0.00350418
-0.00356523
-0.00357096
-0.00359337
-0.00372179
-0.00391867
-0.00405216
-0.00412858
-0.00418162
-0.00420508
-0.00418664
-0.00411052
-0.00395135
-0.00368097
-0.00328093
-0.00269586
-0.00183625
-0.000409919
-0.00211997
-0.00348317
-0.0040918
-0.00424539
-0.00426523
-0.00431706
-0.0044919
-0.00477316
-0.00489431
-0.00492284
-0.00493138
-0.00491508
-0.00487093
-0.0048009
-0.00469047
-0.00449032
-0.00401384
-0.00315072
-0.00186341
9.90589e-05
-0.00110018
-0.00241085
-0.0031508
-0.00359326
-0.00380374
-0.00393353
-0.0041203
-0.00445944
-0.00457656
-0.00454946
-0.00451874
-0.00442695
-0.00427095
-0.00406629
-0.0038101
-0.0034627
-0.00297268
-0.00227296
-0.00121518
0.000615594
-0.00100393
-0.000974763
-0.000964539
-0.00094627
-0.000927423
-0.000938824
-0.0010496
-0.00120445
-0.00135437
-0.00144275
-0.00145544
-0.0014155
-0.00135264
-0.00127635
-0.00118584
-0.00107928
-0.000955667
-0.000822334
-0.000705324
-0.000647665
-0.00133216
-0.00128479
-0.00124779
-0.00120258
-0.0011483
-0.00113425
-0.00127984
-0.00149278
-0.0016774
-0.00177276
-0.00176914
-0.00170186
-0.00161397
-0.00152771
-0.00144904
-0.00136101
-0.0012633
-0.00116295
-0.00108553
-0.0010753
-0.00171636
-0.00166772
-0.00160732
-0.00152528
-0.00143177
-0.00139948
-0.00156936
-0.00183367
-0.00203682
-0.00212482
-0.00210066
-0.00200572
-0.00188801
-0.00178008
-0.00168865
-0.00160441
-0.00152037
-0.0014327
-0.00136088
-0.00135669
-0.00214424
-0.00210029
-0.0020245
-0.00191186
-0.00178059
-0.00172003
-0.00188155
-0.00217974
-0.0024068
-0.00249325
-0.00245355
-0.00233413
-0.00218643
-0.00205014
-0.00193975
-0.0018465
-0.00175613
-0.00165996
-0.00157599
-0.00151836
-0.00257157
-0.00250992
-0.00244183
-0.00232652
-0.00217838
-0.00209509
-0.00223839
-0.00253202
-0.00277331
-0.00286935
-0.00283346
-0.00270272
-0.00252748
-0.0023568
-0.00221956
-0.00211362
-0.00201989
-0.00191884
-0.0017763
-0.00160321
-0.00275149
-0.00284473
-0.00280899
-0.00272209
-0.00259098
-0.00251618
-0.0026645
-0.00294564
-0.00316665
-0.00325372
-0.00323673
-0.00313014
-0.00295384
-0.00274774
-0.00256521
-0.00242889
-0.00231661
-0.00216337
-0.0019115
-0.00150544
-0.00292613
-0.0032196
-0.00317371
-0.00311296
-0.00301191
-0.00298244
-0.00319364
-0.00350414
-0.00367109
-0.0036948
-0.00367382
-0.0036109
-0.00349571
-0.00331324
-0.00308656
-0.00288321
-0.00270546
-0.00244812
-0.00201625
-0.00124043
-0.00296815
-0.00366474
-0.00360549
-0.00357096
-0.00351618
-0.00356246
-0.00384299
-0.00421768
-0.00435941
-0.00430467
-0.00423411
-0.00417187
-0.00409596
-0.00398696
-0.00383268
-0.00362306
-0.00333321
-0.0028942
-0.00216747
-0.000867484
-0.00255639
-0.00389384
-0.00427082
-0.00426523
-0.00425716
-0.00433581
-0.00459639
-0.00503498
-0.005207
-0.00514363
-0.00506001
-0.00496666
-0.00486133
-0.00474861
-0.00462565
-0.00447055
-0.00417833
-0.00347203
-0.00230632
-0.000435071
-0.00135218
-0.00275406
-0.00346302
-0.00380374
-0.00391694
-0.00396154
-0.00409228
-0.0044944
-0.00472726
-0.00472751
-0.00473575
-0.00464992
-0.00447325
-0.00424414
-0.00398078
-0.00366066
-0.00320468
-0.00255851
-0.00157478
0.000147719
-0.00090989
-0.000919462
-0.000932223
-0.000936693
-0.000938824
-0.000952658
-0.00103647
-0.00118989
-0.00137257
-0.00149388
-0.00153028
-0.00151356
-0.00147405
-0.00141635
-0.00134097
-0.0012498
-0.00114476
-0.00103371
-0.000939062
-0.000898671
-0.00122734
-0.00120309
-0.00118563
-0.00116227
-0.00113425
-0.00112425
-0.00124047
-0.00145706
-0.00166501
-0.00178476
-0.00180711
-0.00177681
-0.00173055
-0.00168492
-0.00162459
-0.00155423
-0.00147657
-0.00140098
-0.00135026
-0.00137051
-0.00160383
-0.00156671
-0.00152089
-0.00146061
-0.00139948
-0.0013962
-0.00156556
-0.00183043
-0.0020299
-0.00210802
-0.00208978
-0.00202816
-0.00195699
-0.00189384
-0.0018365
-0.0017826
-0.00172336
-0.00166387
-0.00162448
-0.00163339
-0.00203725
-0.00199855
-0.00192547
-0.00182196
-0.00172003
-0.00172499
-0.0019801
-0.00229022
-0.00247172
-0.00248593
-0.00241247
-0.0023112
-0.00220671
-0.00211658
-0.00204368
-0.00198044
-0.00191609
-0.00184597
-0.00178032
-0.00174018
-0.00254955
-0.0024676
-0.00236967
-0.00223162
-0.00209509
-0.00210836
-0.00247241
-0.00285498
-0.00299044
-0.00292287
-0.00278493
-0.00264054
-0.00249848
-0.00237367
-0.00227557
-0.0021978
-0.00212549
-0.00204322
-0.00192469
-0.00178395
-0.00291394
-0.00290944
-0.00280275
-0.00265578
-0.00251618
-0.00256682
-0.00303546
-0.00353311
-0.00362088
-0.0034253
-0.00321753
-0.00304265
-0.00287224
-0.00270731
-0.00257077
-0.00246898
-0.00238185
-0.0022685
-0.00206061
-0.00171113
-0.00320784
-0.0033853
-0.00322541
-0.00308754
-0.00298244
-0.00311372
-0.00365465
-0.00425701
-0.00436911
-0.00402108
-0.00373178
-0.00354445
-0.00338299
-0.00320891
-0.00303136
-0.00288106
-0.00275368
-0.00257061
-0.00221688
-0.00152138
-0.00328671
-0.00385695
-0.00368592
-0.00359337
-0.00356246
-0.00375551
-0.00429235
-0.00496483
-0.00513421
-0.00474772
-0.00439889
-0.00418417
-0.00403102
-0.00389189
-0.00374761
-0.00358739
-0.00337778
-0.00306072
-0.00245433
-0.00124406
-0.00284649
-0.00414492
-0.00434363
-0.00431706
-0.00433581
-0.00447648
-0.00485142
-0.00549089
-0.00577205
-0.00552522
-0.00528533
-0.0050781
-0.00489155
-0.00472586
-0.00457944
-0.00444185
-0.00425219
-0.00369813
-0.00265569
-0.000870819
-0.00150352
-0.00298087
-0.00367462
-0.00393353
-0.00396154
-0.00388403
-0.00389178
-0.004328
-0.00472631
-0.00477869
-0.00488454
-0.00483688
-0.00464438
-0.00438185
-0.00409478
-0.00377869
-0.00336014
-0.0027504
-0.00182561
-0.000210187
-0.00107857
-0.00106826
-0.00106678
-0.00106048
-0.0010496
-0.00103647
-0.00104479
-0.00118067
-0.00145498
-0.00164715
-0.00169698
-0.00167121
-0.001625
-0.00156363
-0.00148973
-0.00140477
-0.00130949
-0.00120827
-0.00112544
-0.00110205
-0.00146056
-0.00140494
-0.00136126
-0.00131966
-0.00127984
-0.00124047
-0.00125976
-0.00149051
-0.00179395
-0.00195607
-0.00196653
-0.00193391
-0.00189966
-0.00185235
-0.00179544
-0.00173266
-0.00166808
-0.00160841
-0.00156316
-0.0015733
-0.00179234
-0.00172663
-0.00166554
-0.00161137
-0.00156936
-0.00156556
-0.0017339
-0.00211401
-0.00234741
-0.0023433
-0.00222167
-0.0021341
-0.00207849
-0.00203491
-0.00199599
-0.00195156
-0.00190438
-0.00185763
-0.00181971
-0.00182187
-0.0021312
-0.00207956
-0.00200815
-0.00192814
-0.00188155
-0.0019801
-0.00238522
-0.00297775
-0.00317598
-0.00286731
-0.00255188
-0.00237738
-0.00228085
-0.00221762
-0.00216935
-0.00212463
-0.00207688
-0.00202319
-0.00196371
-0.00192524
-0.00258764
-0.00250328
-0.00240194
-0.00228873
-0.00223839
-0.00247241
-0.00313354
-0.00395079
-0.00413725
-0.00351638
-0.00295766
-0.0026771
-0.00252701
-0.00242951
-0.00235858
-0.00230056
-0.00224264
-0.00217064
-0.00206598
-0.00192592
-0.00305667
-0.00298553
-0.00283309
-0.00269575
-0.0026645
-0.00303546
-0.00390834
-0.00491653
-0.00512305
-0.004245
-0.00344216
-0.00305816
-0.00285474
-0.00271531
-0.00261097
-0.0025323
-0.00246223
-0.00237041
-0.00219237
-0.00185263
-0.00344195
-0.00348046
-0.00327412
-0.00314786
-0.00319364
-0.00365465
-0.00462619
-0.00574885
-0.00601302
-0.00501094
-0.00402421
-0.00356413
-0.00332963
-0.00316396
-0.00302386
-0.00290986
-0.00281159
-0.00267964
-0.00238768
-0.00172272
-0.00356088
-0.00398295
-0.00378105
-0.00372179
-0.00384299
-0.00429235
-0.00517576
-0.00628525
-0.00665661
-0.00568041
-0.0047601
-0.00426932
-0.00400247
-0.00382995
-0.00369547
-0.00357346
-0.00342785
-0.00319052
-0.0026808
-0.00152741
-0.00311195
-0.00438702
-0.00448098
-0.0044919
-0.00459639
-0.00485142
-0.00536918
-0.00624727
-0.00673078
-0.00613446
-0.00561333
-0.00523439
-0.00494007
-0.00471094
-0.00453672
-0.00440513
-0.00426519
-0.00384312
-0.00290478
-0.00118745
-0.00167502
-0.00320114
-0.00389721
-0.0041203
-0.00409228
-0.00389178
-0.00372627
-0.00411511
-0.00467477
-0.00472978
-0.00497131
-0.00499251
-0.00478742
-0.00448235
-0.0041599
-0.00383222
-0.00343418
-0.00285096
-0.00197523
-0.000454524
-0.00130845
-0.0012689
-0.00124432
-0.00122301
-0.00120445
-0.00118989
-0.00118067
-0.00133378
-0.00166837
-0.00204303
-0.00205803
-0.00190268
-0.00178947
-0.00168946
-0.00159581
-0.00150131
-0.00139966
-0.00128878
-0.00118345
-0.00114155
-0.00179325
-0.00169795
-0.00161986
-0.00154963
-0.00149278
-0.00145706
-0.00149051
-0.00195867
-0.00265252
-0.00286737
-0.00249677
-0.00220068
-0.00206353
-0.00198042
-0.00190818
-0.001836
-0.00176147
-0.00168466
-0.00161846
-0.0016019
-0.00216634
-0.00207726
-0.00199054
-0.00190076
-0.00183367
-0.00183043
-0.00211401
-0.00313931
-0.00415206
-0.00389133
-0.00284103
-0.00237752
-0.00222522
-0.0021551
-0.00210066
-0.00204572
-0.00198967
-0.00193021
-0.00187687
-0.00185207
-0.00240425
-0.00235215
-0.00227938
-0.00220299
-0.00217974
-0.00229022
-0.00297775
-0.00452248
-0.00570082
-0.00489963
-0.00323625
-0.00259553
-0.00239542
-0.00231516
-0.00226287
-0.00221581
-0.00216541
-0.00210788
-0.00204287
-0.00197849
-0.00276172
-0.00267843
-0.0025889
-0.00251225
-0.00253202
-0.00285498
-0.00395079
-0.00587501
-0.00708132
-0.00577633
-0.00368282
-0.00287976
-0.00260988
-0.00249892
-0.00243248
-0.00237768
-0.0023212
-0.00225138
-0.00214817
-0.00198036
-0.00320805
-0.00311697
-0.00295952
-0.00286857
-0.00294564
-0.00353311
-0.00491653
-0.00704136
-0.00818692
-0.00651867
-0.00418726
-0.00324602
-0.00290482
-0.00275294
-0.00266017
-0.00259025
-0.0025243
-0.00244485
-0.0022835
-0.00192214
-0.00363498
-0.00359174
-0.00337589
-0.00330608
-0.00350414
-0.00425701
-0.00574885
-0.00785913
-0.00891725
-0.00710562
-0.00476554
-0.00374284
-0.00334749
-0.00316134
-0.00304031
-0.00294759
-0.00286569
-0.00276237
-0.00251346
-0.00184097
-0.00378824
-0.0041035
-0.00390454
-0.00391867
-0.00421768
-0.00496483
-0.00628525
-0.00812382
-0.0091133
-0.00740236
-0.0054331
-0.00446699
-0.00402026
-0.00379617
-0.00366321
-0.00356671
-0.00346241
-0.00327507
-0.00283046
-0.00169765
-0.00338911
-0.0046037
-0.00466887
-0.00477316
-0.00503498
-0.00549089
-0.00624727
-0.00747621
-0.00834974
-0.00719354
-0.00611863
-0.00544563
-0.00499105
-0.00468119
-0.00447837
-0.00434775
-0.00423425
-0.0039108
-0.0030414
-0.00135577
-0.00191994
-0.00347391
-0.00419403
-0.00445944
-0.0044944
-0.004328
-0.00411511
-0.00441285
-0.0050853
-0.0049321
-0.00517045
-0.00519332
-0.00493462
-0.00455987
-0.00417895
-0.00381819
-0.00341828
-0.00284254
-0.00199704
-0.000539917
-0.00150334
-0.00143421
-0.00139034
-0.00136402
-0.00135437
-0.00137257
-0.00145498
-0.00166837
-0.00322621
-0.00403351
-0.0032782
-0.00223288
-0.00193326
-0.00176083
-0.00163325
-0.00151574
-0.00138991
-0.00124582
-0.00109324
-0.00100373
-0.0020787
-0.00194088
-0.001831
-0.00173975
-0.0016774
-0.00166501
-0.00179395
-0.00265252
-0.0049643
-0.00573867
-0.00367546
-0.00248994
-0.00217418
-0.00203594
-0.00193747
-0.00184532
-0.0017476
-0.00163988
-0.00153244
-0.00146494
-0.00254689
-0.00238853
-0.00225166
-0.00212774
-0.00203682
-0.0020299
-0.00234741
-0.00415206
-0.00727846
-0.00741468
-0.00400947
-0.00268157
-0.00233038
-0.00220068
-0.00212018
-0.00204769
-0.00197084
-0.00188517
-0.00179693
-0.00171667
-0.00272824
-0.00265886
-0.00256925
-0.00247873
-0.0024068
-0.00247172
-0.00317598
-0.00570082
-0.00911742
-0.00846246
-0.0043765
-0.00290761
-0.00250174
-0.00236515
-0.00228904
-0.00222626
-0.00216141
-0.00208324
-0.00199051
-0.00186661
-0.00298658
-0.00291547
-0.0028368
-0.00277399
-0.00277331
-0.00299044
-0.00413725
-0.00708132
-0.0103683
-0.00900653
-0.00476514
-0.00318108
-0.00270791
-0.00254878
-0.00246653
-0.00240006
-0.00233641
-0.00225721
-0.00213902
-0.00191408
-0.00337059
-0.00329012
-0.00314532
-0.00308482
-0.00316665
-0.00362088
-0.00512305
-0.00818692
-0.0111202
-0.00926531
-0.00517155
-0.00352167
-0.00298552
-0.00279285
-0.00269416
-0.00262095
-0.0025504
-0.00247296
-0.00231472
-0.00190693
-0.00376977
-0.00373366
-0.00351783
-0.00347442
-0.00367109
-0.00436911
-0.00601302
-0.00891725
-0.0114008
-0.00933881
-0.00560495
-0.00397394
-0.00339517
-0.00317244
-0.00305674
-0.00297426
-0.00289727
-0.00280815
-0.00258687
-0.00188002
-0.00386663
-0.00422453
-0.00402315
-0.00405216
-0.00435941
-0.00513421
-0.00665661
-0.0091133
-0.0111404
-0.00916069
-0.00609127
-0.00464237
-0.00402845
-0.00375989
-0.00362757
-0.00354865
-0.00347146
-0.00331375
-0.00290683
-0.00178002
-0.00341533
-0.00466528
-0.00477068
-0.00489431
-0.005207
-0.00577205
-0.00673078
-0.00834974
-0.00992845
-0.00840289
-0.0066155
-0.00558724
-0.00497508
-0.00460492
-0.00438541
-0.00425806
-0.00416303
-0.00390206
-0.00308072
-0.00142741
-0.00195308
-0.00350928
-0.0042473
-0.00457656
-0.00472726
-0.00472631
-0.00467477
-0.0050853
-0.00613864
-0.00561415
-0.00551074
-0.00533309
-0.00493633
-0.00446751
-0.00403476
-0.00365468
-0.00326352
-0.00271389
-0.00192152
-0.000546917
-0.00159104
-0.00150747
-0.00145544
-0.0014357
-0.00144275
-0.00149388
-0.00164715
-0.00204303
-0.00403351
-0.00811991
-0.00606101
-0.00246363
-0.0019666
-0.00174419
-0.00159438
-0.0014591
-0.00131198
-0.00113745
-0.000940721
-0.000799421
-0.00218367
-0.0020414
-0.0019232
-0.00182827
-0.00177276
-0.00178476
-0.00195607
-0.00286737
-0.00573867
-0.00940367
-0.00513511
-0.0026012
-0.00218437
-0.00201237
-0.00189299
-0.00178157
-0.00166126
-0.00152329
-0.00137422
-0.00125065
-0.00267284
-0.00250972
-0.00235552
-0.00222116
-0.00212482
-0.00210802
-0.0023433
-0.00389133
-0.00741468
-0.0100795
-0.00470582
-0.00272404
-0.00231422
-0.00216527
-0.00206671
-0.00197495
-0.00187563
-0.00176085
-0.00163217
-0.00148268
-0.0029232
-0.00284336
-0.00273664
-0.00260388
-0.00249325
-0.00248593
-0.00286731
-0.00489963
-0.00846246
-0.00982588
-0.00461286
-0.00291091
-0.00248194
-0.00232796
-0.00223881
-0.00215991
-0.00207361
-0.00196806
-0.001837
-0.00163371
-0.00316162
-0.00310135
-0.00302417
-0.00293825
-0.00286935
-0.00292287
-0.00351638
-0.00577633
-0.00900653
-0.0093072
-0.00474223
-0.00316752
-0.00270324
-0.00253186
-0.00243291
-0.00235562
-0.00228008
-0.00218332
-0.00203935
-0.00173701
-0.0035183
-0.00344742
-0.00331299
-0.00324935
-0.00325372
-0.0034253
-0.004245
-0.00651867
-0.00926531
-0.0088588
-0.00498997
-0.00349117
-0.0029857
-0.00279181
-0.00268793
-0.00260462
-0.00252946
-0.00244338
-0.00227583
-0.00180838
-0.00387422
-0.003883
-0.00366219
-0.00361186
-0.0036948
-0.00402108
-0.00501094
-0.00710562
-0.00933881
-0.00855395
-0.00531837
-0.00390255
-0.00337098
-0.00315939
-0.00305224
-0.00297499
-0.00289443
-0.00280641
-0.00259539
-0.00185748
-0.00392622
-0.00433987
-0.00413395
-0.00412858
-0.00430467
-0.00474772
-0.00568041
-0.00740236
-0.00916069
-0.0082698
-0.00572148
-0.00447997
-0.00393565
-0.00369265
-0.00357639
-0.00351227
-0.00345143
-0.00330825
-0.0029232
-0.00180666
-0.00344422
-0.00469772
-0.00484062
-0.00492284
-0.00514363
-0.00552522
-0.00613446
-0.00719354
-0.00840289
-0.00762385
-0.00618172
-0.00531112
-0.00478043
-0.00445289
-0.00425771
-0.00414752
-0.00407041
-0.00385009
-0.00307316
-0.00146109
-0.00200542
-0.00350514
-0.00421203
-0.00454946
-0.00472751
-0.00477869
-0.00472978
-0.0049321
-0.00561415
-0.00527508
-0.005159
-0.00497636
-0.00461458
-0.0041915
-0.00379863
-0.0034519
-0.00309472
-0.0025868
-0.00184979
-0.000545858
-0.0015538
-0.00147609
-0.001429
-0.00142678
-0.00145544
-0.00153028
-0.00169698
-0.00205803
-0.0032782
-0.00606101
-0.00501753
-0.00225896
-0.00184916
-0.00164958
-0.0015048
-0.00136697
-0.00121235
-0.0010267
-0.000816455
-0.000656062
-0.00210788
-0.00198024
-0.00188213
-0.00180274
-0.00176914
-0.00180711
-0.00196653
-0.00249677
-0.00367546
-0.00513511
-0.00348909
-0.00235078
-0.00207551
-0.00191986
-0.00179682
-0.00167652
-0.00154425
-0.00139208
-0.00122742
-0.00108559
-0.00259598
-0.00243524
-0.00229651
-0.00217896
-0.00210066
-0.00208978
-0.00222167
-0.00284103
-0.00400947
-0.00470582
-0.00313558
-0.00242709
-0.00219706
-0.002067
-0.00196174
-0.00185882
-0.00174705
-0.00161851
-0.00147203
-0.00128622
-0.00294128
-0.00283214
-0.00270355
-0.00256485
-0.00245355
-0.00241247
-0.00255188
-0.00323625
-0.0043765
-0.00461286
-0.00321811
-0.00258671
-0.00234357
-0.00221942
-0.00212466
-0.00203428
-0.00193551
-0.00181657
-0.00166429
-0.00139915
-0.00323361
-0.00316151
-0.00306826
-0.00294899
-0.00283346
-0.00278493
-0.00295766
-0.00368282
-0.00476514
-0.00474223
-0.00345565
-0.00281622
-0.00255206
-0.00241446
-0.0023196
-0.00223658
-0.00214851
-0.00203814
-0.00187423
-0.00151184
-0.00360152
-0.00353842
-0.00339918
-0.00331239
-0.00323673
-0.00321753
-0.00344216
-0.00418726
-0.00517155
-0.00498997
-0.00378165
-0.00312988
-0.00285013
-0.00270924
-0.00260947
-0.00251837
-0.00244107
-0.00234223
-0.00215658
-0.0016422
-0.00393135
-0.00399085
-0.00376857
-0.00369309
-0.00367382
-0.00373178
-0.00402421
-0.00476554
-0.00560495
-0.00531837
-0.00419521
-0.00354635
-0.00324701
-0.00309659
-0.00300465
-0.00292854
-0.0028369
-0.00273998
-0.00250843
-0.00176328
-0.00396473
-0.00442969
-0.00422781
-0.00418162
-0.00423411
-0.00439889
-0.0047601
-0.0054331
-0.00609127
-0.00572148
-0.00473845
-0.00411227
-0.00377811
-0.00360365
-0.00351055
-0.00345425
-0.00339502
-0.00324672
-0.00286228
-0.00176145
-0.00348608
-0.00472034
-0.00489527
-0.00493138
-0.00506001
-0.00528533
-0.00561333
-0.00611863
-0.0066155
-0.00618172
-0.00545469
-0.00492049
-0.0045452
-0.00429035
-0.00412894
-0.00403446
-0.00396562
-0.00376794
-0.0030144
-0.00144395
-0.00210352
-0.00350347
-0.00416944
-0.00451874
-0.00473575
-0.00488454
-0.00497131
-0.00517045
-0.00551074
-0.005159
-0.00493865
-0.00467471
-0.00431223
-0.00392306
-0.00356592
-0.00325065
-0.00292431
-0.00244866
-0.00175879
-0.000522245
-0.00143315
-0.00136865
-0.00133883
-0.00136004
-0.0014155
-0.00151356
-0.00167121
-0.00190268
-0.00223288
-0.00246363
-0.00225896
-0.00189696
-0.00167278
-0.00151564
-0.00138184
-0.00124258
-0.0010805
-0.000888134
-0.000682358
-0.000529571
-0.00192207
-0.00182258
-0.00175014
-0.00169868
-0.00170186
-0.00177681
-0.00193391
-0.00220068
-0.00248994
-0.0026012
-0.00235078
-0.00210223
-0.00192874
-0.00179271
-0.0016697
-0.00154268
-0.00140051
-0.00124168
-0.0010823
-0.000967566
-0.0023886
-0.00224209
-0.00213317
-0.00204758
-0.00200572
-0.00202816
-0.0021341
-0.00237752
-0.00268157
-0.00272404
-0.00242709
-0.00221123
-0.00206257
-0.00194333
-0.0018343
-0.00172458
-0.00160739
-0.00148063
-0.00135148
-0.00122021
-0.00282297
-0.00267676
-0.0025352
-0.00241633
-0.00233413
-0.0023112
-0.00237738
-0.00259553
-0.00290761
-0.00291091
-0.00258671
-0.00234858
-0.0021986
-0.00208575
-0.00198645
-0.00188922
-0.0017866
-0.00167129
-0.00153577
-0.00131028
-0.00319437
-0.00310071
-0.00295819
-0.00281907
-0.00270272
-0.00264054
-0.0026771
-0.00287976
-0.00318108
-0.00316752
-0.00281622
-0.00254855
-0.00237709
-0.00225914
-0.00216171
-0.00206979
-0.00197451
-0.00186076
-0.00170325
-0.001355
-0.00359662
-0.00354035
-0.00338385
-0.0032596
-0.00313014
-0.00304265
-0.00305816
-0.00324602
-0.00352167
-0.00349117
-0.00312988
-0.00284542
-0.00266272
-0.00253005
-0.00241982
-0.00232613
-0.00223748
-0.00212992
-0.00194697
-0.00144381
-0.00392799
-0.00402863
-0.00381319
-0.0037028
-0.0036109
-0.00354445
-0.00356413
-0.00374284
-0.00397394
-0.00390255
-0.00354635
-0.00325999
-0.00308637
-0.00297266
-0.00287988
-0.00277936
-0.00266574
-0.00255476
-0.00230504
-0.00156589
-0.00396907
-0.0044771
-0.00428788
-0.00420508
-0.00417187
-0.00418417
-0.00426932
-0.00446699
-0.00464237
-0.00447997
-0.00411227
-0.00381968
-0.00362749
-0.00350468
-0.00342363
-0.00335871
-0.00327305
-0.00308993
-0.00267569
-0.00160002
-0.00351825
-0.00471824
-0.00492164
-0.00491508
-0.00496666
-0.0050781
-0.00523439
-0.00544563
-0.00558724
-0.00531112
-0.00492049
-0.00459426
-0.00433822
-0.00414701
-0.00401568
-0.00393081
-0.00385463
-0.00362599
-0.00285874
-0.00133434
-0.00220239
-0.00347241
-0.00408283
-0.00442695
-0.00464992
-0.00483688
-0.00499251
-0.00519332
-0.00533309
-0.00497636
-0.00467471
-0.0043589
-0.00400752
-0.00365712
-0.00334013
-0.00305759
-0.0027545
-0.00229902
-0.00163938
-0.000459835
-0.00130157
-0.0012426
-0.00122193
-0.0012662
-0.00135264
-0.00147405
-0.001625
-0.00178947
-0.00193326
-0.0019666
-0.00184916
-0.00167278
-0.0015101
-0.00136644
-0.00122854
-0.0010774
-0.00090747
-0.00071796
-0.000543043
-0.000444452
-0.00172286
-0.00164684
-0.00159148
-0.00156755
-0.00161397
-0.00173055
-0.00189966
-0.00206353
-0.00217418
-0.00218437
-0.00207551
-0.00192874
-0.00178609
-0.00165367
-0.00152294
-0.00138421
-0.00122677
-0.00106253
-0.000915247
-0.000806088
-0.00211894
-0.00200664
-0.00193472
-0.00188462
-0.00188801
-0.00195699
-0.00207849
-0.00222522
-0.00233038
-0.00231422
-0.00219706
-0.00206257
-0.00193465
-0.00181587
-0.00170032
-0.00158181
-0.00145672
-0.00132893
-0.00121142
-0.001113
-0.00260238
-0.00243835
-0.00231235
-0.00222475
-0.00218643
-0.00220671
-0.00228085
-0.00239542
-0.00250174
-0.00248194
-0.00234357
-0.0021986
-0.0020699
-0.00195697
-0.00185226
-0.00174915
-0.00164316
-0.00153314
-0.00142794
-0.00134913
-0.00305821
-0.00293397
-0.00274689
-0.00261247
-0.00252748
-0.00249848
-0.00252701
-0.00260988
-0.00270791
-0.00270324
-0.00255206
-0.00237709
-0.00223213
-0.00211246
-0.00200805
-0.00190997
-0.00180982
-0.00169887
-0.00157371
-0.00141647
-0.00350126
-0.0034489
-0.00326102
-0.00308769
-0.00295384
-0.00287224
-0.00285474
-0.00290482
-0.00298552
-0.0029857
-0.00285013
-0.00266272
-0.00248822
-0.00234442
-0.00222674
-0.00212118
-0.00201418
-0.00188252
-0.00169931
-0.00136276
-0.00385622
-0.00399148
-0.00378392
-0.00363351
-0.00349571
-0.00338299
-0.00332963
-0.00334749
-0.00339517
-0.00337098
-0.00324701
-0.00308637
-0.00292839
-0.00278397
-0.00263783
-0.00249326
-0.00236668
-0.0021952
-0.00191932
-0.00131692
-0.00392408
-0.00447096
-0.00429951
-0.00418664
-0.00409596
-0.00403102
-0.00400247
-0.00402026
-0.00402845
-0.00393565
-0.00377811
-0.00362749
-0.00350344
-0.00340097
-0.00330693
-0.00319666
-0.00301166
-0.00275523
-0.00226182
-0.0012687
-0.00351516
-0.00467522
-0.00491292
-0.00487093
-0.00486133
-0.00489155
-0.00494007
-0.00499105
-0.00497508
-0.00478043
-0.0045452
-0.00433822
-0.00416753
-0.00403045
-0.00392492
-0.00383853
-0.00372231
-0.00335007
-0.00250474
-0.0010492
-0.00226441
-0.00339467
-0.00394372
-0.00427095
-0.00447325
-0.00464438
-0.00478742
-0.00493462
-0.00493633
-0.00461458
-0.00431223
-0.00400752
-0.00369846
-0.00340269
-0.00313384
-0.0028806
-0.00257855
-0.00212334
-0.00146167
-0.000304618
-0.00119305
-0.00112777
-0.00110355
-0.00116425
-0.00127635
-0.00141635
-0.00156363
-0.00168946
-0.00176083
-0.00174419
-0.00164958
-0.00151564
-0.00136644
-0.00121396
-0.00106649
-0.000909768
-0.000742488
-0.000576511
-0.000443024
-0.000389538
-0.00157741
-0.00150341
-0.0014468
-0.00144219
-0.00152771
-0.00168492
-0.00185235
-0.00198042
-0.00203594
-0.00201237
-0.00191986
-0.00179271
-0.00165367
-0.00151169
-0.00135726
-0.00119734
-0.00103328
-0.000882006
-0.000774398
-0.000724501
-0.00187874
-0.00180476
-0.00175726
-0.00173398
-0.00178008
-0.00189384
-0.00203491
-0.0021551
-0.00220068
-0.00216527
-0.002067
-0.00194333
-0.00181587
-0.00169003
-0.00156173
-0.00142849
-0.0012929
-0.00116454
-0.00105733
-0.000972719
-0.0022971
-0.00216423
-0.00208727
-0.00204225
-0.00205014
-0.00211658
-0.00221762
-0.00231516
-0.00236515
-0.00232796
-0.00221942
-0.00208575
-0.00195697
-0.00183915
-0.00172699
-0.00161544
-0.00150337
-0.00139297
-0.00129368
-0.00121284
-0.00283389
-0.00266184
-0.00249536
-0.00239542
-0.0023568
-0.00237367
-0.00242951
-0.00249892
-0.00254878
-0.00253186
-0.00241446
-0.00225914
-0.00211246
-0.00198696
-0.00187662
-0.00177215
-0.00166739
-0.00156192
-0.00146856
-0.00140516
-0.00331808
-0.00324994
-0.00302438
-0.00284857
-0.00274774
-0.00270731
-0.00271531
-0.00275294
-0.00279285
-0.00279181
-0.00270924
-0.00253005
-0.00234442
-0.00219233
-0.00206403
-0.00194586
-0.00182364
-0.00169015
-0.00155793
-0.00141769
-0.00370162
-0.00385157
-0.00365087
-0.00346951
-0.00331324
-0.00320891
-0.00316396
-0.00316134
-0.00317244
-0.00315939
-0.00309659
-0.00297266
-0.00278397
-0.0025924
-0.00241379
-0.0022537
-0.00207472
-0.00184944
-0.00158657
-0.00123462
-0.00380353
-0.00438041
-0.00423484
-0.00411052
-0.00398696
-0.00389189
-0.00382995
-0.00379617
-0.00375989
-0.00369265
-0.00360365
-0.00350468
-0.00340097
-0.00328786
-0.00313661
-0.00290405
-0.00262444
-0.0022174
-0.00168959
-0.000935845
-0.00344541
-0.00456376
-0.00485848
-0.0048009
-0.00474861
-0.00472586
-0.00471094
-0.00468119
-0.00460492
-0.00445289
-0.00429035
-0.00414701
-0.00403045
-0.00393194
-0.00383779
-0.00371757
-0.00345807
-0.00284237
-0.00188427
-0.00059093
-0.00226133
-0.00325619
-0.00375042
-0.00406629
-0.00424414
-0.00438185
-0.00448235
-0.00455987
-0.00446751
-0.0041915
-0.00392306
-0.00365712
-0.00340269
-0.00316492
-0.00293891
-0.00269498
-0.00235646
-0.00187401
-0.00115944
2.96068e-05
-0.00110485
-0.00102657
-0.000987471
-0.00105685
-0.00118584
-0.00134097
-0.00148973
-0.00159581
-0.00163325
-0.00159438
-0.0015048
-0.00138184
-0.00122854
-0.00106649
-0.000907462
-0.000748489
-0.000593317
-0.000458467
-0.000367278
-0.000345972
-0.00148007
-0.0013938
-0.00132457
-0.00132916
-0.00144904
-0.00162459
-0.00179544
-0.00190818
-0.00193747
-0.00189299
-0.00179682
-0.0016697
-0.00152294
-0.00135726
-0.00118705
-0.00102337
-0.000874383
-0.000756664
-0.000688098
-0.000673463
-0.00173784
-0.00167014
-0.00162019
-0.0016083
-0.00168865
-0.0018365
-0.00199599
-0.00210066
-0.00212018
-0.00206671
-0.00196174
-0.0018343
-0.00170032
-0.00156173
-0.00141529
-0.00127185
-0.00113682
-0.00102355
-0.000939109
-0.000891097
-0.00204781
-0.00196152
-0.00191772
-0.00189705
-0.00193975
-0.00204368
-0.00216935
-0.00226287
-0.00228904
-0.00223881
-0.00212466
-0.00198645
-0.00185226
-0.00172699
-0.00160423
-0.00148186
-0.00136516
-0.00125641
-0.00116352
-0.00108782
-0.00253426
-0.00236701
-0.00226601
-0.00221553
-0.00221956
-0.00227557
-0.00235858
-0.00243248
-0.00246653
-0.00243291
-0.0023196
-0.00216171
-0.00200805
-0.00187662
-0.00175911
-0.00164658
-0.00153624
-0.00143166
-0.0013429
-0.00127554
-0.00304804
-0.00294296
-0.00273869
-0.00261531
-0.00256521
-0.00257077
-0.00261097
-0.00266017
-0.00269416
-0.00268793
-0.00260947
-0.00241982
-0.00222674
-0.00206403
-0.00192434
-0.00179167
-0.0016582
-0.00153173
-0.00143654
-0.0013869
-0.00344474
-0.00357596
-0.00339164
-0.00321251
-0.00308656
-0.00303136
-0.00302386
-0.00304031
-0.00305674
-0.00305224
-0.00300465
-0.00287988
-0.00263783
-0.00241379
-0.00221947
-0.00201917
-0.00179873
-0.0015701
-0.00139147
-0.00127675
-0.00356989
-0.00413611
-0.00406512
-0.00395135
-0.00383268
-0.00374761
-0.00369547
-0.00366321
-0.00362757
-0.00357639
-0.00351055
-0.00342363
-0.00330693
-0.00313661
-0.00286655
-0.00255715
-0.00216192
-0.00167852
-0.00123059
-0.000844575
-0.00326483
-0.00432607
-0.00469513
-0.00469047
-0.00462565
-0.00457944
-0.00453672
-0.00447837
-0.00438541
-0.00425771
-0.00412894
-0.00401568
-0.00392492
-0.00383779
-0.00371704
-0.00346815
-0.00294442
-0.00211131
-0.00113433
-0.000178093
-0.0021622
-0.00303335
-0.00349318
-0.0038101
-0.00398078
-0.00409478
-0.0041599
-0.00417895
-0.00403476
-0.00379863
-0.00356592
-0.00334013
-0.00313384
-0.00293891
-0.00272878
-0.00245252
-0.00206666
-0.00150323
-0.000655911
0.0005886
-0.00102489
-0.000932724
-0.000870581
-0.000936582
-0.00107928
-0.0012498
-0.00140477
-0.00150131
-0.00151574
-0.0014591
-0.00136697
-0.00124258
-0.0010774
-0.000909768
-0.000748489
-0.000597586
-0.000468469
-0.000372964
-0.000317977
-0.000319897
-0.00140088
-0.00130234
-0.00121624
-0.001222
-0.00136101
-0.00155423
-0.00173266
-0.001836
-0.00184532
-0.00178157
-0.00167652
-0.00154268
-0.00138421
-0.00119734
-0.00102337
-0.000872628
-0.000756291
-0.000677433
-0.000639783
-0.000646512
-0.0016475
-0.00157281
-0.00150891
-0.00149847
-0.00160441
-0.0017826
-0.00195156
-0.00204572
-0.00204769
-0.00197495
-0.00185882
-0.00172458
-0.00158181
-0.00142849
-0.00127185
-0.00112988
-0.00100931
-0.000920409
-0.000865783
-0.000848639
-0.00189897
-0.00183614
-0.00179525
-0.00178024
-0.0018465
-0.00198044
-0.00212463
-0.00221581
-0.00222626
-0.00215991
-0.00203428
-0.00188922
-0.00174915
-0.00161544
-0.00148186
-0.0013547
-0.00124105
-0.00114312
-0.00106935
-0.00101929
-0.00225006
-0.00214615
-0.00210003
-0.00208225
-0.00211362
-0.0021978
-0.00230056
-0.00237768
-0.00240006
-0.00235562
-0.00223658
-0.00206979
-0.00190997
-0.00177215
-0.00164658
-0.00152732
-0.00141471
-0.00131419
-0.00123331
-0.00116659
-0.00271049
-0.00260269
-0.00248868
-0.00243089
-0.00242889
-0.00246898
-0.0025323
-0.00259025
-0.00262095
-0.00260462
-0.00251837
-0.00232613
-0.00212118
-0.00194586
-0.00179167
-0.00164573
-0.00150636
-0.00138852
-0.00131296
-0.00127749
-0.00307891
-0.00316863
-0.00305024
-0.00293714
-0.00288321
-0.00288106
-0.00290986
-0.00294759
-0.00297426
-0.00297499
-0.00292854
-0.00277936
-0.00249326
-0.0022537
-0.00201917
-0.00178167
-0.00153966
-0.00133085
-0.00122277
-0.00124444
-0.00320112
-0.00369334
-0.00372512
-0.00368097
-0.00362306
-0.00358739
-0.00357346
-0.00356671
-0.00354865
-0.00351227
-0.00345425
-0.00335871
-0.00319666
-0.00290405
-0.00255715
-0.00215575
-0.00168122
-0.00121047
-0.000898883
-0.000866887
-0.00291881
-0.0038962
-0.00433165
-0.00449032
-0.00447055
-0.00444185
-0.00440513
-0.00434775
-0.00425806
-0.00414752
-0.00403446
-0.00393081
-0.00383853
-0.00371757
-0.00346815
-0.00297203
-0.00221908
-0.00130302
-0.000453561
1.36424e-05
-0.00192417
-0.00268965
-0.00313438
-0.0034627
-0.00366066
-0.00377869
-0.00383222
-0.00381819
-0.00365468
-0.0034519
-0.00325065
-0.00305759
-0.0028806
-0.00269498
-0.00245252
-0.00212291
-0.00165592
-0.000952069
8.45977e-05
0.00128701
-0.000929472
-0.000831377
-0.000746564
-0.000799344
-0.000955667
-0.00114476
-0.00130949
-0.00139966
-0.00138991
-0.00131198
-0.00121235
-0.0010805
-0.00090747
-0.000742488
-0.000593317
-0.000468469
-0.000377488
-0.000317835
-0.000281987
-0.000295889
-0.00131556
-0.00121358
-0.00111048
-0.00111032
-0.0012633
-0.00147657
-0.00166808
-0.00176147
-0.0017476
-0.00166126
-0.00154425
-0.00140051
-0.00122677
-0.00103328
-0.000874383
-0.000756291
-0.000677446
-0.000632904
-0.000618785
-0.000637772
-0.0015657
-0.00148698
-0.00140687
-0.00139282
-0.00152037
-0.00172336
-0.00190438
-0.00198967
-0.00197084
-0.00187563
-0.00174705
-0.00160739
-0.00145672
-0.0012929
-0.00113682
-0.00100931
-0.000916588
-0.000856988
-0.000833531
-0.000839062
-0.00179856
-0.00174088
-0.00168995
-0.00167418
-0.00175613
-0.00191609
-0.00207688
-0.00216541
-0.00216141
-0.00207361
-0.00193551
-0.0017866
-0.00164316
-0.00150337
-0.00136516
-0.00124105
-0.00113823
-0.00106046
-0.00101408
-0.000993251
-0.00205004
-0.00199323
-0.00196737
-0.00197287
-0.00201989
-0.00212549
-0.00224264
-0.0023212
-0.00233641
-0.00228008
-0.00214851
-0.00197451
-0.00180982
-0.00166739
-0.00153624
-0.00141471
-0.00130483
-0.00121166
-0.00114469
-0.00110436
-0.00236154
-0.00230063
-0.00226959
-0.00227964
-0.00231661
-0.00238185
-0.00246223
-0.0025243
-0.0025504
-0.00252946
-0.00244107
-0.00223748
-0.00201418
-0.00182364
-0.0016582
-0.00150636
-0.00136623
-0.00124908
-0.00117634
-0.00115871
-0.00261737
-0.00268727
-0.00267089
-0.00267622
-0.00270546
-0.00275368
-0.00281159
-0.00286569
-0.00289727
-0.00289443
-0.0028369
-0.00266574
-0.00236668
-0.00207472
-0.00179873
-0.00153966
-0.00129705
-0.00110096
-0.0010168
-0.00108835
-0.00265841
-0.00305947
-0.00319497
-0.00328093
-0.00333321
-0.00337778
-0.00342785
-0.00346241
-0.00347146
-0.00345143
-0.00339502
-0.00327305
-0.00301166
-0.00262444
-0.00216192
-0.00168122
-0.00120171
-0.000783298
-0.000568991
-0.000727273
-0.00235107
-0.00320349
-0.00369003
-0.00401384
-0.00417833
-0.00425219
-0.00426519
-0.00423425
-0.00416303
-0.00407041
-0.00396562
-0.00385463
-0.00372231
-0.00345807
-0.00294442
-0.00221908
-0.00137134
-0.000510265
0.00014718
0.000196898
-0.00148262
-0.00216812
-0.00261762
-0.00297268
-0.00320468
-0.00336014
-0.00343418
-0.00341828
-0.00326352
-0.00309472
-0.00292431
-0.0027545
-0.00257855
-0.00235646
-0.00206666
-0.00165592
-0.00105375
-0.000157633
0.000994426
0.00197189
-0.000770895
-0.00069618
-0.000612288
-0.00065003
-0.000822334
-0.00103371
-0.00120827
-0.00128878
-0.00124582
-0.00113745
-0.0010267
-0.000888134
-0.00071796
-0.000576511
-0.000458467
-0.000372964
-0.000317835
-0.000271483
-0.000221271
-0.000206861
-0.00119226
-0.00110849
-0.000999319
-0.000995489
-0.00116295
-0.00140098
-0.00160841
-0.00168466
-0.00163988
-0.00152329
-0.00139208
-0.00124168
-0.00106253
-0.000882006
-0.000756664
-0.000677433
-0.000632904
-0.000610746
-0.000598433
-0.000599387
-0.00145761
-0.00139016
-0.00130173
-0.00128654
-0.0014327
-0.00166387
-0.00185763
-0.00193021
-0.00188517
-0.00176085
-0.00161851
-0.00148063
-0.00132893
-0.00116454
-0.00102355
-0.000920409
-0.000856988
-0.000827572
-0.000818967
-0.00081723
-0.00168567
-0.00163144
-0.00157675
-0.0015702
-0.00165996
-0.00184597
-0.00202319
-0.00210788
-0.00208324
-0.00196806
-0.00181657
-0.00167129
-0.00153314
-0.00139297
-0.00125641
-0.00114312
-0.00106046
-0.00100739
-0.0009756
-0.000953976
-0.00187705
-0.00183101
-0.00181286
-0.00184122
-0.00191884
-0.00204322
-0.00217064
-0.00225138
-0.00225721
-0.00218332
-0.00203814
-0.00186076
-0.00169887
-0.00156192
-0.00143166
-0.00131419
-0.00121166
-0.00112264
-0.00104933
-0.000999561
-0.0020233
-0.0019979
-0.00201297
-0.00207397
-0.00216337
-0.0022685
-0.00237041
-0.00244485
-0.00247296
-0.00244338
-0.00234223
-0.00212992
-0.00188252
-0.00169015
-0.00153173
-0.00138852
-0.00124908
-0.00111053
-0.000991338
-0.000921894
-0.00207946
-0.00214394
-0.00221731
-0.00232557
-0.00244812
-0.00257061
-0.00267964
-0.00276237
-0.00280815
-0.00280641
-0.00273998
-0.00255476
-0.0021952
-0.00184944
-0.0015701
-0.00133085
-0.00110096
-0.000884482
-0.000722024
-0.000680276
-0.00193415
-0.00224332
-0.002468
-0.00269586
-0.0028942
-0.00306072
-0.00319052
-0.00327507
-0.00331375
-0.00330825
-0.00324672
-0.00308993
-0.00275523
-0.0022174
-0.00167852
-0.00121047
-0.000783298
-0.000399837
-0.000146551
-0.000171381
-0.00151267
-0.002203
-0.00270897
-0.00315072
-0.00347203
-0.00369813
-0.00384312
-0.0039108
-0.00390206
-0.00385009
-0.00376794
-0.00362599
-0.00335007
-0.00284237
-0.00211131
-0.00130302
-0.000510265
0.000227443
0.000755149
0.000786841
-0.000741256
-0.00137744
-0.00186707
-0.00227296
-0.00255851
-0.0027504
-0.00285096
-0.00284254
-0.00271389
-0.0025868
-0.00244866
-0.00229902
-0.00212334
-0.00187401
-0.00150323
-0.000952069
-0.000157633
0.000873044
0.00191691
0.00258837
-0.000499711
-0.000513913
-0.000487333
-0.000518212
-0.000705324
-0.000939062
-0.00112544
-0.00118345
-0.00109324
-0.000940721
-0.000816455
-0.000682358
-0.000543043
-0.000443024
-0.000367278
-0.000317977
-0.000281987
-0.000221271
-9.43989e-05
4.30911e-05
-0.000995635
-0.00097432
-0.000896075
-0.000901979
-0.00108553
-0.00135026
-0.00156316
-0.00161846
-0.00153244
-0.00137422
-0.00122742
-0.0010823
-0.000915247
-0.000774398
-0.000688098
-0.000639783
-0.000618785
-0.000598433
-0.000543499
-0.000442034
-0.00127834
-0.00125701
-0.00119681
-0.00119778
-0.00136088
-0.00162448
-0.00181971
-0.00187687
-0.00179693
-0.00163217
-0.00147203
-0.00135148
-0.00121142
-0.00105733
-0.000939109
-0.000865783
-0.000833531
-0.000818967
-0.000776923
-0.000655963
-0.00148053
-0.00145151
-0.00143735
-0.00146034
-0.00157599
-0.00178032
-0.00196371
-0.00204287
-0.00199051
-0.001837
-0.00166429
-0.00153577
-0.00142794
-0.00129368
-0.00116352
-0.00106935
-0.00101408
-0.0009756
-0.000895511
-0.000704619
-0.00158794
-0.00155597
-0.0015819
-0.00166141
-0.0017763
-0.00192469
-0.00206598
-0.00214817
-0.00213902
-0.00203935
-0.00187423
-0.00170325
-0.00157371
-0.00146856
-0.0013429
-0.00123331
-0.00114469
-0.00104933
-0.000884745
-0.000591323
-0.00156946
-0.00155343
-0.0016251
-0.00176047
-0.0019115
-0.00206061
-0.00219237
-0.0022835
-0.00231472
-0.00227583
-0.00215658
-0.00194697
-0.00169931
-0.00155793
-0.00143654
-0.00131296
-0.00117634
-0.000991338
-0.000715113
-0.000329923
-0.00138425
-0.0014331
-0.00158606
-0.00179944
-0.00201625
-0.00221688
-0.00238768
-0.00251346
-0.00258687
-0.00259539
-0.00250843
-0.00230504
-0.00191932
-0.00158657
-0.00139147
-0.00122277
-0.0010168
-0.000722024
-0.000332009
0.000112015
-0.000967745
-0.0011822
-0.00148286
-0.00183625
-0.00216747
-0.00245433
-0.0026808
-0.00283046
-0.00290683
-0.0029232
-0.00286228
-0.00267569
-0.00226182
-0.00168959
-0.00123059
-0.000898883
-0.000568991
-0.000146551
0.000341089
0.000783485
-0.000334309
-0.000814588
-0.00133921
-0.00186341
-0.00230632
-0.00265569
-0.00290478
-0.0030414
-0.00308072
-0.00307316
-0.0030144
-0.00285874
-0.00250474
-0.00188427
-0.00113433
-0.000453561
0.00014718
0.000755149
0.00134011
0.00174011
0.000425406
-0.000163077
-0.000729677
-0.00121518
-0.00157478
-0.00182561
-0.00197523
-0.00199704
-0.00192152
-0.00184979
-0.00175879
-0.00163938
-0.00146167
-0.00115944
-0.000655911
8.45977e-05
0.000994426
0.00191691
0.00268205
0.00315776
-0.000177952
-0.000371282
-0.000447261
-0.000463757
-0.000647665
-0.000898671
-0.00110205
-0.00114155
-0.00100373
-0.000799421
-0.000656062
-0.000529571
-0.000444452
-0.000389538
-0.000345972
-0.000319897
-0.000295889
-0.000206861
4.30911e-05
0.000392672
-0.000676473
-0.000825022
-0.000857102
-0.000879863
-0.0010753
-0.00137051
-0.0015733
-0.0016019
-0.00146494
-0.00125065
-0.00108559
-0.000967566
-0.000806088
-0.000724501
-0.000673463
-0.000646512
-0.000637772
-0.000599387
-0.000442034
-0.000128106
-0.000864848
-0.00100936
-0.00111471
-0.0011661
-0.00135669
-0.00163339
-0.00182187
-0.00185207
-0.00171667
-0.00148268
-0.00128622
-0.00122021
-0.001113
-0.000972719
-0.000891097
-0.000848639
-0.000839062
-0.00081723
-0.000655963
-0.000264674
-0.000897931
-0.00100914
-0.00122558
-0.00136164
-0.00151836
-0.00174018
-0.00192524
-0.00197849
-0.00186661
-0.00163371
-0.00139915
-0.00131028
-0.00134913
-0.00121284
-0.00108782
-0.00101929
-0.000993251
-0.000953976
-0.000704619
-0.000178263
-0.000813239
-0.000860821
-0.00112645
-0.0013994
-0.00160321
-0.00178395
-0.00192592
-0.00198036
-0.00191408
-0.00173701
-0.00151184
-0.001355
-0.00141647
-0.00140516
-0.00127554
-0.00116659
-0.00110436
-0.000999561
-0.000591323
7.0035e-05
-0.000580422
-0.00059402
-0.000844443
-0.00121767
-0.00150544
-0.00171113
-0.00185263
-0.00192214
-0.00190693
-0.00180838
-0.0016422
-0.00144381
-0.00136276
-0.00141769
-0.0013869
-0.00127749
-0.00115871
-0.000921894
-0.000329923
0.000473657
-0.000120752
-0.000173885
-0.00043591
-0.000866135
-0.00124043
-0.00152138
-0.00172272
-0.00184097
-0.00188002
-0.00185748
-0.00176328
-0.00156589
-0.00131692
-0.00123462
-0.00127675
-0.00124444
-0.00108835
-0.000680276
0.000112015
0.00104235
0.000611546
0.000456964
8.97523e-05
-0.000409919
-0.000867484
-0.00124406
-0.00152741
-0.00169765
-0.00178002
-0.00180666
-0.00176145
-0.00160002
-0.0012687
-0.000935845
-0.000844575
-0.000866887
-0.000727273
-0.000171381
0.000783485
0.00178401
0.00149984
0.00119975
0.000692139
9.90589e-05
-0.000435071
-0.000870819
-0.00118745
-0.00135577
-0.00142741
-0.00146109
-0.00144395
-0.00133434
-0.0010492
-0.00059093
-0.000178093
1.36424e-05
0.000196898
0.000786841
0.00174011
0.00265942
0.00221708
0.00176137
0.00118074
0.000615594
0.000147719
-0.000210187
-0.000454524
-0.000539917
-0.000546917
-0.000545858
-0.000522245
-0.000459835
-0.000304618
2.96068e-05
0.0005886
0.00128701
0.00197189
0.00258837
0.00315776
0.00363887
)
;

boundaryField
{
    floor
    {
        type            fixedFluxPressure;
        gradient        uniform 0;
        value           nonuniform List<scalar> 
400
(
-1.63054e-05
-0.000627524
-0.00112443
-0.00118663
-0.00100393
-0.00090989
-0.00107857
-0.00130845
-0.00150334
-0.00159104
-0.0015538
-0.00143315
-0.00130157
-0.00119305
-0.00110485
-0.00102489
-0.000929472
-0.000770895
-0.000499711
-0.000177952
-0.000627524
-0.000926437
-0.00114817
-0.00112818
-0.000974763
-0.000919462
-0.00106826
-0.0012689
-0.00143421
-0.00150747
-0.00147609
-0.00136865
-0.0012426
-0.00112777
-0.00102657
-0.000932724
-0.000831377
-0.00069618
-0.000513913
-0.000371282
-0.00112443
-0.00114817
-0.00115546
-0.0010778
-0.000964539
-0.000932223
-0.00106678
-0.00124432
-0.00139034
-0.00145544
-0.001429
-0.00133883
-0.00122193
-0.00110355
-0.000987471
-0.000870581
-0.000746564
-0.000612288
-0.000487333
-0.000447261
-0.00118663
-0.00112818
-0.0010778
-0.00101043
-0.00094627
-0.000936693
-0.00106048
-0.00122301
-0.00136402
-0.0014357
-0.00142678
-0.00136004
-0.0012662
-0.00116425
-0.00105685
-0.000936582
-0.000799344
-0.00065003
-0.000518212
-0.000463757
-0.00100393
-0.000974763
-0.000964539
-0.00094627
-0.000927423
-0.000938824
-0.0010496
-0.00120445
-0.00135437
-0.00144275
-0.00145544
-0.0014155
-0.00135264
-0.00127635
-0.00118584
-0.00107928
-0.000955667
-0.000822334
-0.000705324
-0.000647665
-0.00090989
-0.000919462
-0.000932223
-0.000936693
-0.000938824
-0.000952658
-0.00103647
-0.00118989
-0.00137257
-0.00149388
-0.00153028
-0.00151356
-0.00147405
-0.00141635
-0.00134097
-0.0012498
-0.00114476
-0.00103371
-0.000939062
-0.000898671
-0.00107857
-0.00106826
-0.00106678
-0.00106048
-0.0010496
-0.00103647
-0.00104479
-0.00118067
-0.00145498
-0.00164715
-0.00169698
-0.00167121
-0.001625
-0.00156363
-0.00148973
-0.00140477
-0.00130949
-0.00120827
-0.00112544
-0.00110205
-0.00130845
-0.0012689
-0.00124432
-0.00122301
-0.00120445
-0.00118989
-0.00118067
-0.00133378
-0.00166837
-0.00204303
-0.00205803
-0.00190268
-0.00178947
-0.00168946
-0.00159581
-0.00150131
-0.00139966
-0.00128878
-0.00118345
-0.00114155
-0.00150334
-0.00143421
-0.00139034
-0.00136402
-0.00135437
-0.00137257
-0.00145498
-0.00166837
-0.00322621
-0.00403351
-0.0032782
-0.00223288
-0.00193326
-0.00176083
-0.00163325
-0.00151574
-0.00138991
-0.00124582
-0.00109324
-0.00100373
-0.00159104
-0.00150747
-0.00145544
-0.0014357
-0.00144275
-0.00149388
-0.00164715
-0.00204303
-0.00403351
-0.00811991
-0.00606101
-0.00246363
-0.0019666
-0.00174419
-0.00159438
-0.0014591
-0.00131198
-0.00113745
-0.000940721
-0.000799421
-0.0015538
-0.00147609
-0.001429
-0.00142678
-0.00145544
-0.00153028
-0.00169698
-0.00205803
-0.0032782
-0.00606101
-0.00501753
-0.00225896
-0.00184916
-0.00164958
-0.0015048
-0.00136697
-0.00121235
-0.0010267
-0.000816455
-0.000656062
-0.00143315
-0.00136865
-0.00133883
-0.00136004
-0.0014155
-0.00151356
-0.00167121
-0.00190268
-0.00223288
-0.00246363
-0.00225896
-0.00189696
-0.00167278
-0.00151564
-0.00138184
-0.00124258
-0.0010805
-0.000888134
-0.000682358
-0.000529571
-0.00130157
-0.0012426
-0.00122193
-0.0012662
-0.00135264
-0.00147405
-0.001625
-0.00178947
-0.00193326
-0.0019666
-0.00184916
-0.00167278
-0.0015101
-0.00136644
-0.00122854
-0.0010774
-0.00090747
-0.00071796
-0.000543043
-0.000444452
-0.00119305
-0.00112777
-0.00110355
-0.00116425
-0.00127635
-0.00141635
-0.00156363
-0.00168946
-0.00176083
-0.00174419
-0.00164958
-0.00151564
-0.00136644
-0.00121396
-0.00106649
-0.000909768
-0.000742488
-0.000576511
-0.000443024
-0.000389538
-0.00110485
-0.00102657
-0.000987471
-0.00105685
-0.00118584
-0.00134097
-0.00148973
-0.00159581
-0.00163325
-0.00159438
-0.0015048
-0.00138184
-0.00122854
-0.00106649
-0.000907462
-0.000748489
-0.000593317
-0.000458467
-0.000367278
-0.000345972
-0.00102489
-0.000932724
-0.000870581
-0.000936582
-0.00107928
-0.0012498
-0.00140477
-0.00150131
-0.00151574
-0.0014591
-0.00136697
-0.00124258
-0.0010774
-0.000909768
-0.000748489
-0.000597586
-0.000468469
-0.000372964
-0.000317977
-0.000319897
-0.000929472
-0.000831377
-0.000746564
-0.000799344
-0.000955667
-0.00114476
-0.00130949
-0.00139966
-0.00138991
-0.00131198
-0.00121235
-0.0010805
-0.00090747
-0.000742488
-0.000593317
-0.000468469
-0.000377488
-0.000317835
-0.000281987
-0.000295889
-0.000770895
-0.00069618
-0.000612288
-0.00065003
-0.000822334
-0.00103371
-0.00120827
-0.00128878
-0.00124582
-0.00113745
-0.0010267
-0.000888134
-0.00071796
-0.000576511
-0.000458467
-0.000372964
-0.000317835
-0.000271483
-0.000221271
-0.000206861
-0.000499711
-0.000513913
-0.000487333
-0.000518212
-0.000705324
-0.000939062
-0.00112544
-0.00118345
-0.00109324
-0.000940721
-0.000816455
-0.000682358
-0.000543043
-0.000443024
-0.000367278
-0.000317977
-0.000281987
-0.000221271
-9.43989e-05
4.30911e-05
-0.000177952
-0.000371282
-0.000447261
-0.000463757
-0.000647665
-0.000898671
-0.00110205
-0.00114155
-0.00100373
-0.000799421
-0.000656062
-0.000529571
-0.000444452
-0.000389538
-0.000345972
-0.000319897
-0.000295889
-0.000206861
4.30911e-05
0.000392672
)
;
    }
    ceiling
    {
        type            fixedFluxPressure;
        gradient        nonuniform List<scalar> 
400
(
0.230406
0.234517
0.237387
0.239432
0.241014
0.242305
0.243424
0.244681
0.244797
0.244508
0.243954
0.243205
0.2423
0.241243
0.240002
0.238486
0.236512
0.233749
0.2297
0.22386
0.234517
0.237868
0.240363
0.2423
0.243914
0.245318
0.2466
0.24796
0.248074
0.247617
0.246822
0.245806
0.244636
0.243337
0.241888
0.240218
0.238178
0.235449
0.231372
0.22501
0.237387
0.240363
0.242641
0.244508
0.246163
0.247687
0.249144
0.250655
0.250824
0.250184
0.249131
0.247843
0.24642
0.244904
0.243291
0.241529
0.239494
0.236941
0.23323
0.227043
0.239432
0.2423
0.244508
0.246381
0.248123
0.249884
0.251682
0.253518
0.253729
0.252734
0.251278
0.24962
0.247889
0.246143
0.24438
0.242528
0.240484
0.238069
0.234725
0.229027
0.241014
0.243914
0.246163
0.248123
0.250147
0.252357
0.254716
0.257083
0.257391
0.255759
0.253655
0.251444
0.249269
0.247186
0.245201
0.243259
0.241199
0.238884
0.235846
0.230758
0.242305
0.245318
0.247687
0.249884
0.252357
0.2552
0.258341
0.261475
0.262065
0.259388
0.256326
0.253369
0.250635
0.248142
0.245878
0.243788
0.241708
0.239436
0.236617
0.232092
0.243424
0.2466
0.249144
0.251682
0.254716
0.258341
0.26247
0.266668
0.267976
0.263667
0.259214
0.255276
0.251869
0.248918
0.246355
0.244096
0.241969
0.239707
0.237032
0.23295
0.244681
0.24796
0.250655
0.253518
0.257083
0.261475
0.266668
0.272233
0.275034
0.268532
0.26215
0.256958
0.252767
0.249332
0.246474
0.244054
0.241868
0.239577
0.236946
0.233073
0.244797
0.248074
0.250824
0.253729
0.257391
0.262065
0.267976
0.275034
0.28068
0.272625
0.264287
0.257836
0.252884
0.249006
0.245924
0.243427
0.241255
0.239012
0.236498
0.232871
0.244508
0.247617
0.250184
0.252734
0.255759
0.259388
0.263667
0.268532
0.272625
0.267302
0.260784
0.255461
0.251198
0.247747
0.244936
0.242622
0.240589
0.238466
0.236076
0.232646
0.243954
0.246822
0.249131
0.251278
0.253655
0.256326
0.259214
0.26215
0.264287
0.260784
0.256425
0.252462
0.24903
0.246105
0.243648
0.241585
0.239739
0.237749
0.235474
0.232209
0.243205
0.245806
0.247843
0.24962
0.251444
0.253369
0.255276
0.256958
0.257836
0.255461
0.252462
0.249501
0.246768
0.244337
0.242236
0.240431
0.238755
0.236868
0.23466
0.231476
0.2423
0.244636
0.24642
0.247889
0.249269
0.250635
0.251869
0.252767
0.252884
0.251198
0.24903
0.246768
0.244589
0.242591
0.240812
0.239217
0.237627
0.235777
0.233531
0.230241
0.241243
0.243337
0.244904
0.246143
0.247186
0.248142
0.248918
0.249332
0.249006
0.247747
0.246105
0.244337
0.242591
0.240945
0.239419
0.237938
0.236299
0.234391
0.231896
0.228198
0.240002
0.241888
0.243291
0.24438
0.245201
0.245878
0.246355
0.246474
0.245924
0.244936
0.243648
0.242236
0.240812
0.239419
0.238027
0.236512
0.234779
0.232613
0.229517
0.225231
0.238486
0.240218
0.241529
0.242528
0.243259
0.243788
0.244096
0.244054
0.243427
0.242622
0.241585
0.240431
0.239217
0.237938
0.236512
0.234896
0.232931
0.230213
0.226229
0.221773
0.236512
0.238178
0.239494
0.240484
0.241199
0.241708
0.241969
0.241868
0.241255
0.240589
0.239739
0.238755
0.237627
0.236299
0.234779
0.232931
0.230452
0.226875
0.222265
0.218505
0.233749
0.235449
0.236941
0.238069
0.238884
0.239436
0.239707
0.239577
0.239012
0.238466
0.237749
0.236868
0.235777
0.234391
0.232613
0.230213
0.226875
0.222597
0.218301
0.215692
0.2297
0.231372
0.23323
0.234725
0.235846
0.236617
0.237032
0.236946
0.236498
0.236076
0.235474
0.23466
0.233531
0.231896
0.229517
0.226229
0.222265
0.218301
0.215101
0.213291
0.22386
0.22501
0.227043
0.229027
0.230758
0.232092
0.23295
0.233073
0.232871
0.232646
0.232209
0.231476
0.230241
0.228198
0.225231
0.221773
0.218505
0.215692
0.213291
0.211538
)
;
        value           nonuniform List<scalar> 
400
(
0.0590136
0.0587717
0.0587136
0.0587579
0.0589013
0.0590728
0.059181
0.0592503
0.0592463
0.0591216
0.058885
0.0585989
0.0583105
0.0580494
0.0578383
0.0576974
0.0576454
0.0576961
0.0578504
0.0581822
0.0587717
0.0583957
0.0582272
0.0581641
0.0582245
0.0583487
0.0584487
0.058516
0.0585091
0.058399
0.058202
0.057979
0.0577643
0.0575781
0.0574387
0.0573649
0.0573764
0.0574847
0.0576799
0.0580139
0.0587136
0.0582272
0.0580274
0.0579762
0.0580778
0.0582472
0.0583887
0.0584697
0.0584586
0.058334
0.0581134
0.0578779
0.0576612
0.0574756
0.0573296
0.0572478
0.0572559
0.0573681
0.0575779
0.0579414
0.0587579
0.0581641
0.0579762
0.0580019
0.0582269
0.0585375
0.0588001
0.0589201
0.0588556
0.058634
0.0583007
0.057978
0.0577013
0.0574694
0.0572849
0.0571694
0.0571482
0.0572443
0.0574661
0.0578723
0.0589013
0.0582245
0.0580778
0.0582269
0.0586198
0.0591278
0.0595868
0.0597765
0.0596204
0.0592123
0.058678
0.0582111
0.057844
0.0575523
0.0573196
0.0571542
0.057095
0.0571624
0.0573867
0.0578372
0.0590728
0.0583487
0.0582472
0.0585375
0.0591278
0.059916
0.0606935
0.0610409
0.0607901
0.0600683
0.059197
0.0585054
0.0580143
0.0576537
0.0573748
0.0571683
0.0570668
0.0571087
0.0573287
0.0578128
0.059181
0.0584487
0.0583887
0.0588001
0.0595868
0.0606935
0.0618913
0.0625519
0.0623192
0.0611871
0.0598323
0.0588264
0.0581797
0.0577472
0.0574289
0.0571919
0.0570579
0.0570758
0.0572829
0.0577829
0.0592503
0.058516
0.0584697
0.0589201
0.0597765
0.0610409
0.0625519
0.0636454
0.0636732
0.0622008
0.0603671
0.0590461
0.0582571
0.057773
0.0574395
0.0571954
0.0570488
0.0570516
0.0572394
0.0577284
0.0592463
0.0585091
0.0584586
0.0588556
0.0596204
0.0607901
0.0623192
0.0636732
0.0640314
0.0625421
0.0605609
0.0591259
0.0582846
0.057784
0.0574463
0.0572021
0.0570501
0.0570392
0.0572029
0.0576708
0.0591216
0.058399
0.058334
0.058634
0.0592123
0.0600683
0.0611871
0.0622008
0.0625421
0.0615504
0.0600371
0.0588888
0.0581849
0.0577453
0.0574353
0.0572035
0.0570524
0.0570298
0.0571692
0.0576157
0.058885
0.058202
0.0581134
0.0583007
0.058678
0.059197
0.0598323
0.0603671
0.0605609
0.0600371
0.0591675
0.0584408
0.0579453
0.0576033
0.057346
0.0571457
0.0570104
0.0569885
0.0571098
0.05753
0.0585989
0.057979
0.0578779
0.057978
0.0582111
0.0585054
0.0588264
0.0590461
0.0591259
0.0588888
0.0584408
0.0580163
0.0576844
0.0574272
0.0572189
0.0570501
0.0569343
0.0569179
0.0570256
0.0574091
0.0583105
0.0577643
0.0576612
0.0577013
0.057844
0.0580143
0.0581797
0.0582571
0.0582846
0.0581849
0.0579453
0.0576844
0.0574489
0.0572449
0.0570692
0.0569238
0.0568282
0.056821
0.056921
0.0572557
0.0580494
0.0575781
0.0574756
0.0574694
0.0575523
0.0576537
0.0577472
0.057773
0.057784
0.0577453
0.0576033
0.0574272
0.0572449
0.0570713
0.0569157
0.0567895
0.0567183
0.0567238
0.0568147
0.0570792
0.0578383
0.0574387
0.0573296
0.0572849
0.0573196
0.0573748
0.0574289
0.0574395
0.0574463
0.0574353
0.057346
0.0572189
0.0570692
0.0569157
0.0567779
0.0566754
0.0566281
0.05665
0.0567234
0.0568963
0.0576974
0.0573649
0.0572478
0.0571694
0.0571542
0.0571683
0.0571919
0.0571954
0.0572021
0.0572035
0.0571457
0.0570501
0.0569238
0.0567895
0.0566754
0.0566012
0.0565768
0.0566013
0.0566418
0.0567302
0.0576454
0.0573764
0.0572559
0.0571482
0.057095
0.0570668
0.0570579
0.0570488
0.0570501
0.0570524
0.0570104
0.0569343
0.0568282
0.0567183
0.0566281
0.0565768
0.0565593
0.0565612
0.0565607
0.0565981
0.0576961
0.0574847
0.0573681
0.0572443
0.0571624
0.0571087
0.0570758
0.0570516
0.0570392
0.0570298
0.0569885
0.0569179
0.056821
0.0567238
0.05665
0.0566013
0.0565612
0.0565222
0.0564921
0.0565113
0.0578504
0.0576799
0.0575779
0.0574661
0.0573867
0.0573287
0.0572829
0.0572394
0.0572029
0.0571692
0.0571098
0.0570256
0.056921
0.0568147
0.0567234
0.0566418
0.0565607
0.0564921
0.0564572
0.0564806
0.0581822
0.0580139
0.0579414
0.0578723
0.0578372
0.0578128
0.0577829
0.0577284
0.0576708
0.0576157
0.05753
0.0574091
0.0572557
0.0570792
0.0568963
0.0567302
0.0565981
0.0565113
0.0564806
0.0565232
)
;
    }
    fixedWalls
    {
        type            fixedFluxPressure;
        gradient        uniform 0;
        value           nonuniform List<scalar> 
800
(
-1.63054e-05
-0.000795429
-0.00103754
-0.00101464
-0.000865483
-0.00064596
-0.000283922
0.000311937
0.00102891
0.00141206
-0.000627524
-0.00129236
-0.00153533
-0.00157805
-0.00151739
-0.00142114
-0.00125578
-0.000917027
-0.000410627
0.000142594
-0.00112443
-0.00162832
-0.0019108
-0.00207338
-0.00209944
-0.00205928
-0.00201664
-0.00184036
-0.00142602
-0.000633101
-0.00118663
-0.00161677
-0.00192945
-0.00227893
-0.00245452
-0.00250061
-0.00256346
-0.00251372
-0.00211997
-0.00110018
-0.00100393
-0.00133216
-0.00171636
-0.00214424
-0.00257157
-0.00275149
-0.00292613
-0.00296815
-0.00255639
-0.00135218
-0.00090989
-0.00122734
-0.00160383
-0.00203725
-0.00254955
-0.00291394
-0.00320784
-0.00328671
-0.00284649
-0.00150352
-0.00107857
-0.00146056
-0.00179234
-0.0021312
-0.00258764
-0.00305667
-0.00344195
-0.00356088
-0.00311195
-0.00167502
-0.00130845
-0.00179325
-0.00216634
-0.00240425
-0.00276172
-0.00320805
-0.00363498
-0.00378824
-0.00338911
-0.00191994
-0.00150334
-0.0020787
-0.00254689
-0.00272824
-0.00298658
-0.00337059
-0.00376977
-0.00386663
-0.00341533
-0.00195308
-0.00159104
-0.00218367
-0.00267284
-0.0029232
-0.00316162
-0.0035183
-0.00387422
-0.00392622
-0.00344422
-0.00200542
-0.0015538
-0.00210788
-0.00259598
-0.00294128
-0.00323361
-0.00360152
-0.00393135
-0.00396473
-0.00348608
-0.00210352
-0.00143315
-0.00192207
-0.0023886
-0.00282297
-0.00319437
-0.00359662
-0.00392799
-0.00396907
-0.00351825
-0.00220239
-0.00130157
-0.00172286
-0.00211894
-0.00260238
-0.00305821
-0.00350126
-0.00385622
-0.00392408
-0.00351516
-0.00226441
-0.00119305
-0.00157741
-0.00187874
-0.0022971
-0.00283389
-0.00331808
-0.00370162
-0.00380353
-0.00344541
-0.00226133
-0.00110485
-0.00148007
-0.00173784
-0.00204781
-0.00253426
-0.00304804
-0.00344474
-0.00356989
-0.00326483
-0.0021622
-0.00102489
-0.00140088
-0.0016475
-0.00189897
-0.00225006
-0.00271049
-0.00307891
-0.00320112
-0.00291881
-0.00192417
-0.000929472
-0.00131556
-0.0015657
-0.00179856
-0.00205004
-0.00236154
-0.00261737
-0.00265841
-0.00235107
-0.00148262
-0.000770895
-0.00119226
-0.00145761
-0.00168567
-0.00187705
-0.0020233
-0.00207946
-0.00193415
-0.00151267
-0.000741256
-0.000499711
-0.000995635
-0.00127834
-0.00148053
-0.00158794
-0.00156946
-0.00138425
-0.000967745
-0.000334309
0.000425406
-0.000177952
-0.000676473
-0.000864848
-0.000897931
-0.000813239
-0.000580422
-0.000120752
0.000611546
0.00149984
0.00221708
-0.000177952
-0.000676473
-0.000864848
-0.000897931
-0.000813239
-0.000580422
-0.000120752
0.000611546
0.00149984
0.00221708
-0.000371282
-0.000825022
-0.00100936
-0.00100914
-0.000860821
-0.00059402
-0.000173885
0.000456964
0.00119975
0.00176137
-0.000447261
-0.000857102
-0.00111471
-0.00122558
-0.00112645
-0.000844443
-0.00043591
8.97523e-05
0.000692139
0.00118074
-0.000463757
-0.000879863
-0.0011661
-0.00136164
-0.0013994
-0.00121767
-0.000866135
-0.000409919
9.90589e-05
0.000615594
-0.000647665
-0.0010753
-0.00135669
-0.00151836
-0.00160321
-0.00150544
-0.00124043
-0.000867484
-0.000435071
0.000147719
-0.000898671
-0.00137051
-0.00163339
-0.00174018
-0.00178395
-0.00171113
-0.00152138
-0.00124406
-0.000870819
-0.000210187
-0.00110205
-0.0015733
-0.00182187
-0.00192524
-0.00192592
-0.00185263
-0.00172272
-0.00152741
-0.00118745
-0.000454524
-0.00114155
-0.0016019
-0.00185207
-0.00197849
-0.00198036
-0.00192214
-0.00184097
-0.00169765
-0.00135577
-0.000539917
-0.00100373
-0.00146494
-0.00171667
-0.00186661
-0.00191408
-0.00190693
-0.00188002
-0.00178002
-0.00142741
-0.000546917
-0.000799421
-0.00125065
-0.00148268
-0.00163371
-0.00173701
-0.00180838
-0.00185748
-0.00180666
-0.00146109
-0.000545858
-0.000656062
-0.00108559
-0.00128622
-0.00139915
-0.00151184
-0.0016422
-0.00176328
-0.00176145
-0.00144395
-0.000522245
-0.000529571
-0.000967566
-0.00122021
-0.00131028
-0.001355
-0.00144381
-0.00156589
-0.00160002
-0.00133434
-0.000459835
-0.000444452
-0.000806088
-0.001113
-0.00134913
-0.00141647
-0.00136276
-0.00131692
-0.0012687
-0.0010492
-0.000304618
-0.000389538
-0.000724501
-0.000972719
-0.00121284
-0.00140516
-0.00141769
-0.00123462
-0.000935845
-0.00059093
2.96068e-05
-0.000345972
-0.000673463
-0.000891097
-0.00108782
-0.00127554
-0.0013869
-0.00127675
-0.000844575
-0.000178093
0.0005886
-0.000319897
-0.000646512
-0.000848639
-0.00101929
-0.00116659
-0.00127749
-0.00124444
-0.000866887
1.36424e-05
0.00128701
-0.000295889
-0.000637772
-0.000839062
-0.000993251
-0.00110436
-0.00115871
-0.00108835
-0.000727273
0.000196898
0.00197189
-0.000206861
-0.000599387
-0.00081723
-0.000953976
-0.000999561
-0.000921894
-0.000680276
-0.000171381
0.000786841
0.00258837
4.30911e-05
-0.000442034
-0.000655963
-0.000704619
-0.000591323
-0.000329923
0.000112015
0.000783485
0.00174011
0.00315776
0.000392672
-0.000128106
-0.000264674
-0.000178263
7.0035e-05
0.000473657
0.00104235
0.00178401
0.00265942
0.00363887
-1.63054e-05
-0.000795429
-0.00103754
-0.00101464
-0.000865483
-0.00064596
-0.000283922
0.000311937
0.00102891
0.00141206
-0.000627524
-0.00129236
-0.00153533
-0.00157805
-0.00151739
-0.00142114
-0.00125578
-0.000917027
-0.000410627
0.000142594
-0.00112443
-0.00162832
-0.0019108
-0.00207338
-0.00209944
-0.00205928
-0.00201664
-0.00184036
-0.00142602
-0.000633101
-0.00118663
-0.00161677
-0.00192945
-0.00227893
-0.00245452
-0.00250061
-0.00256346
-0.00251372
-0.00211997
-0.00110018
-0.00100393
-0.00133216
-0.00171636
-0.00214424
-0.00257157
-0.00275149
-0.00292613
-0.00296815
-0.00255639
-0.00135218
-0.00090989
-0.00122734
-0.00160383
-0.00203725
-0.00254955
-0.00291394
-0.00320784
-0.00328671
-0.00284649
-0.00150352
-0.00107857
-0.00146056
-0.00179234
-0.0021312
-0.00258764
-0.00305667
-0.00344195
-0.00356088
-0.00311195
-0.00167502
-0.00130845
-0.00179325
-0.00216634
-0.00240425
-0.00276172
-0.00320805
-0.00363498
-0.00378824
-0.00338911
-0.00191994
-0.00150334
-0.0020787
-0.00254689
-0.00272824
-0.00298658
-0.00337059
-0.00376977
-0.00386663
-0.00341533
-0.00195308
-0.00159104
-0.00218367
-0.00267284
-0.0029232
-0.00316162
-0.0035183
-0.00387422
-0.00392622
-0.00344422
-0.00200542
-0.0015538
-0.00210788
-0.00259598
-0.00294128
-0.00323361
-0.00360152
-0.00393135
-0.00396473
-0.00348608
-0.00210352
-0.00143315
-0.00192207
-0.0023886
-0.00282297
-0.00319437
-0.00359662
-0.00392799
-0.00396907
-0.00351825
-0.00220239
-0.00130157
-0.00172286
-0.00211894
-0.00260238
-0.00305821
-0.00350126
-0.00385622
-0.00392408
-0.00351516
-0.00226441
-0.00119305
-0.00157741
-0.00187874
-0.0022971
-0.00283389
-0.00331808
-0.00370162
-0.00380353
-0.00344541
-0.00226133
-0.00110485
-0.00148007
-0.00173784
-0.00204781
-0.00253426
-0.00304804
-0.00344474
-0.00356989
-0.00326483
-0.0021622
-0.00102489
-0.00140088
-0.0016475
-0.00189897
-0.00225006
-0.00271049
-0.00307891
-0.00320112
-0.00291881
-0.00192417
-0.000929472
-0.00131556
-0.0015657
-0.00179856
-0.00205004
-0.00236154
-0.00261737
-0.00265841
-0.00235107
-0.00148262
-0.000770895
-0.00119226
-0.00145761
-0.00168567
-0.00187705
-0.0020233
-0.00207946
-0.00193415
-0.00151267
-0.000741256
-0.000499711
-0.000995635
-0.00127834
-0.00148053
-0.00158794
-0.00156946
-0.00138425
-0.000967745
-0.000334309
0.000425406
-0.000177952
-0.000676473
-0.000864848
-0.000897931
-0.000813239
-0.000580422
-0.000120752
0.000611546
0.00149984
0.00221708
-0.000177952
-0.000676473
-0.000864848
-0.000897931
-0.000813239
-0.000580422
-0.000120752
0.000611546
0.00149984
0.00221708
-0.000371282
-0.000825022
-0.00100936
-0.00100914
-0.000860821
-0.00059402
-0.000173885
0.000456964
0.00119975
0.00176137
-0.000447261
-0.000857102
-0.00111471
-0.00122558
-0.00112645
-0.000844443
-0.00043591
8.97523e-05
0.000692139
0.00118074
-0.000463757
-0.000879863
-0.0011661
-0.00136164
-0.0013994
-0.00121767
-0.000866135
-0.000409919
9.90589e-05
0.000615594
-0.000647665
-0.0010753
-0.00135669
-0.00151836
-0.00160321
-0.00150544
-0.00124043
-0.000867484
-0.000435071
0.000147719
-0.000898671
-0.00137051
-0.00163339
-0.00174018
-0.00178395
-0.00171113
-0.00152138
-0.00124406
-0.000870819
-0.000210187
-0.00110205
-0.0015733
-0.00182187
-0.00192524
-0.00192592
-0.00185263
-0.00172272
-0.00152741
-0.00118745
-0.000454524
-0.00114155
-0.0016019
-0.00185207
-0.00197849
-0.00198036
-0.00192214
-0.00184097
-0.00169765
-0.00135577
-0.000539917
-0.00100373
-0.00146494
-0.00171667
-0.00186661
-0.00191408
-0.00190693
-0.00188002
-0.00178002
-0.00142741
-0.000546917
-0.000799421
-0.00125065
-0.00148268
-0.00163371
-0.00173701
-0.00180838
-0.00185748
-0.00180666
-0.00146109
-0.000545858
-0.000656062
-0.00108559
-0.00128622
-0.00139915
-0.00151184
-0.0016422
-0.00176328
-0.00176145
-0.00144395
-0.000522245
-0.000529571
-0.000967566
-0.00122021
-0.00131028
-0.001355
-0.00144381
-0.00156589
-0.00160002
-0.00133434
-0.000459835
-0.000444452
-0.000806088
-0.001113
-0.00134913
-0.00141647
-0.00136276
-0.00131692
-0.0012687
-0.0010492
-0.000304618
-0.000389538
-0.000724501
-0.000972719
-0.00121284
-0.00140516
-0.00141769
-0.00123462
-0.000935845
-0.00059093
2.96068e-05
-0.000345972
-0.000673463
-0.000891097
-0.00108782
-0.00127554
-0.0013869
-0.00127675
-0.000844575
-0.000178093
0.0005886
-0.000319897
-0.000646512
-0.000848639
-0.00101929
-0.00116659
-0.00127749
-0.00124444
-0.000866887
1.36424e-05
0.00128701
-0.000295889
-0.000637772
-0.000839062
-0.000993251
-0.00110436
-0.00115871
-0.00108835
-0.000727273
0.000196898
0.00197189
-0.000206861
-0.000599387
-0.00081723
-0.000953976
-0.000999561
-0.000921894
-0.000680276
-0.000171381
0.000786841
0.00258837
4.30911e-05
-0.000442034
-0.000655963
-0.000704619
-0.000591323
-0.000329923
0.000112015
0.000783485
0.00174011
0.00315776
0.000392672
-0.000128106
-0.000264674
-0.000178263
7.0035e-05
0.000473657
0.00104235
0.00178401
0.00265942
0.00363887
)
;
    }
}


// ************************************************************************* //
